#wls	flux	fluxerr
3.289393E+03	1.507538E-18	1.103922E-19
3.365337E+03	1.289858E-18	8.753309E-20
3.443035E+03	1.105892E-18	6.991354E-20
3.522526E+03	9.527233E-19	5.654175E-20
3.603853E+03	8.272354E-19	4.650595E-20
3.687058E+03	7.261092E-19	3.902134E-20
3.772183E+03	6.459418E-19	3.345127E-20
3.859274E+03	5.834355E-19	2.930327E-20
3.948375E+03	5.355766E-19	2.620924E-20
4.039534E+03	4.997480E-19	2.390055E-20
4.132797E+03	4.737768E-19	2.218457E-20
4.228214E+03	4.559245E-19	2.092430E-20
4.325833E+03	4.448255E-19	2.002056E-20
4.425707E+03	4.394096E-19	1.939937E-20
4.527886E+03	4.388546E-19	1.900654E-20
4.632424E+03	4.425734E-19	1.880645E-20
4.739376E+03	4.501980E-19	1.877925E-20
4.848796E+03	4.615279E-19	1.891358E-20
4.960744E+03	4.764813E-19	1.919973E-20
5.075276E+03	4.951123E-19	1.963017E-20
5.192452E+03	5.177293E-19	2.020940E-20
5.312333E+03	5.451115E-19	2.096640E-20
5.434982E+03	5.787460E-19	2.195843E-20
5.560463E+03	6.209446E-19	2.325679E-20
5.688841E+03	6.746749E-19	2.491813E-20
5.820183E+03	7.430134E-19	2.696451E-20
5.954557E+03	8.282014E-19	2.938109E-20
6.092034E+03	9.304019E-19	3.212068E-20
6.232684E+03	1.046782E-18	3.512232E-20
6.376582E+03	1.172324E-18	3.834684E-20
6.523803E+03	1.303122E-18	4.179490E-20
6.674422E+03	1.439427E-18	4.547278E-20
6.828518E+03	1.584804E-18	4.933843E-20
6.986173E+03	1.742827E-18	5.328845E-20
7.147467E+03	1.914614E-18	5.716896E-20
7.312485E+03	2.098162E-18	6.079795E-20
7.481313E+03	2.288782E-18	6.405285E-20
7.654039E+03	2.479697E-18	6.702778E-20
7.830752E+03	2.662513E-18	7.006071E-20
8.011546E+03	2.827515E-18	7.333990E-20
8.196514E+03	2.965661E-18	7.646669E-20
8.385752E+03	3.074869E-18	7.878198E-20
8.579359E+03	3.165983E-18	8.010863E-20
8.777436E+03	3.263774E-18	8.117124E-20
8.980086E+03	3.404194E-18	8.355336E-20
9.187415E+03	3.625151E-18	8.903655E-20
9.399531E+03	3.948036E-18	9.845900E-20
9.616544E+03	4.366863E-18	1.113777E-19
9.838567E+03	4.852795E-18	1.267961E-19
1.006572E+04	5.357235E-18	1.435632E-19
1.029811E+04	5.813620E-18	1.600390E-19
1.053587E+04	6.157164E-18	1.740798E-19
1.077912E+04	6.350835E-18	1.837371E-19
1.102798E+04	6.391719E-18	1.879510E-19
1.128259E+04	6.302115E-18	1.867329E-19
1.154308E+04	6.118958E-18	1.810348E-19
1.180958E+04	5.885549E-18	1.725673E-19
1.208224E+04	5.645738E-18	1.635565E-19
1.236119E+04	5.441199E-18	1.564095E-19
1.264658E+04	5.306945E-18	1.530329E-19
1.293856E+04	5.261884E-18	1.539445E-19
1.323728E+04	5.306727E-18	1.582777E-19
1.354290E+04	5.430240E-18	1.645650E-19
1.385557E+04	5.611925E-18	1.711953E-19
1.417546E+04	5.823732E-18	1.766582E-19
1.450274E+04	6.032846E-18	1.797847E-19
1.483757E+04	6.203921E-18	1.798342E-19
1.518014E+04	6.302723E-18	1.765111E-19
1.553061E+04	6.306162E-18	1.702039E-19
1.588918E+04	6.218074E-18	1.624094E-19
1.625602E+04	6.077803E-18	1.557106E-19
1.663133E+04	5.942656E-18	1.524699E-19
1.701531E+04	5.855487E-18	1.532846E-19
1.740815E+04	5.838299E-18	1.574288E-19
1.781007E+04	5.900858E-18	1.638872E-19
1.822126E+04	6.040891E-18	1.713911E-19
1.864194E+04	6.240385E-18	1.781811E-19
1.907234E+04	6.464250E-18	1.822008E-19
1.951268E+04	6.662598E-18	1.816363E-19
1.996318E+04	6.778093E-18	1.755163E-19
2.042408E+04	6.762306E-18	1.644279E-19
2.089563E+04	6.602870E-18	1.516497E-19
2.137806E+04	6.347717E-18	1.437329E-19
2.187163E+04	6.076779E-18	1.470482E-19
2.237659E+04	5.792514E-18	1.607582E-19
2.289321E+04	5.468466E-18	1.798313E-19
2.342176E+04	5.104996E-18	2.005968E-19
2.396252E+04	4.717049E-18	2.212669E-19
2.451575E+04	4.321749E-18	2.408683E-19
