#wls	flux	fluxerr
3.289393E+03	1.401911E-18	1.049149E-19
3.365337E+03	1.198105E-18	8.324929E-20
3.443035E+03	1.026051E-18	6.653270E-20
3.522526E+03	8.828990E-19	5.382470E-20
3.603853E+03	7.656320E-19	4.426610E-20
3.687058E+03	6.710784E-19	3.711957E-20
3.772183E+03	5.960236E-19	3.178725E-20
3.859274E+03	5.373783E-19	2.780611E-20
3.948375E+03	4.923342E-19	2.482933E-20
4.039534E+03	4.584611E-19	2.260314E-20
4.132797E+03	4.337448E-19	2.094495E-20
4.228214E+03	4.165742E-19	1.972431E-20
4.325833E+03	4.056845E-19	1.884671E-20
4.425707E+03	4.000893E-19	1.824199E-20
4.527886E+03	3.990347E-19	1.785891E-20
4.632424E+03	4.019841E-19	1.766338E-20
4.739376E+03	4.085988E-19	1.763553E-20
4.848796E+03	4.186960E-19	1.776370E-20
4.960744E+03	4.322108E-19	1.803890E-20
5.075276E+03	4.492140E-19	1.845543E-20
5.192452E+03	4.700156E-19	1.901901E-20
5.312333E+03	4.953471E-19	1.975702E-20
5.434982E+03	5.265580E-19	2.072142E-20
5.560463E+03	5.657068E-19	2.197678E-20
5.688841E+03	6.154086E-19	2.357638E-20
5.820183E+03	6.783579E-19	2.554423E-20
5.954557E+03	7.565078E-19	2.787080E-20
6.092034E+03	8.500109E-19	3.051553E-20
6.232684E+03	9.564725E-19	3.342199E-20
6.376582E+03	1.071671E-18	3.654852E-20
6.523803E+03	1.192280E-18	3.988690E-20
6.674422E+03	1.318379E-18	4.343810E-20
6.828518E+03	1.452851E-18	4.716708E-20
6.986173E+03	1.598692E-18	5.098568E-20
7.147467E+03	1.756860E-18	5.475860E-20
7.312485E+03	1.925582E-18	5.832550E-20
7.481313E+03	2.100655E-18	6.157887E-20
7.654039E+03	2.275979E-18	6.459212E-20
7.830752E+03	2.444033E-18	6.762945E-20
8.011546E+03	2.596271E-18	7.082313E-20
8.196514E+03	2.725007E-18	7.383543E-20
8.385752E+03	2.828741E-18	7.613048E-20
8.579359E+03	2.917287E-18	7.759605E-20
8.777436E+03	3.012797E-18	7.891037E-20
8.980086E+03	3.147156E-18	8.149188E-20
9.187415E+03	3.353564E-18	8.691389E-20
9.399531E+03	3.651023E-18	9.595246E-20
9.616544E+03	4.034956E-18	1.082796E-19
9.838567E+03	4.479988E-18	1.230096E-19
1.006572E+04	4.942536E-18	1.390255E-19
1.029811E+04	5.363374E-18	1.547486E-19
1.053587E+04	5.684559E-18	1.681744E-19
1.077912E+04	5.871583E-18	1.774944E-19
1.102798E+04	5.920023E-18	1.817140E-19
1.128259E+04	5.848756E-18	1.808362E-19
1.154308E+04	5.690742E-18	1.757558E-19
1.180958E+04	5.485412E-18	1.680791E-19
1.208224E+04	5.273206E-18	1.598825E-19
1.236119E+04	5.092513E-18	1.533766E-19
1.264658E+04	4.975165E-18	1.502892E-19
1.293856E+04	4.938527E-18	1.511242E-19
1.323728E+04	4.983714E-18	1.551570E-19
1.354290E+04	5.100612E-18	1.610749E-19
1.385557E+04	5.270506E-18	1.673972E-19
1.417546E+04	5.467746E-18	1.727123E-19
1.450274E+04	5.662221E-18	1.758980E-19
1.483757E+04	5.821610E-18	1.762199E-19
1.518014E+04	5.915183E-18	1.733815E-19
1.553061E+04	5.923002E-18	1.677559E-19
1.588918E+04	5.849481E-18	1.607411E-19
1.625602E+04	5.729880E-18	1.546816E-19
1.663133E+04	5.614730E-18	1.517101E-19
1.701531E+04	5.542723E-18	1.524468E-19
1.740815E+04	5.534309E-18	1.563107E-19
1.781007E+04	5.598199E-18	1.623698E-19
1.822126E+04	5.731745E-18	1.694198E-19
1.864194E+04	5.917872E-18	1.758103E-19
1.907234E+04	6.123929E-18	1.796202E-19
1.951268E+04	6.303990E-18	1.791495E-19
1.996318E+04	6.406136E-18	1.735044E-19
2.042408E+04	6.388013E-18	1.633091E-19
2.089563E+04	6.241232E-18	1.517056E-19
2.137806E+04	6.011301E-18	1.446961E-19
2.187163E+04	5.770128E-18	1.480060E-19
2.237659E+04	5.518409E-18	1.609908E-19
2.289321E+04	5.229736E-18	1.792184E-19
2.342176E+04	4.901748E-18	1.992669E-19
2.396252E+04	4.546854E-18	2.193469E-19
2.451575E+04	4.180879E-18	2.384555E-19
