#wls	flux	fluxerr
3.257341E+03	6.295393E-18	8.896673E-19
3.332545E+03	5.606999E-18	7.812239E-19
3.409486E+03	5.001353E-18	6.864604E-19
3.488202E+03	4.486480E-18	6.060871E-19
3.568737E+03	4.066954E-18	5.402467E-19
3.651131E+03	3.743394E-18	4.884798E-19
3.735426E+03	3.512655E-18	4.497908E-19
3.821669E+03	3.367800E-18	4.226887E-19
3.909902E+03	3.298268E-18	4.052594E-19
4.000172E+03	3.291120E-18	3.953712E-19
4.092527E+03	3.333303E-18	3.909842E-19
4.187014E+03	3.414729E-18	3.905178E-19
4.283682E+03	3.527956E-18	3.927858E-19
4.382582E+03	3.662986E-18	3.964038E-19
4.483766E+03	3.808255E-18	3.999459E-19
4.587285E+03	3.954713E-18	4.023984E-19
4.693195E+03	4.100141E-18	4.035565E-19
4.801549E+03	4.247373E-18	4.037516E-19
4.912406E+03	4.395926E-18	4.029998E-19
5.025822E+03	4.538819E-18	4.007456E-19
5.141856E+03	4.667627E-18	3.964159E-19
5.260569E+03	4.779142E-18	3.900131E-19
5.382023E+03	4.880080E-18	3.824012E-19
5.506281E+03	4.995820E-18	3.758048E-19
5.633408E+03	5.172128E-18	3.735864E-19
5.763470E+03	5.457114E-18	3.785626E-19
5.896535E+03	5.883067E-18	3.919619E-19
6.032673E+03	6.451220E-18	4.127580E-19
6.171952E+03	7.110430E-18	4.368149E-19
6.314448E+03	7.740574E-18	4.566062E-19
6.460234E+03	8.234581E-18	4.666971E-19
6.609386E+03	8.663466E-18	4.723730E-19
6.761980E+03	9.141289E-18	4.800726E-19
6.918099E+03	9.698296E-18	4.904655E-19
7.077821E+03	1.030084E-17	5.009392E-19
7.241231E+03	1.092748E-17	5.101351E-19
7.408414E+03	1.162713E-17	5.208537E-19
7.579457E+03	1.252207E-17	5.400420E-19
7.754448E+03	1.365884E-17	5.724398E-19
7.933481E+03	1.474365E-17	6.087300E-19
8.116646E+03	1.555232E-17	6.398617E-19
8.304040E+03	1.610946E-17	6.626192E-19
8.495761E+03	1.657256E-17	6.779854E-19
8.691908E+03	1.715027E-17	6.902277E-19
8.892583E+03	1.810912E-17	7.074263E-19
9.097892E+03	1.967236E-17	7.368730E-19
9.307941E+03	2.188517E-17	7.799861E-19
9.522839E+03	2.468579E-17	8.319964E-19
9.742699E+03	2.786611E-17	8.887918E-19
9.967638E+03	3.110408E-17	9.625571E-19
1.019776E+04	3.346498E-17	1.064175E-18
1.043321E+04	3.426116E-17	1.183717E-18
1.067409E+04	3.387999E-17	1.281370E-18
1.092052E+04	3.262942E-17	1.317355E-18
1.117265E+04	3.074631E-17	1.273409E-18
1.143060E+04	2.859798E-17	1.160069E-18
1.169451E+04	2.649399E-17	1.003644E-18
1.196451E+04	2.460570E-17	8.411054E-19
1.224074E+04	2.296396E-17	7.282954E-19
1.252335E+04	2.153673E-17	7.320048E-19
1.281249E+04	2.049492E-17	8.368105E-19
1.310829E+04	2.005069E-17	9.858340E-19
1.341094E+04	2.017900E-17	1.148999E-18
1.372056E+04	2.071079E-17	1.305003E-18
1.403733E+04	2.144618E-17	1.430654E-18
1.436142E+04	2.220818E-17	1.501907E-18
1.469299E+04	2.285426E-17	1.498744E-18
1.503222E+04	2.322862E-17	1.409069E-18
1.537928E+04	2.304439E-17	1.234394E-18
1.573435E+04	2.212036E-17	1.025558E-18
1.609762E+04	2.064453E-17	9.049645E-19
1.646927E+04	1.909291E-17	9.572975E-19
1.684951E+04	1.790993E-17	1.099432E-18
1.723852E+04	1.721228E-17	1.259294E-18
1.763653E+04	1.704508E-17	1.417056E-18
1.804371E+04	1.740795E-17	1.567937E-18
1.846029E+04	1.822410E-17	1.698422E-18
1.888650E+04	1.934928E-17	1.779258E-18
1.932255E+04	2.057553E-17	1.767440E-18
1.976866E+04	2.163217E-17	1.616140E-18
2.022507E+04	2.218948E-17	1.295164E-18
2.069202E+04	2.200281E-17	8.409662E-19
2.116975E+04	2.095652E-17	5.309544E-19
2.165851E+04	1.894010E-17	7.983831E-19
2.215855E+04	1.653922E-17	1.122559E-18
2.267014E+04	1.428438E-17	1.321419E-18
2.319354E+04	1.230634E-17	1.408397E-18
2.372903E+04	1.059946E-17	1.413804E-18
2.427687E+04	9.129503E-18	1.363889E-18
