#wls	flux	fluxerr
3.257341E+03	5.944750E-18	8.488219E-19
3.332545E+03	5.294134E-18	7.454141E-19
3.409486E+03	4.721622E-18	6.550316E-19
3.488202E+03	4.234781E-18	5.783560E-19
3.568737E+03	3.837934E-18	5.155307E-19
3.651131E+03	3.531628E-18	4.661193E-19
3.735426E+03	3.312813E-18	4.291689E-19
3.821669E+03	3.174867E-18	4.032554E-19
3.909902E+03	3.107846E-18	3.865636E-19
4.000172E+03	3.099671E-18	3.770815E-19
4.092527E+03	3.138185E-18	3.728861E-19
4.187014E+03	3.213999E-18	3.724859E-19
4.283682E+03	3.320158E-18	3.747558E-19
4.382582E+03	3.447406E-18	3.783910E-19
4.483766E+03	3.585045E-18	3.820454E-19
4.587285E+03	3.724717E-18	3.847579E-19
4.693195E+03	3.864347E-18	3.863212E-19
4.801549E+03	4.006424E-18	3.870194E-19
4.912406E+03	4.150395E-18	3.868434E-19
5.025822E+03	4.289784E-18	3.852539E-19
5.141856E+03	4.416689E-18	3.816836E-19
5.260569E+03	4.528010E-18	3.761042E-19
5.382023E+03	4.630098E-18	3.693198E-19
5.506281E+03	4.746967E-18	3.634444E-19
5.633408E+03	4.921828E-18	3.616857E-19
5.763470E+03	5.200177E-18	3.667430E-19
5.896535E+03	5.612600E-18	3.797823E-19
6.032673E+03	6.160066E-18	3.997763E-19
6.171952E+03	6.793391E-18	4.226801E-19
6.314448E+03	7.396600E-18	4.411431E-19
6.460234E+03	7.865359E-18	4.498435E-19
6.609386E+03	8.267524E-18	4.539020E-19
6.761980E+03	8.713435E-18	4.595301E-19
6.918099E+03	9.233295E-18	4.674255E-19
7.077821E+03	9.796927E-18	4.751910E-19
7.241231E+03	1.038512E-17	4.816261E-19
7.408414E+03	1.104420E-17	4.894419E-19
7.579457E+03	1.188742E-17	5.051618E-19
7.754448E+03	1.295702E-17	5.333373E-19
7.933481E+03	1.397366E-17	5.654119E-19
8.116646E+03	1.473292E-17	5.926831E-19
8.304040E+03	1.525809E-17	6.117688E-19
8.495761E+03	1.569427E-17	6.234527E-19
8.691908E+03	1.623385E-17	6.317938E-19
8.892583E+03	1.712115E-17	6.446368E-19
9.097892E+03	1.855934E-17	6.697237E-19
9.307941E+03	2.057803E-17	7.100721E-19
9.522839E+03	2.311124E-17	7.627510E-19
9.742699E+03	2.597029E-17	8.254955E-19
9.967638E+03	2.887838E-17	9.099805E-19
1.019776E+04	3.099621E-17	1.019553E-18
1.043321E+04	3.170416E-17	1.136777E-18
1.067409E+04	3.135386E-17	1.227024E-18
1.092052E+04	3.022568E-17	1.257985E-18
1.117265E+04	2.853363E-17	1.215555E-18
1.143060E+04	2.660651E-17	1.110613E-18
1.169451E+04	2.472217E-17	9.678208E-19
1.196451E+04	2.303463E-17	8.212951E-19
1.224074E+04	2.157213E-17	7.211790E-19
1.252335E+04	2.030903E-17	7.252106E-19
1.281249E+04	1.940263E-17	8.202184E-19
1.310829E+04	1.904988E-17	9.573575E-19
1.341094E+04	1.923251E-17	1.108939E-18
1.372056E+04	1.979473E-17	1.253878E-18
1.403733E+04	2.054782E-17	1.368917E-18
1.436142E+04	2.132157E-17	1.429824E-18
1.469299E+04	2.197522E-17	1.415985E-18
1.503222E+04	2.235274E-17	1.314280E-18
1.537928E+04	2.217497E-17	1.125666E-18
1.573435E+04	2.126447E-17	9.019629E-19
1.609762E+04	1.979874E-17	7.756606E-19
1.646927E+04	1.826081E-17	8.411648E-19
1.684951E+04	1.710176E-17	9.976178E-19
1.723852E+04	1.642475E-17	1.165823E-18
1.763653E+04	1.626814E-17	1.327745E-18
1.804371E+04	1.662999E-17	1.480814E-18
1.846029E+04	1.743838E-17	1.613538E-18
1.888650E+04	1.855797E-17	1.698564E-18
1.932255E+04	1.979216E-17	1.694488E-18
1.976866E+04	2.088122E-17	1.555184E-18
2.022507E+04	2.150399E-17	1.249606E-18
2.069202E+04	2.141413E-17	8.106722E-19
2.116975E+04	2.048362E-17	5.104637E-19
2.165851E+04	1.856348E-17	7.796036E-19
2.215855E+04	1.622663E-17	1.100847E-18
2.267014E+04	1.401045E-17	1.296857E-18
2.319354E+04	1.205532E-17	1.381394E-18
2.372903E+04	1.036324E-17	1.384786E-18
2.427687E+04	8.904769E-18	1.333402E-18
