#wls	flux	fluxerr
3.289393E+03	1.390187E-17	1.696996E-18
3.329393E+03	1.323873E-17	1.540525E-18
3.369393E+03	1.264135E-17	1.403536E-18
3.409393E+03	1.210420E-17	1.283904E-18
3.449393E+03	1.162236E-17	1.179731E-18
3.489393E+03	1.119144E-17	1.089311E-18
3.529393E+03	1.080754E-17	1.011107E-18
3.569393E+03	1.046721E-17	9.437297E-19
3.609393E+03	1.016738E-17	8.859181E-19
3.649393E+03	9.905336E-18	8.365294E-19
3.689393E+03	9.678685E-18	7.945284E-19
3.729393E+03	9.485303E-18	7.589799E-19
3.769393E+03	9.323310E-18	7.290429E-19
3.809393E+03	9.191046E-18	7.039644E-19
3.849393E+03	9.087045E-18	6.830743E-19
3.889393E+03	9.010010E-18	6.657792E-19
3.929393E+03	8.958794E-18	6.515554E-19
3.969393E+03	8.932383E-18	6.399420E-19
4.009393E+03	8.929875E-18	6.305330E-19
4.049393E+03	8.950463E-18	6.229700E-19
4.089393E+03	8.993428E-18	6.169352E-19
4.129393E+03	9.058120E-18	6.121450E-19
4.169393E+03	9.143949E-18	6.083449E-19
4.209393E+03	9.250369E-18	6.053056E-19
4.249393E+03	9.376863E-18	6.028197E-19
4.289393E+03	9.522926E-18	6.007009E-19
4.329393E+03	9.688041E-18	5.987841E-19
4.369393E+03	9.871653E-18	5.969275E-19
4.409393E+03	1.007314E-17	5.950174E-19
4.449393E+03	1.029180E-17	5.929746E-19
4.489393E+03	1.052679E-17	5.907638E-19
4.529393E+03	1.077713E-17	5.884049E-19
4.569393E+03	1.104170E-17	5.859851E-19
4.609393E+03	1.131915E-17	5.836705E-19
4.649393E+03	1.160795E-17	5.817140E-19
4.689393E+03	1.190631E-17	5.804557E-19
4.729393E+03	1.221220E-17	5.803108E-19
4.769393E+03	1.252336E-17	5.817361E-19
4.809393E+03	1.283734E-17	5.851716E-19
4.849393E+03	1.315159E-17	5.909471E-19
4.889393E+03	1.346378E-17	5.991488E-19
4.929393E+03	1.377181E-17	6.096009E-19
4.969393E+03	1.407361E-17	6.219609E-19
5.009393E+03	1.436709E-17	6.358018E-19
5.049393E+03	1.465011E-17	6.506830E-19
5.089393E+03	1.492050E-17	6.662050E-19
5.129393E+03	1.517614E-17	6.820431E-19
5.169393E+03	1.541497E-17	6.979625E-19
5.209393E+03	1.563511E-17	7.138131E-19
5.249393E+03	1.583493E-17	7.295104E-19
5.289393E+03	1.601317E-17	7.450034E-19
5.329393E+03	1.616899E-17	7.602402E-19
5.369393E+03	1.630205E-17	7.751363E-19
5.409393E+03	1.641258E-17	7.895521E-19
5.449393E+03	1.650139E-17	8.032853E-19
5.489393E+03	1.656985E-17	8.160773E-19
5.529393E+03	1.661986E-17	8.276315E-19
5.569393E+03	1.665375E-17	8.376390E-19
5.609393E+03	1.667416E-17	8.458055E-19
5.649393E+03	1.668395E-17	8.518731E-19
5.689393E+03	1.668600E-17	8.556362E-19
5.729393E+03	1.668310E-17	8.569475E-19
5.769393E+03	1.667787E-17	8.557177E-19
5.809393E+03	1.667259E-17	8.519096E-19
5.849393E+03	1.666923E-17	8.455304E-19
5.889393E+03	1.666933E-17	8.366245E-19
5.929393E+03	1.667402E-17	8.252675E-19
5.969393E+03	1.668402E-17	8.115651E-19
6.009393E+03	1.669962E-17	7.956556E-19
6.049393E+03	1.672070E-17	7.777172E-19
6.089393E+03	1.674678E-17	7.579816E-19
6.129393E+03	1.677703E-17	7.367536E-19
6.169393E+03	1.681032E-17	7.144370E-19
6.209393E+03	1.684524E-17	6.915635E-19
6.249393E+03	1.688023E-17	6.688188E-19
6.289393E+03	1.691360E-17	6.470514E-19
6.329393E+03	1.694366E-17	6.272494E-19
6.369393E+03	1.696890E-17	6.104617E-19
6.409393E+03	1.698814E-17	5.976470E-19
6.449393E+03	1.700095E-17	5.894404E-19
6.489393E+03	1.700824E-17	5.858369E-19
6.529393E+03	1.701233E-17	5.861625E-19
6.569393E+03	1.701621E-17	5.894060E-19
6.609393E+03	1.702306E-17	5.944855E-19
6.649393E+03	1.703601E-17	6.004250E-19
6.689393E+03	1.705794E-17	6.064464E-19
6.729393E+03	1.709141E-17	6.119944E-19
6.769393E+03	1.713859E-17	6.167202E-19
6.809393E+03	1.720124E-17	6.204466E-19
6.849393E+03	1.728070E-17	6.231296E-19
6.889393E+03	1.737787E-17	6.248257E-19
6.929393E+03	1.749324E-17	6.256658E-19
6.969393E+03	1.762690E-17	6.258326E-19
7.009393E+03	1.777865E-17	6.255378E-19
7.049393E+03	1.794805E-17	6.249968E-19
7.089393E+03	1.813460E-17	6.244025E-19
7.129393E+03	1.833776E-17	6.239036E-19
7.169393E+03	1.855715E-17	6.235958E-19
7.209393E+03	1.879253E-17	6.235276E-19
7.249393E+03	1.904392E-17	6.237187E-19
7.289393E+03	1.931159E-17	6.241823E-19
7.329393E+03	1.959614E-17	6.249396E-19
7.369393E+03	1.989846E-17	6.260201E-19
7.409393E+03	2.021977E-17	6.274464E-19
7.449393E+03	2.056156E-17	6.292156E-19
7.489393E+03	2.092534E-17	6.312937E-19
7.529393E+03	2.131228E-17	6.336303E-19
7.569393E+03	2.172267E-17	6.361923E-19
7.609393E+03	2.215509E-17	6.389978E-19
7.649393E+03	2.260554E-17	6.421344E-19
7.689393E+03	2.306649E-17	6.457361E-19
7.729393E+03	2.352616E-17	6.499353E-19
7.769393E+03	2.396960E-17	6.548832E-19
7.809393E+03	2.438052E-17	6.607320E-19
7.849393E+03	2.474372E-17	6.675271E-19
7.889393E+03	2.504836E-17	6.750071E-19
7.929393E+03	2.528896E-17	6.826453E-19
7.969393E+03	2.546443E-17	6.898957E-19
8.009393E+03	2.557725E-17	6.963476E-19
8.049393E+03	2.563280E-17	7.017843E-19
8.089393E+03	2.563864E-17	7.061614E-19
8.129393E+03	2.560380E-17	7.095361E-19
8.169393E+03	2.553820E-17	7.119915E-19
8.209393E+03	2.545211E-17	7.135899E-19
8.249393E+03	2.535566E-17	7.143728E-19
8.289393E+03	2.525846E-17	7.144008E-19
8.329393E+03	2.516922E-17	7.138060E-19
8.369393E+03	2.509551E-17	7.128250E-19
8.409393E+03	2.504353E-17	7.117879E-19
8.449393E+03	2.501805E-17	7.110591E-19
8.489393E+03	2.502236E-17	7.109460E-19
8.529393E+03	2.505839E-17	7.116094E-19
8.569393E+03	2.512678E-17	7.130065E-19
8.609393E+03	2.522710E-17	7.148876E-19
8.649393E+03	2.535804E-17	7.168437E-19
8.689393E+03	2.551757E-17	7.183833E-19
8.729393E+03	2.570322E-17	7.190144E-19
8.769393E+03	2.591226E-17	7.183144E-19
8.809393E+03	2.614191E-17	7.159854E-19
8.849393E+03	2.638952E-17	7.118968E-19
8.889393E+03	2.665262E-17	7.061195E-19
8.929393E+03	2.692909E-17	6.989610E-19
8.969393E+03	2.721710E-17	6.910133E-19
9.009393E+03	2.751512E-17	6.832166E-19
9.049393E+03	2.782190E-17	6.769125E-19
9.089393E+03	2.813631E-17	6.738220E-19
9.129393E+03	2.845727E-17	6.758562E-19
9.169393E+03	2.878364E-17	6.846867E-19
9.209393E+03	2.911431E-17	7.010462E-19
9.249393E+03	2.944878E-17	7.239542E-19
9.289393E+03	2.978676E-17	7.511331E-19
9.329393E+03	3.012753E-17	7.799112E-19
9.369393E+03	3.046996E-17	8.078194E-19
9.409393E+03	3.081254E-17	8.329060E-19
9.449393E+03	3.115373E-17	8.538327E-19
9.489393E+03	3.149222E-17	8.698326E-19
9.529393E+03	3.182734E-17	8.806083E-19
9.569393E+03	3.215940E-17	8.862273E-19
9.609393E+03	3.249004E-17	8.870590E-19
9.649393E+03	3.282239E-17	8.837806E-19
9.689393E+03	3.316121E-17	8.774582E-19
9.729393E+03	3.351294E-17	8.696926E-19
9.769393E+03	3.388555E-17	8.627801E-19
9.809393E+03	3.428828E-17	8.597897E-19
9.849393E+03	3.473108E-17	8.643915E-19
9.889393E+03	3.522373E-17	8.802269E-19
9.929393E+03	3.577416E-17	9.095985E-19
9.969393E+03	3.638600E-17	9.516413E-19
1.000939E+04	3.705879E-17	1.002999E-18
1.004939E+04	3.778943E-17	1.059522E-18
1.008939E+04	3.857261E-17	1.117232E-18
1.012939E+04	3.940109E-17	1.172814E-18
1.016939E+04	4.026575E-17	1.223837E-18
1.020939E+04	4.115565E-17	1.268831E-18
1.024939E+04	4.205820E-17	1.307313E-18
1.028939E+04	4.295953E-17	1.339749E-18
1.032939E+04	4.384520E-17	1.367438E-18
1.036939E+04	4.470118E-17	1.392276E-18
1.040939E+04	4.551497E-17	1.416419E-18
1.044939E+04	4.627661E-17	1.441901E-18
1.048939E+04	4.697917E-17	1.470298E-18
1.052939E+04	4.761868E-17	1.502551E-18
1.056939E+04	4.819347E-17	1.538957E-18
1.060939E+04	4.870334E-17	1.579278E-18
1.064939E+04	4.914875E-17	1.622910E-18
1.068939E+04	4.953031E-17	1.669037E-18
1.072939E+04	4.984846E-17	1.716746E-18
1.076939E+04	5.010348E-17	1.765125E-18
1.080939E+04	5.029551E-17	1.813317E-18
1.084939E+04	5.042475E-17	1.860554E-18
1.088939E+04	5.049153E-17	1.906157E-18
1.092939E+04	5.049644E-17	1.949525E-18
1.096939E+04	5.044045E-17	1.990096E-18
1.100939E+04	5.032491E-17	2.027313E-18
1.104939E+04	5.015151E-17	2.060588E-18
1.108939E+04	4.992237E-17	2.089289E-18
1.112939E+04	4.964000E-17	2.112764E-18
1.116939E+04	4.930741E-17	2.130391E-18
1.120939E+04	4.892820E-17	2.141652E-18
1.124939E+04	4.850660E-17	2.146208E-18
1.128939E+04	4.804749E-17	2.143947E-18
1.132939E+04	4.755643E-17	2.135009E-18
1.136939E+04	4.703955E-17	2.119775E-18
1.140939E+04	4.650340E-17	2.098838E-18
1.144939E+04	4.595485E-17	2.072956E-18
1.148939E+04	4.540080E-17	2.042992E-18
1.152939E+04	4.484804E-17	2.009847E-18
1.156939E+04	4.430304E-17	1.974383E-18
1.160939E+04	4.377182E-17	1.937358E-18
1.164939E+04	4.325982E-17	1.899371E-18
1.168939E+04	4.277183E-17	1.860835E-18
1.172939E+04	4.231190E-17	1.821966E-18
1.176939E+04	4.188330E-17	1.782791E-18
1.180939E+04	4.148844E-17	1.743163E-18
1.184939E+04	4.112883E-17	1.702778E-18
1.188939E+04	4.080494E-17	1.661184E-18
1.192939E+04	4.051617E-17	1.617796E-18
1.196939E+04	4.026076E-17	1.571910E-18
1.200939E+04	4.003574E-17	1.522731E-18
1.204939E+04	3.983691E-17	1.469417E-18
1.208939E+04	3.965875E-17	1.411159E-18
1.212939E+04	3.949448E-17	1.347295E-18
1.216939E+04	3.933608E-17	1.277475E-18
1.220939E+04	3.917442E-17	1.201911E-18
1.224939E+04	3.899953E-17	1.121705E-18
1.228939E+04	3.880092E-17	1.039327E-18
1.232939E+04	3.856807E-17	9.591844E-19
1.236939E+04	3.829100E-17	8.881591E-19
1.240939E+04	3.796099E-17	8.354891E-19
1.244939E+04	3.757163E-17	8.108368E-19
1.248939E+04	3.712052E-17	8.196374E-19
1.252939E+04	3.661218E-17	8.580739E-19
1.256939E+04	3.605629E-17	9.160120E-19
1.260939E+04	3.546469E-17	9.829017E-19
1.264939E+04	3.485009E-17	1.050587E-18
1.268939E+04	3.422524E-17	1.113756E-18
1.272939E+04	3.360239E-17	1.169446E-18
1.276939E+04	3.299303E-17	1.216413E-18
1.280939E+04	3.240763E-17	1.254593E-18
1.284939E+04	3.185554E-17	1.284708E-18
1.288939E+04	3.134493E-17	1.307962E-18
1.292939E+04	3.088269E-17	1.325826E-18
1.296939E+04	3.047443E-17	1.339880E-18
1.300939E+04	3.012451E-17	1.351711E-18
1.304939E+04	2.983609E-17	1.362844E-18
1.308939E+04	2.961120E-17	1.374709E-18
1.312939E+04	2.945081E-17	1.388604E-18
1.316939E+04	2.935488E-17	1.405675E-18
1.320939E+04	2.932235E-17	1.426871E-18
1.324939E+04	2.935123E-17	1.452905E-18
1.328939E+04	2.943855E-17	1.484218E-18
1.332939E+04	2.958048E-17	1.520951E-18
1.336939E+04	2.977233E-17	1.562933E-18
1.340939E+04	3.000863E-17	1.609691E-18
1.344939E+04	3.028320E-17	1.660473E-18
1.348939E+04	3.058921E-17	1.714293E-18
1.352939E+04	3.091928E-17	1.769989E-18
1.356939E+04	3.126567E-17	1.826285E-18
1.360939E+04	3.162048E-17	1.881865E-18
1.364939E+04	3.197583E-17	1.935427E-18
1.368939E+04	3.232407E-17	1.985737E-18
1.372939E+04	3.265794E-17	2.031663E-18
1.376939E+04	3.297072E-17	2.072204E-18
1.380939E+04	3.325634E-17	2.106517E-18
1.384939E+04	3.350944E-17	2.133926E-18
1.388939E+04	3.372547E-17	2.153943E-18
1.392939E+04	3.390079E-17	2.166267E-18
1.396939E+04	3.403270E-17	2.170791E-18
1.400939E+04	3.411955E-17	2.167602E-18
1.404939E+04	3.416077E-17	2.156978E-18
1.408939E+04	3.415682E-17	2.139382E-18
1.412939E+04	3.410914E-17	2.115441E-18
1.416939E+04	3.402005E-17	2.085927E-18
1.420939E+04	3.389259E-17	2.051722E-18
1.424939E+04	3.373047E-17	2.013782E-18
1.428939E+04	3.353788E-17	1.973098E-18
1.432939E+04	3.331949E-17	1.930664E-18
1.436939E+04	3.308029E-17	1.887440E-18
1.440939E+04	3.282551E-17	1.844320E-18
1.444939E+04	3.256057E-17	1.802105E-18
1.448939E+04	3.229097E-17	1.761484E-18
1.452939E+04	3.202220E-17	1.723016E-18
1.456939E+04	3.175965E-17	1.687124E-18
1.460939E+04	3.150851E-17	1.654095E-18
1.464939E+04	3.127363E-17	1.624083E-18
1.468939E+04	3.105946E-17	1.597120E-18
1.472939E+04	3.086992E-17	1.573145E-18
1.476939E+04	3.070837E-17	1.552031E-18
1.480939E+04	3.057754E-17	1.533616E-18
1.484939E+04	3.047955E-17	1.517727E-18
1.488939E+04	3.041586E-17	1.504197E-18
1.492939E+04	3.038726E-17	1.492864E-18
1.496939E+04	3.039389E-17	1.483567E-18
1.500939E+04	3.043521E-17	1.476141E-18
1.504939E+04	3.051014E-17	1.470411E-18
1.508939E+04	3.061704E-17	1.466195E-18
1.512939E+04	3.075380E-17	1.463311E-18
1.516939E+04	3.091797E-17	1.461584E-18
1.520939E+04	3.110670E-17	1.460841E-18
1.524939E+04	3.131686E-17	1.460905E-18
1.528939E+04	3.154497E-17	1.461573E-18
1.532939E+04	3.178729E-17	1.462600E-18
1.536939E+04	3.203980E-17	1.463682E-18
1.540939E+04	3.229824E-17	1.464441E-18
1.544939E+04	3.255811E-17	1.464428E-18
1.548939E+04	3.281471E-17	1.463126E-18
1.552939E+04	3.306314E-17	1.459963E-18
1.556939E+04	3.329836E-17	1.454324E-18
1.560939E+04	3.351524E-17	1.445566E-18
1.564939E+04	3.370859E-17	1.433035E-18
1.568939E+04	3.387330E-17	1.416081E-18
1.572939E+04	3.400443E-17	1.394093E-18
1.576939E+04	3.409739E-17	1.366528E-18
1.580939E+04	3.414808E-17	1.332966E-18
1.584939E+04	3.415303E-17	1.293157E-18
1.588939E+04	3.410947E-17	1.247089E-18
1.592939E+04	3.401545E-17	1.195067E-18
1.596939E+04	3.386986E-17	1.137816E-18
1.600939E+04	3.367250E-17	1.076626E-18
1.604939E+04	3.342412E-17	1.013526E-18
1.608939E+04	3.312648E-17	9.514675E-19
1.612939E+04	3.278234E-17	8.944557E-19
1.616939E+04	3.239543E-17	8.474232E-19
1.620939E+04	3.197026E-17	8.155597E-19
1.624939E+04	3.151197E-17	8.028163E-19
1.628939E+04	3.102603E-17	8.095970E-19
1.632939E+04	3.051790E-17	8.319641E-19
1.636939E+04	2.999305E-17	8.642290E-19
1.640939E+04	2.945677E-17	9.009981E-19
1.644939E+04	2.891406E-17	9.380791E-19
1.648939E+04	2.836959E-17	9.726316E-19
1.652939E+04	2.782757E-17	1.002970E-18
1.656939E+04	2.729178E-17	1.028276E-18
1.660939E+04	2.676546E-17	1.048336E-18
1.664939E+04	2.625137E-17	1.063324E-18
1.668939E+04	2.575171E-17	1.073651E-18
1.672939E+04	2.526816E-17	1.079856E-18
1.676939E+04	2.480196E-17	1.082534E-18
1.680939E+04	2.435390E-17	1.082286E-18
1.684939E+04	2.392448E-17	1.079688E-18
1.688939E+04	2.351391E-17	1.075268E-18
1.692939E+04	2.312224E-17	1.069493E-18
1.696939E+04	2.274941E-17	1.062766E-18
1.700939E+04	2.239530E-17	1.055425E-18
1.704939E+04	2.205982E-17	1.047750E-18
1.708939E+04	2.174289E-17	1.039971E-18
1.712939E+04	2.144456E-17	1.032272E-18
1.716939E+04	2.116499E-17	1.024809E-18
1.720939E+04	2.090448E-17	1.017706E-18
1.724939E+04	2.066345E-17	1.011077E-18
1.728939E+04	2.044249E-17	1.005026E-18
1.732939E+04	2.024230E-17	9.996602E-19
1.736939E+04	2.006368E-17	9.951035E-19
1.740939E+04	1.990756E-17	9.915014E-19
1.744939E+04	1.977499E-17	9.890294E-19
1.748939E+04	1.966712E-17	9.878950E-19
1.752939E+04	1.958525E-17	9.883385E-19
1.756939E+04	1.953079E-17	9.906319E-19
1.760939E+04	1.950527E-17	9.950771E-19
1.764939E+04	1.951029E-17	1.002004E-18
1.768939E+04	1.954750E-17	1.011767E-18
1.772939E+04	1.961853E-17	1.024745E-18
1.776939E+04	1.972495E-17	1.041330E-18
1.780939E+04	1.986819E-17	1.061926E-18
1.784939E+04	2.004944E-17	1.086930E-18
1.788939E+04	2.026959E-17	1.116711E-18
1.792939E+04	2.052911E-17	1.151589E-18
1.796939E+04	2.082792E-17	1.191795E-18
1.800939E+04	2.116529E-17	1.237446E-18
1.804939E+04	2.153975E-17	1.288512E-18
1.808939E+04	2.194898E-17	1.344796E-18
1.812939E+04	2.238975E-17	1.405926E-18
1.816939E+04	2.285792E-17	1.471351E-18
1.820939E+04	2.334842E-17	1.540351E-18
1.824939E+04	2.385527E-17	1.612050E-18
1.828939E+04	2.437171E-17	1.685438E-18
1.832939E+04	2.489035E-17	1.759400E-18
1.836939E+04	2.540337E-17	1.832746E-18
1.840939E+04	2.590280E-17	1.904249E-18
1.844939E+04	2.638082E-17	1.972689E-18
1.848939E+04	2.683000E-17	2.036893E-18
1.852939E+04	2.724351E-17	2.095771E-18
1.856939E+04	2.761530E-17	2.148351E-18
1.860939E+04	2.794024E-17	2.193802E-18
1.864939E+04	2.821424E-17	2.231463E-18
1.868939E+04	2.843433E-17	2.260857E-18
1.872939E+04	2.859876E-17	2.281698E-18
1.876939E+04	2.870697E-17	2.293901E-18
1.880939E+04	2.875958E-17	2.297565E-18
1.884939E+04	2.875827E-17	2.292966E-18
1.888939E+04	2.870565E-17	2.280520E-18
1.892939E+04	2.860501E-17	2.260758E-18
1.896939E+04	2.846025E-17	2.234294E-18
1.900939E+04	2.827564E-17	2.201798E-18
1.904939E+04	2.805573E-17	2.163979E-18
1.908939E+04	2.780527E-17	2.121580E-18
1.912939E+04	2.752908E-17	2.075371E-18
1.916939E+04	2.723205E-17	2.026150E-18
1.920939E+04	2.691905E-17	1.974737E-18
1.924939E+04	2.659493E-17	1.921962E-18
1.928939E+04	2.626439E-17	1.868647E-18
1.932939E+04	2.593196E-17	1.815575E-18
1.936939E+04	2.560186E-17	1.763466E-18
1.940939E+04	2.527789E-17	1.712941E-18
1.944939E+04	2.496336E-17	1.664511E-18
1.948939E+04	2.466100E-17	1.618565E-18
1.952939E+04	2.437300E-17	1.575387E-18
1.956939E+04	2.410100E-17	1.535172E-18
1.960939E+04	2.384616E-17	1.498056E-18
1.964939E+04	2.360917E-17	1.464125E-18
1.968939E+04	2.339036E-17	1.433433E-18
1.972939E+04	2.318970E-17	1.405990E-18
1.976939E+04	2.300684E-17	1.381759E-18
1.980939E+04	2.284111E-17	1.360632E-18
1.984939E+04	2.269157E-17	1.342426E-18
1.988939E+04	2.255699E-17	1.326867E-18
1.992939E+04	2.243591E-17	1.313609E-18
1.996939E+04	2.232663E-17	1.302243E-18
2.000939E+04	2.222728E-17	1.292331E-18
2.004939E+04	2.213588E-17	1.283440E-18
2.008939E+04	2.205038E-17	1.275172E-18
2.012939E+04	2.196869E-17	1.267193E-18
2.016939E+04	2.188877E-17	1.259248E-18
2.020939E+04	2.180861E-17	1.251161E-18
2.024939E+04	2.172630E-17	1.242826E-18
2.028939E+04	2.164007E-17	1.234187E-18
2.032939E+04	2.154827E-17	1.225216E-18
2.036939E+04	2.144944E-17	1.215888E-18
2.040939E+04	2.134231E-17	1.206166E-18
2.044939E+04	2.122582E-17	1.195994E-18
2.048939E+04	2.109915E-17	1.185301E-18
2.052939E+04	2.096171E-17	1.174003E-18
2.056939E+04	2.081315E-17	1.162026E-18
2.060939E+04	2.065333E-17	1.149310E-18
2.064939E+04	2.048235E-17	1.135824E-18
2.068939E+04	2.030048E-17	1.121563E-18
2.072939E+04	2.010818E-17	1.106551E-18
2.076939E+04	1.990608E-17	1.090823E-18
2.080939E+04	1.969495E-17	1.074421E-18
2.084939E+04	1.947571E-17	1.057381E-18
2.088939E+04	1.924938E-17	1.039731E-18
2.092939E+04	1.901714E-17	1.021488E-18
2.096939E+04	1.878024E-17	1.002668E-18
2.100939E+04	1.854009E-17	9.832924E-19
2.104939E+04	1.829819E-17	9.634108E-19
2.108939E+04	1.805616E-17	9.431140E-19
2.112939E+04	1.781574E-17	9.225503E-19
2.116939E+04	1.757868E-17	9.019355E-19
2.120939E+04	1.734675E-17	8.815563E-19
2.124939E+04	1.712170E-17	8.617663E-19
2.128939E+04	1.690521E-17	8.429751E-19
2.132939E+04	1.669887E-17	8.256281E-19
2.136939E+04	1.650417E-17	8.101798E-19
2.140939E+04	1.632244E-17	7.970580E-19
2.144939E+04	1.615473E-17	7.866206E-19
2.148939E+04	1.600168E-17	7.790996E-19
2.152939E+04	1.586297E-17	7.745070E-19
2.156939E+04	1.573717E-17	7.725938E-19
2.160939E+04	1.562229E-17	7.729729E-19
2.164939E+04	1.551618E-17	7.752026E-19
2.168939E+04	1.541665E-17	7.788358E-19
2.172939E+04	1.532162E-17	7.834510E-19
2.176939E+04	1.522913E-17	7.886711E-19
2.180939E+04	1.513745E-17	7.941723E-19
2.184939E+04	1.504503E-17	7.996866E-19
2.188939E+04	1.495056E-17	8.050007E-19
2.192939E+04	1.485293E-17	8.099515E-19
2.196939E+04	1.475126E-17	8.144213E-19
2.200939E+04	1.464488E-17	8.183316E-19
2.204939E+04	1.453337E-17	8.216372E-19
2.208939E+04	1.441647E-17	8.243196E-19
2.212939E+04	1.429416E-17	8.263812E-19
2.216939E+04	1.416664E-17	8.278396E-19
2.220939E+04	1.403427E-17	8.287232E-19
2.224939E+04	1.389756E-17	8.290677E-19
2.228939E+04	1.375720E-17	8.289143E-19
2.232939E+04	1.361393E-17	8.283077E-19
2.236939E+04	1.346861E-17	8.272950E-19
2.240939E+04	1.332214E-17	8.259248E-19
2.244939E+04	1.317543E-17	8.242453E-19
2.248939E+04	1.302940E-17	8.223034E-19
2.252939E+04	1.288493E-17	8.201438E-19
2.256939E+04	1.274283E-17	8.178082E-19
2.260939E+04	1.260384E-17	8.153367E-19
2.264939E+04	1.246860E-17	8.127700E-19
2.268939E+04	1.233769E-17	8.101515E-19
2.272939E+04	1.221158E-17	8.075301E-19
2.276939E+04	1.209070E-17	8.049628E-19
2.280939E+04	1.197542E-17	8.025142E-19
2.284939E+04	1.186603E-17	8.002559E-19
2.288939E+04	1.176282E-17	7.982625E-19
2.292939E+04	1.166601E-17	7.966068E-19
2.296939E+04	1.157582E-17	7.953562E-19
2.300939E+04	1.149244E-17	7.945683E-19
2.304939E+04	1.141603E-17	7.942895E-19
2.308939E+04	1.134678E-17	7.945550E-19
2.312939E+04	1.128484E-17	7.953898E-19
2.316939E+04	1.123036E-17	7.968113E-19
2.320939E+04	1.118347E-17	7.988325E-19
2.324939E+04	1.114429E-17	8.014637E-19
2.328939E+04	1.111289E-17	8.047148E-19
2.332939E+04	1.108933E-17	8.085963E-19
2.336939E+04	1.107366E-17	8.131198E-19
2.340939E+04	1.106590E-17	8.182990E-19
2.344939E+04	1.106606E-17	8.241509E-19
2.348939E+04	1.107413E-17	8.306983E-19
2.352939E+04	1.109011E-17	8.379726E-19
2.356939E+04	1.111401E-17	8.460170E-19
2.360939E+04	1.114580E-17	8.548905E-19
2.364939E+04	1.118548E-17	8.646702E-19
2.368939E+04	1.123303E-17	8.754555E-19
2.372939E+04	1.128844E-17	8.873706E-19
2.376939E+04	1.135165E-17	9.005682E-19
2.380939E+04	1.142262E-17	9.152326E-19
2.384939E+04	1.150125E-17	9.315824E-19
2.388939E+04	1.158743E-17	9.498730E-19
2.392939E+04	1.168101E-17	9.703975E-19
2.396939E+04	1.178182E-17	9.934860E-19
2.400939E+04	1.188967E-17	1.019504E-18
2.404939E+04	1.200433E-17	1.048846E-18
2.408939E+04	1.212558E-17	1.081931E-18
2.412939E+04	1.225316E-17	1.119191E-18
2.416939E+04	1.238680E-17	1.161063E-18
2.420939E+04	1.252620E-17	1.207974E-18
2.424939E+04	1.267108E-17	1.260329E-18
2.428939E+04	1.282110E-17	1.318496E-18
2.432939E+04	1.297591E-17	1.382793E-18
2.436939E+04	1.313515E-17	1.453476E-18
2.440939E+04	1.329839E-17	1.530734E-18
2.444939E+04	1.346521E-17	1.614679E-18
2.448939E+04	1.363516E-17	1.705354E-18
