#wls	flux	fluxerr
3.289393E+03	1.620566E-15	6.379354E-17
3.329393E+03	1.203908E-15	3.896722E-17
3.369393E+03	8.897820E-16	2.319268E-17
3.409393E+03	6.559130E-16	1.363336E-17
3.449393E+03	4.842263E-16	8.263747E-18
3.489393E+03	3.603101E-16	5.585164E-18
3.529393E+03	2.722230E-16	4.351049E-18
3.569393E+03	2.102228E-16	3.682614E-18
3.609393E+03	1.674046E-16	3.215409E-18
3.649393E+03	1.388743E-16	2.859915E-18
3.689393E+03	1.212981E-16	2.610903E-18
3.729393E+03	1.126812E-16	2.481329E-18
3.769393E+03	1.122838E-16	2.492046E-18
3.809393E+03	1.206680E-16	2.677916E-18
3.849393E+03	1.397766E-16	3.094327E-18
3.889393E+03	1.725984E-16	3.807574E-18
3.929393E+03	2.231403E-16	4.892999E-18
3.969393E+03	2.960035E-16	6.423017E-18
4.009393E+03	3.950768E-16	8.435978E-18
4.049393E+03	5.215461E-16	1.089809E-17
4.089393E+03	6.718342E-16	1.367695E-17
4.129393E+03	8.366278E-16	1.654680E-17
4.169393E+03	1.002034E-15	1.923201E-17
4.209393E+03	1.152729E-15	2.147358E-17
4.249393E+03	1.275724E-15	2.309132E-17
4.289393E+03	1.363046E-15	2.401622E-17
4.329393E+03	1.412453E-15	2.428110E-17
4.369393E+03	1.426383E-15	2.398064E-17
4.409393E+03	1.410009E-15	2.322898E-17
4.449393E+03	1.369373E-15	2.213214E-17
4.489393E+03	1.310215E-15	2.077331E-17
4.529393E+03	1.237606E-15	1.921043E-17
4.569393E+03	1.156232E-15	1.749791E-17
4.609393E+03	1.070966E-15	1.571823E-17
4.649393E+03	9.873885E-16	1.399247E-17
4.689393E+03	9.122158E-16	1.247313E-17
4.729393E+03	8.535660E-16	1.132779E-17
4.769393E+03	8.205870E-16	1.071637E-17
4.809393E+03	8.178807E-16	1.066452E-17
4.849393E+03	8.457902E-16	1.109944E-17
4.889393E+03	9.010938E-16	1.192349E-17
4.929393E+03	9.756960E-16	1.299802E-17
4.969393E+03	1.059318E-15	1.418180E-17
5.009393E+03	1.140808E-15	1.533739E-17
5.049393E+03	1.209780E-15	1.633646E-17
5.089393E+03	1.258215E-15	1.706882E-17
5.129393E+03	1.281637E-15	1.745484E-17
5.169393E+03	1.279628E-15	1.745954E-17
5.209393E+03	1.255679E-15	1.710791E-17
5.249393E+03	1.216514E-15	1.649302E-17
5.289393E+03	1.171063E-15	1.576119E-17
5.329393E+03	1.129220E-15	1.508023E-17
5.369393E+03	1.100343E-15	1.460182E-17
5.409393E+03	1.090588E-15	1.441519E-17
5.449393E+03	1.096433E-15	1.445601E-17
5.489393E+03	1.107973E-15	1.457655E-17
5.529393E+03	1.115412E-15	1.465056E-17
5.569393E+03	1.111781E-15	1.460294E-17
5.609393E+03	1.094075E-15	1.440467E-17
5.649393E+03	1.063033E-15	1.405501E-17
5.689393E+03	1.021914E-15	1.357826E-17
5.729393E+03	9.748864E-16	1.302133E-17
5.769393E+03	9.257085E-16	1.243783E-17
5.809393E+03	8.770069E-16	1.186272E-17
5.849393E+03	8.301757E-16	1.129918E-17
5.889393E+03	7.857043E-16	1.073492E-17
5.929393E+03	7.434894E-16	1.016017E-17
5.969393E+03	7.030155E-16	9.571514E-18
6.009393E+03	6.635315E-16	8.969670E-18
6.049393E+03	6.242772E-16	8.355310E-18
6.089393E+03	5.848046E-16	7.729504E-18
6.129393E+03	5.453484E-16	7.100315E-18
6.169393E+03	5.071083E-16	6.498006E-18
6.209393E+03	4.723013E-16	5.990403E-18
6.249393E+03	4.438246E-16	5.668629E-18
6.289393E+03	4.223067E-16	5.551412E-18
6.329393E+03	4.057540E-16	5.566858E-18
6.369393E+03	3.939129E-16	5.674551E-18
6.409393E+03	3.881435E-16	5.882878E-18
6.449393E+03	3.905804E-16	6.230251E-18
6.489393E+03	4.023493E-16	6.737359E-18
6.529393E+03	4.228362E-16	7.385005E-18
6.569393E+03	4.507127E-16	8.138174E-18
6.609393E+03	4.840961E-16	8.952561E-18
6.649393E+03	5.207537E-16	9.780425E-18
6.689393E+03	5.583451E-16	1.057681E-17
6.729393E+03	5.946626E-16	1.130443E-17
6.769393E+03	6.278023E-16	1.193516E-17
6.809393E+03	6.562240E-16	1.244817E-17
6.849393E+03	6.787153E-16	1.282701E-17
6.889393E+03	6.942982E-16	1.305663E-17
6.929393E+03	7.021325E-16	1.312064E-17
6.969393E+03	7.015211E-16	1.300221E-17
7.009393E+03	6.920945E-16	1.269132E-17
7.049393E+03	6.740437E-16	1.219293E-17
7.089393E+03	6.481868E-16	1.152888E-17
7.129393E+03	6.158290E-16	1.073389E-17
7.169393E+03	5.785089E-16	9.849380E-18
7.209393E+03	5.377845E-16	8.917603E-18
7.249393E+03	4.951236E-16	7.977315E-18
7.289393E+03	4.518634E-16	7.060765E-18
7.329393E+03	4.092105E-16	6.191900E-18
7.369393E+03	3.682485E-16	5.386454E-18
7.409393E+03	3.299263E-16	4.652711E-18
7.449393E+03	2.950388E-16	3.992019E-18
7.489393E+03	2.641980E-16	3.400426E-18
7.529393E+03	2.377739E-16	2.873172E-18
7.569393E+03	2.158342E-16	2.413013E-18
7.609393E+03	1.981897E-16	2.038410E-18
7.649393E+03	1.845845E-16	1.782935E-18
7.689393E+03	1.746582E-16	1.661141E-18
7.729393E+03	1.673172E-16	1.610949E-18
7.769393E+03	1.616549E-16	1.587283E-18
7.809393E+03	1.571584E-16	1.597730E-18
7.849393E+03	1.536553E-16	1.681799E-18
7.889393E+03	1.508718E-16	1.838145E-18
7.929393E+03	1.484578E-16	2.026843E-18
7.969393E+03	1.462419E-16	2.218383E-18
8.009393E+03	1.441497E-16	2.397252E-18
8.049393E+03	1.421556E-16	2.556924E-18
8.089393E+03	1.402574E-16	2.695441E-18
8.129393E+03	1.384597E-16	2.812922E-18
8.169393E+03	1.367654E-16	2.910284E-18
8.209393E+03	1.351729E-16	2.988599E-18
8.249393E+03	1.336749E-16	3.048855E-18
8.289393E+03	1.322600E-16	3.091960E-18
8.329393E+03	1.309133E-16	3.118779E-18
8.369393E+03	1.296192E-16	3.130131E-18
8.409393E+03	1.283611E-16	3.126755E-18
8.449393E+03	1.271220E-16	3.109237E-18
8.489393E+03	1.258847E-16	3.077936E-18
8.529393E+03	1.246323E-16	3.033052E-18
8.569393E+03	1.233493E-16	2.974791E-18
8.609393E+03	1.220219E-16	2.903539E-18
8.649393E+03	1.206392E-16	2.819967E-18
8.689393E+03	1.191931E-16	2.724991E-18
8.729393E+03	1.176780E-16	2.619679E-18
8.769393E+03	1.160892E-16	2.505050E-18
8.809393E+03	1.144227E-16	2.381776E-18
8.849393E+03	1.126729E-16	2.250070E-18
8.889393E+03	1.108306E-16	2.109855E-18
8.929393E+03	1.088823E-16	1.961053E-18
8.969393E+03	1.068117E-16	1.804287E-18
9.009393E+03	1.046023E-16	1.642023E-18
9.049393E+03	1.022365E-16	1.479855E-18
9.089393E+03	9.969672E-17	1.328860E-18
9.129393E+03	9.697460E-17	1.209977E-18
9.169393E+03	9.410253E-17	1.155929E-18
9.209393E+03	9.116144E-17	1.193298E-18
9.249393E+03	8.803666E-17	1.295977E-18
9.289393E+03	8.458371E-17	1.416682E-18
9.329393E+03	8.074487E-17	1.522374E-18
9.369393E+03	7.651778E-17	1.595333E-18
9.409393E+03	7.193923E-17	1.628185E-18
9.449393E+03	6.707671E-17	1.620021E-18
9.489393E+03	6.202246E-17	1.574068E-18
9.529393E+03	5.688772E-17	1.496188E-18
9.569393E+03	5.179521E-17	1.393796E-18
9.609393E+03	4.686864E-17	1.275104E-18
9.649393E+03	4.222214E-17	1.148556E-18
9.689393E+03	3.795229E-17	1.022359E-18
9.729393E+03	3.413368E-17	9.041679E-19
9.769393E+03	3.081851E-17	8.009478E-19
9.809393E+03	2.803966E-17	7.189566E-19
9.849393E+03	2.581399E-17	6.636081E-19
9.889393E+03	2.414353E-17	6.388797E-19
9.929393E+03	2.300984E-17	6.461031E-19
9.969393E+03	2.235157E-17	6.823781E-19
1.000939E+04	2.209219E-17	7.429666E-19
1.004939E+04	2.216713E-17	8.238800E-19
1.008939E+04	2.252714E-17	9.224674E-19
1.012939E+04	2.313567E-17	1.037198E-18
1.016939E+04	2.396508E-17	1.167252E-18
1.020939E+04	2.499264E-17	1.312157E-18
1.024939E+04	2.619750E-17	1.471509E-18
1.028939E+04	2.755868E-17	1.644774E-18
1.032939E+04	2.905394E-17	1.831156E-18
1.036939E+04	3.065915E-17	2.029514E-18
1.040939E+04	3.234822E-17	2.238336E-18
1.044939E+04	3.409342E-17	2.455738E-18
1.048939E+04	3.586611E-17	2.679516E-18
1.052939E+04	3.763778E-17	2.907221E-18
1.056939E+04	3.938120E-17	3.136260E-18
1.060939E+04	4.107162E-17	3.364013E-18
1.064939E+04	4.268776E-17	3.587951E-18
1.068939E+04	4.421263E-17	3.805745E-18
1.072939E+04	4.563397E-17	4.015358E-18
1.076939E+04	4.694437E-17	4.215105E-18
1.080939E+04	4.814104E-17	4.403691E-18
1.084939E+04	4.922539E-17	4.580209E-18
1.088939E+04	5.020236E-17	4.744125E-18
1.092939E+04	5.107975E-17	4.895227E-18
1.096939E+04	5.186749E-17	5.033575E-18
1.100939E+04	5.257694E-17	5.159436E-18
1.104939E+04	5.322032E-17	5.273219E-18
1.108939E+04	5.381019E-17	5.375425E-18
1.112939E+04	5.435910E-17	5.466591E-18
1.116939E+04	5.487926E-17	5.547258E-18
1.120939E+04	5.538234E-17	5.617939E-18
1.124939E+04	5.587936E-17	5.679103E-18
1.128939E+04	5.638057E-17	5.731155E-18
1.132939E+04	5.689545E-17	5.774434E-18
1.136939E+04	5.743262E-17	5.809198E-18
1.140939E+04	5.799989E-17	5.835614E-18
1.144939E+04	5.860420E-17	5.853748E-18
1.148939E+04	5.925162E-17	5.863543E-18
1.152939E+04	5.994732E-17	5.864801E-18
1.156939E+04	6.069549E-17	5.857160E-18
1.160939E+04	6.149929E-17	5.840070E-18
1.164939E+04	6.236073E-17	5.812768E-18
1.168939E+04	6.328054E-17	5.774257E-18
1.172939E+04	6.425797E-17	5.723290E-18
1.176939E+04	6.529061E-17	5.658364E-18
1.180939E+04	6.637409E-17	5.577721E-18
1.184939E+04	6.750183E-17	5.479371E-18
1.188939E+04	6.866473E-17	5.361142E-18
1.192939E+04	6.985085E-17	5.220750E-18
1.196939E+04	7.104520E-17	5.055933E-18
1.200939E+04	7.222951E-17	4.864624E-18
1.204939E+04	7.338215E-17	4.645220E-18
1.208939E+04	7.447826E-17	4.396951E-18
1.212939E+04	7.549005E-17	4.120408E-18
1.216939E+04	7.638744E-17	3.818296E-18
1.220939E+04	7.713903E-17	3.496542E-18
1.224939E+04	7.771360E-17	3.165916E-18
1.228939E+04	7.808202E-17	2.844331E-18
1.232939E+04	7.821980E-17	2.559459E-18
1.236939E+04	7.810983E-17	2.349253E-18
1.240939E+04	7.774484E-17	2.253731E-18
1.244939E+04	7.712814E-17	2.293352E-18
1.248939E+04	7.627301E-17	2.452138E-18
1.252939E+04	7.520196E-17	2.690088E-18
1.256939E+04	7.394512E-17	2.966967E-18
1.260939E+04	7.253726E-17	3.253311E-18
1.264939E+04	7.101451E-17	3.530579E-18
1.268939E+04	6.941176E-17	3.788220E-18
1.272939E+04	6.776086E-17	4.020949E-18
1.276939E+04	6.608964E-17	4.226820E-18
1.280939E+04	6.442148E-17	4.405951E-18
1.284939E+04	6.277530E-17	4.559686E-18
1.288939E+04	6.116587E-17	4.690040E-18
1.292939E+04	5.960423E-17	4.799343E-18
1.296939E+04	5.809818E-17	4.890001E-18
1.300939E+04	5.665284E-17	4.964350E-18
1.304939E+04	5.527111E-17	5.024569E-18
1.308939E+04	5.395414E-17	5.072633E-18
1.312939E+04	5.270169E-17	5.110292E-18
1.316939E+04	5.151251E-17	5.139069E-18
1.320939E+04	5.038455E-17	5.160266E-18
1.324939E+04	4.931524E-17	5.174979E-18
1.328939E+04	4.830165E-17	5.184114E-18
1.332939E+04	4.734060E-17	5.188408E-18
1.336939E+04	4.642882E-17	5.188448E-18
1.340939E+04	4.556301E-17	5.184688E-18
1.344939E+04	4.473986E-17	5.177473E-18
1.348939E+04	4.395618E-17	5.167048E-18
1.352939E+04	4.320885E-17	5.153584E-18
1.356939E+04	4.249490E-17	5.137184E-18
1.360939E+04	4.181149E-17	5.117907E-18
1.364939E+04	4.115597E-17	5.095772E-18
1.368939E+04	4.052584E-17	5.070776E-18
1.372939E+04	3.991881E-17	5.042904E-18
1.376939E+04	3.933279E-17	5.012141E-18
1.380939E+04	3.876591E-17	4.978477E-18
1.384939E+04	3.821653E-17	4.941924E-18
1.388939E+04	3.768325E-17	4.902516E-18
1.392939E+04	3.716493E-17	4.860322E-18
1.396939E+04	3.666067E-17	4.815448E-18
1.400939E+04	3.616980E-17	4.768041E-18
1.404939E+04	3.569193E-17	4.718288E-18
1.408939E+04	3.522686E-17	4.666422E-18
1.412939E+04	3.477462E-17	4.612708E-18
1.416939E+04	3.433541E-17	4.557448E-18
1.420939E+04	3.390960E-17	4.500964E-18
1.424939E+04	3.349769E-17	4.443599E-18
1.428939E+04	3.310026E-17	4.385698E-18
1.432939E+04	3.271798E-17	4.327603E-18
1.436939E+04	3.235155E-17	4.269643E-18
1.440939E+04	3.200171E-17	4.212120E-18
1.444939E+04	3.166917E-17	4.155304E-18
1.448939E+04	3.135462E-17	4.099425E-18
1.452939E+04	3.105873E-17	4.044668E-18
1.456939E+04	3.078211E-17	3.991172E-18
1.460939E+04	3.052532E-17	3.939028E-18
1.464939E+04	3.028882E-17	3.888286E-18
1.468939E+04	3.007306E-17	3.838953E-18
1.472939E+04	2.987837E-17	3.791003E-18
1.476939E+04	2.970503E-17	3.744378E-18
1.480939E+04	2.955324E-17	3.698998E-18
1.484939E+04	2.942313E-17	3.654759E-18
1.488939E+04	2.931475E-17	3.611538E-18
1.492939E+04	2.922810E-17	3.569191E-18
1.496939E+04	2.916310E-17	3.527556E-18
1.500939E+04	2.911965E-17	3.486451E-18
1.504939E+04	2.909762E-17	3.445670E-18
1.508939E+04	2.909686E-17	3.404987E-18
1.512939E+04	2.911728E-17	3.364150E-18
1.516939E+04	2.915879E-17	3.322888E-18
1.520939E+04	2.922138E-17	3.280904E-18
1.524939E+04	2.930509E-17	3.237883E-18
1.528939E+04	2.941003E-17	3.193482E-18
1.532939E+04	2.953631E-17	3.147335E-18
1.536939E+04	2.968405E-17	3.099043E-18
1.540939E+04	2.985325E-17	3.048169E-18
1.544939E+04	3.004371E-17	2.994232E-18
1.548939E+04	3.025494E-17	2.936696E-18
1.552939E+04	3.048597E-17	2.874970E-18
1.556939E+04	3.073528E-17	2.808403E-18
1.560939E+04	3.100061E-17	2.736293E-18
1.564939E+04	3.127881E-17	2.657910E-18
1.568939E+04	3.156578E-17	2.572519E-18
1.572939E+04	3.185631E-17	2.479445E-18
1.576939E+04	3.214407E-17	2.378137E-18
1.580939E+04	3.242162E-17	2.268281E-18
1.584939E+04	3.268044E-17	2.149941E-18
1.588939E+04	3.291116E-17	2.023750E-18
1.592939E+04	3.310380E-17	1.891169E-18
1.596939E+04	3.324818E-17	1.754815E-18
1.600939E+04	3.333443E-17	1.618888E-18
1.604939E+04	3.335368E-17	1.489630E-18
1.608939E+04	3.329882E-17	1.375648E-18
1.612939E+04	3.316524E-17	1.287571E-18
1.616939E+04	3.295138E-17	1.236076E-18
1.620939E+04	3.265845E-17	1.227759E-18
1.624939E+04	3.228963E-17	1.261083E-18
1.628939E+04	3.184988E-17	1.327023E-18
1.632939E+04	3.134651E-17	1.413769E-18
1.636939E+04	3.078896E-17	1.510637E-18
1.640939E+04	3.018804E-17	1.609582E-18
1.644939E+04	2.955499E-17	1.705194E-18
1.648939E+04	2.890077E-17	1.794163E-18
1.652939E+04	2.823548E-17	1.874697E-18
1.656939E+04	2.756804E-17	1.946046E-18
1.660939E+04	2.690597E-17	2.008141E-18
1.664939E+04	2.625539E-17	2.061339E-18
1.668939E+04	2.562100E-17	2.106244E-18
1.672939E+04	2.500626E-17	2.143582E-18
1.676939E+04	2.441350E-17	2.174122E-18
1.680939E+04	2.384414E-17	2.198620E-18
1.684939E+04	2.329879E-17	2.217789E-18
1.688939E+04	2.277750E-17	2.232285E-18
1.692939E+04	2.227987E-17	2.242697E-18
1.696939E+04	2.180519E-17	2.249550E-18
1.700939E+04	2.135261E-17	2.253308E-18
1.704939E+04	2.092119E-17	2.254388E-18
1.708939E+04	2.051002E-17	2.253164E-18
1.712939E+04	2.011827E-17	2.249978E-18
1.716939E+04	1.974524E-17	2.245152E-18
1.720939E+04	1.939041E-17	2.238990E-18
1.724939E+04	1.905340E-17	2.231788E-18
1.728939E+04	1.873400E-17	2.223837E-18
1.732939E+04	1.843216E-17	2.215421E-18
1.736939E+04	1.814793E-17	2.206822E-18
1.740939E+04	1.788145E-17	2.198314E-18
1.744939E+04	1.763290E-17	2.190161E-18
1.748939E+04	1.740248E-17	2.182617E-18
1.752939E+04	1.719035E-17	2.175917E-18
1.756939E+04	1.699662E-17	2.170276E-18
1.760939E+04	1.682131E-17	2.165887E-18
1.764939E+04	1.666434E-17	2.162910E-18
1.768939E+04	1.652547E-17	2.161478E-18
1.772939E+04	1.640434E-17	2.161685E-18
1.776939E+04	1.630042E-17	2.163588E-18
1.780939E+04	1.621303E-17	2.167203E-18
1.784939E+04	1.614132E-17	2.172505E-18
1.788939E+04	1.608426E-17	2.179424E-18
1.792939E+04	1.604070E-17	2.187848E-18
1.796939E+04	1.600933E-17	2.197626E-18
1.800939E+04	1.598870E-17	2.208565E-18
1.804939E+04	1.597726E-17	2.220440E-18
1.808939E+04	1.597336E-17	2.232996E-18
1.812939E+04	1.597528E-17	2.245955E-18
1.816939E+04	1.598127E-17	2.259019E-18
1.820939E+04	1.598954E-17	2.271884E-18
1.824939E+04	1.599834E-17	2.284243E-18
1.828939E+04	1.600594E-17	2.295793E-18
1.832939E+04	1.601070E-17	2.306244E-18
1.836939E+04	1.601108E-17	2.315326E-18
1.840939E+04	1.600570E-17	2.322797E-18
1.844939E+04	1.599331E-17	2.328443E-18
1.848939E+04	1.597286E-17	2.332090E-18
1.852939E+04	1.594351E-17	2.333600E-18
1.856939E+04	1.590462E-17	2.332877E-18
1.860939E+04	1.585579E-17	2.329868E-18
1.864939E+04	1.579680E-17	2.324559E-18
1.868939E+04	1.572769E-17	2.316973E-18
1.872939E+04	1.564866E-17	2.307170E-18
1.876939E+04	1.556010E-17	2.295239E-18
1.880939E+04	1.546256E-17	2.281292E-18
1.884939E+04	1.535674E-17	2.265463E-18
1.888939E+04	1.524343E-17	2.247898E-18
1.892939E+04	1.512351E-17	2.228753E-18
1.896939E+04	1.499793E-17	2.208189E-18
1.900939E+04	1.486767E-17	2.186370E-18
1.904939E+04	1.473375E-17	2.163458E-18
1.908939E+04	1.459716E-17	2.139615E-18
1.912939E+04	1.445893E-17	2.115000E-18
1.916939E+04	1.432004E-17	2.089771E-18
1.920939E+04	1.418144E-17	2.064084E-18
1.924939E+04	1.404408E-17	2.038092E-18
1.928939E+04	1.390882E-17	2.011946E-18
1.932939E+04	1.377651E-17	1.985796E-18
1.936939E+04	1.364793E-17	1.959787E-18
1.940939E+04	1.352381E-17	1.934062E-18
1.944939E+04	1.340481E-17	1.908757E-18
1.948939E+04	1.329152E-17	1.884002E-18
1.952939E+04	1.318448E-17	1.859914E-18
1.956939E+04	1.308412E-17	1.836602E-18
1.960939E+04	1.299084E-17	1.814160E-18
1.964939E+04	1.290491E-17	1.792662E-18
1.968939E+04	1.282656E-17	1.772164E-18
1.972939E+04	1.275591E-17	1.752699E-18
1.976939E+04	1.269301E-17	1.734275E-18
1.980939E+04	1.263782E-17	1.716875E-18
1.984939E+04	1.259022E-17	1.700453E-18
1.988939E+04	1.255004E-17	1.684941E-18
1.992939E+04	1.251701E-17	1.670245E-18
1.996939E+04	1.249084E-17	1.656256E-18
2.000939E+04	1.247119E-17	1.642845E-18
2.004939E+04	1.245770E-17	1.629878E-18
2.008939E+04	1.244997E-17	1.617212E-18
2.012939E+04	1.244764E-17	1.604707E-18
2.016939E+04	1.245032E-17	1.592226E-18
2.020939E+04	1.245766E-17	1.579634E-18
2.024939E+04	1.246936E-17	1.566806E-18
2.028939E+04	1.248512E-17	1.553620E-18
2.032939E+04	1.250471E-17	1.539960E-18
2.036939E+04	1.252793E-17	1.525710E-18
2.040939E+04	1.255461E-17	1.510756E-18
2.044939E+04	1.258463E-17	1.494980E-18
2.048939E+04	1.261788E-17	1.478260E-18
2.052939E+04	1.265428E-17	1.460472E-18
2.056939E+04	1.269374E-17	1.441483E-18
2.060939E+04	1.273616E-17	1.421158E-18
2.064939E+04	1.278141E-17	1.399357E-18
2.068939E+04	1.282931E-17	1.375935E-18
2.072939E+04	1.287961E-17	1.350747E-18
2.076939E+04	1.293199E-17	1.323642E-18
2.080939E+04	1.298599E-17	1.294472E-18
2.084939E+04	1.304107E-17	1.263088E-18
2.088939E+04	1.309654E-17	1.229347E-18
2.092939E+04	1.315154E-17	1.193123E-18
2.096939E+04	1.320504E-17	1.154309E-18
2.100939E+04	1.325586E-17	1.112840E-18
2.104939E+04	1.330258E-17	1.068714E-18
2.108939E+04	1.334360E-17	1.022021E-18
2.112939E+04	1.337712E-17	9.729836E-19
2.116939E+04	1.340112E-17	9.220152E-19
2.120939E+04	1.341344E-17	8.697839E-19
2.124939E+04	1.341179E-17	8.172970E-19
2.128939E+04	1.339384E-17	7.659928E-19
2.132939E+04	1.335732E-17	7.178193E-19
2.136939E+04	1.330023E-17	6.752524E-19
2.140939E+04	1.322095E-17	6.411547E-19
2.144939E+04	1.311848E-17	6.183403E-19
2.148939E+04	1.299247E-17	6.087670E-19
2.152939E+04	1.284305E-17	6.126110E-19
2.156939E+04	1.267080E-17	6.280492E-19
2.160939E+04	1.247682E-17	6.520507E-19
2.164939E+04	1.226277E-17	6.813609E-19
2.168939E+04	1.203066E-17	7.131101E-19
2.172939E+04	1.178270E-17	7.450408E-19
2.176939E+04	1.152111E-17	7.755098E-19
2.180939E+04	1.124801E-17	8.033953E-19
2.184939E+04	1.096536E-17	8.279838E-19
2.188939E+04	1.067493E-17	8.488672E-19
2.192939E+04	1.037831E-17	8.658601E-19
2.196939E+04	1.007693E-17	8.789358E-19
2.200939E+04	9.772048E-18	8.881796E-19
2.204939E+04	9.464835E-18	8.937536E-19
2.208939E+04	9.156361E-18	8.958718E-19
2.212939E+04	8.847637E-18	8.947822E-19
2.216939E+04	8.539634E-18	8.907533E-19
2.220939E+04	8.233300E-18	8.840654E-19
2.224939E+04	7.929568E-18	8.750033E-19
2.228939E+04	7.629366E-18	8.638518E-19
2.232939E+04	7.333613E-18	8.508921E-19
2.236939E+04	7.043218E-18	8.363989E-19
2.240939E+04	6.759072E-18	8.206384E-19
2.244939E+04	6.482037E-18	8.038668E-19
2.248939E+04	6.212936E-18	7.863282E-19
2.252939E+04	5.952538E-18	7.682539E-19
2.256939E+04	5.701549E-18	7.498611E-19
2.260939E+04	5.460599E-18	7.313519E-19
2.264939E+04	5.230232E-18	7.129127E-19
2.268939E+04	5.010900E-18	6.947138E-19
2.272939E+04	4.802958E-18	6.769090E-19
2.276939E+04	4.606665E-18	6.596355E-19
2.280939E+04	4.422182E-18	6.430144E-19
2.284939E+04	4.249576E-18	6.271511E-19
2.288939E+04	4.088833E-18	6.121359E-19
2.292939E+04	3.939856E-18	5.980449E-19
2.296939E+04	3.802487E-18	5.849415E-19
2.300939E+04	3.676506E-18	5.728771E-19
2.304939E+04	3.561651E-18	5.618928E-19
2.308939E+04	3.457624E-18	5.520207E-19
2.312939E+04	3.364104E-18	5.432854E-19
2.316939E+04	3.280755E-18	5.357057E-19
2.320939E+04	3.207236E-18	5.292955E-19
2.324939E+04	3.143208E-18	5.240659E-19
2.328939E+04	3.088342E-18	5.200259E-19
2.332939E+04	3.042320E-18	5.171842E-19
2.336939E+04	3.004845E-18	5.155501E-19
2.340939E+04	2.975638E-18	5.151347E-19
2.344939E+04	2.954445E-18	5.159519E-19
2.348939E+04	2.941035E-18	5.180195E-19
2.352939E+04	2.935203E-18	5.213602E-19
2.356939E+04	2.936766E-18	5.260019E-19
2.360939E+04	2.945567E-18	5.319792E-19
2.364939E+04	2.961470E-18	5.393338E-19
2.368939E+04	2.984362E-18	5.481151E-19
2.372939E+04	3.014146E-18	5.583812E-19
2.376939E+04	3.050747E-18	5.701996E-19
2.380939E+04	3.094105E-18	5.836475E-19
2.384939E+04	3.144173E-18	5.988126E-19
2.388939E+04	3.200919E-18	6.157935E-19
2.392939E+04	3.264323E-18	6.347004E-19
2.396939E+04	3.334374E-18	6.556548E-19
2.400939E+04	3.411070E-18	6.787900E-19
2.404939E+04	3.494416E-18	7.042512E-19
2.408939E+04	3.584427E-18	7.321944E-19
2.412939E+04	3.681119E-18	7.627869E-19
2.416939E+04	3.784516E-18	7.962057E-19
2.420939E+04	3.894645E-18	8.326372E-19
2.424939E+04	4.011535E-18	8.722759E-19
2.428939E+04	4.135220E-18	9.153230E-19
2.432939E+04	4.265735E-18	9.619853E-19
2.436939E+04	4.403116E-18	1.012474E-18
2.440939E+04	4.547404E-18	1.067004E-18
2.444939E+04	4.698638E-18	1.125791E-18
2.448939E+04	4.856860E-18	1.189053E-18
