#wls	flux	fluxerr
1.600000E+03	1.678842E-17	1.576987E-17
1.640000E+03	1.710925E-17	1.584933E-17
1.680000E+03	1.745068E-17	1.593362E-17
1.720000E+03	1.781236E-17	1.602120E-17
1.760000E+03	1.819538E-17	1.611180E-17
1.800000E+03	1.859901E-17	1.620351E-17
1.840000E+03	1.902553E-17	1.629693E-17
1.880000E+03	1.947533E-17	1.639098E-17
1.920000E+03	1.994711E-17	1.648304E-17
1.960000E+03	2.043940E-17	1.657047E-17
2.000000E+03	2.095064E-17	1.665058E-17
2.040000E+03	2.148059E-17	1.672181E-17
2.080000E+03	2.202178E-17	1.677708E-17
2.120000E+03	2.257123E-17	1.681315E-17
2.160000E+03	2.312330E-17	1.682506E-17
2.200000E+03	2.366734E-17	1.680471E-17
2.240000E+03	2.419995E-17	1.674983E-17
2.280000E+03	2.471546E-17	1.665691E-17
2.320000E+03	2.521491E-17	1.652734E-17
2.360000E+03	2.570179E-17	1.636408E-17
2.400000E+03	2.618173E-17	1.617123E-17
2.440000E+03	2.666342E-17	1.595441E-17
2.480000E+03	2.715029E-17	1.571558E-17
2.520000E+03	2.764884E-17	1.545826E-17
2.560000E+03	2.816395E-17	1.518466E-17
2.600000E+03	2.869696E-17	1.489489E-17
2.640000E+03	2.925026E-17	1.458958E-17
2.680000E+03	2.982418E-17	1.426833E-17
2.720000E+03	3.042030E-17	1.393145E-17
2.760000E+03	3.103850E-17	1.357858E-17
2.800000E+03	3.167917E-17	1.320980E-17
2.840000E+03	3.234232E-17	1.282530E-17
2.880000E+03	3.303222E-17	1.242715E-17
2.920000E+03	3.375268E-17	1.201730E-17
2.960000E+03	3.450809E-17	1.159802E-17
3.000000E+03	3.530753E-17	1.117320E-17
3.010000E+03	3.551555E-17	1.106664E-17
3.020000E+03	3.572675E-17	1.095995E-17
3.030000E+03	3.594116E-17	1.085314E-17
3.040000E+03	3.615963E-17	1.074651E-17
3.050000E+03	3.638220E-17	1.064006E-17
3.060000E+03	3.660892E-17	1.053384E-17
3.070000E+03	3.683983E-17	1.042788E-17
3.080000E+03	3.707499E-17	1.032221E-17
3.090000E+03	3.731446E-17	1.021688E-17
3.100000E+03	3.755906E-17	1.011214E-17
3.110000E+03	3.780885E-17	1.000803E-17
3.120000E+03	3.806313E-17	9.904386E-18
3.130000E+03	3.832348E-17	9.801659E-18
3.140000E+03	3.858845E-17	9.699508E-18
3.150000E+03	3.885889E-17	9.598187E-18
3.160000E+03	3.913560E-17	9.497936E-18
3.170000E+03	3.941792E-17	9.398634E-18
3.180000E+03	3.970667E-17	9.300522E-18
3.190000E+03	4.000119E-17	9.203497E-18
3.200000E+03	4.030231E-17	9.107804E-18
3.210000E+03	4.061012E-17	9.013517E-18
3.220000E+03	4.092399E-17	8.920562E-18
3.230000E+03	4.124474E-17	8.829185E-18
3.240000E+03	4.157250E-17	8.739478E-18
3.250000E+03	4.190736E-17	8.651536E-18
3.260000E+03	4.224945E-17	8.565458E-18
3.270000E+03	4.259890E-17	8.481347E-18
3.280000E+03	4.295585E-17	8.399311E-18
3.290000E+03	4.331976E-17	8.319327E-18
3.300000E+03	4.369217E-17	8.241777E-18
3.310000E+03	4.407189E-17	8.166511E-18
3.320000E+03	4.445981E-17	8.093779E-18
3.330000E+03	4.485544E-17	8.023574E-18
3.340000E+03	4.525972E-17	7.956137E-18
3.350000E+03	4.567290E-17	7.891581E-18
3.360000E+03	4.609391E-17	7.829786E-18
3.370000E+03	4.652442E-17	7.771099E-18
3.380000E+03	4.696341E-17	7.715398E-18
3.390000E+03	4.741192E-17	7.662902E-18
3.400000E+03	4.787033E-17	7.613706E-18
3.410000E+03	4.833773E-17	7.567690E-18
3.420000E+03	4.881590E-17	7.525151E-18
3.430000E+03	4.930397E-17	7.485960E-18
3.440000E+03	4.980244E-17	7.450190E-18
3.450000E+03	5.031182E-17	7.417907E-18
3.460000E+03	5.083198E-17	7.389069E-18
3.470000E+03	5.136415E-17	7.363820E-18
3.480000E+03	5.190757E-17	7.342011E-18
3.490000E+03	5.246283E-17	7.323675E-18
3.500000E+03	5.302988E-17	7.308746E-18
3.510000E+03	5.360998E-17	7.297334E-18
3.520000E+03	5.420245E-17	7.289269E-18
3.530000E+03	5.480725E-17	7.284466E-18
3.540000E+03	5.542569E-17	7.283013E-18
3.550000E+03	5.605642E-17	7.284639E-18
3.560000E+03	5.670010E-17	7.289333E-18
3.570000E+03	5.735736E-17	7.297075E-18
3.580000E+03	5.802753E-17	7.307673E-18
3.590000E+03	5.871125E-17	7.321097E-18
3.600000E+03	5.940783E-17	7.337150E-18
3.610000E+03	6.011724E-17	7.355712E-18
3.620000E+03	6.084009E-17	7.376743E-18
3.630000E+03	6.157501E-17	7.399957E-18
3.640000E+03	6.232324E-17	7.425387E-18
3.650000E+03	6.308405E-17	7.452822E-18
3.660000E+03	6.385732E-17	7.482129E-18
3.670000E+03	6.464227E-17	7.513097E-18
3.680000E+03	6.543942E-17	7.545667E-18
3.690000E+03	6.624860E-17	7.579700E-18
3.700000E+03	6.706894E-17	7.614979E-18
3.710000E+03	6.790091E-17	7.651439E-18
3.720000E+03	6.874426E-17	7.688935E-18
3.730000E+03	6.959803E-17	7.727247E-18
3.740000E+03	7.046398E-17	7.766453E-18
3.750000E+03	7.134040E-17	7.806252E-18
3.760000E+03	7.222763E-17	7.846568E-18
3.770000E+03	7.312666E-17	7.887397E-18
3.780000E+03	7.403570E-17	7.928433E-18
3.790000E+03	7.495640E-17	7.969743E-18
3.800000E+03	7.588758E-17	8.011091E-18
3.810000E+03	7.683018E-17	8.052463E-18
3.820000E+03	7.778440E-17	8.093770E-18
3.830000E+03	7.874970E-17	8.134842E-18
3.840000E+03	7.972624E-17	8.175582E-18
3.850000E+03	8.071490E-17	8.215966E-18
3.860000E+03	8.171510E-17	8.255816E-18
3.870000E+03	8.272770E-17	8.295097E-18
3.880000E+03	8.375206E-17	8.333624E-18
3.890000E+03	8.478906E-17	8.371354E-18
3.900000E+03	8.583879E-17	8.408163E-18
3.910000E+03	8.690135E-17	8.443923E-18
3.920000E+03	8.797761E-17	8.478571E-18
3.930000E+03	8.906688E-17	8.511887E-18
3.940000E+03	9.017001E-17	8.543794E-18
3.950000E+03	9.128789E-17	8.574202E-18
3.960000E+03	9.241900E-17	8.602790E-18
3.970000E+03	9.356580E-17	8.629598E-18
3.980000E+03	9.472758E-17	8.654358E-18
3.990000E+03	9.590438E-17	8.676863E-18
4.000000E+03	9.709708E-17	8.696972E-18
4.010000E+03	9.830489E-17	8.714380E-18
4.020000E+03	9.952949E-17	8.728999E-18
4.030000E+03	1.007709E-16	8.740576E-18
4.040000E+03	1.020292E-16	8.748850E-18
4.050000E+03	1.033034E-16	8.753472E-18
4.060000E+03	1.045951E-16	8.754308E-18
4.070000E+03	1.059044E-16	8.751064E-18
4.080000E+03	1.072309E-16	8.743438E-18
4.090000E+03	1.085746E-16	8.731115E-18
4.100000E+03	1.099351E-16	8.713779E-18
4.110000E+03	1.113129E-16	8.691175E-18
4.120000E+03	1.127066E-16	8.662900E-18
4.130000E+03	1.141165E-16	8.628696E-18
4.140000E+03	1.155419E-16	8.588231E-18
4.150000E+03	1.169819E-16	8.541178E-18
4.160000E+03	1.184354E-16	8.487221E-18
4.170000E+03	1.199010E-16	8.426059E-18
4.180000E+03	1.213782E-16	8.357486E-18
4.190000E+03	1.228631E-16	8.281116E-18
4.200000E+03	1.243547E-16	8.196818E-18
4.210000E+03	1.258514E-16	8.104516E-18
4.220000E+03	1.273484E-16	8.003996E-18
4.230000E+03	1.288434E-16	7.895343E-18
4.240000E+03	1.303317E-16	7.778613E-18
4.250000E+03	1.318101E-16	7.654127E-18
4.260000E+03	1.332729E-16	7.522233E-18
4.270000E+03	1.347136E-16	7.383470E-18
4.280000E+03	1.361288E-16	7.238781E-18
4.290000E+03	1.375084E-16	7.089045E-18
4.300000E+03	1.388477E-16	6.935732E-18
4.310000E+03	1.401380E-16	6.780430E-18
4.320000E+03	1.413709E-16	6.625117E-18
4.330000E+03	1.425366E-16	6.472044E-18
4.340000E+03	1.436270E-16	6.323890E-18
4.350000E+03	1.446325E-16	6.183545E-18
4.360000E+03	1.455423E-16	6.054030E-18
4.370000E+03	1.463505E-16	5.938622E-18
4.380000E+03	1.470467E-16	5.840245E-18
4.390000E+03	1.476250E-16	5.761598E-18
4.400000E+03	1.480786E-16	5.704635E-18
4.410000E+03	1.484047E-16	5.670490E-18
4.420000E+03	1.486006E-16	5.658782E-18
4.430000E+03	1.486744E-16	5.667678E-18
4.440000E+03	1.486325E-16	5.694156E-18
4.450000E+03	1.484835E-16	5.734556E-18
4.460000E+03	1.482407E-16	5.785046E-18
4.470000E+03	1.479143E-16	5.841603E-18
4.480000E+03	1.475162E-16	5.900421E-18
4.490000E+03	1.470582E-16	5.958022E-18
4.500000E+03	1.465519E-16	6.011334E-18
4.510000E+03	1.460074E-16	6.057685E-18
4.520000E+03	1.454367E-16	6.094967E-18
4.530000E+03	1.448503E-16	6.121456E-18
4.540000E+03	1.442564E-16	6.135780E-18
4.550000E+03	1.436627E-16	6.136939E-18
4.560000E+03	1.430790E-16	6.124375E-18
4.570000E+03	1.425129E-16	6.097776E-18
4.580000E+03	1.419690E-16	6.056985E-18
4.590000E+03	1.414562E-16	6.002314E-18
4.600000E+03	1.409766E-16	5.934024E-18
4.610000E+03	1.405366E-16	5.852821E-18
4.620000E+03	1.401408E-16	5.759574E-18
4.630000E+03	1.397919E-16	5.655328E-18
4.640000E+03	1.394936E-16	5.541428E-18
4.650000E+03	1.392459E-16	5.419392E-18
4.660000E+03	1.390538E-16	5.291253E-18
4.670000E+03	1.389152E-16	5.159142E-18
4.680000E+03	1.388325E-16	5.025784E-18
4.690000E+03	1.388048E-16	4.894238E-18
4.700000E+03	1.388321E-16	4.768061E-18
4.710000E+03	1.389107E-16	4.651151E-18
4.720000E+03	1.390390E-16	4.547860E-18
4.730000E+03	1.392116E-16	4.462647E-18
4.740000E+03	1.394264E-16	4.400038E-18
4.750000E+03	1.396744E-16	4.363922E-18
4.760000E+03	1.399469E-16	4.357059E-18
4.770000E+03	1.402267E-16	4.379964E-18
4.780000E+03	1.404938E-16	4.431554E-18
4.790000E+03	1.407361E-16	4.509549E-18
4.800000E+03	1.409463E-16	4.610538E-18
4.810000E+03	1.411215E-16	4.730603E-18
4.820000E+03	1.412607E-16	4.865660E-18
4.830000E+03	1.413648E-16	5.011735E-18
4.840000E+03	1.414341E-16	5.165107E-18
4.850000E+03	1.414742E-16	5.322619E-18
4.860000E+03	1.414841E-16	5.481313E-18
4.870000E+03	1.414706E-16	5.638954E-18
4.880000E+03	1.414362E-16	5.793582E-18
4.890000E+03	1.413866E-16	5.943745E-18
4.900000E+03	1.413234E-16	6.088163E-18
4.910000E+03	1.412525E-16	6.226028E-18
4.920000E+03	1.411781E-16	6.356729E-18
4.930000E+03	1.411034E-16	6.479797E-18
4.940000E+03	1.410338E-16	6.595064E-18
4.950000E+03	1.409723E-16	6.702363E-18
4.960000E+03	1.409243E-16	6.801767E-18
4.970000E+03	1.408909E-16	6.893222E-18
4.980000E+03	1.408788E-16	6.977005E-18
4.990000E+03	1.408888E-16	7.053153E-18
5.000000E+03	1.409259E-16	7.121937E-18
5.010000E+03	1.409919E-16	7.183493E-18
5.020000E+03	1.410916E-16	7.238105E-18
5.030000E+03	1.412280E-16	7.285978E-18
5.040000E+03	1.414011E-16	7.327153E-18
5.050000E+03	1.416150E-16	7.361878E-18
5.060000E+03	1.418722E-16	7.390306E-18
5.070000E+03	1.421750E-16	7.412569E-18
5.080000E+03	1.425226E-16	7.428624E-18
5.090000E+03	1.429195E-16	7.438707E-18
5.100000E+03	1.433674E-16	7.442877E-18
5.110000E+03	1.438631E-16	7.440946E-18
5.120000E+03	1.444118E-16	7.433154E-18
5.130000E+03	1.450112E-16	7.419346E-18
5.140000E+03	1.456614E-16	7.399499E-18
5.150000E+03	1.463622E-16	7.373573E-18
5.160000E+03	1.471112E-16	7.341447E-18
5.170000E+03	1.479088E-16	7.303140E-18
5.180000E+03	1.487514E-16	7.258524E-18
5.190000E+03	1.496367E-16	7.207549E-18
5.200000E+03	1.505614E-16	7.150182E-18
5.210000E+03	1.515187E-16	7.086265E-18
5.220000E+03	1.525067E-16	7.015962E-18
5.230000E+03	1.535183E-16	6.939260E-18
5.240000E+03	1.545456E-16	6.856199E-18
5.250000E+03	1.555809E-16	6.766955E-18
5.260000E+03	1.566157E-16	6.671774E-18
5.270000E+03	1.576390E-16	6.570921E-18
5.280000E+03	1.586417E-16	6.464883E-18
5.290000E+03	1.596090E-16	6.354050E-18
5.300000E+03	1.605301E-16	6.239107E-18
5.310000E+03	1.613882E-16	6.120643E-18
5.320000E+03	1.621709E-16	5.999517E-18
5.330000E+03	1.628622E-16	5.876521E-18
5.340000E+03	1.634476E-16	5.752529E-18
5.350000E+03	1.639129E-16	5.628382E-18
5.360000E+03	1.642417E-16	5.504703E-18
5.370000E+03	1.644241E-16	5.382107E-18
5.380000E+03	1.644493E-16	5.260823E-18
5.390000E+03	1.643123E-16	5.140700E-18
5.400000E+03	1.640137E-16	5.020689E-18
5.410000E+03	1.635662E-16	4.899471E-18
5.420000E+03	1.629772E-16	4.775424E-18
5.430000E+03	1.622604E-16	4.647276E-18
5.440000E+03	1.614306E-16	4.514179E-18
5.450000E+03	1.604949E-16	4.375699E-18
5.460000E+03	1.594599E-16	4.232252E-18
5.470000E+03	1.583319E-16	4.085271E-18
5.480000E+03	1.571305E-16	3.937702E-18
5.490000E+03	1.558723E-16	3.793666E-18
5.500000E+03	1.545695E-16	3.658460E-18
5.510000E+03	1.532329E-16	3.538539E-18
5.520000E+03	1.518722E-16	3.441190E-18
5.530000E+03	1.504935E-16	3.373826E-18
5.540000E+03	1.491082E-16	3.343222E-18
5.550000E+03	1.477218E-16	3.353966E-18
5.560000E+03	1.463422E-16	3.406504E-18
5.570000E+03	1.449814E-16	3.497039E-18
5.580000E+03	1.436468E-16	3.619632E-18
5.590000E+03	1.423485E-16	3.767648E-18
5.600000E+03	1.410955E-16	3.934563E-18
5.610000E+03	1.398946E-16	4.114470E-18
5.620000E+03	1.387527E-16	4.302393E-18
5.630000E+03	1.376742E-16	4.494248E-18
5.640000E+03	1.366624E-16	4.686805E-18
5.650000E+03	1.357209E-16	4.877614E-18
5.660000E+03	1.348497E-16	5.064728E-18
5.670000E+03	1.340534E-16	5.246889E-18
5.680000E+03	1.333288E-16	5.422955E-18
5.690000E+03	1.326778E-16	5.592291E-18
5.700000E+03	1.320992E-16	5.754378E-18
5.710000E+03	1.315896E-16	5.908800E-18
5.720000E+03	1.311498E-16	6.055456E-18
5.730000E+03	1.307760E-16	6.194154E-18
5.740000E+03	1.304673E-16	6.324897E-18
5.750000E+03	1.302212E-16	6.447681E-18
5.760000E+03	1.300363E-16	6.562606E-18
5.770000E+03	1.299089E-16	6.669659E-18
5.780000E+03	1.298392E-16	6.769056E-18
5.790000E+03	1.298221E-16	6.860736E-18
5.800000E+03	1.298566E-16	6.944856E-18
5.810000E+03	1.299419E-16	7.021574E-18
5.820000E+03	1.300760E-16	7.090966E-18
5.830000E+03	1.302557E-16	7.153020E-18
5.840000E+03	1.304806E-16	7.207861E-18
5.850000E+03	1.307506E-16	7.255600E-18
5.860000E+03	1.310613E-16	7.296087E-18
5.870000E+03	1.314129E-16	7.329387E-18
5.880000E+03	1.318057E-16	7.355542E-18
5.890000E+03	1.322358E-16	7.374324E-18
5.900000E+03	1.327051E-16	7.385799E-18
5.910000E+03	1.332128E-16	7.389843E-18
5.920000E+03	1.337551E-16	7.386137E-18
5.930000E+03	1.343328E-16	7.374572E-18
5.940000E+03	1.349465E-16	7.355009E-18
5.950000E+03	1.355926E-16	7.327024E-18
5.960000E+03	1.362716E-16	7.290403E-18
5.970000E+03	1.369828E-16	7.244807E-18
5.980000E+03	1.377236E-16	7.189775E-18
5.990000E+03	1.384927E-16	7.124880E-18
6.000000E+03	1.392889E-16	7.049647E-18
6.010000E+03	1.401089E-16	6.963471E-18
6.020000E+03	1.409525E-16	6.865858E-18
6.030000E+03	1.418158E-16	6.756100E-18
6.040000E+03	1.426961E-16	6.633525E-18
6.050000E+03	1.435868E-16	6.497266E-18
6.060000E+03	1.444875E-16	6.346735E-18
6.070000E+03	1.453887E-16	6.180953E-18
6.080000E+03	1.462886E-16	5.999330E-18
6.090000E+03	1.471758E-16	5.800953E-18
6.100000E+03	1.480468E-16	5.585358E-18
6.110000E+03	1.488884E-16	5.351883E-18
6.120000E+03	1.496931E-16	5.100366E-18
6.130000E+03	1.504507E-16	4.830899E-18
6.140000E+03	1.511483E-16	4.543987E-18
6.150000E+03	1.517716E-16	4.240812E-18
6.160000E+03	1.523094E-16	3.923613E-18
6.170000E+03	1.527481E-16	3.595935E-18
6.180000E+03	1.530738E-16	3.263322E-18
6.190000E+03	1.532729E-16	2.934277E-18
6.200000E+03	1.533367E-16	2.621735E-18
6.210000E+03	1.532561E-16	2.344687E-18
6.220000E+03	1.530191E-16	2.129180E-18
6.230000E+03	1.526250E-16	2.005607E-18
6.240000E+03	1.520714E-16	1.997166E-18
6.250000E+03	1.513600E-16	2.102098E-18
6.260000E+03	1.504993E-16	2.294421E-18
6.270000E+03	1.494981E-16	2.542289E-18
6.280000E+03	1.483704E-16	2.819155E-18
6.290000E+03	1.471308E-16	3.106210E-18
6.300000E+03	1.457948E-16	3.391081E-18
6.310000E+03	1.443845E-16	3.666065E-18
6.320000E+03	1.429118E-16	3.926266E-18
6.330000E+03	1.413958E-16	4.168998E-18
6.340000E+03	1.398484E-16	4.392773E-18
6.350000E+03	1.382863E-16	4.597198E-18
6.360000E+03	1.367189E-16	4.782329E-18
6.370000E+03	1.351580E-16	4.948770E-18
6.380000E+03	1.336140E-16	5.097420E-18
6.390000E+03	1.320904E-16	5.229140E-18
6.400000E+03	1.305968E-16	5.345185E-18
6.410000E+03	1.291381E-16	5.446722E-18
6.420000E+03	1.277181E-16	5.534927E-18
6.430000E+03	1.263415E-16	5.611042E-18
6.440000E+03	1.250123E-16	5.676277E-18
6.450000E+03	1.237336E-16	5.731794E-18
6.460000E+03	1.225063E-16	5.778615E-18
6.470000E+03	1.213306E-16	5.817692E-18
6.480000E+03	1.202083E-16	5.849996E-18
6.490000E+03	1.191352E-16	5.876161E-18
6.500000E+03	1.181142E-16	5.897107E-18
6.510000E+03	1.171445E-16	5.913506E-18
6.520000E+03	1.162250E-16	5.925968E-18
6.530000E+03	1.153543E-16	5.935038E-18
6.540000E+03	1.145313E-16	5.941203E-18
6.550000E+03	1.137562E-16	5.944989E-18
6.560000E+03	1.130259E-16	5.946684E-18
6.570000E+03	1.123408E-16	5.946721E-18
6.580000E+03	1.116994E-16	5.945397E-18
6.590000E+03	1.110984E-16	5.942876E-18
6.600000E+03	1.105382E-16	5.939483E-18
6.610000E+03	1.100173E-16	5.935418E-18
6.620000E+03	1.095342E-16	5.930860E-18
6.630000E+03	1.090876E-16	5.925963E-18
6.640000E+03	1.086760E-16	5.920869E-18
6.650000E+03	1.082980E-16	5.915699E-18
6.660000E+03	1.079503E-16	5.910465E-18
6.670000E+03	1.076334E-16	5.905366E-18
6.680000E+03	1.073441E-16	5.900389E-18
6.690000E+03	1.070828E-16	5.895711E-18
6.700000E+03	1.068482E-16	5.891399E-18
6.710000E+03	1.066372E-16	5.887408E-18
6.720000E+03	1.064484E-16	5.883780E-18
6.730000E+03	1.062826E-16	5.880647E-18
6.740000E+03	1.061347E-16	5.877818E-18
6.750000E+03	1.060074E-16	5.875497E-18
6.760000E+03	1.058978E-16	5.873564E-18
6.770000E+03	1.058028E-16	5.871878E-18
6.780000E+03	1.057234E-16	5.870488E-18
6.790000E+03	1.056587E-16	5.869324E-18
6.800000E+03	1.056057E-16	5.868193E-18
6.810000E+03	1.055656E-16	5.867099E-18
6.820000E+03	1.055357E-16	5.865822E-18
6.830000E+03	1.055170E-16	5.864349E-18
6.840000E+03	1.055051E-16	5.862340E-18
6.850000E+03	1.055030E-16	5.859887E-18
6.860000E+03	1.055063E-16	5.856656E-18
6.870000E+03	1.055183E-16	5.852756E-18
6.880000E+03	1.055345E-16	5.847876E-18
6.890000E+03	1.055563E-16	5.842051E-18
6.900000E+03	1.055812E-16	5.835115E-18
6.910000E+03	1.056109E-16	5.827147E-18
6.920000E+03	1.056430E-16	5.818029E-18
6.930000E+03	1.056790E-16	5.807885E-18
6.940000E+03	1.057147E-16	5.796529E-18
6.950000E+03	1.057538E-16	5.784238E-18
6.960000E+03	1.057941E-16	5.770975E-18
6.970000E+03	1.058334E-16	5.756715E-18
6.980000E+03	1.058757E-16	5.741781E-18
6.990000E+03	1.059169E-16	5.726056E-18
7.000000E+03	1.059590E-16	5.709766E-18
7.010000E+03	1.060002E-16	5.692916E-18
7.020000E+03	1.060426E-16	5.675736E-18
7.030000E+03	1.060846E-16	5.658227E-18
7.040000E+03	1.061285E-16	5.640611E-18
7.050000E+03	1.061707E-16	5.622764E-18
7.060000E+03	1.062158E-16	5.604996E-18
7.070000E+03	1.062604E-16	5.587156E-18
7.080000E+03	1.063094E-16	5.569521E-18
7.090000E+03	1.063594E-16	5.551895E-18
7.100000E+03	1.064136E-16	5.534397E-18
7.110000E+03	1.064709E-16	5.516892E-18
7.120000E+03	1.065347E-16	5.499441E-18
7.130000E+03	1.066063E-16	5.481961E-18
7.140000E+03	1.066829E-16	5.464121E-18
7.150000E+03	1.067705E-16	5.446005E-18
7.160000E+03	1.068707E-16	5.427446E-18
7.170000E+03	1.069813E-16	5.408031E-18
7.180000E+03	1.071062E-16	5.387658E-18
7.190000E+03	1.072476E-16	5.366087E-18
7.200000E+03	1.074057E-16	5.342953E-18
7.210000E+03	1.075870E-16	5.318197E-18
7.220000E+03	1.077895E-16	5.291307E-18
7.230000E+03	1.080157E-16	5.261971E-18
7.240000E+03	1.082701E-16	5.229971E-18
7.250000E+03	1.085506E-16	5.194748E-18
7.260000E+03	1.088642E-16	5.156161E-18
7.270000E+03	1.092107E-16	5.113731E-18
7.280000E+03	1.095923E-16	5.067073E-18
7.290000E+03	1.100087E-16	5.015685E-18
7.300000E+03	1.104617E-16	4.959159E-18
7.310000E+03	1.109551E-16	4.897182E-18
7.320000E+03	1.114880E-16	4.829217E-18
7.330000E+03	1.120590E-16	4.754728E-18
7.340000E+03	1.126689E-16	4.673273E-18
7.350000E+03	1.133179E-16	4.584408E-18
7.360000E+03	1.140062E-16	4.487695E-18
7.370000E+03	1.147307E-16	4.382614E-18
7.380000E+03	1.154881E-16	4.268686E-18
7.390000E+03	1.162769E-16	4.145578E-18
7.400000E+03	1.170900E-16	4.012869E-18
7.410000E+03	1.179297E-16	3.870621E-18
7.420000E+03	1.187848E-16	3.718655E-18
7.430000E+03	1.196511E-16	3.557328E-18
7.440000E+03	1.205261E-16	3.387445E-18
7.450000E+03	1.214066E-16	3.210313E-18
7.460000E+03	1.222834E-16	3.027805E-18
7.470000E+03	1.231546E-16	2.842955E-18
7.480000E+03	1.240121E-16	2.659916E-18
7.490000E+03	1.248529E-16	2.484571E-18
7.500000E+03	1.256657E-16	2.324535E-18
7.510000E+03	1.264472E-16	2.189516E-18
7.520000E+03	1.271892E-16	2.090391E-18
7.530000E+03	1.278838E-16	2.037522E-18
7.540000E+03	1.285269E-16	2.037389E-18
7.550000E+03	1.291071E-16	2.087607E-18
7.560000E+03	1.296213E-16	2.179283E-18
7.570000E+03	1.300588E-16	2.301228E-18
7.580000E+03	1.304126E-16	2.442836E-18
7.590000E+03	1.306794E-16	2.595491E-18
7.600000E+03	1.308533E-16	2.752837E-18
7.610000E+03	1.309287E-16	2.910647E-18
7.620000E+03	1.308977E-16	3.066360E-18
7.630000E+03	1.307619E-16	3.218922E-18
7.640000E+03	1.305117E-16	3.367891E-18
7.650000E+03	1.301512E-16	3.513635E-18
7.660000E+03	1.296745E-16	3.656264E-18
7.670000E+03	1.290920E-16	3.795725E-18
7.680000E+03	1.284043E-16	3.931419E-18
7.690000E+03	1.276254E-16	4.063065E-18
7.700000E+03	1.267606E-16	4.190126E-18
7.710000E+03	1.258190E-16	4.312185E-18
7.720000E+03	1.248064E-16	4.428782E-18
7.730000E+03	1.237375E-16	4.539836E-18
7.740000E+03	1.226177E-16	4.645034E-18
7.750000E+03	1.214547E-16	4.744237E-18
7.760000E+03	1.202531E-16	4.837257E-18
7.770000E+03	1.190251E-16	4.924305E-18
7.780000E+03	1.177712E-16	5.005186E-18
7.790000E+03	1.164969E-16	5.079965E-18
7.800000E+03	1.152127E-16	5.148990E-18
7.810000E+03	1.139144E-16	5.212017E-18
7.820000E+03	1.126114E-16	5.269435E-18
7.830000E+03	1.113017E-16	5.321143E-18
7.840000E+03	1.099934E-16	5.367555E-18
7.850000E+03	1.086837E-16	5.408575E-18
7.860000E+03	1.073748E-16	5.444363E-18
7.870000E+03	1.060685E-16	5.475082E-18
7.880000E+03	1.047638E-16	5.500756E-18
7.890000E+03	1.034619E-16	5.521540E-18
7.900000E+03	1.021615E-16	5.537453E-18
7.910000E+03	1.008660E-16	5.548778E-18
7.920000E+03	9.956874E-17	5.555253E-18
7.930000E+03	9.827054E-17	5.557019E-18
7.940000E+03	9.696961E-17	5.554079E-18
7.950000E+03	9.566655E-17	5.546574E-18
7.960000E+03	9.435950E-17	5.534505E-18
7.970000E+03	9.304663E-17	5.517880E-18
7.980000E+03	9.173306E-17	5.497121E-18
7.990000E+03	9.042136E-17	5.472516E-18
8.000000E+03	8.910944E-17	5.444084E-18
8.010000E+03	8.780423E-17	5.412395E-18
8.020000E+03	8.650568E-17	5.377610E-18
8.030000E+03	8.521376E-17	5.339894E-18
8.040000E+03	8.393273E-17	5.299683E-18
8.050000E+03	8.266238E-17	5.257141E-18
8.060000E+03	8.140251E-17	5.212428E-18
8.070000E+03	8.015501E-17	5.165840E-18
8.080000E+03	7.891964E-17	5.117527E-18
8.090000E+03	7.769615E-17	5.067638E-18
8.100000E+03	7.648634E-17	5.016445E-18
8.110000E+03	7.528796E-17	4.963947E-18
8.120000E+03	7.410476E-17	4.910527E-18
8.130000E+03	7.293257E-17	4.856037E-18
8.140000E+03	7.177512E-17	4.800838E-18
8.150000E+03	7.062840E-17	4.744767E-18
8.160000E+03	6.949609E-17	4.688164E-18
8.170000E+03	6.837619E-17	4.630976E-18
8.180000E+03	6.726865E-17	4.573271E-18
8.190000E+03	6.617344E-17	4.515112E-18
8.200000E+03	6.509056E-17	4.456554E-18
8.210000E+03	6.402007E-17	4.397647E-18
8.220000E+03	6.296203E-17	4.338435E-18
8.230000E+03	6.191655E-17	4.278962E-18
8.240000E+03	6.088375E-17	4.219267E-18
8.250000E+03	5.986379E-17	4.159387E-18
8.260000E+03	5.885684E-17	4.099357E-18
8.270000E+03	5.786312E-17	4.039213E-18
8.280000E+03	5.688124E-17	3.978881E-18
8.290000E+03	5.591309E-17	3.918508E-18
8.300000E+03	5.495737E-17	3.858024E-18
8.310000E+03	5.401593E-17	3.797578E-18
8.320000E+03	5.308755E-17	3.737103E-18
8.330000E+03	5.217405E-17	3.676750E-18
8.340000E+03	5.127426E-17	3.616457E-18
8.350000E+03	5.038854E-17	3.556275E-18
8.360000E+03	4.951723E-17	3.496254E-18
8.370000E+03	4.866210E-17	3.436546E-18
8.380000E+03	4.782068E-17	3.377008E-18
8.390000E+03	4.699474E-17	3.317798E-18
8.400000E+03	4.618463E-17	3.258975E-18
8.410000E+03	4.539070E-17	3.200603E-18
8.420000E+03	4.461201E-17	3.142656E-18
8.430000E+03	4.385021E-17	3.085299E-18
8.440000E+03	4.310565E-17	3.028604E-18
8.450000E+03	4.237742E-17	2.972561E-18
8.460000E+03	4.166590E-17	2.917256E-18
8.470000E+03	4.097146E-17	2.862778E-18
8.480000E+03	4.029566E-17	2.809307E-18
8.490000E+03	3.963762E-17	2.756858E-18
8.500000E+03	3.899656E-17	2.705457E-18
8.510000E+03	3.837513E-17	2.655379E-18
8.520000E+03	3.777137E-17	2.606584E-18
8.530000E+03	3.718788E-17	2.559357E-18
8.540000E+03	3.662163E-17	2.513600E-18
8.550000E+03	3.607626E-17	2.469686E-18
8.560000E+03	3.554880E-17	2.427539E-18
8.570000E+03	3.504175E-17	2.387465E-18
8.580000E+03	3.455535E-17	2.349628E-18
8.590000E+03	3.408780E-17	2.314053E-18
8.600000E+03	3.364043E-17	2.280989E-18
8.610000E+03	3.321350E-17	2.250615E-18
8.620000E+03	3.280724E-17	2.223111E-18
8.630000E+03	3.242187E-17	2.198657E-18
8.640000E+03	3.205662E-17	2.177361E-18
8.650000E+03	3.171169E-17	2.159391E-18
8.660000E+03	3.138823E-17	2.144973E-18
8.670000E+03	3.108443E-17	2.134112E-18
8.680000E+03	3.080236E-17	2.127061E-18
8.690000E+03	3.054018E-17	2.123777E-18
8.700000E+03	3.029888E-17	2.124375E-18
8.710000E+03	3.007742E-17	2.128767E-18
8.720000E+03	2.987565E-17	2.136885E-18
8.730000E+03	2.969435E-17	2.148701E-18
8.740000E+03	2.953140E-17	2.163965E-18
8.750000E+03	2.938754E-17	2.182619E-18
8.760000E+03	2.926159E-17	2.204463E-18
8.770000E+03	2.915423E-17	2.229433E-18
8.780000E+03	2.906333E-17	2.257250E-18
8.790000E+03	2.899049E-17	2.287929E-18
8.800000E+03	2.893354E-17	2.321195E-18
8.810000E+03	2.889218E-17	2.356924E-18
8.820000E+03	2.886705E-17	2.395077E-18
8.830000E+03	2.885784E-17	2.435549E-18
8.840000E+03	2.886229E-17	2.478075E-18
8.850000E+03	2.888199E-17	2.522721E-18
8.860000E+03	2.891660E-17	2.569403E-18
8.870000E+03	2.896477E-17	2.617951E-18
8.880000E+03	2.902712E-17	2.668374E-18
8.890000E+03	2.910430E-17	2.720698E-18
8.900000E+03	2.919492E-17	2.774767E-18
8.910000E+03	2.929861E-17	2.830515E-18
8.920000E+03	2.941705E-17	2.888088E-18
8.930000E+03	2.954990E-17	2.947440E-18
8.940000E+03	2.969575E-17	3.008424E-18
8.950000E+03	2.985531E-17	3.071101E-18
8.960000E+03	3.002821E-17	3.135431E-18
8.970000E+03	3.021522E-17	3.201494E-18
8.980000E+03	3.041601E-17	3.269259E-18
8.990000E+03	3.062912E-17	3.338572E-18
9.000000E+03	3.085651E-17	3.409648E-18
9.040000E+03	3.189588E-17	3.710311E-18
9.080000E+03	3.314054E-17	4.037197E-18
9.120000E+03	3.458347E-17	4.389887E-18
9.160000E+03	3.621385E-17	4.767300E-18
9.200000E+03	3.802682E-17	5.168883E-18
9.240000E+03	4.000915E-17	5.592757E-18
9.280000E+03	4.215305E-17	6.037581E-18
9.320000E+03	4.444787E-17	6.501500E-18
9.360000E+03	4.687863E-17	6.981965E-18
9.400000E+03	4.943748E-17	7.477495E-18
9.440000E+03	5.210461E-17	7.984921E-18
9.480000E+03	5.486797E-17	8.502395E-18
9.520000E+03	5.771747E-17	9.028641E-18
9.560000E+03	6.063471E-17	9.561401E-18
9.600000E+03	6.360937E-17	1.010005E-17
9.640000E+03	6.662964E-17	1.064421E-17
9.680000E+03	6.968566E-17	1.119436E-17
9.720000E+03	7.277478E-17	1.175284E-17
9.760000E+03	7.589238E-17	1.232255E-17
9.800000E+03	7.903566E-17	1.290779E-17
9.840000E+03	8.219668E-17	1.351336E-17
9.880000E+03	8.537973E-17	1.414767E-17
9.920000E+03	8.858308E-17	1.482006E-17
9.960000E+03	9.180339E-17	1.554164E-17
1.000000E+04	9.503465E-17	1.632517E-17
1.004000E+04	9.826692E-17	1.718450E-17
1.008000E+04	1.014851E-16	1.813385E-17
1.012000E+04	1.046781E-16	1.918851E-17
1.016000E+04	1.078098E-16	2.035855E-17
1.020000E+04	1.108586E-16	2.165481E-17
1.024000E+04	1.138017E-16	2.308539E-17
1.028000E+04	1.165813E-16	2.464780E-17
1.032000E+04	1.191988E-16	2.634761E-17
