#wls	flux	fluxerr
1.600000E+03	1.781164E-17	1.669949E-17
1.640000E+03	1.823282E-17	1.685787E-17
1.680000E+03	1.868375E-17	1.702648E-17
1.720000E+03	1.916486E-17	1.720403E-17
1.760000E+03	1.967819E-17	1.739059E-17
1.800000E+03	2.022391E-17	1.758443E-17
1.840000E+03	2.080548E-17	1.778658E-17
1.880000E+03	2.142447E-17	1.799621E-17
1.920000E+03	2.208059E-17	1.821083E-17
1.960000E+03	2.277347E-17	1.842779E-17
2.000000E+03	2.350261E-17	1.864437E-17
2.040000E+03	2.426906E-17	1.885899E-17
2.080000E+03	2.506566E-17	1.906375E-17
2.120000E+03	2.589022E-17	1.925487E-17
2.160000E+03	2.673737E-17	1.942640E-17
2.200000E+03	2.759569E-17	1.956848E-17
2.240000E+03	2.846188E-17	1.967767E-17
2.280000E+03	2.932968E-17	1.974883E-17
2.320000E+03	3.020055E-17	1.978238E-17
2.360000E+03	3.107881E-17	1.978054E-17
2.400000E+03	3.197137E-17	1.974690E-17
2.440000E+03	3.288903E-17	1.968692E-17
2.480000E+03	3.383622E-17	1.960164E-17
2.520000E+03	3.482115E-17	1.949399E-17
2.560000E+03	3.585000E-17	1.936524E-17
2.600000E+03	3.692427E-17	1.921392E-17
2.640000E+03	3.804640E-17	1.903904E-17
2.680000E+03	3.921570E-17	1.883811E-17
2.720000E+03	4.043240E-17	1.860940E-17
2.760000E+03	4.169367E-17	1.835010E-17
2.800000E+03	4.299628E-17	1.805783E-17
2.840000E+03	4.433534E-17	1.773025E-17
2.880000E+03	4.571036E-17	1.736764E-17
2.920000E+03	4.711883E-17	1.697022E-17
2.960000E+03	4.855743E-17	1.653887E-17
3.000000E+03	5.002774E-17	1.607720E-17
3.010000E+03	5.040059E-17	1.595759E-17
3.020000E+03	5.077499E-17	1.583626E-17
3.030000E+03	5.115077E-17	1.571326E-17
3.040000E+03	5.152889E-17	1.558895E-17
3.050000E+03	5.190917E-17	1.546337E-17
3.060000E+03	5.229141E-17	1.533656E-17
3.070000E+03	5.267543E-17	1.520855E-17
3.080000E+03	5.306105E-17	1.507940E-17
3.090000E+03	5.344805E-17	1.494916E-17
3.100000E+03	5.383736E-17	1.481822E-17
3.110000E+03	5.422877E-17	1.468662E-17
3.120000E+03	5.462098E-17	1.455414E-17
3.130000E+03	5.501596E-17	1.442145E-17
3.140000E+03	5.541134E-17	1.428806E-17
3.150000E+03	5.580800E-17	1.415435E-17
3.160000E+03	5.620681E-17	1.402069E-17
3.170000E+03	5.660650E-17	1.388691E-17
3.180000E+03	5.700792E-17	1.375340E-17
3.190000E+03	5.740983E-17	1.362001E-17
3.200000E+03	5.781308E-17	1.348712E-17
3.210000E+03	5.821749E-17	1.335486E-17
3.220000E+03	5.862185E-17	1.322314E-17
3.230000E+03	5.902702E-17	1.309235E-17
3.240000E+03	5.943284E-17	1.296262E-17
3.250000E+03	5.983917E-17	1.283412E-17
3.260000E+03	6.024587E-17	1.270701E-17
3.270000E+03	6.065282E-17	1.258146E-17
3.280000E+03	6.105991E-17	1.245762E-17
3.290000E+03	6.146608E-17	1.233548E-17
3.300000E+03	6.187323E-17	1.221560E-17
3.310000E+03	6.227935E-17	1.209776E-17
3.320000E+03	6.268541E-17	1.198234E-17
3.330000E+03	6.309043E-17	1.186931E-17
3.340000E+03	6.349542E-17	1.175904E-17
3.350000E+03	6.390042E-17	1.165168E-17
3.360000E+03	6.430362E-17	1.154705E-17
3.370000E+03	6.470703E-17	1.144566E-17
3.380000E+03	6.510892E-17	1.134731E-17
3.390000E+03	6.551041E-17	1.125231E-17
3.400000E+03	6.591170E-17	1.116081E-17
3.410000E+03	6.631120E-17	1.107261E-17
3.420000E+03	6.671104E-17	1.098814E-17
3.430000E+03	6.710969E-17	1.090720E-17
3.440000E+03	6.750751E-17	1.082990E-17
3.450000E+03	6.790491E-17	1.075631E-17
3.460000E+03	6.830141E-17	1.068638E-17
3.470000E+03	6.869836E-17	1.062031E-17
3.480000E+03	6.909448E-17	1.055787E-17
3.490000E+03	6.949031E-17	1.049912E-17
3.500000E+03	6.988556E-17	1.044394E-17
3.510000E+03	7.028168E-17	1.039250E-17
3.520000E+03	7.067759E-17	1.034455E-17
3.530000E+03	7.107310E-17	1.029997E-17
3.540000E+03	7.146976E-17	1.025889E-17
3.550000E+03	7.186577E-17	1.022092E-17
3.560000E+03	7.226189E-17	1.018606E-17
3.570000E+03	7.265893E-17	1.015428E-17
3.580000E+03	7.305603E-17	1.012533E-17
3.590000E+03	7.345405E-17	1.009918E-17
3.600000E+03	7.385221E-17	1.007558E-17
3.610000E+03	7.425058E-17	1.005437E-17
3.620000E+03	7.465010E-17	1.003553E-17
3.630000E+03	7.504925E-17	1.001869E-17
3.640000E+03	7.544982E-17	1.000393E-17
3.650000E+03	7.585114E-17	9.990999E-18
3.660000E+03	7.625339E-17	9.979759E-18
3.670000E+03	7.665598E-17	9.969970E-18
3.680000E+03	7.705990E-17	9.961601E-18
3.690000E+03	7.746535E-17	9.954519E-18
3.700000E+03	7.787175E-17	9.948493E-18
3.710000E+03	7.828010E-17	9.943497E-18
3.720000E+03	7.869059E-17	9.939405E-18
3.730000E+03	7.910265E-17	9.935995E-18
3.740000E+03	7.951879E-17	9.933438E-18
3.750000E+03	7.993764E-17	9.931417E-18
3.760000E+03	8.036014E-17	9.929908E-18
3.770000E+03	8.078796E-17	9.928980E-18
3.780000E+03	8.121969E-17	9.928324E-18
3.790000E+03	8.165774E-17	9.928101E-18
3.800000E+03	8.210142E-17	9.928094E-18
3.810000E+03	8.255232E-17	9.928366E-18
3.820000E+03	8.301125E-17	9.928881E-18
3.830000E+03	8.347819E-17	9.929512E-18
3.840000E+03	8.395390E-17	9.930217E-18
3.850000E+03	8.443986E-17	9.931043E-18
3.860000E+03	8.493598E-17	9.931849E-18
3.870000E+03	8.544369E-17	9.932672E-18
3.880000E+03	8.596286E-17	9.933362E-18
3.890000E+03	8.649484E-17	9.933943E-18
3.900000E+03	8.704021E-17	9.934342E-18
3.910000E+03	8.759953E-17	9.934481E-18
3.920000E+03	8.817407E-17	9.934362E-18
3.930000E+03	8.876355E-17	9.933804E-18
3.940000E+03	8.936922E-17	9.932795E-18
3.950000E+03	8.999229E-17	9.931311E-18
3.960000E+03	9.063159E-17	9.929064E-18
3.970000E+03	9.128989E-17	9.926188E-18
3.980000E+03	9.196675E-17	9.922464E-18
3.990000E+03	9.266251E-17	9.917753E-18
4.000000E+03	9.337828E-17	9.911991E-18
4.010000E+03	9.411356E-17	9.904939E-18
4.020000E+03	9.487021E-17	9.896604E-18
4.030000E+03	9.564851E-17	9.886817E-18
4.040000E+03	9.644868E-17	9.875404E-18
4.050000E+03	9.727011E-17	9.862100E-18
4.060000E+03	9.811464E-17	9.846892E-18
4.070000E+03	9.898244E-17	9.829593E-18
4.080000E+03	9.987367E-17	9.810017E-18
4.090000E+03	1.007885E-16	9.787978E-18
4.100000E+03	1.017269E-16	9.763292E-18
4.110000E+03	1.026900E-16	9.735866E-18
4.120000E+03	1.036769E-16	9.705447E-18
4.130000E+03	1.046886E-16	9.671958E-18
4.140000E+03	1.057250E-16	9.635256E-18
4.150000E+03	1.067862E-16	9.595215E-18
4.160000E+03	1.078721E-16	9.551732E-18
4.170000E+03	1.089826E-16	9.504736E-18
4.180000E+03	1.101187E-16	9.454267E-18
4.190000E+03	1.112784E-16	9.400166E-18
4.200000E+03	1.124623E-16	9.342563E-18
4.210000E+03	1.136713E-16	9.281641E-18
4.220000E+03	1.149032E-16	9.217411E-18
4.230000E+03	1.161587E-16	9.150192E-18
4.240000E+03	1.174365E-16	9.080232E-18
4.250000E+03	1.187372E-16	9.008021E-18
4.260000E+03	1.200594E-16	8.934000E-18
4.270000E+03	1.214016E-16	8.858721E-18
4.280000E+03	1.227654E-16	8.783082E-18
4.290000E+03	1.241472E-16	8.707733E-18
4.300000E+03	1.255484E-16	8.633830E-18
4.310000E+03	1.269673E-16	8.562438E-18
4.320000E+03	1.284036E-16	8.494826E-18
4.330000E+03	1.298554E-16	8.432316E-18
4.340000E+03	1.313233E-16	8.376477E-18
4.350000E+03	1.328070E-16	8.328888E-18
4.360000E+03	1.343050E-16	8.291100E-18
4.370000E+03	1.358206E-16	8.264948E-18
4.380000E+03	1.373530E-16	8.251919E-18
4.390000E+03	1.389050E-16	8.253578E-18
4.400000E+03	1.404773E-16	8.271115E-18
4.410000E+03	1.420730E-16	8.305492E-18
4.420000E+03	1.436903E-16	8.356807E-18
4.430000E+03	1.453297E-16	8.424630E-18
4.440000E+03	1.469875E-16	8.507742E-18
4.450000E+03	1.486596E-16	8.604534E-18
4.460000E+03	1.503460E-16	8.713346E-18
4.470000E+03	1.520430E-16	8.832096E-18
4.480000E+03	1.537482E-16	8.958657E-18
4.490000E+03	1.554594E-16	9.090840E-18
4.500000E+03	1.571742E-16	9.226457E-18
4.510000E+03	1.588891E-16	9.363279E-18
4.520000E+03	1.606029E-16	9.499324E-18
4.530000E+03	1.623134E-16	9.632644E-18
4.540000E+03	1.640165E-16	9.761342E-18
4.550000E+03	1.657079E-16	9.883672E-18
4.560000E+03	1.673862E-16	9.998248E-18
4.570000E+03	1.690484E-16	1.010379E-17
4.580000E+03	1.706881E-16	1.019903E-17
4.590000E+03	1.723051E-16	1.028330E-17
4.600000E+03	1.738909E-16	1.035570E-17
4.610000E+03	1.754434E-16	1.041593E-17
4.620000E+03	1.769588E-16	1.046387E-17
4.630000E+03	1.784313E-16	1.049959E-17
4.640000E+03	1.798570E-16	1.052351E-17
4.650000E+03	1.812284E-16	1.053617E-17
4.660000E+03	1.825450E-16	1.053880E-17
4.670000E+03	1.837976E-16	1.053244E-17
4.680000E+03	1.849844E-16	1.051883E-17
4.690000E+03	1.861002E-16	1.049980E-17
4.700000E+03	1.871420E-16	1.047758E-17
4.710000E+03	1.881040E-16	1.045442E-17
4.720000E+03	1.889843E-16	1.043296E-17
4.730000E+03	1.897784E-16	1.041578E-17
4.740000E+03	1.904882E-16	1.040581E-17
4.750000E+03	1.911094E-16	1.040550E-17
4.760000E+03	1.916446E-16	1.041744E-17
4.770000E+03	1.920956E-16	1.044376E-17
4.780000E+03	1.924631E-16	1.048593E-17
4.790000E+03	1.927499E-16	1.054463E-17
4.800000E+03	1.929524E-16	1.061920E-17
4.810000E+03	1.930692E-16	1.070834E-17
4.820000E+03	1.930998E-16	1.081029E-17
4.830000E+03	1.930449E-16	1.092301E-17
4.840000E+03	1.929046E-16	1.104417E-17
4.850000E+03	1.926856E-16	1.117168E-17
4.860000E+03	1.923861E-16	1.130295E-17
4.870000E+03	1.920144E-16	1.143600E-17
4.880000E+03	1.915737E-16	1.156866E-17
4.890000E+03	1.910713E-16	1.169917E-17
4.900000E+03	1.905092E-16	1.182560E-17
4.910000E+03	1.898952E-16	1.194659E-17
4.920000E+03	1.892352E-16	1.206085E-17
4.930000E+03	1.885333E-16	1.216717E-17
4.940000E+03	1.877970E-16	1.226479E-17
4.950000E+03	1.870301E-16	1.235286E-17
4.960000E+03	1.862398E-16	1.243092E-17
4.970000E+03	1.854274E-16	1.249831E-17
4.980000E+03	1.846013E-16	1.255495E-17
4.990000E+03	1.837620E-16	1.260038E-17
5.000000E+03	1.829154E-16	1.263461E-17
5.010000E+03	1.820630E-16	1.265743E-17
5.020000E+03	1.812097E-16	1.266898E-17
5.030000E+03	1.803580E-16	1.266928E-17
5.040000E+03	1.795065E-16	1.265813E-17
5.050000E+03	1.786585E-16	1.263575E-17
5.060000E+03	1.778153E-16	1.260223E-17
5.070000E+03	1.769775E-16	1.255767E-17
5.080000E+03	1.761418E-16	1.250191E-17
5.090000E+03	1.753116E-16	1.243531E-17
5.100000E+03	1.744862E-16	1.235796E-17
5.110000E+03	1.736592E-16	1.226959E-17
5.120000E+03	1.728343E-16	1.217065E-17
5.130000E+03	1.720063E-16	1.206101E-17
5.140000E+03	1.711728E-16	1.194076E-17
5.150000E+03	1.703311E-16	1.181002E-17
5.160000E+03	1.694766E-16	1.166879E-17
5.170000E+03	1.686076E-16	1.151736E-17
5.180000E+03	1.677189E-16	1.135579E-17
5.190000E+03	1.668066E-16	1.118431E-17
5.200000E+03	1.658668E-16	1.100320E-17
5.210000E+03	1.648919E-16	1.081259E-17
5.220000E+03	1.638811E-16	1.061310E-17
5.230000E+03	1.628284E-16	1.040513E-17
5.240000E+03	1.617279E-16	1.018915E-17
5.250000E+03	1.605756E-16	9.965860E-18
5.260000E+03	1.593676E-16	9.736049E-18
5.270000E+03	1.580987E-16	9.500532E-18
5.280000E+03	1.567673E-16	9.260434E-18
5.290000E+03	1.553676E-16	9.016716E-18
5.300000E+03	1.538992E-16	8.770735E-18
5.310000E+03	1.523578E-16	8.523691E-18
5.320000E+03	1.507445E-16	8.277143E-18
5.330000E+03	1.490586E-16	8.032556E-18
5.340000E+03	1.473021E-16	7.791529E-18
5.350000E+03	1.454782E-16	7.555675E-18
5.360000E+03	1.435889E-16	7.326431E-18
5.370000E+03	1.416421E-16	7.105377E-18
5.380000E+03	1.396445E-16	6.893785E-18
5.390000E+03	1.376053E-16	6.692688E-18
5.400000E+03	1.355311E-16	6.502479E-18
5.410000E+03	1.334346E-16	6.323467E-18
5.420000E+03	1.313227E-16	6.155512E-18
5.430000E+03	1.292077E-16	5.998651E-18
5.440000E+03	1.271020E-16	5.852965E-18
5.450000E+03	1.250125E-16	5.718330E-18
5.460000E+03	1.229461E-16	5.594752E-18
5.470000E+03	1.209102E-16	5.482374E-18
5.480000E+03	1.189225E-16	5.381946E-18
5.490000E+03	1.169988E-16	5.294233E-18
5.500000E+03	1.151515E-16	5.219939E-18
5.510000E+03	1.133922E-16	5.159780E-18
5.520000E+03	1.117315E-16	5.114432E-18
5.530000E+03	1.101767E-16	5.084371E-18
5.540000E+03	1.087383E-16	5.070109E-18
5.550000E+03	1.074203E-16	5.071663E-18
5.560000E+03	1.062241E-16	5.088585E-18
5.570000E+03	1.051492E-16	5.120012E-18
5.580000E+03	1.041905E-16	5.164674E-18
5.590000E+03	1.033445E-16	5.221296E-18
5.600000E+03	1.026071E-16	5.288576E-18
5.610000E+03	1.019735E-16	5.365171E-18
5.620000E+03	1.014395E-16	5.449845E-18
5.630000E+03	1.010003E-16	5.541377E-18
5.640000E+03	1.006509E-16	5.638622E-18
5.650000E+03	1.003876E-16	5.740576E-18
5.660000E+03	1.002046E-16	5.846199E-18
5.670000E+03	1.001006E-16	5.954767E-18
5.680000E+03	1.000688E-16	6.065331E-18
5.690000E+03	1.001072E-16	6.177249E-18
5.700000E+03	1.002115E-16	6.289814E-18
5.710000E+03	1.003767E-16	6.402303E-18
5.720000E+03	1.006009E-16	6.514235E-18
5.730000E+03	1.008793E-16	6.624966E-18
5.740000E+03	1.012093E-16	6.734020E-18
5.750000E+03	1.015874E-16	6.840877E-18
5.760000E+03	1.020113E-16	6.945114E-18
5.770000E+03	1.024765E-16	7.046180E-18
5.780000E+03	1.029823E-16	7.143759E-18
5.790000E+03	1.035232E-16	7.237244E-18
5.800000E+03	1.040975E-16	7.326265E-18
5.810000E+03	1.047034E-16	7.410458E-18
5.820000E+03	1.053383E-16	7.489386E-18
5.830000E+03	1.059983E-16	7.562527E-18
5.840000E+03	1.066820E-16	7.629522E-18
5.850000E+03	1.073881E-16	7.690010E-18
5.860000E+03	1.081118E-16	7.743373E-18
5.870000E+03	1.088517E-16	7.789236E-18
5.880000E+03	1.096069E-16	7.827219E-18
5.890000E+03	1.103724E-16	7.856673E-18
5.900000E+03	1.111484E-16	7.877287E-18
5.910000E+03	1.119325E-16	7.888564E-18
5.920000E+03	1.127200E-16	7.889821E-18
5.930000E+03	1.135095E-16	7.880628E-18
5.940000E+03	1.143000E-16	7.860546E-18
5.950000E+03	1.150864E-16	7.828862E-18
5.960000E+03	1.158674E-16	7.785124E-18
5.970000E+03	1.166404E-16	7.728789E-18
5.980000E+03	1.174013E-16	7.659226E-18
5.990000E+03	1.181473E-16	7.575900E-18
6.000000E+03	1.188755E-16	7.478290E-18
6.010000E+03	1.195816E-16	7.365807E-18
6.020000E+03	1.202639E-16	7.238064E-18
6.030000E+03	1.209180E-16	7.094542E-18
6.040000E+03	1.215408E-16	6.934861E-18
6.050000E+03	1.221264E-16	6.758543E-18
6.060000E+03	1.226749E-16	6.565517E-18
6.070000E+03	1.231791E-16	6.355420E-18
6.080000E+03	1.236396E-16	6.128400E-18
6.090000E+03	1.240499E-16	5.884381E-18
6.100000E+03	1.244115E-16	5.623835E-18
6.110000E+03	1.247194E-16	5.347104E-18
6.120000E+03	1.249756E-16	5.055079E-18
6.130000E+03	1.251818E-16	4.748912E-18
6.140000E+03	1.253402E-16	4.430127E-18
6.150000E+03	1.254552E-16	4.100823E-18
6.160000E+03	1.255371E-16	3.763981E-18
6.170000E+03	1.255985E-16	3.423636E-18
6.180000E+03	1.256569E-16	3.085479E-18
6.190000E+03	1.257354E-16	2.757745E-18
6.200000E+03	1.258682E-16	2.452658E-18
6.210000E+03	1.260967E-16	2.188130E-18
6.220000E+03	1.264673E-16	1.989021E-18
6.230000E+03	1.270410E-16	1.884792E-18
6.240000E+03	1.278684E-16	1.898591E-18
6.250000E+03	1.289541E-16	2.032405E-18
6.260000E+03	1.302574E-16	2.266662E-18
6.270000E+03	1.317264E-16	2.574493E-18
6.280000E+03	1.333166E-16	2.932526E-18
6.290000E+03	1.349898E-16	3.323636E-18
6.300000E+03	1.367156E-16	3.735973E-18
6.310000E+03	1.384758E-16	4.161496E-18
6.320000E+03	1.402483E-16	4.594295E-18
6.330000E+03	1.420227E-16	5.030228E-18
6.340000E+03	1.437867E-16	5.466012E-18
6.350000E+03	1.455363E-16	5.899300E-18
6.360000E+03	1.472642E-16	6.328056E-18
6.370000E+03	1.489686E-16	6.750804E-18
6.380000E+03	1.506493E-16	7.166409E-18
6.390000E+03	1.523008E-16	7.573694E-18
6.400000E+03	1.539271E-16	7.972100E-18
6.410000E+03	1.555285E-16	8.361059E-18
6.420000E+03	1.571057E-16	8.740153E-18
6.430000E+03	1.586621E-16	9.109232E-18
6.440000E+03	1.602017E-16	9.468278E-18
6.450000E+03	1.617285E-16	9.817392E-18
6.460000E+03	1.632442E-16	1.015663E-17
6.470000E+03	1.647507E-16	1.048610E-17
6.480000E+03	1.662522E-16	1.080615E-17
6.490000E+03	1.677454E-16	1.111666E-17
6.500000E+03	1.692368E-16	1.141820E-17
6.510000E+03	1.707279E-16	1.171105E-17
6.520000E+03	1.722199E-16	1.199551E-17
6.530000E+03	1.737139E-16	1.227189E-17
6.540000E+03	1.752107E-16	1.254049E-17
6.550000E+03	1.767138E-16	1.280181E-17
6.560000E+03	1.782210E-16	1.305597E-17
6.570000E+03	1.797353E-16	1.330346E-17
6.580000E+03	1.812569E-16	1.354457E-17
6.590000E+03	1.827830E-16	1.377936E-17
6.600000E+03	1.843160E-16	1.400828E-17
6.610000E+03	1.858556E-16	1.423159E-17
6.620000E+03	1.874012E-16	1.444949E-17
6.630000E+03	1.889520E-16	1.466218E-17
6.640000E+03	1.905070E-16	1.486983E-17
6.650000E+03	1.920652E-16	1.507260E-17
6.660000E+03	1.936221E-16	1.527035E-17
6.670000E+03	1.951793E-16	1.546344E-17
6.680000E+03	1.967320E-16	1.565168E-17
6.690000E+03	1.982817E-16	1.583540E-17
6.700000E+03	1.998266E-16	1.601462E-17
6.710000E+03	2.013614E-16	1.618907E-17
6.720000E+03	2.028836E-16	1.635874E-17
6.730000E+03	2.043948E-16	1.652386E-17
6.740000E+03	2.058852E-16	1.668380E-17
6.750000E+03	2.073598E-16	1.683905E-17
6.760000E+03	2.088122E-16	1.698920E-17
6.770000E+03	2.102360E-16	1.713383E-17
6.780000E+03	2.116322E-16	1.727307E-17
6.790000E+03	2.129981E-16	1.740675E-17
6.800000E+03	2.143268E-16	1.753438E-17
6.810000E+03	2.156194E-16	1.765607E-17
6.820000E+03	2.168688E-16	1.777126E-17
6.830000E+03	2.180761E-16	1.788006E-17
6.840000E+03	2.192302E-16	1.798155E-17
6.850000E+03	2.203361E-16	1.807616E-17
6.860000E+03	2.213827E-16	1.816294E-17
6.870000E+03	2.223752E-16	1.824231E-17
6.880000E+03	2.233023E-16	1.831333E-17
6.890000E+03	2.241654E-16	1.837608E-17
6.900000E+03	2.249574E-16	1.842995E-17
6.910000E+03	2.256798E-16	1.847504E-17
6.920000E+03	2.263259E-16	1.851075E-17
6.930000E+03	2.268974E-16	1.853720E-17
6.940000E+03	2.273835E-16	1.855347E-17
6.950000E+03	2.277908E-16	1.856005E-17
6.960000E+03	2.281130E-16	1.855639E-17
6.970000E+03	2.283440E-16	1.854197E-17
6.980000E+03	2.284914E-16	1.851733E-17
6.990000E+03	2.285451E-16	1.848162E-17
7.000000E+03	2.285086E-16	1.843506E-17
7.010000E+03	2.283770E-16	1.837718E-17
7.020000E+03	2.281544E-16	1.830824E-17
7.030000E+03	2.278363E-16	1.822781E-17
7.040000E+03	2.274276E-16	1.813618E-17
7.050000E+03	2.269201E-16	1.803258E-17
7.060000E+03	2.263235E-16	1.791768E-17
7.070000E+03	2.256304E-16	1.779075E-17
7.080000E+03	2.248513E-16	1.765248E-17
7.090000E+03	2.239791E-16	1.750215E-17
7.100000E+03	2.230205E-16	1.734013E-17
7.110000E+03	2.219737E-16	1.716609E-17
7.120000E+03	2.208459E-16	1.698038E-17
7.130000E+03	2.196401E-16	1.678304E-17
7.140000E+03	2.183506E-16	1.657344E-17
7.150000E+03	2.169898E-16	1.635229E-17
7.160000E+03	2.155614E-16	1.611964E-17
7.170000E+03	2.140603E-16	1.587491E-17
7.180000E+03	2.124950E-16	1.561851E-17
7.190000E+03	2.108693E-16	1.535052E-17
7.200000E+03	2.091832E-16	1.507074E-17
7.210000E+03	2.074494E-16	1.477990E-17
7.220000E+03	2.056635E-16	1.447752E-17
7.230000E+03	2.038299E-16	1.416376E-17
7.240000E+03	2.019569E-16	1.383909E-17
7.250000E+03	2.000404E-16	1.350313E-17
7.260000E+03	1.980931E-16	1.315668E-17
7.270000E+03	1.961147E-16	1.279971E-17
7.280000E+03	1.941095E-16	1.243251E-17
7.290000E+03	1.920775E-16	1.205514E-17
7.300000E+03	1.900228E-16	1.166799E-17
7.310000E+03	1.879535E-16	1.127174E-17
7.320000E+03	1.858696E-16	1.086660E-17
7.330000E+03	1.837714E-16	1.045290E-17
7.340000E+03	1.816631E-16	1.003127E-17
7.350000E+03	1.795491E-16	9.602420E-18
7.360000E+03	1.774338E-16	9.167133E-18
7.370000E+03	1.753181E-16	8.726116E-18
7.380000E+03	1.732036E-16	8.280228E-18
7.390000E+03	1.710957E-16	7.830666E-18
7.400000E+03	1.689932E-16	7.378474E-18
7.410000E+03	1.669102E-16	6.925565E-18
7.420000E+03	1.648435E-16	6.473329E-18
7.430000E+03	1.628021E-16	6.023965E-18
7.440000E+03	1.607996E-16	5.580197E-18
7.450000E+03	1.588512E-16	5.145232E-18
7.460000E+03	1.569674E-16	4.722739E-18
7.470000E+03	1.551718E-16	4.317643E-18
7.480000E+03	1.534846E-16	3.935876E-18
7.490000E+03	1.519374E-16	3.585148E-18
7.500000E+03	1.505573E-16	3.274842E-18
7.510000E+03	1.493883E-16	3.016537E-18
7.520000E+03	1.484744E-16	2.822846E-18
7.530000E+03	1.478631E-16	2.705359E-18
7.540000E+03	1.475892E-16	2.670555E-18
7.550000E+03	1.476278E-16	2.715138E-18
7.560000E+03	1.479301E-16	2.828005E-18
7.570000E+03	1.484367E-16	2.994721E-18
7.580000E+03	1.490984E-16	3.201359E-18
7.590000E+03	1.498776E-16	3.436441E-18
7.600000E+03	1.507407E-16	3.691324E-18
7.610000E+03	1.516605E-16	3.960018E-18
7.620000E+03	1.526120E-16	4.238576E-18
7.630000E+03	1.535853E-16	4.524930E-18
7.640000E+03	1.545612E-16	4.817732E-18
7.650000E+03	1.555377E-16	5.116694E-18
7.660000E+03	1.564992E-16	5.421131E-18
7.670000E+03	1.574407E-16	5.730283E-18
7.680000E+03	1.583419E-16	6.042514E-18
7.690000E+03	1.591994E-16	6.356608E-18
7.700000E+03	1.600010E-16	6.670926E-18
7.710000E+03	1.607405E-16	6.983986E-18
7.720000E+03	1.614096E-16	7.294197E-18
7.730000E+03	1.620131E-16	7.600553E-18
7.740000E+03	1.625455E-16	7.901652E-18
7.750000E+03	1.630062E-16	8.196358E-18
7.760000E+03	1.633914E-16	8.483449E-18
7.770000E+03	1.637094E-16	8.762414E-18
7.780000E+03	1.639536E-16	9.032052E-18
7.790000E+03	1.641254E-16	9.291661E-18
7.800000E+03	1.642344E-16	9.541104E-18
7.810000E+03	1.642704E-16	9.779225E-18
7.820000E+03	1.642434E-16	1.000609E-17
7.830000E+03	1.641473E-16	1.022092E-17
7.840000E+03	1.639920E-16	1.042397E-17
7.850000E+03	1.637715E-16	1.061459E-17
7.860000E+03	1.634876E-16	1.079268E-17
7.870000E+03	1.631423E-16	1.095820E-17
7.880000E+03	1.627332E-16	1.111090E-17
7.890000E+03	1.622620E-16	1.125082E-17
7.900000E+03	1.617264E-16	1.137777E-17
7.910000E+03	1.611320E-16	1.149217E-17
7.920000E+03	1.604683E-16	1.159331E-17
7.930000E+03	1.597369E-16	1.168137E-17
7.940000E+03	1.589353E-16	1.175625E-17
7.950000E+03	1.580649E-16	1.181817E-17
7.960000E+03	1.571234E-16	1.186707E-17
7.970000E+03	1.561082E-16	1.190290E-17
7.980000E+03	1.550288E-16	1.192653E-17
7.990000E+03	1.538904E-16	1.193855E-17
8.000000E+03	1.526907E-16	1.193898E-17
8.010000E+03	1.514427E-16	1.192902E-17
8.020000E+03	1.501476E-16	1.190902E-17
8.030000E+03	1.488070E-16	1.187929E-17
8.040000E+03	1.474297E-16	1.184078E-17
8.050000E+03	1.460171E-16	1.179382E-17
8.060000E+03	1.445704E-16	1.173873E-17
8.070000E+03	1.430946E-16	1.167615E-17
8.080000E+03	1.415911E-16	1.160638E-17
8.090000E+03	1.400611E-16	1.152974E-17
8.100000E+03	1.385096E-16	1.144682E-17
8.110000E+03	1.369343E-16	1.135762E-17
8.120000E+03	1.353436E-16	1.126301E-17
8.130000E+03	1.337316E-16	1.116269E-17
8.140000E+03	1.321070E-16	1.105749E-17
8.150000E+03	1.304638E-16	1.094710E-17
8.160000E+03	1.288107E-16	1.083234E-17
8.170000E+03	1.271453E-16	1.071317E-17
8.180000E+03	1.254692E-16	1.058981E-17
8.190000E+03	1.237839E-16	1.046250E-17
8.200000E+03	1.220908E-16	1.033145E-17
8.210000E+03	1.203913E-16	1.019689E-17
8.220000E+03	1.186871E-16	1.005902E-17
8.230000E+03	1.169797E-16	9.918037E-18
8.240000E+03	1.152705E-16	9.774155E-18
8.250000E+03	1.135611E-16	9.627566E-18
8.260000E+03	1.118531E-16	9.478462E-18
8.270000E+03	1.101479E-16	9.327035E-18
8.280000E+03	1.084442E-16	9.173214E-18
8.290000E+03	1.067464E-16	9.017451E-18
8.300000E+03	1.050533E-16	8.859681E-18
8.310000E+03	1.033693E-16	8.700344E-18
8.320000E+03	1.016930E-16	8.539383E-18
8.330000E+03	1.000290E-16	8.377233E-18
8.340000E+03	9.837582E-17	8.213845E-18
8.350000E+03	9.673511E-17	8.049418E-18
8.360000E+03	9.510844E-17	7.884155E-18
8.370000E+03	9.350004E-17	7.718481E-18
8.380000E+03	9.190605E-17	7.552159E-18
8.390000E+03	9.033074E-17	7.385626E-18
8.400000E+03	8.877563E-17	7.219102E-18
8.410000E+03	8.724226E-17	7.052810E-18
8.420000E+03	8.572964E-17	6.886781E-18
8.430000E+03	8.424186E-17	6.721461E-18
8.440000E+03	8.278044E-17	6.557098E-18
8.450000E+03	8.134451E-17	6.393758E-18
8.460000E+03	7.993569E-17	6.231721E-18
8.470000E+03	7.855561E-17	6.071277E-18
8.480000E+03	7.720817E-17	5.912901E-18
8.490000E+03	7.589265E-17	5.756726E-18
8.500000E+03	7.460848E-17	5.602916E-18
8.510000E+03	7.336173E-17	5.452153E-18
8.520000E+03	7.214966E-17	5.304471E-18
8.530000E+03	7.097825E-17	5.160573E-18
8.540000E+03	6.984276E-17	5.020398E-18
8.550000E+03	6.875124E-17	4.884833E-18
8.560000E+03	6.769913E-17	4.753885E-18
8.570000E+03	6.669229E-17	4.628326E-18
8.580000E+03	6.573241E-17	4.508652E-18
8.590000E+03	6.481725E-17	4.395118E-18
8.600000E+03	6.395058E-17	4.288419E-18
8.610000E+03	6.313422E-17	4.189130E-18
8.620000E+03	6.236996E-17	4.097846E-18
8.630000E+03	6.165963E-17	4.015172E-18
8.640000E+03	6.100320E-17	3.941595E-18
8.650000E+03	6.040259E-17	3.877723E-18
8.660000E+03	5.986156E-17	3.824258E-18
8.670000E+03	5.937829E-17	3.781501E-18
8.680000E+03	5.895834E-17	3.750161E-18
8.690000E+03	5.859958E-17	3.730368E-18
8.700000E+03	5.830470E-17	3.722411E-18
8.710000E+03	5.807105E-17	3.726026E-18
8.720000E+03	5.789675E-17	3.740833E-18
8.730000E+03	5.778147E-17	3.766454E-18
8.740000E+03	5.771938E-17	3.802098E-18
8.750000E+03	5.771020E-17	3.847299E-18
8.760000E+03	5.775005E-17	3.901341E-18
8.770000E+03	5.783888E-17	3.963764E-18
8.780000E+03	5.797109E-17	4.033744E-18
8.790000E+03	5.814871E-17	4.110998E-18
8.800000E+03	5.836628E-17	4.194752E-18
8.810000E+03	5.862215E-17	4.284522E-18
8.820000E+03	5.891669E-17	4.380004E-18
8.830000E+03	5.924845E-17	4.480795E-18
8.840000E+03	5.961201E-17	4.586219E-18
8.850000E+03	6.000990E-17	4.696230E-18
8.860000E+03	6.044080E-17	4.810519E-18
8.870000E+03	6.090131E-17	4.928637E-18
8.880000E+03	6.139217E-17	5.050483E-18
8.890000E+03	6.191428E-17	5.175998E-18
8.900000E+03	6.246429E-17	5.304792E-18
8.910000E+03	6.304097E-17	5.436658E-18
8.920000E+03	6.364757E-17	5.571796E-18
8.930000E+03	6.428308E-17	5.710059E-18
8.940000E+03	6.494417E-17	5.851101E-18
8.950000E+03	6.563209E-17	5.994989E-18
8.960000E+03	6.634583E-17	6.141598E-18
8.970000E+03	6.708688E-17	6.291043E-18
8.980000E+03	6.785437E-17	6.443230E-18
8.990000E+03	6.864487E-17	6.597823E-18
9.000000E+03	6.946262E-17	6.755222E-18
9.040000E+03	7.297503E-17	7.409945E-18
9.080000E+03	7.686498E-17	8.104471E-18
9.120000E+03	8.111490E-17	8.837998E-18
9.160000E+03	8.570112E-17	9.609063E-18
9.200000E+03	9.061609E-17	1.041764E-17
9.240000E+03	9.583386E-17	1.126098E-17
9.280000E+03	1.013416E-16	1.213688E-17
9.320000E+03	1.071188E-16	1.304128E-17
9.360000E+03	1.131327E-16	1.396795E-17
9.400000E+03	1.193660E-16	1.491236E-17
9.440000E+03	1.257711E-16	1.586680E-17
9.480000E+03	1.323197E-16	1.682699E-17
9.520000E+03	1.389899E-16	1.779093E-17
9.560000E+03	1.457430E-16	1.875585E-17
9.600000E+03	1.525630E-16	1.972310E-17
9.640000E+03	1.594325E-16	2.069473E-17
9.680000E+03	1.663384E-16	2.167396E-17
9.720000E+03	1.732810E-16	2.266618E-17
9.760000E+03	1.802486E-16	2.367569E-17
9.800000E+03	1.872239E-16	2.470669E-17
9.840000E+03	1.941650E-16	2.576144E-17
9.880000E+03	2.010468E-16	2.684620E-17
9.920000E+03	2.078176E-16	2.796639E-17
9.960000E+03	2.144122E-16	2.912895E-17
1.000000E+04	2.207534E-16	3.034318E-17
1.004000E+04	2.267551E-16	3.162155E-17
1.008000E+04	2.323269E-16	3.298058E-17
1.012000E+04	2.374021E-16	3.444443E-17
1.016000E+04	2.418786E-16	3.603532E-17
1.020000E+04	2.457116E-16	3.778461E-17
1.024000E+04	2.488761E-16	3.972452E-17
1.028000E+04	2.512903E-16	4.187153E-17
1.032000E+04	2.530165E-16	4.425458E-17
