#wls	flux	fluxerr
3.289393E+03	7.523099E-18	1.146529E-18
3.329393E+03	7.910714E-18	1.152544E-18
3.369393E+03	8.317346E-18	1.158791E-18
3.409393E+03	8.741570E-18	1.165261E-18
3.449393E+03	9.181598E-18	1.171949E-18
3.489393E+03	9.634437E-18	1.178737E-18
3.529393E+03	1.009644E-17	1.185471E-18
3.569393E+03	1.056165E-17	1.191767E-18
3.609393E+03	1.102273E-17	1.197139E-18
3.649393E+03	1.147229E-17	1.201134E-18
3.689393E+03	1.190140E-17	1.203163E-18
3.729393E+03	1.230358E-17	1.202890E-18
3.769393E+03	1.267646E-17	1.200337E-18
3.809393E+03	1.302091E-17	1.195747E-18
3.849393E+03	1.333974E-17	1.189428E-18
3.889393E+03	1.363749E-17	1.181742E-18
3.929393E+03	1.391911E-17	1.172992E-18
3.969393E+03	1.418952E-17	1.163407E-18
4.009393E+03	1.445355E-17	1.153146E-18
4.049393E+03	1.471569E-17	1.142304E-18
4.089393E+03	1.497952E-17	1.130877E-18
4.129393E+03	1.524757E-17	1.118772E-18
4.169393E+03	1.552166E-17	1.105846E-18
4.209393E+03	1.580167E-17	1.091826E-18
4.249393E+03	1.608585E-17	1.076355E-18
4.289393E+03	1.637031E-17	1.058982E-18
4.329393E+03	1.664854E-17	1.039179E-18
4.369393E+03	1.691177E-17	1.016400E-18
4.409393E+03	1.715661E-17	9.905633E-19
4.449393E+03	1.738949E-17	9.622502E-19
4.489393E+03	1.761792E-17	9.321508E-19
4.529393E+03	1.784669E-17	9.009021E-19
4.569393E+03	1.807925E-17	8.692391E-19
4.609393E+03	1.831862E-17	8.381175E-19
4.649393E+03	1.856840E-17	8.088068E-19
4.689393E+03	1.883396E-17	7.829502E-19
4.729393E+03	1.912187E-17	7.624987E-19
4.769393E+03	1.943425E-17	7.493141E-19
4.809393E+03	1.976882E-17	7.445292E-19
4.849393E+03	2.011980E-17	7.475554E-19
4.889393E+03	2.047858E-17	7.565362E-19
4.929393E+03	2.083598E-17	7.693326E-19
4.969393E+03	2.118397E-17	7.839527E-19
5.009393E+03	2.151458E-17	7.986534E-19
5.049393E+03	2.182101E-17	8.120719E-19
5.089393E+03	2.209690E-17	8.232525E-19
5.129393E+03	2.233664E-17	8.316590E-19
5.169393E+03	2.253572E-17	8.371455E-19
5.209393E+03	2.269119E-17	8.399345E-19
5.249393E+03	2.280123E-17	8.405540E-19
5.289393E+03	2.286586E-17	8.397234E-19
5.329393E+03	2.288663E-17	8.381193E-19
5.369393E+03	2.286600E-17	8.361580E-19
5.409393E+03	2.281048E-17	8.340778E-19
5.449393E+03	2.273676E-17	8.322202E-19
5.489393E+03	2.265797E-17	8.306052E-19
5.529393E+03	2.257167E-17	8.285428E-19
5.569393E+03	2.247430E-17	8.252204E-19
5.609393E+03	2.237777E-17	8.204035E-19
5.649393E+03	2.229852E-17	8.141111E-19
5.689393E+03	2.225270E-17	8.064657E-19
5.729393E+03	2.225208E-17	7.974767E-19
5.769393E+03	2.230577E-17	7.870596E-19
5.809393E+03	2.241956E-17	7.750466E-19
5.849393E+03	2.259863E-17	7.612996E-19
5.889393E+03	2.284581E-17	7.456321E-19
5.929393E+03	2.316198E-17	7.278374E-19
5.969393E+03	2.354490E-17	7.077672E-19
6.009393E+03	2.398829E-17	6.854756E-19
6.049393E+03	2.448180E-17	6.614174E-19
6.089393E+03	2.500807E-17	6.365608E-19
6.129393E+03	2.553927E-17	6.125242E-19
6.169393E+03	2.603421E-17	5.917960E-19
6.209393E+03	2.644111E-17	5.776987E-19
6.249393E+03	2.673599E-17	5.737885E-19
6.289393E+03	2.694178E-17	5.810443E-19
6.329393E+03	2.709470E-17	5.963563E-19
6.369393E+03	2.722258E-17	6.152767E-19
6.409393E+03	2.733703E-17	6.339546E-19
6.449393E+03	2.744237E-17	6.498553E-19
6.489393E+03	2.756078E-17	6.622044E-19
6.529393E+03	2.771927E-17	6.713152E-19
6.569393E+03	2.793585E-17	6.778426E-19
6.609393E+03	2.822036E-17	6.824911E-19
6.649393E+03	2.857652E-17	6.858605E-19
6.689393E+03	2.900637E-17	6.884724E-19
6.729393E+03	2.950645E-17	6.907097E-19
6.769393E+03	3.007407E-17	6.929456E-19
6.809393E+03	3.070511E-17	6.953116E-19
6.849393E+03	3.139652E-17	6.975796E-19
6.889393E+03	3.214152E-17	6.992229E-19
6.929393E+03	3.293371E-17	7.000158E-19
6.969393E+03	3.376215E-17	7.003020E-19
7.009393E+03	3.461744E-17	7.010869E-19
7.049393E+03	3.548908E-17	7.035820E-19
7.089393E+03	3.636551E-17	7.085980E-19
7.129393E+03	3.723266E-17	7.160737E-19
7.169393E+03	3.807893E-17	7.250671E-19
7.209393E+03	3.889430E-17	7.338367E-19
7.249393E+03	3.967051E-17	7.403152E-19
7.289393E+03	4.040069E-17	7.427302E-19
7.329393E+03	4.108008E-17	7.401850E-19
7.369393E+03	4.169847E-17	7.325819E-19
7.409393E+03	4.224614E-17	7.199793E-19
7.449393E+03	4.271113E-17	7.017225E-19
7.489393E+03	4.311175E-17	6.773469E-19
7.529393E+03	4.348491E-17	6.477456E-19
7.569393E+03	4.386563E-17	6.164879E-19
7.609393E+03	4.428204E-17	5.914294E-19
7.649393E+03	4.476115E-17	5.848313E-19
7.689393E+03	4.531403E-17	6.053419E-19
7.729393E+03	4.593035E-17	6.467396E-19
7.769393E+03	4.658592E-17	6.967820E-19
7.809393E+03	4.725264E-17	7.458228E-19
7.849393E+03	4.790038E-17	7.876353E-19
7.889393E+03	4.849877E-17	8.186880E-19
7.929393E+03	4.901120E-17	8.378898E-19
7.969393E+03	4.939513E-17	8.462430E-19
8.009393E+03	4.963121E-17	8.464268E-19
8.049393E+03	4.974778E-17	8.422358E-19
8.089393E+03	4.976985E-17	8.371087E-19
8.129393E+03	4.972069E-17	8.333338E-19
8.169393E+03	4.962272E-17	8.317530E-19
8.209393E+03	4.949896E-17	8.320479E-19
8.249393E+03	4.936542E-17	8.328809E-19
8.289393E+03	4.923854E-17	8.324571E-19
8.329393E+03	4.913258E-17	8.295351E-19
8.369393E+03	4.906182E-17	8.243475E-19
8.409393E+03	4.903555E-17	8.183289E-19
8.449393E+03	4.906139E-17	8.137593E-19
8.489393E+03	4.913500E-17	8.131352E-19
8.529393E+03	4.925084E-17	8.186815E-19
8.569393E+03	4.940429E-17	8.313713E-19
8.609393E+03	4.958427E-17	8.501871E-19
8.649393E+03	4.978207E-17	8.723544E-19
8.689393E+03	4.998873E-17	8.940027E-19
8.729393E+03	5.019275E-17	9.111835E-19
8.769393E+03	5.038788E-17	9.206691E-19
8.809393E+03	5.055493E-17	9.204256E-19
8.849393E+03	5.067659E-17	9.108949E-19
8.889393E+03	5.075485E-17	8.951600E-19
8.929393E+03	5.084274E-17	8.784487E-19
8.969393E+03	5.098283E-17	8.657834E-19
9.009393E+03	5.120552E-17	8.611434E-19
9.049393E+03	5.153025E-17	8.673330E-19
9.089393E+03	5.196977E-17	8.859457E-19
9.129393E+03	5.252793E-17	9.170028E-19
9.169393E+03	5.320039E-17	9.589647E-19
9.209393E+03	5.398175E-17	1.009168E-18
9.249393E+03	5.485544E-17	1.063810E-18
9.289393E+03	5.581644E-17	1.118456E-18
9.329393E+03	5.685179E-17	1.168165E-18
9.369393E+03	5.795287E-17	1.209173E-18
9.409393E+03	5.911080E-17	1.239949E-18
9.449393E+03	6.031939E-17	1.261460E-18
9.489393E+03	6.156949E-17	1.277135E-18
9.529393E+03	6.286677E-17	1.293168E-18
9.569393E+03	6.420456E-17	1.316361E-18
9.609393E+03	6.558011E-17	1.351970E-18
9.649393E+03	6.698382E-17	1.401572E-18
9.689393E+03	6.839277E-17	1.462970E-18
9.729393E+03	6.978266E-17	1.532250E-18
9.769393E+03	7.111846E-17	1.605116E-18
9.809393E+03	7.237049E-17	1.677461E-18
9.849393E+03	7.351703E-17	1.745320E-18
9.889393E+03	7.453395E-17	1.804476E-18
9.929393E+03	7.539897E-17	1.850420E-18
9.969393E+03	7.609219E-17	1.878710E-18
1.000939E+04	7.659772E-17	1.885563E-18
1.004939E+04	7.690439E-17	1.867453E-18
1.008939E+04	7.700658E-17	1.820373E-18
1.012939E+04	7.691973E-17	1.740421E-18
1.016939E+04	7.663188E-17	1.623380E-18
1.020939E+04	7.618291E-17	1.467618E-18
1.024939E+04	7.559966E-17	1.273948E-18
1.028939E+04	7.489941E-17	1.047475E-18
1.032939E+04	7.414176E-17	8.021630E-19
1.036939E+04	7.336018E-17	5.730383E-19
1.040939E+04	7.260570E-17	4.542196E-19
1.044939E+04	7.189737E-17	5.350831E-19
1.048939E+04	7.124753E-17	7.090747E-19
1.052939E+04	7.196728E-17	9.004807E-19
1.056939E+04	7.264324E-17	1.070442E-18
1.060939E+04	7.325805E-17	1.211050E-18
1.064939E+04	7.379761E-17	1.320986E-18
1.068939E+04	7.424960E-17	1.400948E-18
1.072939E+04	7.460283E-17	1.452471E-18
1.076939E+04	7.484722E-17	1.478836E-18
1.080939E+04	7.497375E-17	1.485103E-18
1.084939E+04	7.497504E-17	1.477035E-18
1.088939E+04	7.484607E-17	1.460881E-18
1.092939E+04	7.458483E-17	1.444039E-18
1.096939E+04	7.419271E-17	1.434999E-18
1.100939E+04	7.367247E-17	1.441588E-18
1.104939E+04	7.302663E-17	1.468501E-18
1.108939E+04	7.225964E-17	1.513493E-18
1.112939E+04	7.138082E-17	1.568223E-18
1.116939E+04	7.040390E-17	1.623393E-18
1.120939E+04	6.934488E-17	1.671405E-18
1.124939E+04	6.822028E-17	1.707186E-18
1.128939E+04	6.704639E-17	1.728338E-18
1.132939E+04	6.583942E-17	1.734785E-18
1.136939E+04	6.461554E-17	1.727879E-18
1.140939E+04	6.339007E-17	1.709219E-18
1.144939E+04	6.217665E-17	1.679942E-18
1.148939E+04	6.098724E-17	1.641158E-18
1.152939E+04	5.983238E-17	1.594645E-18
1.156939E+04	5.872190E-17	1.543009E-18
1.160939E+04	5.766533E-17	1.489353E-18
1.164939E+04	5.667178E-17	1.437020E-18
1.168939E+04	5.575028E-17	1.389288E-18
1.172939E+04	5.491035E-17	1.348857E-18
1.176939E+04	5.416116E-17	1.317513E-18
1.180939E+04	5.350910E-17	1.295800E-18
1.184939E+04	5.295719E-17	1.282997E-18
1.188939E+04	5.250618E-17	1.277322E-18
1.192939E+04	5.215534E-17	1.276126E-18
1.196939E+04	5.190242E-17	1.275962E-18
1.200939E+04	5.174326E-17	1.273135E-18
1.204939E+04	5.167146E-17	1.264574E-18
1.208939E+04	5.167763E-17	1.247661E-18
1.212939E+04	5.174898E-17	1.219329E-18
1.216939E+04	5.186962E-17	1.175831E-18
1.220939E+04	5.202065E-17	1.113488E-18
1.224939E+04	5.217960E-17	1.029088E-18
1.228939E+04	5.231976E-17	9.202892E-19
1.232939E+04	5.240905E-17	7.868134E-19
1.236939E+04	5.240877E-17	6.333921E-19
1.240939E+04	5.227213E-17	4.786579E-19
1.244939E+04	5.194346E-17	3.806345E-19
1.248939E+04	5.137328E-17	4.272092E-19
1.252939E+04	5.057476E-17	5.768617E-19
1.256939E+04	4.960039E-17	7.456336E-19
1.260939E+04	4.850391E-17	8.995097E-19
1.264939E+04	4.733412E-17	1.027371E-18
1.268939E+04	4.613378E-17	1.126297E-18
1.272939E+04	4.493949E-17	1.196959E-18
1.276939E+04	4.378200E-17	1.241900E-18
1.280939E+04	4.268663E-17	1.264688E-18
1.284939E+04	4.167385E-17	1.269401E-18
1.288939E+04	4.075961E-17	1.260232E-18
1.292939E+04	3.995563E-17	1.241211E-18
1.296939E+04	3.927011E-17	1.216159E-18
1.300939E+04	3.870856E-17	1.188655E-18
1.304939E+04	3.827409E-17	1.161890E-18
1.308939E+04	3.796735E-17	1.138636E-18
1.312939E+04	3.778613E-17	1.121174E-18
1.316939E+04	3.772521E-17	1.111210E-18
1.320939E+04	3.777757E-17	1.110094E-18
1.324939E+04	3.793561E-17	1.118870E-18
1.328939E+04	3.819092E-17	1.138136E-18
1.332939E+04	3.853373E-17	1.168137E-18
1.336939E+04	3.895293E-17	1.208845E-18
1.340939E+04	3.943593E-17	1.259743E-18
1.344939E+04	3.996880E-17	1.319501E-18
1.348939E+04	4.053706E-17	1.386016E-18
1.352939E+04	4.112613E-17	1.456476E-18
1.356939E+04	4.172155E-17	1.527662E-18
1.360939E+04	4.230909E-17	1.596496E-18
1.364939E+04	4.287470E-17	1.660360E-18
1.368939E+04	4.340485E-17	1.717190E-18
1.372939E+04	4.388691E-17	1.765494E-18
1.376939E+04	4.430972E-17	1.804256E-18
1.380939E+04	4.466426E-17	1.832668E-18
1.384939E+04	4.494408E-17	1.849913E-18
1.388939E+04	4.514516E-17	1.855317E-18
1.392939E+04	4.526562E-17	1.848528E-18
1.396939E+04	4.530551E-17	1.829491E-18
1.400939E+04	4.526648E-17	1.798425E-18
1.404939E+04	4.515149E-17	1.755947E-18
1.408939E+04	4.496468E-17	1.703193E-18
1.412939E+04	4.471125E-17	1.641835E-18
1.416939E+04	4.439734E-17	1.573987E-18
1.420939E+04	4.403012E-17	1.502130E-18
1.424939E+04	4.361760E-17	1.429101E-18
1.428939E+04	4.316880E-17	1.357811E-18
1.432939E+04	4.269387E-17	1.291015E-18
1.436939E+04	4.220336E-17	1.231367E-18
1.440939E+04	4.170730E-17	1.181067E-18
1.444939E+04	4.121495E-17	1.141284E-18
1.448939E+04	4.073527E-17	1.112117E-18
1.452939E+04	4.027720E-17	1.092673E-18
1.456939E+04	3.984904E-17	1.081231E-18
1.460939E+04	3.945808E-17	1.075482E-18
1.464939E+04	3.911120E-17	1.072800E-18
1.468939E+04	3.881554E-17	1.070687E-18
1.472939E+04	3.857781E-17	1.067304E-18
1.476939E+04	3.840332E-17	1.061712E-18
1.480939E+04	3.829567E-17	1.053776E-18
1.484939E+04	3.825680E-17	1.043985E-18
1.488939E+04	3.828682E-17	1.033126E-18
1.492939E+04	3.838351E-17	1.021903E-18
1.496939E+04	3.854177E-17	1.010733E-18
1.500939E+04	3.875426E-17	9.997407E-19
1.504939E+04	3.901236E-17	9.889329E-19
1.508939E+04	3.930681E-17	9.785331E-19
1.512939E+04	3.962850E-17	9.692438E-19
1.516939E+04	3.996861E-17	9.622980E-19
1.520939E+04	4.031756E-17	9.592028E-19
1.524939E+04	4.066428E-17	9.612571E-19
1.528939E+04	4.099677E-17	9.691573E-19
1.532939E+04	4.130367E-17	9.828346E-19
1.536939E+04	4.157570E-17	1.001492E-18
1.540939E+04	4.180624E-17	1.023734E-18
1.544939E+04	4.199139E-17	1.047892E-18
1.548939E+04	4.212996E-17	1.072383E-18
1.552939E+04	4.222284E-17	1.095740E-18
1.556939E+04	4.227191E-17	1.116737E-18
1.560939E+04	4.227911E-17	1.134601E-18
1.564939E+04	4.224587E-17	1.148772E-18
1.568939E+04	4.217273E-17	1.158160E-18
1.572939E+04	4.205954E-17	1.160883E-18
1.576939E+04	4.190609E-17	1.154783E-18
1.580939E+04	4.171292E-17	1.137874E-18
1.584939E+04	4.148204E-17	1.108567E-18
1.588939E+04	4.121709E-17	1.065970E-18
1.592939E+04	4.092281E-17	1.009943E-18
1.596939E+04	4.060362E-17	9.407795E-19
1.600939E+04	4.026217E-17	8.588069E-19
1.604939E+04	3.989819E-17	7.641814E-19
1.608939E+04	3.950821E-17	6.574316E-19
1.612939E+04	3.908569E-17	5.410086E-19
1.616939E+04	3.862048E-17	4.226420E-19
1.620939E+04	3.809889E-17	3.242477E-19
1.624939E+04	3.750585E-17	2.930507E-19
1.628939E+04	3.683917E-17	3.482149E-19
1.632939E+04	3.612193E-17	4.381646E-19
1.636939E+04	3.537963E-17	5.261851E-19
1.640939E+04	3.463536E-17	6.000019E-19
1.644939E+04	3.390870E-17	6.571687E-19
1.648939E+04	3.321402E-17	6.986703E-19
1.652939E+04	3.256033E-17	7.266954E-19
1.656939E+04	3.195266E-17	7.438683E-19
1.660939E+04	3.139326E-17	7.527819E-19
1.664939E+04	3.088203E-17	7.555939E-19
1.668939E+04	3.041684E-17	7.539030E-19
1.672939E+04	2.999373E-17	7.489548E-19
1.676939E+04	2.960795E-17	7.419101E-19
1.680939E+04	2.925484E-17	7.339148E-19
1.684939E+04	2.893004E-17	7.259497E-19
1.688939E+04	2.862955E-17	7.187303E-19
1.692939E+04	2.834964E-17	7.127740E-19
1.696939E+04	2.808670E-17	7.085050E-19
1.700939E+04	2.783703E-17	7.061475E-19
1.704939E+04	2.759707E-17	7.056511E-19
1.708939E+04	2.736363E-17	7.067116E-19
1.712939E+04	2.713383E-17	7.088132E-19
1.716939E+04	2.690502E-17	7.113666E-19
1.720939E+04	2.667486E-17	7.137275E-19
1.724939E+04	2.644181E-17	7.151989E-19
1.728939E+04	2.620523E-17	7.151728E-19
1.732939E+04	2.596517E-17	7.133069E-19
1.736939E+04	2.572239E-17	7.096897E-19
1.740939E+04	2.547859E-17	7.048828E-19
1.744939E+04	2.523646E-17	6.996733E-19
1.748939E+04	2.499929E-17	6.947949E-19
1.752939E+04	2.477063E-17	6.908759E-19
1.756939E+04	2.455441E-17	6.885059E-19
1.760939E+04	2.435455E-17	6.881797E-19
1.764939E+04	2.417466E-17	6.900224E-19
1.768939E+04	2.401805E-17	6.938551E-19
1.772939E+04	2.388821E-17	6.996399E-19
1.776939E+04	2.378876E-17	7.076997E-19
1.780939E+04	2.372291E-17	7.185282E-19
1.784939E+04	2.369317E-17	7.326067E-19
1.788939E+04	2.370143E-17	7.505173E-19
1.792939E+04	2.374887E-17	7.729273E-19
1.796939E+04	2.383562E-17	8.002724E-19
1.800939E+04	2.396058E-17	8.325322E-19
1.804939E+04	2.412151E-17	8.692899E-19
1.808939E+04	2.431565E-17	9.099358E-19
1.812939E+04	2.454005E-17	9.537692E-19
1.816939E+04	2.479139E-17	1.000014E-18
1.820939E+04	2.506577E-17	1.047798E-18
1.824939E+04	2.535883E-17	1.096124E-18
1.828939E+04	2.566587E-17	1.143949E-18
1.832939E+04	2.598187E-17	1.190248E-18
1.836939E+04	2.630154E-17	1.234046E-18
1.840939E+04	2.661956E-17	1.274464E-18
1.844939E+04	2.693080E-17	1.310771E-18
1.848939E+04	2.723056E-17	1.342414E-18
1.852939E+04	2.751473E-17	1.369055E-18
1.856939E+04	2.777983E-17	1.390587E-18
1.860939E+04	2.802266E-17	1.407074E-18
1.864939E+04	2.824014E-17	1.418700E-18
1.868939E+04	2.842945E-17	1.425748E-18
1.872939E+04	2.858826E-17	1.428585E-18
1.876939E+04	2.871510E-17	1.427706E-18
1.880939E+04	2.880944E-17	1.423769E-18
1.884939E+04	2.887141E-17	1.417488E-18
1.888939E+04	2.890135E-17	1.409354E-18
1.892939E+04	2.889980E-17	1.399440E-18
1.896939E+04	2.886777E-17	1.387574E-18
1.900939E+04	2.880690E-17	1.373537E-18
1.904939E+04	2.871958E-17	1.357184E-18
1.908939E+04	2.860911E-17	1.338548E-18
1.912939E+04	2.847977E-17	1.317865E-18
1.916939E+04	2.833647E-17	1.295464E-18
1.920939E+04	2.818439E-17	1.271664E-18
1.924939E+04	2.802861E-17	1.246739E-18
1.928939E+04	2.787418E-17	1.220966E-18
1.932939E+04	2.772606E-17	1.194669E-18
1.936939E+04	2.758890E-17	1.168237E-18
1.940939E+04	2.746683E-17	1.142085E-18
1.944939E+04	2.736310E-17	1.116558E-18
1.948939E+04	2.728001E-17	1.091807E-18
1.952939E+04	2.721890E-17	1.067773E-18
1.956939E+04	2.718047E-17	1.044351E-18
1.960939E+04	2.716499E-17	1.021586E-18
1.964939E+04	2.717229E-17	9.997091E-19
1.968939E+04	2.720136E-17	9.790823E-19
1.972939E+04	2.725028E-17	9.602000E-19
1.976939E+04	2.731634E-17	9.437031E-19
1.980939E+04	2.739639E-17	9.303655E-19
1.984939E+04	2.748700E-17	9.208545E-19
1.988939E+04	2.758450E-17	9.152824E-19
1.992939E+04	2.768519E-17	9.129863E-19
1.996939E+04	2.778544E-17	9.126350E-19
2.000939E+04	2.788176E-17	9.123745E-19
2.004939E+04	2.797069E-17	9.102075E-19
2.008939E+04	2.804888E-17	9.045525E-19
2.012939E+04	2.811327E-17	8.945611E-19
2.016939E+04	2.816105E-17	8.802695E-19
2.020939E+04	2.818969E-17	8.627022E-19
2.024939E+04	2.819690E-17	8.438285E-19
2.028939E+04	2.818045E-17	8.261927E-19
2.032939E+04	2.813802E-17	8.122168E-19
2.036939E+04	2.806740E-17	8.035689E-19
2.040939E+04	2.796712E-17	8.007753E-19
2.044939E+04	2.783722E-17	8.030610E-19
2.048939E+04	2.767933E-17	8.085542E-19
2.052939E+04	2.749633E-17	8.148311E-19
2.056939E+04	2.729186E-17	8.195931E-19
2.060939E+04	2.707002E-17	8.212087E-19
2.064939E+04	2.683496E-17	8.188669E-19
2.068939E+04	2.659061E-17	8.124851E-19
2.072939E+04	2.634051E-17	8.026188E-19
2.076939E+04	2.608765E-17	7.903249E-19
2.080939E+04	2.583411E-17	7.768538E-19
2.084939E+04	2.558089E-17	7.632449E-19
2.088939E+04	2.532822E-17	7.501586E-19
2.092939E+04	2.507609E-17	7.379860E-19
2.096939E+04	2.482449E-17	7.268436E-19
2.100939E+04	2.457330E-17	7.164208E-19
2.104939E+04	2.432235E-17	7.060091E-19
2.108939E+04	2.407149E-17	6.948095E-19
2.112939E+04	2.382095E-17	6.823645E-19
2.116939E+04	2.357156E-17	6.687719E-19
2.120939E+04	2.332436E-17	6.545647E-19
2.124939E+04	2.308041E-17	6.404508E-19
2.128939E+04	2.284096E-17	6.271093E-19
2.132939E+04	2.260768E-17	6.151897E-19
2.136939E+04	2.238299E-17	6.053755E-19
2.140939E+04	2.217029E-17	5.983346E-19
2.144939E+04	2.197363E-17	5.945722E-19
2.148939E+04	2.179659E-17	5.942189E-19
2.152939E+04	2.164023E-17	5.968249E-19
2.156939E+04	2.150190E-17	6.014561E-19
2.160939E+04	2.137752E-17	6.072052E-19
2.164939E+04	2.126293E-17	6.133929E-19
2.168939E+04	2.115430E-17	6.195709E-19
2.172939E+04	2.104805E-17	6.255074E-19
2.176939E+04	2.094084E-17	6.311665E-19
2.180939E+04	2.082972E-17	6.366938E-19
2.184939E+04	2.071222E-17	6.423800E-19
2.188939E+04	2.058642E-17	6.484948E-19
2.192939E+04	2.045084E-17	6.550523E-19
2.196939E+04	2.030440E-17	6.617726E-19
2.200939E+04	2.014630E-17	6.682902E-19
2.204939E+04	1.997592E-17	6.743959E-19
2.208939E+04	1.979301E-17	6.801628E-19
2.212939E+04	1.959793E-17	6.859049E-19
2.216939E+04	1.939171E-17	6.920218E-19
2.220939E+04	1.917564E-17	6.988372E-19
2.224939E+04	1.895096E-17	7.064836E-19
2.228939E+04	1.871893E-17	7.149060E-19
2.232939E+04	1.848105E-17	7.239982E-19
2.236939E+04	1.823916E-17	7.337183E-19
2.240939E+04	1.799529E-17	7.440634E-19
2.244939E+04	1.775141E-17	7.549633E-19
2.248939E+04	1.750936E-17	7.662803E-19
2.252939E+04	1.727094E-17	7.778800E-19
2.256939E+04	1.703803E-17	7.896250E-19
2.260939E+04	1.681235E-17	8.013398E-19
2.264939E+04	1.659555E-17	8.128340E-19
2.268939E+04	1.638912E-17	8.239372E-19
2.272939E+04	1.619435E-17	8.345194E-19
2.276939E+04	1.601248E-17	8.444952E-19
2.280939E+04	1.584461E-17	8.538328E-19
2.284939E+04	1.569156E-17	8.625549E-19
2.288939E+04	1.555373E-17	8.707170E-19
2.292939E+04	1.543107E-17	8.783970E-19
2.296939E+04	1.532351E-17	8.857109E-19
2.300939E+04	1.523098E-17	8.928081E-19
2.304939E+04	1.515323E-17	8.998307E-19
2.308939E+04	1.508957E-17	9.068801E-19
2.312939E+04	1.503909E-17	9.140320E-19
2.316939E+04	1.500089E-17	9.213604E-19
2.320939E+04	1.497417E-17	9.289426E-19
2.324939E+04	1.495826E-17	9.368515E-19
2.328939E+04	1.495256E-17	9.451506E-19
2.332939E+04	1.495654E-17	9.538940E-19
2.336939E+04	1.496974E-17	9.631275E-19
2.340939E+04	1.499172E-17	9.728875E-19
2.344939E+04	1.502205E-17	9.831995E-19
2.348939E+04	1.506020E-17	9.940723E-19
2.352939E+04	1.510555E-17	1.005492E-18
2.356939E+04	1.515738E-17	1.017421E-18
2.360939E+04	1.521482E-17	1.029803E-18
2.364939E+04	1.527704E-17	1.042585E-18
2.368939E+04	1.534322E-17	1.055738E-18
2.372939E+04	1.541260E-17	1.069267E-18
2.376939E+04	1.548447E-17	1.083226E-18
2.380939E+04	1.555813E-17	1.097727E-18
2.384939E+04	1.563289E-17	1.112957E-18
2.388939E+04	1.570808E-17	1.129177E-18
2.392939E+04	1.578298E-17	1.146735E-18
2.396939E+04	1.585686E-17	1.166064E-18
2.400939E+04	1.592895E-17	1.187678E-18
2.404939E+04	1.599842E-17	1.212162E-18
2.408939E+04	1.606439E-17	1.240148E-18
2.412939E+04	1.612594E-17	1.272292E-18
2.416939E+04	1.618216E-17	1.309232E-18
2.420939E+04	1.623219E-17	1.351541E-18
2.424939E+04	1.627535E-17	1.399685E-18
2.428939E+04	1.631115E-17	1.453998E-18
2.432939E+04	1.633931E-17	1.514672E-18
2.436939E+04	1.635969E-17	1.581762E-18
2.440939E+04	1.637227E-17	1.655192E-18
2.444939E+04	1.637719E-17	1.734765E-18
2.448939E+04	1.637469E-17	1.820182E-18
