#wls	flux	fluxerr
3.289393E+03	7.614337E-17	7.224305E-18
3.329393E+03	6.523479E-17	5.801193E-18
3.369393E+03	5.634171E-17	4.687149E-18
3.409393E+03	4.910683E-17	3.814585E-18
3.449393E+03	4.323875E-17	3.130707E-18
3.489393E+03	3.850133E-17	2.594465E-18
3.529393E+03	3.470483E-17	2.174114E-18
3.569393E+03	3.169841E-17	1.845257E-18
3.609393E+03	2.936398E-17	1.589305E-18
3.649393E+03	2.761112E-17	1.392252E-18
3.689393E+03	2.637305E-17	1.243702E-18
3.729393E+03	2.560315E-17	1.136066E-18
3.769393E+03	2.527194E-17	1.063853E-18
3.809393E+03	2.536404E-17	1.023025E-18
3.849393E+03	2.587464E-17	1.010386E-18
3.889393E+03	2.680573E-17	1.023067E-18
3.929393E+03	2.816446E-17	1.058274E-18
3.969393E+03	2.996198E-17	1.113181E-18
4.009393E+03	3.221107E-17	1.184827E-18
4.049393E+03	3.492248E-17	1.269995E-18
4.089393E+03	3.809984E-17	1.365093E-18
4.129393E+03	4.173336E-17	1.466082E-18
4.169393E+03	4.579248E-17	1.568546E-18
4.209393E+03	5.021841E-17	1.667936E-18
4.249393E+03	5.491768E-17	1.760040E-18
4.289393E+03	5.975863E-17	1.841566E-18
4.329393E+03	6.457319E-17	1.910651E-18
4.369393E+03	6.916673E-17	1.966931E-18
4.409393E+03	7.333865E-17	2.010804E-18
4.449393E+03	7.691733E-17	2.041510E-18
4.489393E+03	7.979607E-17	2.055221E-18
4.529393E+03	8.193788E-17	2.046709E-18
4.569393E+03	8.336773E-17	2.012097E-18
4.609393E+03	8.416382E-17	1.951125E-18
4.649393E+03	8.444803E-17	1.868532E-18
4.689393E+03	8.437642E-17	1.774385E-18
4.729393E+03	8.413064E-17	1.683307E-18
4.769393E+03	8.391111E-17	1.612296E-18
4.809393E+03	8.393628E-17	1.576551E-18
4.849393E+03	8.443636E-17	1.583817E-18
4.889393E+03	8.556972E-17	1.631196E-18
4.929393E+03	8.739812E-17	1.708331E-18
4.969393E+03	8.993202E-17	1.803361E-18
5.009393E+03	9.315282E-17	1.906229E-18
5.049393E+03	9.702351E-17	2.009899E-18
5.089393E+03	1.014876E-16	2.110166E-18
5.129393E+03	1.064300E-16	2.202988E-18
5.169393E+03	1.115874E-16	2.279277E-18
5.209393E+03	1.165576E-16	2.326722E-18
5.249393E+03	1.208716E-16	2.336080E-18
5.289393E+03	1.240478E-16	2.305783E-18
5.329393E+03	1.256623E-16	2.244844E-18
5.369393E+03	1.254455E-16	2.172068E-18
5.409393E+03	1.234019E-16	2.108503E-18
5.449393E+03	1.199100E-16	2.064582E-18
5.489393E+03	1.156004E-16	2.041575E-18
5.529393E+03	1.111326E-16	2.039859E-18
5.569393E+03	1.070377E-16	2.059878E-18
5.609393E+03	1.036073E-16	2.097759E-18
5.649393E+03	1.009299E-16	2.145678E-18
5.689393E+03	9.899433E-17	2.195490E-18
5.729393E+03	9.773916E-17	2.239839E-18
5.769393E+03	9.707891E-17	2.272220E-18
5.809393E+03	9.691744E-17	2.286745E-18
5.849393E+03	9.715434E-17	2.277919E-18
5.889393E+03	9.768804E-17	2.240575E-18
5.929393E+03	9.841804E-17	2.170056E-18
5.969393E+03	9.924807E-17	2.062678E-18
6.009393E+03	1.000910E-16	1.916560E-18
6.049393E+03	1.008762E-16	1.732902E-18
6.089393E+03	1.015585E-16	1.517991E-18
6.129393E+03	1.021283E-16	1.286551E-18
6.169393E+03	1.026130E-16	1.067168E-18
6.209393E+03	1.030483E-16	9.077938E-19
6.249393E+03	1.034929E-16	8.661797E-19
6.289393E+03	1.039851E-16	9.387374E-19
6.329393E+03	1.045117E-16	1.054382E-18
6.369393E+03	1.051576E-16	1.170124E-18
6.409393E+03	1.060771E-16	1.285684E-18
6.449393E+03	1.074495E-16	1.421695E-18
6.489393E+03	1.093522E-16	1.591347E-18
6.529393E+03	1.117277E-16	1.789360E-18
6.569393E+03	1.144987E-16	2.003514E-18
6.609393E+03	1.175897E-16	2.221665E-18
6.649393E+03	1.209271E-16	2.434237E-18
6.689393E+03	1.244368E-16	2.634516E-18
6.729393E+03	1.280398E-16	2.818086E-18
6.769393E+03	1.316493E-16	2.982072E-18
6.809393E+03	1.351693E-16	3.124507E-18
6.849393E+03	1.384951E-16	3.243929E-18
6.889393E+03	1.415165E-16	3.339205E-18
6.929393E+03	1.441232E-16	3.409504E-18
6.969393E+03	1.462108E-16	3.454240E-18
7.009393E+03	1.476888E-16	3.472891E-18
7.049393E+03	1.484880E-16	3.464666E-18
7.089393E+03	1.485656E-16	3.428135E-18
7.129393E+03	1.479096E-16	3.361022E-18
7.169393E+03	1.465394E-16	3.260357E-18
7.209393E+03	1.445049E-16	3.123068E-18
7.249393E+03	1.418848E-16	2.946942E-18
7.289393E+03	1.387849E-16	2.731788E-18
7.329393E+03	1.353381E-16	2.480672E-18
7.369393E+03	1.317057E-16	2.201242E-18
7.409393E+03	1.280792E-16	1.907545E-18
7.449393E+03	1.246820E-16	1.623011E-18
7.489393E+03	1.217693E-16	1.384616E-18
7.529393E+03	1.196262E-16	1.241059E-18
7.569393E+03	1.184675E-16	1.218724E-18
7.609393E+03	1.181637E-16	1.275300E-18
7.649393E+03	1.184884E-16	1.349749E-18
7.689393E+03	1.192321E-16	1.405040E-18
7.729393E+03	1.201562E-16	1.428875E-18
7.769393E+03	1.210418E-16	1.433701E-18
7.809393E+03	1.217304E-16	1.455458E-18
7.849393E+03	1.221322E-16	1.536156E-18
7.889393E+03	1.220981E-16	1.683947E-18
7.929393E+03	1.214466E-16	1.869986E-18
7.969393E+03	1.200870E-16	2.059686E-18
8.009393E+03	1.180139E-16	2.227591E-18
8.049393E+03	1.152865E-16	2.359495E-18
8.089393E+03	1.120063E-16	2.450076E-18
8.129393E+03	1.082976E-16	2.499877E-18
8.169393E+03	1.042911E-16	2.512777E-18
8.209393E+03	1.001129E-16	2.494211E-18
8.249393E+03	9.587771E-17	2.450071E-18
8.289393E+03	9.168540E-17	2.386112E-18
8.329393E+03	8.762079E-17	2.307691E-18
8.369393E+03	8.375498E-17	2.219671E-18
8.409393E+03	8.014798E-17	2.126429E-18
8.449393E+03	7.685183E-17	2.031908E-18
8.489393E+03	7.391388E-17	1.939690E-18
8.529393E+03	7.137962E-17	1.853098E-18
8.569393E+03	6.929500E-17	1.775274E-18
8.609393E+03	6.770778E-17	1.709210E-18
8.649393E+03	6.666749E-17	1.657635E-18
8.689393E+03	6.622158E-17	1.622597E-18
8.729393E+03	6.639583E-17	1.604079E-18
8.769393E+03	6.716112E-17	1.598090E-18
8.809393E+03	6.846051E-17	1.598306E-18
8.849393E+03	7.023060E-17	1.597569E-18
8.889393E+03	7.240470E-17	1.588378E-18
8.929393E+03	7.491285E-17	1.563272E-18
8.969393E+03	7.768242E-17	1.515511E-18
9.009393E+03	8.064081E-17	1.440516E-18
9.049393E+03	8.372187E-17	1.338661E-18
9.089393E+03	8.687637E-17	1.220427E-18
9.129393E+03	9.008679E-17	1.114615E-18
9.169393E+03	9.338495E-17	1.073750E-18
9.209393E+03	9.683123E-17	1.149599E-18
9.249393E+03	1.003324E-16	1.335903E-18
9.289393E+03	1.037176E-16	1.583161E-18
9.329393E+03	1.068510E-16	1.845376E-18
9.369393E+03	1.096356E-16	2.091620E-18
9.409393E+03	1.120086E-16	2.302778E-18
9.449393E+03	1.139362E-16	2.467565E-18
9.489393E+03	1.154075E-16	2.579805E-18
9.529393E+03	1.164294E-16	2.636531E-18
9.569393E+03	1.170228E-16	2.636650E-18
9.609393E+03	1.172204E-16	2.580161E-18
9.649393E+03	1.170676E-16	2.468016E-18
9.689393E+03	1.166247E-16	2.302725E-18
9.729393E+03	1.159715E-16	2.089875E-18
9.769393E+03	1.152133E-16	1.841012E-18
9.809393E+03	1.144866E-16	1.579182E-18
9.849393E+03	1.139644E-16	1.349124E-18
9.889393E+03	1.138617E-16	1.226291E-18
9.929393E+03	1.143821E-16	1.281550E-18
9.969393E+03	1.154333E-16	1.493069E-18
1.000939E+04	1.167691E-16	1.781079E-18
1.004939E+04	1.181787E-16	2.083043E-18
1.008939E+04	1.194935E-16	2.361690E-18
1.012939E+04	1.205854E-16	2.595104E-18
1.016939E+04	1.213655E-16	2.770455E-18
1.020939E+04	1.217805E-16	2.881290E-18
1.024939E+04	1.218106E-16	2.926463E-18
1.028939E+04	1.214676E-16	2.909730E-18
1.032939E+04	1.207940E-16	2.839593E-18
1.036939E+04	1.198613E-16	2.729220E-18
1.040939E+04	1.187666E-16	2.596235E-18
1.044939E+04	1.176227E-16	2.462103E-18
1.048939E+04	1.165438E-16	2.350451E-18
1.052939E+04	1.156247E-16	2.283557E-18
1.056939E+04	1.149218E-16	2.277017E-18
1.060939E+04	1.144410E-16	2.334960E-18
1.064939E+04	1.141388E-16	2.449431E-18
1.068939E+04	1.139362E-16	2.604598E-18
1.072939E+04	1.137396E-16	2.782525E-18
1.076939E+04	1.134600E-16	2.967301E-18
1.080939E+04	1.130275E-16	3.146832E-18
1.084939E+04	1.123970E-16	3.313045E-18
1.088939E+04	1.115486E-16	3.461325E-18
1.092939E+04	1.104842E-16	3.589657E-18
1.096939E+04	1.092220E-16	3.697739E-18
1.100939E+04	1.077910E-16	3.786207E-18
1.104939E+04	1.062265E-16	3.856052E-18
1.108939E+04	1.045659E-16	3.908263E-18
1.112939E+04	1.028459E-16	3.943700E-18
1.116939E+04	1.011010E-16	3.963125E-18
1.120939E+04	9.936186E-17	3.967337E-18
1.124939E+04	9.765535E-17	3.957331E-18
1.128939E+04	9.600415E-17	3.934414E-18
1.132939E+04	9.442726E-17	3.900233E-18
1.136939E+04	9.294049E-17	3.856725E-18
1.140939E+04	9.155712E-17	3.806006E-18
1.144939E+04	9.028854E-17	3.750228E-18
1.148939E+04	8.914486E-17	3.691459E-18
1.152939E+04	8.813540E-17	3.631580E-18
1.156939E+04	8.726917E-17	3.572221E-18
1.160939E+04	8.655514E-17	3.514691E-18
1.164939E+04	8.600252E-17	3.459920E-18
1.168939E+04	8.562066E-17	3.408402E-18
1.172939E+04	8.541873E-17	3.360146E-18
1.176939E+04	8.540502E-17	3.314627E-18
1.180939E+04	8.558579E-17	3.270752E-18
1.184939E+04	8.596377E-17	3.226799E-18
1.188939E+04	8.653636E-17	3.180348E-18
1.192939E+04	8.729348E-17	3.128178E-18
1.196939E+04	8.821529E-17	3.066168E-18
1.200939E+04	8.926972E-17	2.989209E-18
1.204939E+04	9.041022E-17	2.891211E-18
1.208939E+04	9.157401E-17	2.765260E-18
1.212939E+04	9.268156E-17	2.604010E-18
1.216939E+04	9.363812E-17	2.400376E-18
1.220939E+04	9.433832E-17	2.148558E-18
1.224939E+04	9.467537E-17	1.845477E-18
1.228939E+04	9.455809E-17	1.492836E-18
1.232939E+04	9.394399E-17	1.101077E-18
1.236939E+04	9.291288E-17	7.031472E-19
1.240939E+04	9.184223E-17	4.360551E-19
1.244939E+04	9.134560E-17	5.940963E-19
1.248939E+04	9.099637E-17	9.640944E-19
1.252939E+04	9.030499E-17	1.340724E-18
1.256939E+04	8.915614E-17	1.677569E-18
1.260939E+04	8.758868E-17	1.961469E-18
1.264939E+04	8.569807E-17	2.189877E-18
1.268939E+04	8.359560E-17	2.365611E-18
1.272939E+04	8.138942E-17	2.494572E-18
1.276939E+04	7.917500E-17	2.584285E-18
1.280939E+04	7.703069E-17	2.642829E-18
1.284939E+04	7.501645E-17	2.678073E-18
1.288939E+04	7.317464E-17	2.697170E-18
1.292939E+04	7.153197E-17	2.706274E-18
1.296939E+04	7.010207E-17	2.710447E-18
1.300939E+04	6.888815E-17	2.713700E-18
1.304939E+04	6.788541E-17	2.719121E-18
1.308939E+04	6.708326E-17	2.729046E-18
1.312939E+04	6.646708E-17	2.745243E-18
1.316939E+04	6.601972E-17	2.769059E-18
1.320939E+04	6.572259E-17	2.801525E-18
1.324939E+04	6.555662E-17	2.843396E-18
1.328939E+04	6.550284E-17	2.895119E-18
1.332939E+04	6.554283E-17	2.956754E-18
1.336939E+04	6.565906E-17	3.027879E-18
1.340939E+04	6.583497E-17	3.107511E-18
1.344939E+04	6.605509E-17	3.194072E-18
1.348939E+04	6.630496E-17	3.285438E-18
1.352939E+04	6.657115E-17	3.379056E-18
1.356939E+04	6.684116E-17	3.472115E-18
1.360939E+04	6.710343E-17	3.561738E-18
1.364939E+04	6.734738E-17	3.645169E-18
1.368939E+04	6.756345E-17	3.719923E-18
1.372939E+04	6.774323E-17	3.783896E-18
1.376939E+04	6.787956E-17	3.835425E-18
1.380939E+04	6.796667E-17	3.873317E-18
1.384939E+04	6.800025E-17	3.896837E-18
1.388939E+04	6.797754E-17	3.905690E-18
1.392939E+04	6.789737E-17	3.899975E-18
1.396939E+04	6.776009E-17	3.880143E-18
1.400939E+04	6.756754E-17	3.846957E-18
1.404939E+04	6.732292E-17	3.801451E-18
1.408939E+04	6.703053E-17	3.744908E-18
1.412939E+04	6.669559E-17	3.678837E-18
1.416939E+04	6.632398E-17	3.604963E-18
1.420939E+04	6.592197E-17	3.525201E-18
1.424939E+04	6.549612E-17	3.441619E-18
1.428939E+04	6.505305E-17	3.356387E-18
1.432939E+04	6.459945E-17	3.271690E-18
1.436939E+04	6.414196E-17	3.189630E-18
1.440939E+04	6.368725E-17	3.112101E-18
1.444939E+04	6.324200E-17	3.040666E-18
1.448939E+04	6.281288E-17	2.976438E-18
1.452939E+04	6.240652E-17	2.920004E-18
1.456939E+04	6.202933E-17	2.871401E-18
1.460939E+04	6.168734E-17	2.830164E-18
1.464939E+04	6.138597E-17	2.795432E-18
1.468939E+04	6.112981E-17	2.766119E-18
1.472939E+04	6.092242E-17	2.741090E-18
1.476939E+04	6.076621E-17	2.719330E-18
1.480939E+04	6.066230E-17	2.700051E-18
1.484939E+04	6.061050E-17	2.682733E-18
1.488939E+04	6.060938E-17	2.667106E-18
1.492939E+04	6.065625E-17	2.653080E-18
1.496939E+04	6.074728E-17	2.640658E-18
1.500939E+04	6.087759E-17	2.629855E-18
1.504939E+04	6.104133E-17	2.620627E-18
1.508939E+04	6.123188E-17	2.612847E-18
1.512939E+04	6.144201E-17	2.606287E-18
1.516939E+04	6.166417E-17	2.600630E-18
1.520939E+04	6.189075E-17	2.595488E-18
1.524939E+04	6.211439E-17	2.590411E-18
1.528939E+04	6.232822E-17	2.584902E-18
1.532939E+04	6.252609E-17	2.578418E-18
1.536939E+04	6.270266E-17	2.570366E-18
1.540939E+04	6.285340E-17	2.560087E-18
1.544939E+04	6.297447E-17	2.546846E-18
1.548939E+04	6.306243E-17	2.529810E-18
1.552939E+04	6.311397E-17	2.508043E-18
1.556939E+04	6.312548E-17	2.480505E-18
1.560939E+04	6.309271E-17	2.446063E-18
1.564939E+04	6.301052E-17	2.403525E-18
1.568939E+04	6.287272E-17	2.351690E-18
1.572939E+04	6.267225E-17	2.289433E-18
1.576939E+04	6.240146E-17	2.215830E-18
1.580939E+04	6.205294E-17	2.130320E-18
1.584939E+04	6.162060E-17	2.032912E-18
1.588939E+04	6.110126E-17	1.924424E-18
1.592939E+04	6.049666E-17	1.806757E-18
1.596939E+04	5.981550E-17	1.683190E-18
1.600939E+04	5.907504E-17	1.558673E-18
1.604939E+04	5.830132E-17	1.440014E-18
1.608939E+04	5.752711E-17	1.335749E-18
1.612939E+04	5.678692E-17	1.255302E-18
1.616939E+04	5.610976E-17	1.207030E-18
1.620939E+04	5.551195E-17	1.195444E-18
1.624939E+04	5.499297E-17	1.219165E-18
1.628939E+04	5.453666E-17	1.271353E-18
1.632939E+04	5.411720E-17	1.342341E-18
1.636939E+04	5.370688E-17	1.422497E-18
1.640939E+04	5.328257E-17	1.503933E-18
1.644939E+04	5.282929E-17	1.581044E-18
1.648939E+04	5.234077E-17	1.650358E-18
1.652939E+04	5.181811E-17	1.710117E-18
1.656939E+04	5.126755E-17	1.759814E-18
1.660939E+04	5.069815E-17	1.799779E-18
1.664939E+04	5.011986E-17	1.830851E-18
1.668939E+04	4.954215E-17	1.854136E-18
1.672939E+04	4.897318E-17	1.870844E-18
1.676939E+04	4.841945E-17	1.882169E-18
1.680939E+04	4.788578E-17	1.889214E-18
1.684939E+04	4.737551E-17	1.892930E-18
1.688939E+04	4.689077E-17	1.894105E-18
1.692939E+04	4.643273E-17	1.893355E-18
1.696939E+04	4.600176E-17	1.891151E-18
1.700939E+04	4.559753E-17	1.887857E-18
1.704939E+04	4.521909E-17	1.883756E-18
1.708939E+04	4.486489E-17	1.879081E-18
1.712939E+04	4.453291E-17	1.874025E-18
1.716939E+04	4.422086E-17	1.868745E-18
1.720939E+04	4.392641E-17	1.863363E-18
1.724939E+04	4.364737E-17	1.857971E-18
1.728939E+04	4.338194E-17	1.852641E-18
1.732939E+04	4.312887E-17	1.847440E-18
1.736939E+04	4.288761E-17	1.842448E-18
1.740939E+04	4.265848E-17	1.837782E-18
1.744939E+04	4.244265E-17	1.833614E-18
1.748939E+04	4.224221E-17	1.830188E-18
1.752939E+04	4.206008E-17	1.827830E-18
1.756939E+04	4.189984E-17	1.826955E-18
1.760939E+04	4.176559E-17	1.828068E-18
1.764939E+04	4.166164E-17	1.831770E-18
1.768939E+04	4.159232E-17	1.838748E-18
1.772939E+04	4.156166E-17	1.849760E-18
1.776939E+04	4.157317E-17	1.865604E-18
1.780939E+04	4.162962E-17	1.887067E-18
1.784939E+04	4.173291E-17	1.914866E-18
1.788939E+04	4.188394E-17	1.949583E-18
1.792939E+04	4.208250E-17	1.991597E-18
1.796939E+04	4.232720E-17	2.041044E-18
1.800939E+04	4.261544E-17	2.097785E-18
1.804939E+04	4.294347E-17	2.161410E-18
1.808939E+04	4.330644E-17	2.231250E-18
1.812939E+04	4.369860E-17	2.306416E-18
1.816939E+04	4.411347E-17	2.385828E-18
1.820939E+04	4.454403E-17	2.468260E-18
1.824939E+04	4.498290E-17	2.552381E-18
1.828939E+04	4.542250E-17	2.636793E-18
1.832939E+04	4.585525E-17	2.720068E-18
1.836939E+04	4.627373E-17	2.800779E-18
1.840939E+04	4.667091E-17	2.877529E-18
1.844939E+04	4.704029E-17	2.948975E-18
1.848939E+04	4.737609E-17	3.013847E-18
1.852939E+04	4.767329E-17	3.070982E-18
1.856939E+04	4.792773E-17	3.119349E-18
1.860939E+04	4.813603E-17	3.158089E-18
1.864939E+04	4.829567E-17	3.186542E-18
1.868939E+04	4.840489E-17	3.204281E-18
1.872939E+04	4.846272E-17	3.211136E-18
1.876939E+04	4.846892E-17	3.207192E-18
1.880939E+04	4.842399E-17	3.192789E-18
1.884939E+04	4.832906E-17	3.168485E-18
1.888939E+04	4.818586E-17	3.135026E-18
1.892939E+04	4.799667E-17	3.093299E-18
1.896939E+04	4.776428E-17	3.044297E-18
1.900939E+04	4.749200E-17	2.989084E-18
1.904939E+04	4.718359E-17	2.928779E-18
1.908939E+04	4.684331E-17	2.864541E-18
1.912939E+04	4.647583E-17	2.797547E-18
1.916939E+04	4.608621E-17	2.728973E-18
1.920939E+04	4.567980E-17	2.659954E-18
1.924939E+04	4.526208E-17	2.591543E-18
1.928939E+04	4.483858E-17	2.524659E-18
1.932939E+04	4.441469E-17	2.460042E-18
1.936939E+04	4.399550E-17	2.398215E-18
1.940939E+04	4.358566E-17	2.339482E-18
1.944939E+04	4.318928E-17	2.283951E-18
1.948939E+04	4.280971E-17	2.231591E-18
1.952939E+04	4.244953E-17	2.182312E-18
1.956939E+04	4.211042E-17	2.136052E-18
1.960939E+04	4.179313E-17	2.092844E-18
1.964939E+04	4.149756E-17	2.052850E-18
1.968939E+04	4.122279E-17	2.016345E-18
1.972939E+04	4.096730E-17	1.983658E-18
1.976939E+04	4.072917E-17	1.955076E-18
1.980939E+04	4.050625E-17	1.930726E-18
1.984939E+04	4.029644E-17	1.910479E-18
1.988939E+04	4.009782E-17	1.893891E-18
1.992939E+04	3.990878E-17	1.880208E-18
1.996939E+04	3.972796E-17	1.868444E-18
2.000939E+04	3.955428E-17	1.857518E-18
2.004939E+04	3.938673E-17	1.846416E-18
2.008939E+04	3.922428E-17	1.834344E-18
2.012939E+04	3.906580E-17	1.820841E-18
2.016939E+04	3.890995E-17	1.805826E-18
2.020939E+04	3.875527E-17	1.789573E-18
2.024939E+04	3.860024E-17	1.772626E-18
2.028939E+04	3.844350E-17	1.755664E-18
2.032939E+04	3.828399E-17	1.739345E-18
2.036939E+04	3.812114E-17	1.724160E-18
2.040939E+04	3.795498E-17	1.710335E-18
2.044939E+04	3.778619E-17	1.697786E-18
2.048939E+04	3.761605E-17	1.686140E-18
2.052939E+04	3.744629E-17	1.674818E-18
2.056939E+04	3.727894E-17	1.663133E-18
2.060939E+04	3.711614E-17	1.650405E-18
2.064939E+04	3.695998E-17	1.636045E-18
2.068939E+04	3.681233E-17	1.619600E-18
2.072939E+04	3.667475E-17	1.600771E-18
2.076939E+04	3.654829E-17	1.579377E-18
2.080939E+04	3.643342E-17	1.555307E-18
2.084939E+04	3.632983E-17	1.528451E-18
2.088939E+04	3.623629E-17	1.498622E-18
2.092939E+04	3.615049E-17	1.465495E-18
2.096939E+04	3.606899E-17	1.428564E-18
2.100939E+04	3.598716E-17	1.387131E-18
2.104939E+04	3.589930E-17	1.340341E-18
2.108939E+04	3.579885E-17	1.287257E-18
2.112939E+04	3.567878E-17	1.226995E-18
2.116939E+04	3.553215E-17	1.158893E-18
2.120939E+04	3.535304E-17	1.082740E-18
2.124939E+04	3.513766E-17	9.990642E-19
2.128939E+04	3.488571E-17	9.095157E-19
2.132939E+04	3.460199E-17	8.174174E-19
2.136939E+04	3.429783E-17	7.285389E-19
2.140939E+04	3.399195E-17	6.519956E-19
2.144939E+04	3.371006E-17	6.003170E-19
2.148939E+04	3.348096E-17	5.859856E-19
2.152939E+04	3.331420E-17	6.124189E-19
2.156939E+04	3.318437E-17	6.700066E-19
2.160939E+04	3.306210E-17	7.450967E-19
2.164939E+04	3.292462E-17	8.265747E-19
2.168939E+04	3.275692E-17	9.071092E-19
2.172939E+04	3.255093E-17	9.823436E-19
2.176939E+04	3.230398E-17	1.049922E-18
2.180939E+04	3.201701E-17	1.108781E-18
2.184939E+04	3.169315E-17	1.158691E-18
2.188939E+04	3.133650E-17	1.199940E-18
2.192939E+04	3.095127E-17	1.233135E-18
2.196939E+04	3.054131E-17	1.259052E-18
2.200939E+04	3.010977E-17	1.278538E-18
2.204939E+04	2.965908E-17	1.292441E-18
2.208939E+04	2.919099E-17	1.301566E-18
2.212939E+04	2.870677E-17	1.306637E-18
2.216939E+04	2.820740E-17	1.308278E-18
2.220939E+04	2.769383E-17	1.307012E-18
2.224939E+04	2.716708E-17	1.303253E-18
2.228939E+04	2.662843E-17	1.297332E-18
2.232939E+04	2.607944E-17	1.289504E-18
2.236939E+04	2.552197E-17	1.279976E-18
2.240939E+04	2.495819E-17	1.268919E-18
2.244939E+04	2.439050E-17	1.256481E-18
2.248939E+04	2.382152E-17	1.242797E-18
2.252939E+04	2.325403E-17	1.227994E-18
2.256939E+04	2.269089E-17	1.212203E-18
2.260939E+04	2.213501E-17	1.195563E-18
2.264939E+04	2.158920E-17	1.178228E-18
2.268939E+04	2.105616E-17	1.160375E-18
2.272939E+04	2.053832E-17	1.142208E-18
2.276939E+04	2.003783E-17	1.123959E-18
2.280939E+04	1.955646E-17	1.105876E-18
2.284939E+04	1.909562E-17	1.088223E-18
2.288939E+04	1.865636E-17	1.071254E-18
2.292939E+04	1.823935E-17	1.055208E-18
2.296939E+04	1.784501E-17	1.040287E-18
2.300939E+04	1.747347E-17	1.026652E-18
2.304939E+04	1.712466E-17	1.014417E-18
2.308939E+04	1.679835E-17	1.003649E-18
2.312939E+04	1.649419E-17	9.943761E-19
2.316939E+04	1.621178E-17	9.865970E-19
2.320939E+04	1.595065E-17	9.802866E-19
2.324939E+04	1.571034E-17	9.754062E-19
2.328939E+04	1.549039E-17	9.719081E-19
2.332939E+04	1.529035E-17	9.697396E-19
2.336939E+04	1.510980E-17	9.688460E-19
2.340939E+04	1.494832E-17	9.691747E-19
2.344939E+04	1.480551E-17	9.706798E-19
2.348939E+04	1.468094E-17	9.733277E-19
2.352939E+04	1.457416E-17	9.771030E-19
2.356939E+04	1.448469E-17	9.820124E-19
2.360939E+04	1.441199E-17	9.880894E-19
2.364939E+04	1.435550E-17	9.953958E-19
2.368939E+04	1.431464E-17	1.004025E-18
2.372939E+04	1.428874E-17	1.014100E-18
2.376939E+04	1.427712E-17	1.025783E-18
2.380939E+04	1.427905E-17	1.039267E-18
2.384939E+04	1.429374E-17	1.054787E-18
2.388939E+04	1.432038E-17	1.072622E-18
2.392939E+04	1.435813E-17	1.093095E-18
2.396939E+04	1.440610E-17	1.116574E-18
2.400939E+04	1.446342E-17	1.143474E-18
2.404939E+04	1.452919E-17	1.174245E-18
2.408939E+04	1.460250E-17	1.209368E-18
2.412939E+04	1.468249E-17	1.249338E-18
2.416939E+04	1.476827E-17	1.294649E-18
2.420939E+04	1.485903E-17	1.345770E-18
2.424939E+04	1.495399E-17	1.403128E-18
2.428939E+04	1.505244E-17	1.467089E-18
2.432939E+04	1.515375E-17	1.537935E-18
2.436939E+04	1.525735E-17	1.615860E-18
2.440939E+04	1.536275E-17	1.700965E-18
2.444939E+04	1.546956E-17	1.793259E-18
2.448939E+04	1.557743E-17	1.892670E-18
