#wls	flux	fluxerr
3.289393E+03	1.732995E-17	1.927826E-18
3.329393E+03	1.589680E-17	1.682026E-18
3.369393E+03	1.467341E-17	1.477588E-18
3.409393E+03	1.363292E-17	1.307719E-18
3.449393E+03	1.275256E-17	1.166782E-18
3.489393E+03	1.201313E-17	1.050105E-18
3.529393E+03	1.139852E-17	9.538192E-19
3.569393E+03	1.089528E-17	8.747212E-19
3.609393E+03	1.049226E-17	8.101602E-19
3.649393E+03	1.018030E-17	7.579411E-19
3.689393E+03	9.951892E-18	7.162425E-19
3.729393E+03	9.801006E-18	6.835484E-19
3.769393E+03	9.722803E-18	6.585895E-19
3.809393E+03	9.713460E-18	6.402932E-19
3.849393E+03	9.769977E-18	6.277424E-19
3.889393E+03	9.890004E-18	6.201398E-19
3.929393E+03	1.007166E-17	6.167770E-19
3.969393E+03	1.031335E-17	6.170091E-19
4.009393E+03	1.061365E-17	6.202324E-19
4.049393E+03	1.097111E-17	6.258681E-19
4.089393E+03	1.138414E-17	6.333480E-19
4.129393E+03	1.185090E-17	6.421042E-19
4.169393E+03	1.236916E-17	6.515588E-19
4.209393E+03	1.293619E-17	6.611151E-19
4.249393E+03	1.354864E-17	6.701510E-19
4.289393E+03	1.420250E-17	6.780139E-19
4.329393E+03	1.489297E-17	6.840204E-19
4.369393E+03	1.561448E-17	6.874607E-19
4.409393E+03	1.636068E-17	6.876142E-19
4.449393E+03	1.712455E-17	6.837860E-19
4.489393E+03	1.789863E-17	6.753751E-19
4.529393E+03	1.867528E-17	6.619859E-19
4.569393E+03	1.944710E-17	6.435885E-19
4.609393E+03	2.020740E-17	6.207361E-19
4.649393E+03	2.095081E-17	5.948293E-19
4.689393E+03	2.167377E-17	5.683949E-19
4.729393E+03	2.237475E-17	5.452464E-19
4.769393E+03	2.305390E-17	5.302135E-19
4.809393E+03	2.371175E-17	5.279941E-19
4.849393E+03	2.434727E-17	5.411516E-19
4.889393E+03	2.495804E-17	5.685037E-19
4.929393E+03	2.554096E-17	6.058606E-19
4.969393E+03	2.609237E-17	6.482278E-19
5.009393E+03	2.660847E-17	6.912538E-19
5.049393E+03	2.708554E-17	7.317510E-19
5.089393E+03	2.751989E-17	7.677051E-19
5.129393E+03	2.790795E-17	7.981035E-19
5.169393E+03	2.824633E-17	8.227347E-19
5.209393E+03	2.853216E-17	8.419988E-19
5.249393E+03	2.876334E-17	8.567186E-19
5.289393E+03	2.893910E-17	8.679328E-19
5.329393E+03	2.906047E-17	8.766854E-19
5.369393E+03	2.913088E-17	8.838552E-19
5.409393E+03	2.915642E-17	8.900580E-19
5.449393E+03	2.914608E-17	8.956256E-19
5.489393E+03	2.911145E-17	9.006408E-19
5.529393E+03	2.906625E-17	9.050011E-19
5.569393E+03	2.902554E-17	9.084965E-19
5.609393E+03	2.900484E-17	9.108833E-19
5.649393E+03	2.901914E-17	9.119337E-19
5.689393E+03	2.908189E-17	9.114412E-19
5.729393E+03	2.920437E-17	9.091949E-19
5.769393E+03	2.939554E-17	9.049526E-19
5.809393E+03	2.966234E-17	8.984302E-19
5.849393E+03	3.001003E-17	8.892994E-19
5.889393E+03	3.044255E-17	8.771879E-19
5.929393E+03	3.096267E-17	8.617020E-19
5.969393E+03	3.157194E-17	8.424855E-19
6.009393E+03	3.227066E-17	8.193083E-19
6.049393E+03	3.305750E-17	7.921809E-19
6.089393E+03	3.392904E-17	7.615012E-19
6.129393E+03	3.487914E-17	7.282523E-19
6.169393E+03	3.589844E-17	6.942071E-19
6.209393E+03	3.697438E-17	6.619315E-19
6.249393E+03	3.809111E-17	6.341456E-19
6.289393E+03	3.922475E-17	6.119602E-19
6.329393E+03	4.034073E-17	5.950668E-19
6.369393E+03	4.140137E-17	5.855512E-19
6.409393E+03	4.237039E-17	5.899199E-19
6.449393E+03	4.321882E-17	6.160918E-19
6.489393E+03	4.393803E-17	6.649585E-19
6.529393E+03	4.454289E-17	7.283867E-19
6.569393E+03	4.505974E-17	7.963713E-19
6.609393E+03	4.551964E-17	8.613529E-19
6.649393E+03	4.595391E-17	9.189987E-19
6.689393E+03	4.639091E-17	9.675522E-19
6.729393E+03	4.685374E-17	1.006937E-18
6.769393E+03	4.735897E-17	1.037976E-18
6.809393E+03	4.791607E-17	1.061793E-18
6.849393E+03	4.852716E-17	1.079459E-18
6.889393E+03	4.918739E-17	1.091911E-18
6.929393E+03	4.988588E-17	1.100089E-18
6.969393E+03	5.060715E-17	1.105067E-18
7.009393E+03	5.133281E-17	1.108008E-18
7.049393E+03	5.204314E-17	1.109954E-18
7.089393E+03	5.271854E-17	1.111526E-18
7.129393E+03	5.334074E-17	1.112683E-18
7.169393E+03	5.389384E-17	1.112652E-18
7.209393E+03	5.436499E-17	1.110055E-18
7.249393E+03	5.474479E-17	1.103211E-18
7.289393E+03	5.502754E-17	1.090522E-18
7.329393E+03	5.521200E-17	1.070788E-18
7.369393E+03	5.530317E-17	1.043285E-18
7.409393E+03	5.531484E-17	1.007622E-18
7.449393E+03	5.527180E-17	9.636731E-19
7.489393E+03	5.521077E-17	9.118937E-19
7.529393E+03	5.517916E-17	8.540211E-19
7.569393E+03	5.523151E-17	7.938690E-19
7.609393E+03	5.542286E-17	7.376795E-19
7.649393E+03	5.579762E-17	6.928800E-19
7.689393E+03	5.637093E-17	6.633361E-19
7.729393E+03	5.711157E-17	6.454782E-19
7.769393E+03	5.795697E-17	6.373379E-19
7.809393E+03	5.883280E-17	6.464376E-19
7.849393E+03	5.966686E-17	6.848654E-19
7.889393E+03	6.039809E-17	7.521226E-19
7.929393E+03	6.098224E-17	8.337317E-19
7.969393E+03	6.139384E-17	9.147150E-19
8.009393E+03	6.162509E-17	9.855661E-19
8.049393E+03	6.168339E-17	1.042287E-18
8.089393E+03	6.158815E-17	1.084663E-18
8.129393E+03	6.136664E-17	1.114490E-18
8.169393E+03	6.104948E-17	1.134208E-18
8.209393E+03	6.066643E-17	1.146043E-18
8.249393E+03	6.024332E-17	1.151620E-18
8.289393E+03	5.980084E-17	1.152028E-18
8.329393E+03	5.935444E-17	1.148213E-18
8.369393E+03	5.891445E-17	1.141335E-18
8.409393E+03	5.848576E-17	1.132839E-18
8.449393E+03	5.806811E-17	1.124311E-18
8.489393E+03	5.765725E-17	1.117219E-18
8.529393E+03	5.724704E-17	1.112592E-18
8.569393E+03	5.683185E-17	1.110673E-18
8.609393E+03	5.640839E-17	1.110701E-18
8.649393E+03	5.597681E-17	1.110969E-18
8.689393E+03	5.554120E-17	1.109161E-18
8.729393E+03	5.510969E-17	1.102828E-18
8.769393E+03	5.469400E-17	1.089807E-18
8.809393E+03	5.430847E-17	1.068546E-18
8.849393E+03	5.396880E-17	1.038224E-18
8.889393E+03	5.369099E-17	9.985315E-19
8.929393E+03	5.349026E-17	9.492231E-19
8.969393E+03	5.338003E-17	8.898449E-19
9.009393E+03	5.337099E-17	8.200408E-19
9.049393E+03	5.347017E-17	7.408651E-19
9.089393E+03	5.368005E-17	6.576378E-19
9.129393E+03	5.399786E-17	5.848693E-19
9.169393E+03	5.441630E-17	5.500057E-19
9.209393E+03	5.492573E-17	5.791384E-19
9.249393E+03	5.551535E-17	6.638916E-19
9.289393E+03	5.617461E-17	7.743375E-19
9.329393E+03	5.689293E-17	8.868685E-19
9.369393E+03	5.765848E-17	9.882126E-19
9.409393E+03	5.845752E-17	1.071932E-18
9.449393E+03	5.927472E-17	1.135587E-18
9.489393E+03	6.009397E-17	1.179039E-18
9.529393E+03	6.089957E-17	1.203240E-18
9.569393E+03	6.167756E-17	1.209084E-18
9.609393E+03	6.241707E-17	1.196428E-18
9.649393E+03	6.311163E-17	1.163693E-18
9.689393E+03	6.376023E-17	1.108423E-18
9.729393E+03	6.436815E-17	1.028806E-18
9.769393E+03	6.494749E-17	9.261053E-19
9.809393E+03	6.551696E-17	8.085822E-19
9.849393E+03	6.610002E-17	6.984690E-19
9.889393E+03	6.672034E-17	6.391863E-19
9.929393E+03	6.739321E-17	6.744783E-19
9.969393E+03	6.811438E-17	7.907871E-19
1.000939E+04	6.886286E-17	9.397366E-19
1.004939E+04	6.961102E-17	1.085484E-18
1.008939E+04	7.033192E-17	1.208053E-18
1.012939E+04	7.100400E-17	1.296712E-18
1.016939E+04	7.161303E-17	1.346277E-18
1.020939E+04	7.215228E-17	1.355937E-18
1.024939E+04	7.262128E-17	1.329399E-18
1.028939E+04	7.302431E-17	1.275747E-18
1.032939E+04	7.336950E-17	1.210404E-18
1.036939E+04	7.366868E-17	1.154624E-18
1.040939E+04	7.393747E-17	1.130306E-18
1.044939E+04	7.419407E-17	1.149488E-18
1.048939E+04	7.445601E-17	1.207749E-18
1.052939E+04	7.473547E-17	1.289986E-18
1.056939E+04	7.503608E-17	1.380624E-18
1.060939E+04	7.535268E-17	1.468677E-18
1.064939E+04	7.567272E-17	1.547939E-18
1.068939E+04	7.597809E-17	1.615607E-18
1.072939E+04	7.624682E-17	1.671145E-18
1.076939E+04	7.645488E-17	1.715683E-18
1.080939E+04	7.657814E-17	1.751512E-18
1.084939E+04	7.659434E-17	1.781464E-18
1.088939E+04	7.648484E-17	1.808383E-18
1.092939E+04	7.623584E-17	1.834809E-18
1.096939E+04	7.583906E-17	1.862700E-18
1.100939E+04	7.529173E-17	1.893103E-18
1.104939E+04	7.459649E-17	1.925886E-18
1.108939E+04	7.376125E-17	1.959696E-18
1.112939E+04	7.279893E-17	1.992255E-18
1.116939E+04	7.172640E-17	2.020928E-18
1.120939E+04	7.056299E-17	2.043288E-18
1.124939E+04	6.932902E-17	2.057537E-18
1.128939E+04	6.804467E-17	2.062736E-18
1.132939E+04	6.672941E-17	2.058809E-18
1.136939E+04	6.540172E-17	2.046362E-18
1.140939E+04	6.407892E-17	2.026413E-18
1.144939E+04	6.277701E-17	2.000186E-18
1.148939E+04	6.151048E-17	1.969046E-18
1.152939E+04	6.029234E-17	1.934502E-18
1.156939E+04	5.913435E-17	1.898168E-18
1.160939E+04	5.804718E-17	1.861658E-18
1.164939E+04	5.704070E-17	1.826451E-18
1.168939E+04	5.612398E-17	1.793766E-18
1.172939E+04	5.530530E-17	1.764452E-18
1.176939E+04	5.459187E-17	1.738902E-18
1.180939E+04	5.398936E-17	1.717009E-18
1.184939E+04	5.350144E-17	1.698147E-18
1.188939E+04	5.312950E-17	1.681191E-18
1.192939E+04	5.287230E-17	1.664560E-18
1.196939E+04	5.272556E-17	1.646289E-18
1.200939E+04	5.268144E-17	1.624146E-18
1.204939E+04	5.272807E-17	1.595749E-18
1.208939E+04	5.284907E-17	1.558650E-18
1.212939E+04	5.302334E-17	1.510440E-18
1.216939E+04	5.322516E-17	1.448978E-18
1.220939E+04	5.342458E-17	1.372814E-18
1.224939E+04	5.358823E-17	1.281819E-18
1.228939E+04	5.368051E-17	1.178144E-18
1.232939E+04	5.366546E-17	1.067628E-18
1.236939E+04	5.350935E-17	9.616135E-19
1.240939E+04	5.318416E-17	8.780065E-19
1.244939E+04	5.267216E-17	8.376836E-19
1.248939E+04	5.197065E-17	8.525702E-19
1.252939E+04	5.109435E-17	9.151186E-19
1.256939E+04	5.007299E-17	1.004545E-18
1.260939E+04	4.894536E-17	1.100568E-18
1.264939E+04	4.775344E-17	1.189655E-18
1.268939E+04	4.653807E-17	1.264701E-18
1.272939E+04	4.533630E-17	1.323047E-18
1.276939E+04	4.418001E-17	1.364793E-18
1.280939E+04	4.309533E-17	1.391631E-18
1.284939E+04	4.210260E-17	1.406078E-18
1.288939E+04	4.121668E-17	1.410967E-18
1.292939E+04	4.044748E-17	1.409137E-18
1.296939E+04	3.980063E-17	1.403251E-18
1.300939E+04	3.927817E-17	1.395711E-18
1.304939E+04	3.887915E-17	1.388606E-18
1.308939E+04	3.860013E-17	1.383706E-18
1.312939E+04	3.843560E-17	1.382475E-18
1.316939E+04	3.837839E-17	1.386107E-18
1.320939E+04	3.842012E-17	1.395557E-18
1.324939E+04	3.855162E-17	1.411553E-18
1.328939E+04	3.876306E-17	1.434568E-18
1.332939E+04	3.904405E-17	1.464782E-18
1.336939E+04	3.938372E-17	1.502028E-18
1.340939E+04	3.977083E-17	1.545746E-18
1.344939E+04	4.019395E-17	1.594947E-18
1.348939E+04	4.064168E-17	1.648219E-18
1.352939E+04	4.110286E-17	1.703807E-18
1.356939E+04	4.156662E-17	1.759744E-18
1.360939E+04	4.202245E-17	1.814043E-18
1.364939E+04	4.246023E-17	1.864852E-18
1.368939E+04	4.287038E-17	1.910564E-18
1.372939E+04	4.324414E-17	1.949872E-18
1.376939E+04	4.357384E-17	1.981756E-18
1.380939E+04	4.385330E-17	2.005440E-18
1.384939E+04	4.407796E-17	2.020361E-18
1.388939E+04	4.424495E-17	2.026168E-18
1.392939E+04	4.435297E-17	2.022750E-18
1.396939E+04	4.440213E-17	2.010230E-18
1.400939E+04	4.439377E-17	1.988977E-18
1.404939E+04	4.433027E-17	1.959618E-18
1.408939E+04	4.421484E-17	1.923055E-18
1.412939E+04	4.405141E-17	1.880459E-18
1.416939E+04	4.384453E-17	1.833229E-18
1.420939E+04	4.359934E-17	1.782937E-18
1.424939E+04	4.332151E-17	1.731257E-18
1.428939E+04	4.301720E-17	1.679876E-18
1.432939E+04	4.269302E-17	1.630388E-18
1.436939E+04	4.235583E-17	1.584208E-18
1.440939E+04	4.201263E-17	1.542470E-18
1.444939E+04	4.167041E-17	1.505935E-18
1.448939E+04	4.133614E-17	1.474937E-18
1.452939E+04	4.101666E-17	1.449388E-18
1.456939E+04	4.071859E-17	1.428821E-18
1.460939E+04	4.044815E-17	1.412486E-18
1.464939E+04	4.021111E-17	1.399470E-18
1.468939E+04	4.001263E-17	1.388852E-18
1.472939E+04	3.985700E-17	1.379841E-18
1.476939E+04	3.974735E-17	1.371867E-18
1.480939E+04	3.968544E-17	1.364609E-18
1.484939E+04	3.967161E-17	1.357963E-18
1.488939E+04	3.970472E-17	1.351977E-18
1.492939E+04	3.978211E-17	1.346771E-18
1.496939E+04	3.989974E-17	1.342471E-18
1.500939E+04	4.005229E-17	1.339180E-18
1.504939E+04	4.023348E-17	1.336987E-18
1.508939E+04	4.043632E-17	1.335982E-18
1.512939E+04	4.065342E-17	1.336275E-18
1.516939E+04	4.087715E-17	1.337989E-18
1.520939E+04	4.109974E-17	1.341220E-18
1.524939E+04	4.131349E-17	1.345994E-18
1.528939E+04	4.151107E-17	1.352221E-18
1.532939E+04	4.168592E-17	1.359678E-18
1.536939E+04	4.183268E-17	1.368002E-18
1.540939E+04	4.194738E-17	1.376699E-18
1.544939E+04	4.202758E-17	1.385174E-18
1.548939E+04	4.207229E-17	1.392752E-18
1.552939E+04	4.208172E-17	1.398705E-18
1.556939E+04	4.205690E-17	1.402273E-18
1.560939E+04	4.199926E-17	1.402665E-18
1.564939E+04	4.191035E-17	1.399033E-18
1.568939E+04	4.179175E-17	1.390438E-18
1.572939E+04	4.164502E-17	1.375838E-18
1.576939E+04	4.147170E-17	1.354154E-18
1.580939E+04	4.127329E-17	1.324360E-18
1.584939E+04	4.105126E-17	1.285602E-18
1.588939E+04	4.080691E-17	1.237307E-18
1.592939E+04	4.054109E-17	1.179274E-18
1.596939E+04	4.025385E-17	1.111756E-18
1.600939E+04	3.994414E-17	1.035616E-18
1.604939E+04	3.960965E-17	9.526566E-19
1.608939E+04	3.924686E-17	8.662061E-19
1.612939E+04	3.885130E-17	7.819613E-19
1.616939E+04	3.841817E-17	7.087318E-19
1.620939E+04	3.794360E-17	6.578111E-19
1.624939E+04	3.742650E-17	6.388195E-19
1.628939E+04	3.687034E-17	6.530427E-19
1.632939E+04	3.628340E-17	6.918202E-19
1.636939E+04	3.567719E-17	7.426495E-19
1.640939E+04	3.506422E-17	7.952685E-19
1.644939E+04	3.445618E-17	8.433980E-19
1.648939E+04	3.386296E-17	8.840044E-19
1.652939E+04	3.329213E-17	9.161426E-19
1.656939E+04	3.274899E-17	9.400650E-19
1.660939E+04	3.223681E-17	9.566380E-19
1.664939E+04	3.175709E-17	9.669816E-19
1.668939E+04	3.130993E-17	9.722647E-19
1.672939E+04	3.089425E-17	9.736044E-19
1.676939E+04	3.050815E-17	9.720232E-19
1.680939E+04	3.014924E-17	9.684264E-19
1.684939E+04	2.981489E-17	9.635819E-19
1.688939E+04	2.950240E-17	9.581105E-19
1.692939E+04	2.920907E-17	9.524907E-19
1.696939E+04	2.893223E-17	9.470697E-19
1.700939E+04	2.866933E-17	9.420710E-19
1.704939E+04	2.841797E-17	9.376039E-19
1.708939E+04	2.817597E-17	9.336770E-19
1.712939E+04	2.794138E-17	9.302191E-19
1.716939E+04	2.771255E-17	9.271000E-19
1.720939E+04	2.748818E-17	9.241518E-19
1.724939E+04	2.726740E-17	9.211925E-19
1.728939E+04	2.704985E-17	9.180606E-19
1.732939E+04	2.683564E-17	9.146570E-19
1.736939E+04	2.662538E-17	9.109841E-19
1.740939E+04	2.642019E-17	9.071588E-19
1.744939E+04	2.622170E-17	9.033897E-19
1.748939E+04	2.603196E-17	8.999340E-19
1.752939E+04	2.585340E-17	8.970665E-19
1.756939E+04	2.568871E-17	8.950663E-19
1.760939E+04	2.554073E-17	8.942068E-19
1.764939E+04	2.541235E-17	8.947504E-19
1.768939E+04	2.530647E-17	8.969695E-19
1.772939E+04	2.522586E-17	9.011864E-19
1.776939E+04	2.517307E-17	9.077904E-19
1.780939E+04	2.515029E-17	9.172155E-19
1.784939E+04	2.515921E-17	9.299076E-19
1.788939E+04	2.520087E-17	9.462917E-19
1.792939E+04	2.527568E-17	9.667221E-19
1.796939E+04	2.538328E-17	9.914122E-19
1.800939E+04	2.552257E-17	1.020378E-18
1.804939E+04	2.569182E-17	1.053428E-18
1.808939E+04	2.588872E-17	1.090179E-18
1.812939E+04	2.611055E-17	1.130095E-18
1.816939E+04	2.635415E-17	1.172507E-18
1.820939E+04	2.661600E-17	1.216634E-18
1.824939E+04	2.689219E-17	1.261612E-18
1.828939E+04	2.717858E-17	1.306531E-18
1.832939E+04	2.747081E-17	1.350478E-18
1.836939E+04	2.776443E-17	1.392576E-18
1.840939E+04	2.805502E-17	1.432020E-18
1.844939E+04	2.833835E-17	1.468115E-18
1.848939E+04	2.861052E-17	1.500301E-18
1.852939E+04	2.886803E-17	1.528171E-18
1.856939E+04	2.910776E-17	1.551468E-18
1.860939E+04	2.932688E-17	1.570072E-18
1.864939E+04	2.952286E-17	1.583968E-18
1.868939E+04	2.969343E-17	1.593237E-18
1.872939E+04	2.983674E-17	1.598050E-18
1.876939E+04	2.995146E-17	1.598672E-18
1.880939E+04	3.003681E-17	1.595452E-18
1.884939E+04	3.009247E-17	1.588768E-18
1.888939E+04	3.011854E-17	1.578953E-18
1.892939E+04	3.011547E-17	1.566254E-18
1.896939E+04	3.008421E-17	1.550844E-18
1.900939E+04	3.002620E-17	1.532881E-18
1.904939E+04	2.994350E-17	1.512561E-18
1.908939E+04	2.983884E-17	1.490164E-18
1.912939E+04	2.971559E-17	1.466050E-18
1.916939E+04	2.957764E-17	1.440633E-18
1.920939E+04	2.942918E-17	1.414328E-18
1.924939E+04	2.927455E-17	1.387530E-18
1.928939E+04	2.911806E-17	1.360610E-18
1.932939E+04	2.896391E-17	1.333915E-18
1.936939E+04	2.881601E-17	1.307770E-18
1.940939E+04	2.867781E-17	1.282456E-18
1.944939E+04	2.855215E-17	1.258187E-18
1.948939E+04	2.844122E-17	1.235088E-18
1.952939E+04	2.834654E-17	1.213217E-18
1.956939E+04	2.826901E-17	1.192616E-18
1.960939E+04	2.820889E-17	1.173377E-18
1.964939E+04	2.816587E-17	1.155654E-18
1.968939E+04	2.813896E-17	1.139660E-18
1.972939E+04	2.812652E-17	1.125636E-18
1.976939E+04	2.812636E-17	1.113812E-18
1.980939E+04	2.813594E-17	1.104352E-18
1.984939E+04	2.815247E-17	1.097266E-18
1.988939E+04	2.817320E-17	1.092327E-18
1.992939E+04	2.819547E-17	1.089025E-18
1.996939E+04	2.821685E-17	1.086600E-18
2.000939E+04	2.823502E-17	1.084144E-18
2.004939E+04	2.824777E-17	1.080756E-18
2.008939E+04	2.825287E-17	1.075707E-18
2.012939E+04	2.824798E-17	1.068576E-18
2.016939E+04	2.823061E-17	1.059325E-18
2.020939E+04	2.819812E-17	1.048310E-18
2.024939E+04	2.814779E-17	1.036205E-18
2.028939E+04	2.807699E-17	1.023852E-18
2.032939E+04	2.798346E-17	1.012054E-18
2.036939E+04	2.786562E-17	1.001391E-18
2.040939E+04	2.772284E-17	9.921025E-19
2.044939E+04	2.755560E-17	9.840531E-19
2.048939E+04	2.736549E-17	9.767842E-19
2.052939E+04	2.715502E-17	9.696405E-19
2.056939E+04	2.692725E-17	9.619377E-19
2.060939E+04	2.668548E-17	9.531172E-19
2.064939E+04	2.643290E-17	9.428391E-19
2.068939E+04	2.617237E-17	9.310097E-19
2.072939E+04	2.590632E-17	9.177590E-19
2.076939E+04	2.563663E-17	9.033810E-19
2.080939E+04	2.536471E-17	8.882407E-19
2.084939E+04	2.509157E-17	8.726754E-19
2.088939E+04	2.481799E-17	8.569254E-19
2.092939E+04	2.454467E-17	8.411000E-19
2.096939E+04	2.427227E-17	8.251649E-19
2.100939E+04	2.400150E-17	8.089485E-19
2.104939E+04	2.373313E-17	7.921866E-19
2.108939E+04	2.346793E-17	7.746112E-19
2.112939E+04	2.320660E-17	7.560554E-19
2.116939E+04	2.294980E-17	7.365301E-19
2.120939E+04	2.269817E-17	7.162523E-19
2.124939E+04	2.245247E-17	6.956442E-19
2.128939E+04	2.221378E-17	6.753336E-19
2.132939E+04	2.198360E-17	6.561589E-19
2.136939E+04	2.176398E-17	6.391551E-19
2.140939E+04	2.155739E-17	6.254836E-19
2.144939E+04	2.136655E-17	6.162716E-19
2.148939E+04	2.119382E-17	6.123396E-19
2.152939E+04	2.103981E-17	6.137543E-19
2.156939E+04	2.090266E-17	6.196606E-19
2.160939E+04	2.077932E-17	6.288186E-19
2.164939E+04	2.066646E-17	6.399859E-19
2.168939E+04	2.056073E-17	6.521003E-19
2.172939E+04	2.045896E-17	6.643494E-19
2.176939E+04	2.035816E-17	6.761736E-19
2.180939E+04	2.025561E-17	6.872351E-19
2.184939E+04	2.014886E-17	6.973672E-19
2.188939E+04	2.003583E-17	7.065145E-19
2.192939E+04	1.991482E-17	7.146785E-19
2.196939E+04	1.978450E-17	7.218928E-19
2.200939E+04	1.964381E-17	7.282293E-19
2.204939E+04	1.949188E-17	7.338204E-19
2.208939E+04	1.932804E-17	7.388687E-19
2.212939E+04	1.915188E-17	7.436275E-19
2.216939E+04	1.896337E-17	7.483587E-19
2.220939E+04	1.876285E-17	7.532864E-19
2.224939E+04	1.855108E-17	7.585673E-19
2.228939E+04	1.832915E-17	7.642908E-19
2.232939E+04	1.809850E-17	7.705006E-19
2.236939E+04	1.786082E-17	7.772166E-19
2.240939E+04	1.761801E-17	7.844380E-19
2.244939E+04	1.737213E-17	7.921346E-19
2.248939E+04	1.712530E-17	8.002462E-19
2.252939E+04	1.687970E-17	8.086910E-19
2.256939E+04	1.663752E-17	8.173704E-19
2.260939E+04	1.640093E-17	8.261733E-19
2.264939E+04	1.617201E-17	8.349851E-19
2.268939E+04	1.595269E-17	8.437018E-19
2.272939E+04	1.574471E-17	8.522426E-19
2.276939E+04	1.554959E-17	8.605582E-19
2.280939E+04	1.536858E-17	8.686344E-19
2.284939E+04	1.520263E-17	8.764903E-19
2.288939E+04	1.505231E-17	8.841717E-19
2.292939E+04	1.491785E-17	8.917449E-19
2.296939E+04	1.479930E-17	8.992927E-19
2.300939E+04	1.469650E-17	9.069055E-19
2.304939E+04	1.460911E-17	9.146666E-19
2.308939E+04	1.453660E-17	9.226416E-19
2.312939E+04	1.447831E-17	9.308797E-19
2.316939E+04	1.443351E-17	9.394205E-19
2.320939E+04	1.440153E-17	9.482996E-19
2.324939E+04	1.438175E-17	9.575504E-19
2.328939E+04	1.437361E-17	9.672039E-19
2.332939E+04	1.437663E-17	9.772900E-19
2.336939E+04	1.439034E-17	9.878374E-19
2.340939E+04	1.441434E-17	9.988749E-19
2.344939E+04	1.444817E-17	1.010429E-18
2.348939E+04	1.449136E-17	1.022524E-18
2.352939E+04	1.454335E-17	1.035179E-18
2.356939E+04	1.460352E-17	1.048408E-18
2.360939E+04	1.467120E-17	1.062228E-18
2.364939E+04	1.474567E-17	1.076668E-18
2.368939E+04	1.482622E-17	1.091777E-18
2.372939E+04	1.491215E-17	1.107641E-18
2.376939E+04	1.500274E-17	1.124383E-18
2.380939E+04	1.509730E-17	1.142177E-18
2.384939E+04	1.519511E-17	1.161255E-18
2.388939E+04	1.529544E-17	1.181909E-18
2.392939E+04	1.539751E-17	1.204500E-18
2.396939E+04	1.550052E-17	1.229452E-18
2.400939E+04	1.560363E-17	1.257250E-18
2.404939E+04	1.570597E-17	1.288430E-18
2.408939E+04	1.580663E-17	1.323560E-18
2.412939E+04	1.590470E-17	1.363216E-18
2.416939E+04	1.599932E-17	1.407949E-18
2.420939E+04	1.608969E-17	1.458255E-18
2.424939E+04	1.617517E-17	1.514539E-18
2.428939E+04	1.625527E-17	1.577102E-18
2.432939E+04	1.632968E-17	1.646121E-18
2.436939E+04	1.639823E-17	1.721661E-18
2.440939E+04	1.646093E-17	1.803671E-18
2.444939E+04	1.651791E-17	1.892002E-18
2.448939E+04	1.656943E-17	1.986419E-18
