#wls	flux	fluxerr
1.600000E+03	4.063715E-18	3.836467E-18
1.640000E+03	4.173290E-18	3.886350E-18
1.680000E+03	4.289821E-18	3.938420E-18
1.720000E+03	4.415160E-18	3.993952E-18
1.760000E+03	4.549088E-18	4.052259E-18
1.800000E+03	4.692176E-18	4.113343E-18
1.840000E+03	4.845366E-18	4.177478E-18
1.880000E+03	5.008759E-18	4.244152E-18
1.920000E+03	5.182827E-18	4.313135E-18
1.960000E+03	5.367998E-18	4.384119E-18
2.000000E+03	5.563873E-18	4.456084E-18
2.040000E+03	5.771198E-18	4.528920E-18
2.080000E+03	5.988713E-18	4.600909E-18
2.120000E+03	6.215142E-18	4.670391E-18
2.160000E+03	6.449576E-18	4.736052E-18
2.200000E+03	6.689934E-18	4.795793E-18
2.240000E+03	6.932997E-18	4.846866E-18
2.280000E+03	7.178591E-18	4.888831E-18
2.320000E+03	7.425737E-18	4.920743E-18
2.360000E+03	7.676377E-18	4.943623E-18
2.400000E+03	7.932674E-18	4.958505E-18
2.440000E+03	8.196619E-18	4.966172E-18
2.480000E+03	8.470370E-18	4.967372E-18
2.520000E+03	8.754440E-18	4.961774E-18
2.560000E+03	9.050566E-18	4.949702E-18
2.600000E+03	9.358482E-18	4.930319E-18
2.640000E+03	9.678064E-18	4.902924E-18
2.680000E+03	1.000828E-17	4.866428E-18
2.720000E+03	1.034820E-17	4.819951E-18
2.760000E+03	1.069604E-17	4.762359E-18
2.800000E+03	1.104943E-17	4.692534E-18
2.840000E+03	1.140649E-17	4.609840E-18
2.880000E+03	1.176480E-17	4.513712E-18
2.920000E+03	1.212268E-17	4.404194E-18
2.960000E+03	1.247879E-17	4.281752E-18
3.000000E+03	1.283215E-17	4.147246E-18
3.010000E+03	1.291989E-17	4.111843E-18
3.020000E+03	1.300740E-17	4.075786E-18
3.030000E+03	1.309462E-17	4.039082E-18
3.040000E+03	1.318178E-17	4.001826E-18
3.050000E+03	1.326852E-17	3.963938E-18
3.060000E+03	1.335477E-17	3.925433E-18
3.070000E+03	1.344104E-17	3.886489E-18
3.080000E+03	1.352669E-17	3.846954E-18
3.090000E+03	1.361221E-17	3.807005E-18
3.100000E+03	1.369725E-17	3.766578E-18
3.110000E+03	1.378175E-17	3.725694E-18
3.120000E+03	1.386619E-17	3.684522E-18
3.130000E+03	1.394994E-17	3.642935E-18
3.140000E+03	1.403320E-17	3.601033E-18
3.150000E+03	1.411592E-17	3.558841E-18
3.160000E+03	1.419828E-17	3.516456E-18
3.170000E+03	1.427994E-17	3.473841E-18
3.180000E+03	1.436111E-17	3.431094E-18
3.190000E+03	1.444170E-17	3.388250E-18
3.200000E+03	1.452140E-17	3.345285E-18
3.210000E+03	1.460039E-17	3.302303E-18
3.220000E+03	1.467886E-17	3.259404E-18
3.230000E+03	1.475624E-17	3.216519E-18
3.240000E+03	1.483296E-17	3.173808E-18
3.250000E+03	1.490848E-17	3.131214E-18
3.260000E+03	1.498346E-17	3.088950E-18
3.270000E+03	1.505712E-17	3.046915E-18
3.280000E+03	1.512965E-17	3.005219E-18
3.290000E+03	1.520125E-17	2.963972E-18
3.300000E+03	1.527163E-17	2.923184E-18
3.310000E+03	1.534099E-17	2.882964E-18
3.320000E+03	1.540885E-17	2.843284E-18
3.330000E+03	1.547542E-17	2.804252E-18
3.340000E+03	1.554071E-17	2.765930E-18
3.350000E+03	1.560471E-17	2.728376E-18
3.360000E+03	1.566744E-17	2.691648E-18
3.370000E+03	1.572872E-17	2.655764E-18
3.380000E+03	1.578858E-17	2.620775E-18
3.390000E+03	1.584707E-17	2.586732E-18
3.400000E+03	1.590426E-17	2.553679E-18
3.410000E+03	1.596001E-17	2.521621E-18
3.420000E+03	1.601440E-17	2.490596E-18
3.430000E+03	1.606752E-17	2.460632E-18
3.440000E+03	1.611927E-17	2.431725E-18
3.450000E+03	1.616976E-17	2.403895E-18
3.460000E+03	1.621911E-17	2.377157E-18
3.470000E+03	1.626706E-17	2.351465E-18
3.480000E+03	1.631395E-17	2.326854E-18
3.490000E+03	1.635974E-17	2.303300E-18
3.500000E+03	1.640440E-17	2.280773E-18
3.510000E+03	1.644811E-17	2.259271E-18
3.520000E+03	1.649067E-17	2.238731E-18
3.530000E+03	1.653229E-17	2.219146E-18
3.540000E+03	1.657297E-17	2.200478E-18
3.550000E+03	1.661275E-17	2.182686E-18
3.560000E+03	1.665167E-17	2.165732E-18
3.570000E+03	1.668975E-17	2.149572E-18
3.580000E+03	1.672686E-17	2.134141E-18
3.590000E+03	1.676325E-17	2.119422E-18
3.600000E+03	1.679878E-17	2.105348E-18
3.610000E+03	1.683370E-17	2.091900E-18
3.620000E+03	1.686773E-17	2.078992E-18
3.630000E+03	1.690129E-17	2.066628E-18
3.640000E+03	1.693392E-17	2.054704E-18
3.650000E+03	1.696590E-17	2.043203E-18
3.660000E+03	1.699713E-17	2.032071E-18
3.670000E+03	1.702789E-17	2.021291E-18
3.680000E+03	1.705792E-17	2.010792E-18
3.690000E+03	1.708750E-17	2.000563E-18
3.700000E+03	1.711655E-17	1.990554E-18
3.710000E+03	1.714534E-17	1.980756E-18
3.720000E+03	1.717380E-17	1.971122E-18
3.730000E+03	1.720234E-17	1.961665E-18
3.740000E+03	1.723071E-17	1.952320E-18
3.750000E+03	1.725932E-17	1.943100E-18
3.760000E+03	1.728821E-17	1.933979E-18
3.770000E+03	1.731762E-17	1.924953E-18
3.780000E+03	1.734758E-17	1.915996E-18
3.790000E+03	1.737844E-17	1.907122E-18
3.800000E+03	1.741007E-17	1.898291E-18
3.810000E+03	1.744281E-17	1.889516E-18
3.820000E+03	1.747683E-17	1.880795E-18
3.830000E+03	1.751228E-17	1.872124E-18
3.840000E+03	1.754932E-17	1.863501E-18
3.850000E+03	1.758794E-17	1.854907E-18
3.860000E+03	1.762859E-17	1.846373E-18
3.870000E+03	1.767140E-17	1.837894E-18
3.880000E+03	1.771634E-17	1.829452E-18
3.890000E+03	1.776369E-17	1.821057E-18
3.900000E+03	1.781354E-17	1.812704E-18
3.910000E+03	1.786616E-17	1.804400E-18
3.920000E+03	1.792147E-17	1.796122E-18
3.930000E+03	1.797987E-17	1.787889E-18
3.940000E+03	1.804126E-17	1.779674E-18
3.950000E+03	1.810600E-17	1.771493E-18
3.960000E+03	1.817400E-17	1.763315E-18
3.970000E+03	1.824527E-17	1.755121E-18
3.980000E+03	1.832017E-17	1.746923E-18
3.990000E+03	1.839854E-17	1.738683E-18
4.000000E+03	1.848055E-17	1.730396E-18
4.010000E+03	1.856619E-17	1.722037E-18
4.020000E+03	1.865560E-17	1.713597E-18
4.030000E+03	1.874878E-17	1.705050E-18
4.040000E+03	1.884570E-17	1.696372E-18
4.050000E+03	1.894650E-17	1.687551E-18
4.060000E+03	1.905131E-17	1.678577E-18
4.070000E+03	1.915981E-17	1.669396E-18
4.080000E+03	1.927243E-17	1.660027E-18
4.090000E+03	1.938887E-17	1.650418E-18
4.100000E+03	1.950941E-17	1.640573E-18
4.110000E+03	1.963391E-17	1.630455E-18
4.120000E+03	1.976252E-17	1.620054E-18
4.130000E+03	1.989526E-17	1.609348E-18
4.140000E+03	2.003215E-17	1.598313E-18
4.150000E+03	2.017323E-17	1.586928E-18
4.160000E+03	2.031854E-17	1.575172E-18
4.170000E+03	2.046831E-17	1.563037E-18
4.180000E+03	2.062260E-17	1.550508E-18
4.190000E+03	2.078135E-17	1.537557E-18
4.200000E+03	2.094465E-17	1.524178E-18
4.210000E+03	2.111261E-17	1.510368E-18
4.220000E+03	2.128554E-17	1.496149E-18
4.230000E+03	2.146342E-17	1.481524E-18
4.240000E+03	2.164639E-17	1.466526E-18
4.250000E+03	2.183448E-17	1.451187E-18
4.260000E+03	2.202804E-17	1.435584E-18
4.270000E+03	2.222713E-17	1.419788E-18
4.280000E+03	2.243198E-17	1.403906E-18
4.290000E+03	2.264286E-17	1.388069E-18
4.300000E+03	2.285970E-17	1.372414E-18
4.310000E+03	2.308321E-17	1.357153E-18
4.320000E+03	2.331339E-17	1.342483E-18
4.330000E+03	2.355063E-17	1.328654E-18
4.340000E+03	2.379520E-17	1.315936E-18
4.350000E+03	2.404797E-17	1.304656E-18
4.360000E+03	2.430888E-17	1.295107E-18
4.370000E+03	2.457884E-17	1.287639E-18
4.380000E+03	2.485842E-17	1.282575E-18
4.390000E+03	2.514830E-17	1.280211E-18
4.400000E+03	2.544935E-17	1.280795E-18
4.410000E+03	2.576207E-17	1.284470E-18
4.420000E+03	2.608721E-17	1.291288E-18
4.430000E+03	2.642446E-17	1.301129E-18
4.440000E+03	2.677418E-17	1.313803E-18
4.450000E+03	2.713590E-17	1.328981E-18
4.460000E+03	2.750925E-17	1.346275E-18
4.470000E+03	2.789425E-17	1.365269E-18
4.480000E+03	2.828966E-17	1.385460E-18
4.490000E+03	2.869563E-17	1.406404E-18
4.500000E+03	2.911083E-17	1.427587E-18
4.510000E+03	2.953511E-17	1.448564E-18
4.520000E+03	2.996753E-17	1.468872E-18
4.530000E+03	3.040737E-17	1.488083E-18
4.540000E+03	3.085386E-17	1.505793E-18
4.550000E+03	3.130562E-17	1.521598E-18
4.560000E+03	3.176233E-17	1.535180E-18
4.570000E+03	3.222247E-17	1.546197E-18
4.580000E+03	3.268501E-17	1.554371E-18
4.590000E+03	3.314886E-17	1.559458E-18
4.600000E+03	3.361282E-17	1.561257E-18
4.610000E+03	3.407531E-17	1.559595E-18
4.620000E+03	3.453463E-17	1.554348E-18
4.630000E+03	3.498929E-17	1.545461E-18
4.640000E+03	3.543768E-17	1.532944E-18
4.650000E+03	3.587813E-17	1.516879E-18
4.660000E+03	3.630817E-17	1.497403E-18
4.670000E+03	3.672623E-17	1.474796E-18
4.680000E+03	3.713000E-17	1.449417E-18
4.690000E+03	3.751707E-17	1.421753E-18
4.700000E+03	3.788529E-17	1.392439E-18
4.710000E+03	3.823215E-17	1.362240E-18
4.720000E+03	3.855506E-17	1.332065E-18
4.730000E+03	3.885151E-17	1.302949E-18
4.740000E+03	3.911903E-17	1.276028E-18
4.750000E+03	3.935539E-17	1.252475E-18
4.760000E+03	3.955870E-17	1.233415E-18
4.770000E+03	3.972760E-17	1.219817E-18
4.780000E+03	3.986102E-17	1.212352E-18
4.790000E+03	3.995954E-17	1.211158E-18
4.800000E+03	4.002353E-17	1.215672E-18
4.810000E+03	4.005567E-17	1.225032E-18
4.820000E+03	4.005772E-17	1.238152E-18
4.830000E+03	4.003308E-17	1.253923E-18
4.840000E+03	3.998503E-17	1.271280E-18
4.850000E+03	3.991626E-17	1.289250E-18
4.860000E+03	3.983102E-17	1.307071E-18
4.870000E+03	3.973236E-17	1.324113E-18
4.880000E+03	3.962395E-17	1.339933E-18
4.890000E+03	3.950774E-17	1.354184E-18
4.900000E+03	3.938776E-17	1.366723E-18
4.910000E+03	3.926582E-17	1.377443E-18
4.920000E+03	3.914464E-17	1.386362E-18
4.930000E+03	3.902585E-17	1.393535E-18
4.940000E+03	3.891159E-17	1.399089E-18
4.950000E+03	3.880257E-17	1.403141E-18
4.960000E+03	3.870041E-17	1.405867E-18
4.970000E+03	3.860650E-17	1.407450E-18
4.980000E+03	3.852085E-17	1.408024E-18
4.990000E+03	3.844405E-17	1.407743E-18
5.000000E+03	3.837691E-17	1.406755E-18
5.010000E+03	3.831968E-17	1.405175E-18
5.020000E+03	3.827168E-17	1.403064E-18
5.030000E+03	3.823329E-17	1.400503E-18
5.040000E+03	3.820436E-17	1.397537E-18
5.050000E+03	3.818467E-17	1.394196E-18
5.060000E+03	3.817357E-17	1.390485E-18
5.070000E+03	3.817076E-17	1.386418E-18
5.080000E+03	3.817637E-17	1.382028E-18
5.090000E+03	3.818943E-17	1.377311E-18
5.100000E+03	3.821017E-17	1.372313E-18
5.110000E+03	3.823814E-17	1.367056E-18
5.120000E+03	3.827337E-17	1.361578E-18
5.130000E+03	3.831591E-17	1.355914E-18
5.140000E+03	3.836587E-17	1.350094E-18
5.150000E+03	3.842299E-17	1.344131E-18
5.160000E+03	3.848774E-17	1.338062E-18
5.170000E+03	3.855945E-17	1.331889E-18
5.180000E+03	3.863851E-17	1.325660E-18
5.190000E+03	3.872450E-17	1.319408E-18
5.200000E+03	3.881729E-17	1.313191E-18
5.210000E+03	3.891668E-17	1.307079E-18
5.220000E+03	3.902233E-17	1.301157E-18
5.230000E+03	3.913306E-17	1.295490E-18
5.240000E+03	3.924912E-17	1.290207E-18
5.250000E+03	3.936874E-17	1.285376E-18
5.260000E+03	3.949204E-17	1.281136E-18
5.270000E+03	3.961752E-17	1.277569E-18
5.280000E+03	3.974483E-17	1.274795E-18
5.290000E+03	3.987279E-17	1.272895E-18
5.300000E+03	4.000021E-17	1.271938E-18
5.310000E+03	4.012666E-17	1.271994E-18
5.320000E+03	4.025048E-17	1.273067E-18
5.330000E+03	4.037116E-17	1.275172E-18
5.340000E+03	4.048734E-17	1.278261E-18
5.350000E+03	4.059763E-17	1.282256E-18
5.360000E+03	4.070100E-17	1.287057E-18
5.370000E+03	4.079640E-17	1.292534E-18
5.380000E+03	4.088282E-17	1.298525E-18
5.390000E+03	4.095847E-17	1.304815E-18
5.400000E+03	4.102289E-17	1.311207E-18
5.410000E+03	4.107498E-17	1.317468E-18
5.420000E+03	4.111471E-17	1.323402E-18
5.430000E+03	4.114113E-17	1.328800E-18
5.440000E+03	4.115574E-17	1.333560E-18
5.450000E+03	4.115960E-17	1.337610E-18
5.460000E+03	4.115623E-17	1.341001E-18
5.470000E+03	4.114622E-17	1.343730E-18
5.480000E+03	4.112840E-17	1.345772E-18
5.490000E+03	4.110269E-17	1.347165E-18
5.500000E+03	4.107040E-17	1.348017E-18
5.510000E+03	4.103461E-17	1.348503E-18
5.520000E+03	4.099632E-17	1.348738E-18
5.530000E+03	4.095890E-17	1.348908E-18
5.540000E+03	4.092351E-17	1.349116E-18
5.550000E+03	4.089226E-17	1.349468E-18
5.560000E+03	4.086692E-17	1.350036E-18
5.570000E+03	4.084894E-17	1.350850E-18
5.580000E+03	4.083858E-17	1.351882E-18
5.590000E+03	4.083664E-17	1.353112E-18
5.600000E+03	4.084365E-17	1.354510E-18
5.610000E+03	4.085949E-17	1.356032E-18
5.620000E+03	4.088380E-17	1.357632E-18
5.630000E+03	4.091686E-17	1.359292E-18
5.640000E+03	4.095749E-17	1.360947E-18
5.650000E+03	4.100517E-17	1.362556E-18
5.660000E+03	4.105882E-17	1.364053E-18
5.670000E+03	4.111768E-17	1.365383E-18
5.680000E+03	4.118051E-17	1.366473E-18
5.690000E+03	4.124603E-17	1.367254E-18
5.700000E+03	4.131344E-17	1.367679E-18
5.710000E+03	4.138201E-17	1.367713E-18
5.720000E+03	4.145022E-17	1.367312E-18
5.730000E+03	4.151758E-17	1.366471E-18
5.740000E+03	4.158335E-17	1.365189E-18
5.750000E+03	4.164699E-17	1.363474E-18
5.760000E+03	4.170906E-17	1.361371E-18
5.770000E+03	4.176857E-17	1.358874E-18
5.780000E+03	4.182653E-17	1.356041E-18
5.790000E+03	4.188283E-17	1.352889E-18
5.800000E+03	4.193840E-17	1.349470E-18
5.810000E+03	4.199388E-17	1.345830E-18
5.820000E+03	4.205001E-17	1.342019E-18
5.830000E+03	4.210808E-17	1.338112E-18
5.840000E+03	4.216851E-17	1.334161E-18
5.850000E+03	4.223262E-17	1.330254E-18
5.860000E+03	4.230124E-17	1.326469E-18
5.870000E+03	4.237468E-17	1.322868E-18
5.880000E+03	4.245453E-17	1.319554E-18
5.890000E+03	4.254039E-17	1.316555E-18
5.900000E+03	4.263360E-17	1.313944E-18
5.910000E+03	4.273396E-17	1.311722E-18
5.920000E+03	4.284164E-17	1.309878E-18
5.930000E+03	4.295722E-17	1.308387E-18
5.940000E+03	4.307976E-17	1.307153E-18
5.950000E+03	4.320979E-17	1.306097E-18
5.960000E+03	4.334782E-17	1.305123E-18
5.970000E+03	4.349292E-17	1.304081E-18
5.980000E+03	4.364559E-17	1.302862E-18
5.990000E+03	4.380585E-17	1.301349E-18
6.000000E+03	4.397314E-17	1.299420E-18
6.010000E+03	4.414738E-17	1.296986E-18
6.020000E+03	4.432840E-17	1.293971E-18
6.030000E+03	4.451549E-17	1.290303E-18
6.040000E+03	4.470839E-17	1.285935E-18
6.050000E+03	4.490735E-17	1.280849E-18
6.060000E+03	4.511047E-17	1.274975E-18
6.070000E+03	4.531848E-17	1.268331E-18
6.080000E+03	4.552936E-17	1.260872E-18
6.090000E+03	4.574370E-17	1.252637E-18
6.100000E+03	4.595929E-17	1.243604E-18
6.110000E+03	4.617591E-17	1.233818E-18
6.120000E+03	4.639153E-17	1.223287E-18
6.130000E+03	4.660563E-17	1.212076E-18
6.140000E+03	4.681584E-17	1.200225E-18
6.150000E+03	4.702024E-17	1.187830E-18
6.160000E+03	4.721801E-17	1.175079E-18
6.170000E+03	4.740664E-17	1.162209E-18
6.180000E+03	4.758544E-17	1.149605E-18
6.190000E+03	4.775329E-17	1.137760E-18
6.200000E+03	4.790929E-17	1.127273E-18
6.210000E+03	4.805276E-17	1.118827E-18
6.220000E+03	4.818449E-17	1.113164E-18
6.230000E+03	4.830429E-17	1.110958E-18
6.240000E+03	4.841287E-17	1.112767E-18
6.250000E+03	4.851129E-17	1.118705E-18
6.260000E+03	4.860222E-17	1.128364E-18
6.270000E+03	4.868606E-17	1.141097E-18
6.280000E+03	4.876457E-17	1.156227E-18
6.290000E+03	4.884022E-17	1.173102E-18
6.300000E+03	4.891490E-17	1.191118E-18
6.310000E+03	4.898977E-17	1.209748E-18
6.320000E+03	4.906596E-17	1.228567E-18
6.330000E+03	4.914579E-17	1.247285E-18
6.340000E+03	4.922950E-17	1.265650E-18
6.350000E+03	4.931852E-17	1.283519E-18
6.360000E+03	4.941348E-17	1.300790E-18
6.370000E+03	4.951488E-17	1.317409E-18
6.380000E+03	4.962310E-17	1.333357E-18
6.390000E+03	4.973840E-17	1.348646E-18
6.400000E+03	4.986093E-17	1.363311E-18
6.410000E+03	4.999004E-17	1.377389E-18
6.420000E+03	5.012645E-17	1.390972E-18
6.430000E+03	5.027011E-17	1.404148E-18
6.440000E+03	5.042173E-17	1.417030E-18
6.450000E+03	5.058205E-17	1.429734E-18
6.460000E+03	5.075034E-17	1.442323E-18
6.470000E+03	5.092818E-17	1.454909E-18
6.480000E+03	5.111567E-17	1.467538E-18
6.490000E+03	5.131372E-17	1.480256E-18
6.500000E+03	5.152167E-17	1.493037E-18
6.510000E+03	5.174122E-17	1.505902E-18
6.520000E+03	5.197167E-17	1.518793E-18
6.530000E+03	5.221389E-17	1.531691E-18
6.540000E+03	5.246706E-17	1.544536E-18
6.550000E+03	5.273197E-17	1.557325E-18
6.560000E+03	5.300934E-17	1.570072E-18
6.570000E+03	5.329730E-17	1.582734E-18
6.580000E+03	5.359642E-17	1.595353E-18
6.590000E+03	5.390718E-17	1.607982E-18
6.600000E+03	5.422738E-17	1.620600E-18
6.610000E+03	5.455815E-17	1.633282E-18
6.620000E+03	5.489701E-17	1.645993E-18
6.630000E+03	5.524493E-17	1.658793E-18
6.640000E+03	5.559918E-17	1.671624E-18
6.650000E+03	5.595974E-17	1.684502E-18
6.660000E+03	5.632567E-17	1.697413E-18
6.670000E+03	5.669514E-17	1.710318E-18
6.680000E+03	5.706830E-17	1.723234E-18
6.690000E+03	5.744352E-17	1.736134E-18
6.700000E+03	5.782029E-17	1.749027E-18
6.710000E+03	5.819929E-17	1.761964E-18
6.720000E+03	5.857937E-17	1.774943E-18
6.730000E+03	5.895953E-17	1.787968E-18
6.740000E+03	5.934193E-17	1.801131E-18
6.750000E+03	5.972476E-17	1.814397E-18
6.760000E+03	6.010933E-17	1.827816E-18
6.770000E+03	6.049592E-17	1.841390E-18
6.780000E+03	6.088373E-17	1.855077E-18
6.790000E+03	6.127295E-17	1.868854E-18
6.800000E+03	6.166366E-17	1.882680E-18
6.810000E+03	6.205698E-17	1.896540E-18
6.820000E+03	6.245163E-17	1.910335E-18
6.830000E+03	6.284611E-17	1.923948E-18
6.840000E+03	6.324100E-17	1.937320E-18
6.850000E+03	6.363555E-17	1.950341E-18
6.860000E+03	6.402884E-17	1.962890E-18
6.870000E+03	6.441861E-17	1.974807E-18
6.880000E+03	6.480363E-17	1.985975E-18
6.890000E+03	6.518384E-17	1.996331E-18
6.900000E+03	6.555671E-17	2.005765E-18
6.910000E+03	6.592092E-17	2.014229E-18
6.920000E+03	6.627522E-17	2.021706E-18
6.930000E+03	6.661841E-17	2.028200E-18
6.940000E+03	6.694942E-17	2.033733E-18
6.950000E+03	6.726726E-17	2.038336E-18
6.960000E+03	6.756979E-17	2.042005E-18
6.970000E+03	6.785625E-17	2.044776E-18
6.980000E+03	6.812731E-17	2.046724E-18
6.990000E+03	6.838247E-17	2.047887E-18
7.000000E+03	6.861862E-17	2.048226E-18
7.010000E+03	6.883807E-17	2.047871E-18
7.020000E+03	6.903917E-17	2.046841E-18
7.030000E+03	6.922169E-17	2.045211E-18
7.040000E+03	6.938410E-17	2.043031E-18
7.050000E+03	6.952770E-17	2.040445E-18
7.060000E+03	6.965256E-17	2.037574E-18
7.070000E+03	6.975894E-17	2.034545E-18
7.080000E+03	6.984592E-17	2.031447E-18
7.090000E+03	6.991422E-17	2.028406E-18
7.100000E+03	6.996626E-17	2.025574E-18
7.110000E+03	7.000196E-17	2.022993E-18
7.120000E+03	7.002155E-17	2.020677E-18
7.130000E+03	7.002976E-17	2.018719E-18
7.140000E+03	7.002734E-17	2.017050E-18
7.150000E+03	7.001666E-17	2.015601E-18
7.160000E+03	6.999877E-17	2.014228E-18
7.170000E+03	6.997764E-17	2.012843E-18
7.180000E+03	6.995583E-17	2.011301E-18
7.190000E+03	6.993443E-17	2.009406E-18
7.200000E+03	6.991582E-17	2.007004E-18
7.210000E+03	6.990369E-17	2.003987E-18
7.220000E+03	6.989859E-17	2.000173E-18
7.230000E+03	6.990224E-17	1.995436E-18
7.240000E+03	6.991598E-17	1.989662E-18
7.250000E+03	6.994078E-17	1.982758E-18
7.260000E+03	6.997566E-17	1.974615E-18
7.270000E+03	7.002362E-17	1.965284E-18
7.280000E+03	7.008280E-17	1.954731E-18
7.290000E+03	7.014947E-17	1.942927E-18
7.300000E+03	7.022691E-17	1.930094E-18
7.310000E+03	7.030924E-17	1.916253E-18
7.320000E+03	7.039780E-17	1.901661E-18
7.330000E+03	7.048934E-17	1.886475E-18
7.340000E+03	7.058208E-17	1.870903E-18
7.350000E+03	7.067276E-17	1.855112E-18
7.360000E+03	7.075972E-17	1.839295E-18
7.370000E+03	7.084146E-17	1.823626E-18
7.380000E+03	7.091667E-17	1.808253E-18
7.390000E+03	7.098121E-17	1.793221E-18
7.400000E+03	7.103574E-17	1.778660E-18
7.410000E+03	7.107655E-17	1.764551E-18
7.420000E+03	7.110169E-17	1.750874E-18
7.430000E+03	7.110941E-17	1.737566E-18
7.440000E+03	7.110125E-17	1.724585E-18
7.450000E+03	7.107737E-17	1.711798E-18
7.460000E+03	7.104121E-17	1.699085E-18
7.470000E+03	7.099643E-17	1.686263E-18
7.480000E+03	7.094215E-17	1.672979E-18
7.490000E+03	7.088085E-17	1.658907E-18
7.500000E+03	7.081678E-17	1.643725E-18
7.510000E+03	7.074808E-17	1.626962E-18
7.520000E+03	7.067932E-17	1.608313E-18
7.530000E+03	7.061199E-17	1.587455E-18
7.540000E+03	7.054766E-17	1.564150E-18
7.550000E+03	7.048791E-17	1.538278E-18
7.560000E+03	7.043434E-17	1.509877E-18
7.570000E+03	7.039014E-17	1.479212E-18
7.580000E+03	7.035533E-17	1.446723E-18
7.590000E+03	7.033314E-17	1.413201E-18
7.600000E+03	7.032363E-17	1.379700E-18
7.610000E+03	7.033018E-17	1.347692E-18
7.620000E+03	7.035463E-17	1.318961E-18
7.630000E+03	7.039727E-17	1.295533E-18
7.640000E+03	7.046168E-17	1.279612E-18
7.650000E+03	7.054978E-17	1.273220E-18
7.660000E+03	7.066130E-17	1.277545E-18
7.670000E+03	7.079799E-17	1.291913E-18
7.680000E+03	7.095763E-17	1.314698E-18
7.690000E+03	7.114276E-17	1.344155E-18
7.700000E+03	7.134895E-17	1.378454E-18
7.710000E+03	7.157664E-17	1.416070E-18
7.720000E+03	7.182275E-17	1.455694E-18
7.730000E+03	7.208748E-17	1.496378E-18
7.740000E+03	7.236927E-17	1.537403E-18
7.750000E+03	7.266647E-17	1.578267E-18
7.760000E+03	7.297564E-17	1.618600E-18
7.770000E+03	7.329679E-17	1.658234E-18
7.780000E+03	7.362815E-17	1.697062E-18
7.790000E+03	7.396609E-17	1.734998E-18
7.800000E+03	7.431055E-17	1.772078E-18
7.810000E+03	7.465785E-17	1.808267E-18
7.820000E+03	7.500794E-17	1.843612E-18
7.830000E+03	7.535532E-17	1.878004E-18
7.840000E+03	7.570384E-17	1.911540E-18
7.850000E+03	7.604637E-17	1.944011E-18
7.860000E+03	7.638340E-17	1.975372E-18
7.870000E+03	7.671188E-17	2.005473E-18
7.880000E+03	7.703282E-17	2.034257E-18
7.890000E+03	7.734364E-17	2.061581E-18
7.900000E+03	7.764192E-17	2.087318E-18
7.910000E+03	7.792734E-17	2.111419E-18
7.920000E+03	7.819973E-17	2.133870E-18
7.930000E+03	7.845706E-17	2.154639E-18
7.940000E+03	7.869733E-17	2.173726E-18
7.950000E+03	7.891856E-17	2.191163E-18
7.960000E+03	7.912078E-17	2.207059E-18
7.970000E+03	7.929995E-17	2.221435E-18
7.980000E+03	7.946218E-17	2.234609E-18
7.990000E+03	7.960751E-17	2.246742E-18
8.000000E+03	7.973599E-17	2.258008E-18
8.010000E+03	7.985176E-17	2.268695E-18
8.020000E+03	7.995490E-17	2.278976E-18
8.030000E+03	8.004961E-17	2.289128E-18
8.040000E+03	8.013179E-17	2.299174E-18
8.050000E+03	8.020780E-17	2.309412E-18
8.060000E+03	8.027567E-17	2.319870E-18
8.070000E+03	8.033550E-17	2.330604E-18
8.080000E+03	8.038954E-17	2.341695E-18
8.090000E+03	8.043794E-17	2.353131E-18
8.100000E+03	8.047868E-17	2.364803E-18
8.110000E+03	8.051402E-17	2.376705E-18
8.120000E+03	8.054410E-17	2.388748E-18
8.130000E+03	8.057129E-17	2.400900E-18
8.140000E+03	8.059150E-17	2.412929E-18
8.150000E+03	8.060725E-17	2.424804E-18
8.160000E+03	8.061903E-17	2.436443E-18
8.170000E+03	8.062748E-17	2.447782E-18
8.180000E+03	8.063336E-17	2.458777E-18
8.190000E+03	8.063760E-17	2.469398E-18
8.200000E+03	8.063898E-17	2.479554E-18
8.210000E+03	8.064084E-17	2.489288E-18
8.220000E+03	8.064433E-17	2.498568E-18
8.230000E+03	8.065069E-17	2.507345E-18
8.240000E+03	8.065891E-17	2.515487E-18
8.250000E+03	8.067028E-17	2.522915E-18
8.260000E+03	8.068836E-17	2.529617E-18
8.270000E+03	8.071224E-17	2.535438E-18
8.280000E+03	8.074328E-17	2.540310E-18
8.290000E+03	8.078511E-17	2.544265E-18
8.300000E+03	8.083448E-17	2.547156E-18
8.310000E+03	8.089720E-17	2.549169E-18
8.320000E+03	8.097206E-17	2.550315E-18
8.330000E+03	8.105762E-17	2.550636E-18
8.340000E+03	8.115910E-17	2.550408E-18
8.350000E+03	8.127212E-17	2.549620E-18
8.360000E+03	8.139889E-17	2.548470E-18
8.370000E+03	8.153888E-17	2.547063E-18
8.380000E+03	8.168881E-17	2.545416E-18
8.390000E+03	8.184969E-17	2.543678E-18
8.400000E+03	8.201746E-17	2.541846E-18
8.410000E+03	8.219009E-17	2.539988E-18
8.420000E+03	8.236773E-17	2.538251E-18
8.430000E+03	8.254558E-17	2.536637E-18
8.440000E+03	8.272115E-17	2.535225E-18
8.450000E+03	8.289439E-17	2.534168E-18
8.460000E+03	8.305805E-17	2.533393E-18
8.470000E+03	8.321232E-17	2.533046E-18
8.480000E+03	8.335524E-17	2.533192E-18
8.490000E+03	8.348517E-17	2.533891E-18
8.500000E+03	8.359831E-17	2.535121E-18
8.510000E+03	8.369621E-17	2.536997E-18
8.520000E+03	8.377832E-17	2.539544E-18
8.530000E+03	8.384195E-17	2.542692E-18
8.540000E+03	8.388718E-17	2.546422E-18
8.550000E+03	8.391690E-17	2.550766E-18
8.560000E+03	8.392920E-17	2.555574E-18
8.570000E+03	8.392481E-17	2.560740E-18
8.580000E+03	8.390465E-17	2.566132E-18
8.590000E+03	8.386972E-17	2.571588E-18
8.600000E+03	8.381858E-17	2.576853E-18
8.610000E+03	8.375759E-17	2.581907E-18
8.620000E+03	8.368298E-17	2.586435E-18
8.630000E+03	8.359621E-17	2.590316E-18
8.640000E+03	8.350143E-17	2.593564E-18
8.650000E+03	8.339777E-17	2.596097E-18
8.660000E+03	8.328697E-17	2.597973E-18
8.670000E+03	8.317084E-17	2.599302E-18
8.680000E+03	8.305114E-17	2.600227E-18
8.690000E+03	8.292959E-17	2.600906E-18
8.700000E+03	8.280520E-17	2.601400E-18
8.710000E+03	8.267946E-17	2.601819E-18
8.720000E+03	8.255634E-17	2.602310E-18
8.730000E+03	8.243453E-17	2.602804E-18
8.740000E+03	8.231522E-17	2.603268E-18
8.750000E+03	8.219693E-17	2.603559E-18
8.760000E+03	8.208334E-17	2.603689E-18
8.770000E+03	8.197277E-17	2.603519E-18
8.780000E+03	8.186606E-17	2.603019E-18
8.790000E+03	8.176125E-17	2.602115E-18
8.800000E+03	8.166155E-17	2.600941E-18
8.810000E+03	8.156738E-17	2.599580E-18
8.820000E+03	8.147362E-17	2.597974E-18
8.830000E+03	8.138580E-17	2.596425E-18
8.840000E+03	8.129854E-17	2.594908E-18
8.850000E+03	8.121452E-17	2.593664E-18
8.860000E+03	8.113365E-17	2.592848E-18
8.870000E+03	8.105578E-17	2.592608E-18
8.880000E+03	8.098351E-17	2.593159E-18
8.890000E+03	8.091661E-17	2.594596E-18
8.900000E+03	8.085476E-17	2.596963E-18
8.910000E+03	8.080030E-17	2.600335E-18
8.920000E+03	8.075552E-17	2.604721E-18
8.930000E+03	8.071688E-17	2.609878E-18
8.940000E+03	8.068347E-17	2.615597E-18
8.950000E+03	8.066009E-17	2.621816E-18
8.960000E+03	8.064280E-17	2.628177E-18
8.970000E+03	8.063050E-17	2.634422E-18
8.980000E+03	8.062799E-17	2.640519E-18
8.990000E+03	8.062836E-17	2.646100E-18
9.000000E+03	8.063663E-17	2.651244E-18
9.040000E+03	8.071612E-17	2.666429E-18
9.080000E+03	8.087111E-17	2.677240E-18
9.120000E+03	8.111605E-17	2.693663E-18
9.160000E+03	8.146378E-17	2.726872E-18
9.200000E+03	8.193689E-17	2.789234E-18
9.240000E+03	8.257244E-17	2.895505E-18
9.280000E+03	8.341152E-17	3.051115E-18
9.320000E+03	8.445623E-17	3.232997E-18
9.360000E+03	8.568511E-17	3.398949E-18
9.400000E+03	8.704294E-17	3.517980E-18
9.440000E+03	8.846925E-17	3.583190E-18
9.480000E+03	8.989807E-17	3.605369E-18
9.520000E+03	9.126887E-17	3.603312E-18
9.560000E+03	9.256633E-17	3.593442E-18
9.600000E+03	9.380520E-17	3.585059E-18
9.640000E+03	9.501807E-17	3.587208E-18
9.680000E+03	9.625249E-17	3.612522E-18
9.720000E+03	9.752353E-17	3.669203E-18
9.760000E+03	9.881293E-17	3.753529E-18
9.800000E+03	1.001062E-16	3.852731E-18
9.840000E+03	1.013914E-16	3.953370E-18
9.880000E+03	1.026514E-16	4.051548E-18
9.920000E+03	1.038419E-16	4.153692E-18
9.960000E+03	1.048967E-16	4.268374E-18
1.000000E+04	1.057445E-16	4.405697E-18
1.004000E+04	1.063209E-16	4.580798E-18
1.008000E+04	1.065792E-16	4.812566E-18
1.012000E+04	1.064689E-16	5.125658E-18
1.016000E+04	1.059425E-16	5.551531E-18
1.020000E+04	1.050026E-16	6.121025E-18
1.024000E+04	1.036869E-16	6.855587E-18
1.028000E+04	1.020420E-16	7.761950E-18
1.032000E+04	1.001458E-16	8.832968E-18
