#wls	flux	fluxerr
3.289393E+03	1.554938E-16	1.239928E-17
3.329393E+03	1.279757E-16	9.446725E-18
3.369393E+03	1.060302E-16	7.218179E-18
3.409393E+03	8.857669E-17	5.537161E-18
3.449393E+03	7.473534E-17	4.268416E-18
3.489393E+03	6.379602E-17	3.309103E-18
3.529393E+03	5.519046E-17	2.581607E-18
3.569393E+03	4.846768E-17	2.027804E-18
3.609393E+03	4.327277E-17	1.604618E-18
3.649393E+03	3.932894E-17	1.280752E-18
3.689393E+03	3.642266E-17	1.034488E-18
3.729393E+03	3.439157E-17	8.524313E-19
3.769393E+03	3.311579E-17	7.287150E-19
3.809393E+03	3.251312E-17	6.630242E-19
3.849393E+03	3.253380E-17	6.545156E-19
3.889393E+03	3.314654E-17	6.938538E-19
3.929393E+03	3.433956E-17	7.674346E-19
3.969393E+03	3.611863E-17	8.641591E-19
4.009393E+03	3.849820E-17	9.765758E-19
4.049393E+03	4.149367E-17	1.099505E-18
4.089393E+03	4.511419E-17	1.228563E-18
4.129393E+03	4.935413E-17	1.359240E-18
4.169393E+03	5.418268E-17	1.486547E-18
4.209393E+03	5.953150E-17	1.605185E-18
4.249393E+03	6.528131E-17	1.710202E-18
4.289393E+03	7.124976E-17	1.798020E-18
4.329393E+03	7.718501E-17	1.867516E-18
4.369393E+03	8.277365E-17	1.920401E-18
4.409393E+03	8.767959E-17	1.959869E-18
4.449393E+03	9.165237E-17	1.986737E-18
4.489393E+03	9.465917E-17	1.995652E-18
4.529393E+03	9.682458E-17	1.977321E-18
4.569393E+03	9.834812E-17	1.922897E-18
4.609393E+03	9.945506E-17	1.827128E-18
4.649393E+03	1.003644E-16	1.690099E-18
4.689393E+03	1.012698E-16	1.518826E-18
4.729393E+03	1.023340E-16	1.330945E-18
4.769393E+03	1.037038E-16	1.162548E-18
4.809393E+03	1.055571E-16	1.075188E-18
4.849393E+03	1.081809E-16	1.133757E-18
4.889393E+03	1.117764E-16	1.332406E-18
4.929393E+03	1.163805E-16	1.609151E-18
4.969393E+03	1.219674E-16	1.914370E-18
5.009393E+03	1.284517E-16	2.217626E-18
5.049393E+03	1.356708E-16	2.497232E-18
5.089393E+03	1.433730E-16	2.733975E-18
5.129393E+03	1.512108E-16	2.909430E-18
5.169393E+03	1.587363E-16	3.006939E-18
5.209393E+03	1.654034E-16	3.014359E-18
5.249393E+03	1.705796E-16	2.927978E-18
5.289393E+03	1.735786E-16	2.756672E-18
5.329393E+03	1.737360E-16	2.524891E-18
5.369393E+03	1.705614E-16	2.270793E-18
5.409393E+03	1.640520E-16	2.034239E-18
5.449393E+03	1.551360E-16	1.837548E-18
5.489393E+03	1.452394E-16	1.694269E-18
5.529393E+03	1.356203E-16	1.625995E-18
5.569393E+03	1.271325E-16	1.649244E-18
5.609393E+03	1.201415E-16	1.743863E-18
5.649393E+03	1.146802E-16	1.870290E-18
5.689393E+03	1.106572E-16	2.000309E-18
5.729393E+03	1.079359E-16	2.118471E-18
5.769393E+03	1.063714E-16	2.216579E-18
5.809393E+03	1.058278E-16	2.289688E-18
5.849393E+03	1.061856E-16	2.333928E-18
5.889393E+03	1.073420E-16	2.345317E-18
5.929393E+03	1.092057E-16	2.319314E-18
5.969393E+03	1.116857E-16	2.251019E-18
6.009393E+03	1.146757E-16	2.135871E-18
6.049393E+03	1.180347E-16	1.970750E-18
6.089393E+03	1.215620E-16	1.755948E-18
6.129393E+03	1.249670E-16	1.499664E-18
6.169393E+03	1.278524E-16	1.227967E-18
6.209393E+03	1.297541E-16	1.001207E-18
6.249393E+03	1.302983E-16	9.048712E-19
6.289393E+03	1.294598E-16	9.292103E-19
6.329393E+03	1.276084E-16	9.607952E-19
6.369393E+03	1.252309E-16	9.457449E-19
6.409393E+03	1.227332E-16	9.184111E-19
6.449393E+03	1.203978E-16	9.654938E-19
6.489393E+03	1.184080E-16	1.118589E-18
6.529393E+03	1.168791E-16	1.326438E-18
6.569393E+03	1.158708E-16	1.542293E-18
6.609393E+03	1.153831E-16	1.742771E-18
6.649393E+03	1.153620E-16	1.918418E-18
6.689393E+03	1.157155E-16	2.066368E-18
6.729393E+03	1.163312E-16	2.186776E-18
6.769393E+03	1.170938E-16	2.280886E-18
6.809393E+03	1.178974E-16	2.349819E-18
6.849393E+03	1.186504E-16	2.394140E-18
6.889393E+03	1.192783E-16	2.414332E-18
6.929393E+03	1.197233E-16	2.412156E-18
6.969393E+03	1.199434E-16	2.391599E-18
7.009393E+03	1.199131E-16	2.358166E-18
7.049393E+03	1.196283E-16	2.317446E-18
7.089393E+03	1.191083E-16	2.273713E-18
7.129393E+03	1.183971E-16	2.228221E-18
7.169393E+03	1.175644E-16	2.178125E-18
7.209393E+03	1.167016E-16	2.117351E-18
7.249393E+03	1.159119E-16	2.038574E-18
7.289393E+03	1.152965E-16	1.934910E-18
7.329393E+03	1.149353E-16	1.801503E-18
7.369393E+03	1.148683E-16	1.637191E-18
7.409393E+03	1.150808E-16	1.446426E-18
7.449393E+03	1.154890E-16	1.243772E-18
7.489393E+03	1.159318E-16	1.063412E-18
7.529393E+03	1.161932E-16	9.642785E-19
7.569393E+03	1.161292E-16	9.826273E-19
7.609393E+03	1.158488E-16	1.061694E-18
7.649393E+03	1.155331E-16	1.125507E-18
7.689393E+03	1.152511E-16	1.133975E-18
7.729393E+03	1.148976E-16	1.076782E-18
7.769393E+03	1.142018E-16	9.742379E-19
7.809393E+03	1.127793E-16	8.920569E-19
7.849393E+03	1.102758E-16	9.241102E-19
7.889393E+03	1.066858E-16	1.074412E-18
7.929393E+03	1.023053E-16	1.264581E-18
7.969393E+03	9.744918E-17	1.438746E-18
8.009393E+03	9.237053E-17	1.574093E-18
8.049393E+03	8.725254E-17	1.666087E-18
8.089393E+03	8.222124E-17	1.718589E-18
8.129393E+03	7.736220E-17	1.738249E-18
8.169393E+03	7.273452E-17	1.731802E-18
8.209393E+03	6.838035E-17	1.705244E-18
8.249393E+03	6.433061E-17	1.663722E-18
8.289393E+03	6.060858E-17	1.611604E-18
8.329393E+03	5.723206E-17	1.552634E-18
8.369393E+03	5.421482E-17	1.490097E-18
8.409393E+03	5.156780E-17	1.426852E-18
8.449393E+03	4.930089E-17	1.365352E-18
8.489393E+03	4.742487E-17	1.307744E-18
8.529393E+03	4.595333E-17	1.255974E-18
8.569393E+03	4.490432E-17	1.211865E-18
8.609393E+03	4.430194E-17	1.177133E-18
8.649393E+03	4.417737E-17	1.153343E-18
8.689393E+03	4.456835E-17	1.141696E-18
8.729393E+03	4.551111E-17	1.142191E-18
8.769393E+03	4.702539E-17	1.152333E-18
8.809393E+03	4.912563E-17	1.168050E-18
8.849393E+03	5.182965E-17	1.184583E-18
8.889393E+03	5.515684E-17	1.196457E-18
8.929393E+03	5.912137E-17	1.197050E-18
8.969393E+03	6.371946E-17	1.178123E-18
9.009393E+03	6.890788E-17	1.129945E-18
9.049393E+03	7.457216E-17	1.043151E-18
9.089393E+03	8.048670E-17	9.146201E-19
9.129393E+03	8.627998E-17	7.641369E-19
9.169393E+03	9.144622E-17	6.729336E-19
9.209393E+03	9.550199E-17	7.660173E-19
9.249393E+03	9.834860E-17	1.015287E-18
9.289393E+03	1.002027E-16	1.310177E-18
9.329393E+03	1.013461E-16	1.590295E-18
9.369393E+03	1.020270E-16	1.830478E-18
9.409393E+03	1.024354E-16	2.021093E-18
9.449393E+03	1.027079E-16	2.159755E-18
9.489393E+03	1.029438E-16	2.247771E-18
9.529393E+03	1.032195E-16	2.288185E-18
9.569393E+03	1.035998E-16	2.284225E-18
9.609393E+03	1.041445E-16	2.237830E-18
9.649393E+03	1.049071E-16	2.148305E-18
9.689393E+03	1.059264E-16	2.012305E-18
9.729393E+03	1.072104E-16	1.825634E-18
9.769393E+03	1.087162E-16	1.586851E-18
9.809393E+03	1.103255E-16	1.304229E-18
9.849393E+03	1.118292E-16	1.014570E-18
9.889393E+03	1.129573E-16	8.307308E-19
9.929393E+03	1.135056E-16	9.160690E-19
9.969393E+03	1.135400E-16	1.210985E-18
1.000939E+04	1.133171E-16	1.559672E-18
1.004939E+04	1.130978E-16	1.890643E-18
1.008939E+04	1.130709E-16	2.178251E-18
1.012939E+04	1.133479E-16	2.411893E-18
1.016939E+04	1.139827E-16	2.585241E-18
1.020939E+04	1.149928E-16	2.692736E-18
1.024939E+04	1.163696E-16	2.728615E-18
1.028939E+04	1.180770E-16	2.686431E-18
1.032939E+04	1.200343E-16	2.558728E-18
1.036939E+04	1.220839E-16	2.337194E-18
1.040939E+04	1.239498E-16	2.014144E-18
1.044939E+04	1.252216E-16	1.587010E-18
1.048939E+04	1.254479E-16	1.069514E-18
1.052939E+04	1.244477E-16	5.376561E-19
1.056939E+04	1.226612E-16	4.918120E-19
1.060939E+04	1.201881E-16	1.013302E-18
1.064939E+04	1.166632E-16	1.549826E-18
1.068939E+04	1.123127E-16	2.014727E-18
1.072939E+04	1.076089E-16	2.397355E-18
1.076939E+04	1.029459E-16	2.704490E-18
1.080939E+04	9.855596E-17	2.947800E-18
1.084939E+04	9.453865E-17	3.138884E-18
1.088939E+04	9.091166E-17	3.287578E-18
1.092939E+04	8.765107E-17	3.401727E-18
1.096939E+04	8.471658E-17	3.487470E-18
1.100939E+04	8.206522E-17	3.549622E-18
1.104939E+04	7.965792E-17	3.592011E-18
1.108939E+04	7.746207E-17	3.617727E-18
1.112939E+04	7.545198E-17	3.629309E-18
1.116939E+04	7.360831E-17	3.628889E-18
1.120939E+04	7.191716E-17	3.618294E-18
1.124939E+04	7.036909E-17	3.599138E-18
1.128939E+04	6.895820E-17	3.572889E-18
1.132939E+04	6.768135E-17	3.540918E-18
1.136939E+04	6.653752E-17	3.504529E-18
1.140939E+04	6.552737E-17	3.464968E-18
1.144939E+04	6.465282E-17	3.423417E-18
1.148939E+04	6.391686E-17	3.380966E-18
1.152939E+04	6.332335E-17	3.338583E-18
1.156939E+04	6.287694E-17	3.297072E-18
1.160939E+04	6.258301E-17	3.257028E-18
1.164939E+04	6.244764E-17	3.218799E-18
1.168939E+04	6.247763E-17	3.182441E-18
1.172939E+04	6.268051E-17	3.147691E-18
1.176939E+04	6.306457E-17	3.113920E-18
1.180939E+04	6.363888E-17	3.080109E-18
1.184939E+04	6.441334E-17	3.044803E-18
1.188939E+04	6.539870E-17	3.006073E-18
1.192939E+04	6.660666E-17	2.961462E-18
1.196939E+04	6.804971E-17	2.907931E-18
1.200939E+04	6.974077E-17	2.841777E-18
1.204939E+04	7.169203E-17	2.758538E-18
1.208939E+04	7.391213E-17	2.652853E-18
1.212939E+04	7.640007E-17	2.518297E-18
1.216939E+04	7.913328E-17	2.347200E-18
1.220939E+04	8.204646E-17	2.130618E-18
1.224939E+04	8.499859E-17	1.858808E-18
1.228939E+04	8.773394E-17	1.523097E-18
1.232939E+04	8.986696E-17	1.120814E-18
1.236939E+04	9.096575E-17	6.686585E-19
1.240939E+04	9.081462E-17	2.973005E-19
1.244939E+04	8.956209E-17	5.303780E-19
1.248939E+04	8.715252E-17	9.614317E-19
1.252939E+04	8.375400E-17	1.343919E-18
1.256939E+04	7.980947E-17	1.653094E-18
1.260939E+04	7.573573E-17	1.892149E-18
1.264939E+04	7.180859E-17	2.071693E-18
1.268939E+04	6.817257E-17	2.203431E-18
1.272939E+04	6.488473E-17	2.297868E-18
1.276939E+04	6.195328E-17	2.363748E-18
1.280939E+04	5.936256E-17	2.408160E-18
1.284939E+04	5.708717E-17	2.436805E-18
1.288939E+04	5.509906E-17	2.454265E-18
1.292939E+04	5.337074E-17	2.464217E-18
1.296939E+04	5.187656E-17	2.469602E-18
1.300939E+04	5.059301E-17	2.472760E-18
1.304939E+04	4.949866E-17	2.475528E-18
1.308939E+04	4.857391E-17	2.479330E-18
1.312939E+04	4.780074E-17	2.485243E-18
1.316939E+04	4.716250E-17	2.494047E-18
1.320939E+04	4.664373E-17	2.506272E-18
1.324939E+04	4.622999E-17	2.522219E-18
1.328939E+04	4.590779E-17	2.541989E-18
1.332939E+04	4.566448E-17	2.565492E-18
1.336939E+04	4.548820E-17	2.592467E-18
1.340939E+04	4.536780E-17	2.622488E-18
1.344939E+04	4.529287E-17	2.654983E-18
1.348939E+04	4.525364E-17	2.689254E-18
1.352939E+04	4.524099E-17	2.724499E-18
1.356939E+04	4.524643E-17	2.759839E-18
1.360939E+04	4.526211E-17	2.794355E-18
1.364939E+04	4.528082E-17	2.827113E-18
1.368939E+04	4.529601E-17	2.857201E-18
1.372939E+04	4.530180E-17	2.883761E-18
1.376939E+04	4.529305E-17	2.906010E-18
1.380939E+04	4.526536E-17	2.923274E-18
1.384939E+04	4.521513E-17	2.935004E-18
1.388939E+04	4.513959E-17	2.940795E-18
1.392939E+04	4.503682E-17	2.940401E-18
1.396939E+04	4.490574E-17	2.933743E-18
1.400939E+04	4.474612E-17	2.920912E-18
1.404939E+04	4.455853E-17	2.902166E-18
1.408939E+04	4.434428E-17	2.877924E-18
1.412939E+04	4.410534E-17	2.848750E-18
1.416939E+04	4.384430E-17	2.815333E-18
1.420939E+04	4.356418E-17	2.778463E-18
1.424939E+04	4.326842E-17	2.738995E-18
1.428939E+04	4.296070E-17	2.697821E-18
1.432939E+04	4.264487E-17	2.655826E-18
1.436939E+04	4.232488E-17	2.613852E-18
1.440939E+04	4.200460E-17	2.572658E-18
1.444939E+04	4.168786E-17	2.532892E-18
1.448939E+04	4.137827E-17	2.495058E-18
1.452939E+04	4.107922E-17	2.459508E-18
1.456939E+04	4.079383E-17	2.426439E-18
1.460939E+04	4.052488E-17	2.395903E-18
1.464939E+04	4.027477E-17	2.367832E-18
1.468939E+04	4.004554E-17	2.342072E-18
1.472939E+04	3.983880E-17	2.318417E-18
1.476939E+04	3.965574E-17	2.296648E-18
1.480939E+04	3.949709E-17	2.276555E-18
1.484939E+04	3.936319E-17	2.257961E-18
1.488939E+04	3.925393E-17	2.240725E-18
1.492939E+04	3.916882E-17	2.224737E-18
1.496939E+04	3.910703E-17	2.209907E-18
1.500939E+04	3.906746E-17	2.196151E-18
1.504939E+04	3.904882E-17	2.183369E-18
1.508939E+04	3.904979E-17	2.171435E-18
1.512939E+04	3.906912E-17	2.160186E-18
1.516939E+04	3.910581E-17	2.149426E-18
1.520939E+04	3.915925E-17	2.138921E-18
1.524939E+04	3.922939E-17	2.128414E-18
1.528939E+04	3.931682E-17	2.117625E-18
1.532939E+04	3.942293E-17	2.106261E-18
1.536939E+04	3.954989E-17	2.094008E-18
1.540939E+04	3.970068E-17	2.080525E-18
1.544939E+04	3.987904E-17	2.065424E-18
1.548939E+04	4.008940E-17	2.048245E-18
1.552939E+04	4.033683E-17	2.028428E-18
1.556939E+04	4.062691E-17	2.005284E-18
1.560939E+04	4.096573E-17	1.977967E-18
1.564939E+04	4.135982E-17	1.945454E-18
1.568939E+04	4.181609E-17	1.906520E-18
1.572939E+04	4.234172E-17	1.859727E-18
1.576939E+04	4.294391E-17	1.803394E-18
1.580939E+04	4.362930E-17	1.735576E-18
1.584939E+04	4.440274E-17	1.654017E-18
1.588939E+04	4.526503E-17	1.556106E-18
1.592939E+04	4.620885E-17	1.438838E-18
1.596939E+04	4.721218E-17	1.298860E-18
1.600939E+04	4.822862E-17	1.132705E-18
1.604939E+04	4.917583E-17	9.375336E-19
1.608939E+04	4.992869E-17	7.129661E-19
1.612939E+04	5.033476E-17	4.661710E-19
1.616939E+04	5.028038E-17	2.388934E-19
1.620939E+04	4.977565E-17	2.520488E-19
1.624939E+04	4.883408E-17	4.738078E-19
1.628939E+04	4.748777E-17	6.979764E-19
1.632939E+04	4.587958E-17	8.916307E-19
1.636939E+04	4.416905E-17	1.051112E-18
1.640939E+04	4.247582E-17	1.179217E-18
1.644939E+04	4.087210E-17	1.280529E-18
1.648939E+04	3.939371E-17	1.359749E-18
1.652939E+04	3.805314E-17	1.421080E-18
1.656939E+04	3.684955E-17	1.468072E-18
1.660939E+04	3.577528E-17	1.503644E-18
1.664939E+04	3.481964E-17	1.530169E-18
1.668939E+04	3.397100E-17	1.549566E-18
1.672939E+04	3.321786E-17	1.563386E-18
1.676939E+04	3.254936E-17	1.572880E-18
1.680939E+04	3.195543E-17	1.579050E-18
1.684939E+04	3.142687E-17	1.582700E-18
1.688939E+04	3.095529E-17	1.584460E-18
1.692939E+04	3.053310E-17	1.584822E-18
1.696939E+04	3.015344E-17	1.584157E-18
1.700939E+04	2.981021E-17	1.582739E-18
1.704939E+04	2.949803E-17	1.580766E-18
1.708939E+04	2.921227E-17	1.578376E-18
1.712939E+04	2.894906E-17	1.575673E-18
1.716939E+04	2.870534E-17	1.572736E-18
1.720939E+04	2.847881E-17	1.569639E-18
1.724939E+04	2.826795E-17	1.566461E-18
1.728939E+04	2.807196E-17	1.563300E-18
1.732939E+04	2.789073E-17	1.560274E-18
1.736939E+04	2.772476E-17	1.557529E-18
1.740939E+04	2.757501E-17	1.555241E-18
1.744939E+04	2.744290E-17	1.553617E-18
1.748939E+04	2.733010E-17	1.552891E-18
1.752939E+04	2.723850E-17	1.553325E-18
1.756939E+04	2.717003E-17	1.555202E-18
1.760939E+04	2.712663E-17	1.558823E-18
1.764939E+04	2.711006E-17	1.564503E-18
1.768939E+04	2.712188E-17	1.572556E-18
1.772939E+04	2.716335E-17	1.583290E-18
1.776939E+04	2.723530E-17	1.596989E-18
1.780939E+04	2.733813E-17	1.613896E-18
1.784939E+04	2.747174E-17	1.634200E-18
1.788939E+04	2.763546E-17	1.658013E-18
1.792939E+04	2.782806E-17	1.685358E-18
1.796939E+04	2.804773E-17	1.716158E-18
1.800939E+04	2.829205E-17	1.750229E-18
1.804939E+04	2.855806E-17	1.787279E-18
1.808939E+04	2.884225E-17	1.826913E-18
1.812939E+04	2.914063E-17	1.868640E-18
1.816939E+04	2.944878E-17	1.911886E-18
1.820939E+04	2.976193E-17	1.956009E-18
1.824939E+04	3.007505E-17	2.000318E-18
1.828939E+04	3.038299E-17	2.044088E-18
1.832939E+04	3.068054E-17	2.086583E-18
1.836939E+04	3.096261E-17	2.127079E-18
1.840939E+04	3.122433E-17	2.164877E-18
1.844939E+04	3.146117E-17	2.199328E-18
1.848939E+04	3.166908E-17	2.229853E-18
1.852939E+04	3.184454E-17	2.255954E-18
1.856939E+04	3.198466E-17	2.277233E-18
1.860939E+04	3.208726E-17	2.293400E-18
1.864939E+04	3.215084E-17	2.304281E-18
1.868939E+04	3.217464E-17	2.309817E-18
1.872939E+04	3.215861E-17	2.310064E-18
1.876939E+04	3.210333E-17	2.305176E-18
1.880939E+04	3.201002E-17	2.295399E-18
1.884939E+04	3.188040E-17	2.281048E-18
1.888939E+04	3.171667E-17	2.262491E-18
1.892939E+04	3.152140E-17	2.240130E-18
1.896939E+04	3.129745E-17	2.214383E-18
1.900939E+04	3.104790E-17	2.185674E-18
1.904939E+04	3.077600E-17	2.154420E-18
1.908939E+04	3.048510E-17	2.121026E-18
1.912939E+04	3.017860E-17	2.085882E-18
1.916939E+04	2.985990E-17	2.049364E-18
1.920939E+04	2.953234E-17	2.011828E-18
1.924939E+04	2.919921E-17	1.973616E-18
1.928939E+04	2.886362E-17	1.935057E-18
1.932939E+04	2.852854E-17	1.896462E-18
1.936939E+04	2.819671E-17	1.858132E-18
1.940939E+04	2.787065E-17	1.820355E-18
1.944939E+04	2.755257E-17	1.783405E-18
1.948939E+04	2.724441E-17	1.747550E-18
1.952939E+04	2.694778E-17	1.713042E-18
1.956939E+04	2.666398E-17	1.680124E-18
1.960939E+04	2.639398E-17	1.649018E-18
1.964939E+04	2.613842E-17	1.619919E-18
1.968939E+04	2.589763E-17	1.592987E-18
1.972939E+04	2.567163E-17	1.568325E-18
1.976939E+04	2.546017E-17	1.545971E-18
1.980939E+04	2.526273E-17	1.525884E-18
1.984939E+04	2.507858E-17	1.507939E-18
1.988939E+04	2.490678E-17	1.491930E-18
1.992939E+04	2.474627E-17	1.477583E-18
1.996939E+04	2.459587E-17	1.464575E-18
2.000939E+04	2.445436E-17	1.452566E-18
2.004939E+04	2.432051E-17	1.441226E-18
2.008939E+04	2.419314E-17	1.430264E-18
2.012939E+04	2.407113E-17	1.419448E-18
2.016939E+04	2.395353E-17	1.408618E-18
2.020939E+04	2.383952E-17	1.397682E-18
2.024939E+04	2.372849E-17	1.386611E-18
2.028939E+04	2.362008E-17	1.375414E-18
2.032939E+04	2.351416E-17	1.364118E-18
2.036939E+04	2.341086E-17	1.352741E-18
2.040939E+04	2.331059E-17	1.341277E-18
2.044939E+04	2.321399E-17	1.329678E-18
2.048939E+04	2.312196E-17	1.317856E-18
2.052939E+04	2.303559E-17	1.305681E-18
2.056939E+04	2.295614E-17	1.292996E-18
2.060939E+04	2.288501E-17	1.279624E-18
2.064939E+04	2.282370E-17	1.265380E-18
2.068939E+04	2.277378E-17	1.250076E-18
2.072939E+04	2.273685E-17	1.233519E-18
2.076939E+04	2.271456E-17	1.215504E-18
2.080939E+04	2.270856E-17	1.195800E-18
2.084939E+04	2.272059E-17	1.174134E-18
2.088939E+04	2.275240E-17	1.150177E-18
2.092939E+04	2.280587E-17	1.123525E-18
2.096939E+04	2.288301E-17	1.093692E-18
2.100939E+04	2.298594E-17	1.060105E-18
2.104939E+04	2.311692E-17	1.022104E-18
2.108939E+04	2.327820E-17	9.789494E-19
2.112939E+04	2.347181E-17	9.298397E-19
2.116939E+04	2.369902E-17	8.739364E-19
2.120939E+04	2.395953E-17	8.104160E-19
2.124939E+04	2.424999E-17	7.385760E-19
2.128939E+04	2.456178E-17	6.580647E-19
2.132939E+04	2.487786E-17	5.693999E-19
2.136939E+04	2.516905E-17	4.751745E-19
2.140939E+04	2.539119E-17	3.829229E-19
2.144939E+04	2.548716E-17	3.111089E-19
2.148939E+04	2.540122E-17	2.912824E-19
2.152939E+04	2.511766E-17	3.354022E-19
2.156939E+04	2.468096E-17	4.150008E-19
2.160939E+04	2.415202E-17	5.030962E-19
2.164939E+04	2.358213E-17	5.872862E-19
2.168939E+04	2.300625E-17	6.630237E-19
2.172939E+04	2.244465E-17	7.290473E-19
2.176939E+04	2.190695E-17	7.854264E-19
2.180939E+04	2.139593E-17	8.327482E-19
2.184939E+04	2.091037E-17	8.717750E-19
2.188939E+04	2.044700E-17	9.033000E-19
2.192939E+04	2.000162E-17	9.280898E-19
2.196939E+04	1.956988E-17	9.468644E-19
2.200939E+04	1.914761E-17	9.602916E-19
2.204939E+04	1.873108E-17	9.689878E-19
2.208939E+04	1.831711E-17	9.735194E-19
2.212939E+04	1.790307E-17	9.744051E-19
2.216939E+04	1.748695E-17	9.721181E-19
2.220939E+04	1.706733E-17	9.670876E-19
2.224939E+04	1.664335E-17	9.597014E-19
2.228939E+04	1.621474E-17	9.503085E-19
2.232939E+04	1.578170E-17	9.392227E-19
2.236939E+04	1.534493E-17	9.267259E-19
2.240939E+04	1.490556E-17	9.130717E-19
2.244939E+04	1.446504E-17	8.984895E-19
2.248939E+04	1.402515E-17	8.831874E-19
2.252939E+04	1.358783E-17	8.673559E-19
2.256939E+04	1.315521E-17	8.511697E-19
2.260939E+04	1.272943E-17	8.347908E-19
2.264939E+04	1.231263E-17	8.183694E-19
2.268939E+04	1.190687E-17	8.020460E-19
2.272939E+04	1.151406E-17	7.859512E-19
2.276939E+04	1.113590E-17	7.702068E-19
2.280939E+04	1.077390E-17	7.549256E-19
2.284939E+04	1.042929E-17	7.402103E-19
2.288939E+04	1.010307E-17	7.261540E-19
2.292939E+04	9.795946E-18	7.128387E-19
2.296939E+04	9.508420E-18	7.003348E-19
2.300939E+04	9.240747E-18	6.887014E-19
2.304939E+04	8.992991E-18	6.779856E-19
2.308939E+04	8.765038E-18	6.682228E-19
2.312939E+04	8.556634E-18	6.594378E-19
2.316939E+04	8.367407E-18	6.516451E-19
2.320939E+04	8.196898E-18	6.448502E-19
2.324939E+04	8.044580E-18	6.390513E-19
2.328939E+04	7.909884E-18	6.342404E-19
2.332939E+04	7.792213E-18	6.304054E-19
2.336939E+04	7.690959E-18	6.275314E-19
2.340939E+04	7.605510E-18	6.256035E-19
2.344939E+04	7.535263E-18	6.246077E-19
2.348939E+04	7.479624E-18	6.245338E-19
2.352939E+04	7.438011E-18	6.253772E-19
2.356939E+04	7.409857E-18	6.271411E-19
2.360939E+04	7.394605E-18	6.298389E-19
2.364939E+04	7.391710E-18	6.334968E-19
2.368939E+04	7.400632E-18	6.381564E-19
2.372939E+04	7.420837E-18	6.438777E-19
2.376939E+04	7.451794E-18	6.507419E-19
2.380939E+04	7.492973E-18	6.588548E-19
2.384939E+04	7.543840E-18	6.683492E-19
2.388939E+04	7.603863E-18	6.793876E-19
2.392939E+04	7.672507E-18	6.921637E-19
2.396939E+04	7.749238E-18	7.069029E-19
2.400939E+04	7.833520E-18	7.238609E-19
2.404939E+04	7.924825E-18	7.433212E-19
2.408939E+04	8.022624E-18	7.655898E-19
2.412939E+04	8.126401E-18	7.909880E-19
2.416939E+04	8.235647E-18	8.198434E-19
2.420939E+04	8.349869E-18	8.524800E-19
2.424939E+04	8.468590E-18	8.892074E-19
2.428939E+04	8.591353E-18	9.303106E-19
2.432939E+04	8.717725E-18	9.760414E-19
2.436939E+04	8.847298E-18	1.026612E-18
2.440939E+04	8.979695E-18	1.082189E-18
2.444939E+04	9.114568E-18	1.142897E-18
2.448939E+04	9.251600E-18	1.208813E-18
