#wls	flux	fluxerr
3.289393E+03	4.526984E-18	1.375652E-18
3.329393E+03	4.743388E-18	1.415265E-18
3.369393E+03	4.971423E-18	1.456668E-18
3.409393E+03	5.210220E-18	1.499528E-18
3.449393E+03	5.458209E-18	1.543336E-18
3.489393E+03	5.712849E-18	1.587347E-18
3.529393E+03	5.969921E-18	1.630406E-18
3.569393E+03	6.222487E-18	1.670707E-18
3.609393E+03	6.462244E-18	1.706197E-18
3.649393E+03	6.681393E-18	1.735085E-18
3.689393E+03	6.873081E-18	1.755934E-18
3.729393E+03	7.033876E-18	1.768256E-18
3.769393E+03	7.163676E-18	1.772410E-18
3.809393E+03	7.264198E-18	1.769174E-18
3.849393E+03	7.338108E-18	1.759502E-18
3.889393E+03	7.388316E-18	1.744347E-18
3.929393E+03	7.418082E-18	1.724683E-18
3.969393E+03	7.430478E-18	1.701383E-18
4.009393E+03	7.428337E-18	1.675215E-18
4.049393E+03	7.414273E-18	1.646856E-18
4.089393E+03	7.390578E-18	1.616874E-18
4.129393E+03	7.359184E-18	1.585728E-18
4.169393E+03	7.321682E-18	1.553782E-18
4.209393E+03	7.278996E-18	1.521242E-18
4.249393E+03	7.231574E-18	1.488207E-18
4.289393E+03	7.178890E-18	1.454578E-18
4.329393E+03	7.119395E-18	1.420061E-18
4.369393E+03	7.051861E-18	1.384448E-18
4.409393E+03	6.977287E-18	1.347979E-18
4.449393E+03	6.899431E-18	1.311410E-18
4.489393E+03	6.822146E-18	1.275470E-18
4.529393E+03	6.747942E-18	1.240594E-18
4.569393E+03	6.678389E-18	1.207018E-18
4.609393E+03	6.614402E-18	1.174843E-18
4.649393E+03	6.556757E-18	1.144134E-18
4.689393E+03	6.506500E-18	1.114994E-18
4.729393E+03	6.465665E-18	1.087676E-18
4.769393E+03	6.434382E-18	1.062092E-18
4.809393E+03	6.412355E-18	1.038082E-18
4.849393E+03	6.399268E-18	1.015486E-18
4.889393E+03	6.394901E-18	9.941589E-19
4.929393E+03	6.399080E-18	9.739664E-19
4.969393E+03	6.411310E-18	9.547265E-19
5.009393E+03	6.431258E-18	9.362873E-19
5.049393E+03	6.458386E-18	9.184732E-19
5.089393E+03	6.492133E-18	9.011141E-19
5.129393E+03	6.531780E-18	8.840300E-19
5.169393E+03	6.576704E-18	8.670675E-19
5.209393E+03	6.626048E-18	8.500591E-19
5.249393E+03	6.679099E-18	8.328753E-19
5.289393E+03	6.735286E-18	8.154252E-19
5.329393E+03	6.794176E-18	7.976551E-19
5.369393E+03	6.855883E-18	7.795948E-19
5.409393E+03	6.921428E-18	7.613899E-19
5.449393E+03	6.992167E-18	7.432254E-19
5.489393E+03	7.067885E-18	7.251265E-19
5.529393E+03	7.146381E-18	7.069472E-19
5.569393E+03	7.224530E-18	6.885085E-19
5.609393E+03	7.300267E-18	6.697931E-19
5.649393E+03	7.372965E-18	6.509530E-19
5.689393E+03	7.442931E-18	6.322340E-19
5.729393E+03	7.510868E-18	6.139060E-19
5.769393E+03	7.577845E-18	5.962452E-19
5.809393E+03	7.644850E-18	5.794883E-19
5.849393E+03	7.712797E-18	5.638285E-19
5.889393E+03	7.782359E-18	5.494024E-19
5.929393E+03	7.853952E-18	5.362908E-19
5.969393E+03	7.927630E-18	5.245148E-19
6.009393E+03	8.003144E-18	5.140445E-19
6.049393E+03	8.079354E-18	5.047667E-19
6.089393E+03	8.154319E-18	4.964992E-19
6.129393E+03	8.224806E-18	4.889700E-19
6.169393E+03	8.285100E-18	4.817590E-19
6.209393E+03	8.327428E-18	4.743398E-19
6.249393E+03	8.352292E-18	4.666715E-19
6.289393E+03	8.370179E-18	4.592521E-19
6.329393E+03	8.390418E-18	4.524800E-19
6.369393E+03	8.419154E-18	4.465642E-19
6.409393E+03	8.457829E-18	4.414649E-19
6.449393E+03	8.501027E-18	4.368050E-19
6.489393E+03	8.549346E-18	4.325472E-19
6.529393E+03	8.606182E-18	4.288063E-19
6.569393E+03	8.673012E-18	4.256038E-19
6.609393E+03	8.750196E-18	4.229110E-19
6.649393E+03	8.838102E-18	4.207026E-19
6.689393E+03	8.936645E-18	4.189328E-19
6.729393E+03	9.045831E-18	4.175595E-19
6.769393E+03	9.165622E-18	4.165355E-19
6.809393E+03	9.296242E-18	4.158232E-19
6.849393E+03	9.437349E-18	4.153586E-19
6.889393E+03	9.589158E-18	4.151076E-19
6.929393E+03	9.751046E-18	4.150107E-19
6.969393E+03	9.922736E-18	4.150404E-19
7.009393E+03	1.010339E-17	4.151626E-19
7.049393E+03	1.029195E-17	4.153486E-19
7.089393E+03	1.048712E-17	4.155672E-19
7.129393E+03	1.068720E-17	4.157693E-19
7.169393E+03	1.089043E-17	4.159027E-19
7.209393E+03	1.109433E-17	4.158922E-19
7.249393E+03	1.129679E-17	4.156938E-19
7.289393E+03	1.149567E-17	4.152922E-19
7.329393E+03	1.169006E-17	4.147528E-19
7.369393E+03	1.188058E-17	4.142201E-19
7.409393E+03	1.207236E-17	4.139982E-19
7.449393E+03	1.227380E-17	4.144717E-19
7.489393E+03	1.248413E-17	4.156689E-19
7.529393E+03	1.269546E-17	4.173488E-19
7.569393E+03	1.289980E-17	4.192538E-19
7.609393E+03	1.309269E-17	4.212390E-19
7.649393E+03	1.327055E-17	4.231903E-19
7.689393E+03	1.343014E-17	4.250041E-19
7.729393E+03	1.356973E-17	4.266107E-19
7.769393E+03	1.368764E-17	4.279278E-19
7.809393E+03	1.378348E-17	4.289036E-19
7.849393E+03	1.385807E-17	4.295227E-19
7.889393E+03	1.391557E-17	4.298852E-19
7.929393E+03	1.396306E-17	4.302090E-19
7.969393E+03	1.401389E-17	4.309403E-19
8.009393E+03	1.407571E-17	4.323811E-19
8.049393E+03	1.413907E-17	4.343219E-19
8.089393E+03	1.419623E-17	4.365872E-19
8.129393E+03	1.424301E-17	4.390543E-19
8.169393E+03	1.427893E-17	4.416339E-19
8.209393E+03	1.430442E-17	4.441834E-19
8.249393E+03	1.432277E-17	4.465980E-19
8.289393E+03	1.433634E-17	4.487417E-19
8.329393E+03	1.434927E-17	4.505860E-19
8.369393E+03	1.436527E-17	4.521762E-19
8.409393E+03	1.438741E-17	4.536296E-19
8.449393E+03	1.441878E-17	4.551272E-19
8.489393E+03	1.446277E-17	4.568721E-19
8.529393E+03	1.451995E-17	4.589371E-19
8.569393E+03	1.459141E-17	4.613377E-19
8.609393E+03	1.467751E-17	4.639884E-19
8.649393E+03	1.477696E-17	4.667028E-19
8.689393E+03	1.488829E-17	4.692821E-19
8.729393E+03	1.500895E-17	4.715347E-19
8.769393E+03	1.513530E-17	4.733123E-19
8.809393E+03	1.526358E-17	4.745617E-19
8.849393E+03	1.538838E-17	4.752820E-19
8.889393E+03	1.550876E-17	4.757003E-19
8.929393E+03	1.563014E-17	4.762897E-19
8.969393E+03	1.575673E-17	4.774950E-19
9.009393E+03	1.589091E-17	4.796724E-19
9.049393E+03	1.603532E-17	4.831239E-19
9.089393E+03	1.619170E-17	4.880324E-19
9.129393E+03	1.636277E-17	4.944929E-19
9.169393E+03	1.655102E-17	5.024591E-19
9.209393E+03	1.675944E-17	5.117654E-19
9.249393E+03	1.698936E-17	5.220880E-19
9.289393E+03	1.724412E-17	5.331148E-19
9.329393E+03	1.752627E-17	5.445391E-19
9.369393E+03	1.783746E-17	5.561370E-19
9.409393E+03	1.818094E-17	5.679125E-19
9.449393E+03	1.856102E-17	5.801113E-19
9.489393E+03	1.898108E-17	5.931517E-19
9.529393E+03	1.944411E-17	6.076020E-19
9.569393E+03	1.995833E-17	6.242919E-19
9.609393E+03	2.052579E-17	6.438836E-19
9.649393E+03	2.115488E-17	6.671887E-19
9.689393E+03	2.184917E-17	6.947525E-19
9.729393E+03	2.261464E-17	7.270282E-19
9.769393E+03	2.345549E-17	7.642071E-19
9.809393E+03	2.437691E-17	8.062929E-19
9.849393E+03	2.538165E-17	8.529936E-19
9.889393E+03	2.646911E-17	9.037051E-19
9.929393E+03	2.764303E-17	9.577984E-19
9.969393E+03	2.889669E-17	1.014151E-18
1.000939E+04	3.022958E-17	1.071760E-18
1.004939E+04	3.163389E-17	1.129340E-18
1.008939E+04	3.309513E-17	1.185425E-18
1.012939E+04	3.460031E-17	1.238763E-18
1.016939E+04	3.612978E-17	1.288168E-18
1.020939E+04	3.766374E-17	1.332890E-18
1.024939E+04	3.917251E-17	1.372386E-18
1.028939E+04	4.063182E-17	1.406905E-18
1.032939E+04	4.201353E-17	1.437083E-18
1.036939E+04	4.329540E-17	1.464058E-18
1.040939E+04	4.445425E-17	1.488899E-18
1.044939E+04	4.547629E-17	1.512589E-18
1.048939E+04	4.634327E-17	1.535300E-18
1.052939E+04	4.797348E-17	1.587456E-18
1.056939E+04	4.945477E-17	1.638371E-18
1.060939E+04	5.078088E-17	1.687049E-18
1.064939E+04	5.194934E-17	1.732439E-18
1.068939E+04	5.296069E-17	1.773634E-18
1.072939E+04	5.381767E-17	1.810019E-18
1.076939E+04	5.452468E-17	1.841333E-18
1.080939E+04	5.508720E-17	1.867667E-18
1.084939E+04	5.551145E-17	1.889402E-18
1.088939E+04	5.580413E-17	1.907100E-18
1.092939E+04	5.597223E-17	1.921368E-18
1.096939E+04	5.602295E-17	1.932720E-18
1.100939E+04	5.596363E-17	1.941460E-18
1.104939E+04	5.580173E-17	1.947601E-18
1.108939E+04	5.554478E-17	1.950862E-18
1.112939E+04	5.520041E-17	1.950720E-18
1.116939E+04	5.477637E-17	1.946542E-18
1.120939E+04	5.428053E-17	1.937743E-18
1.124939E+04	5.372086E-17	1.923924E-18
1.128939E+04	5.310545E-17	1.904973E-18
1.132939E+04	5.244241E-17	1.881088E-18
1.136939E+04	5.173989E-17	1.852744E-18
1.140939E+04	5.100600E-17	1.820626E-18
1.144939E+04	5.024877E-17	1.785548E-18
1.148939E+04	4.947610E-17	1.748385E-18
1.152939E+04	4.869570E-17	1.710022E-18
1.156939E+04	4.791512E-17	1.671303E-18
1.160939E+04	4.714170E-17	1.632998E-18
1.164939E+04	4.638256E-17	1.595764E-18
1.168939E+04	4.564447E-17	1.560113E-18
1.172939E+04	4.493378E-17	1.526387E-18
1.176939E+04	4.425621E-17	1.494745E-18
1.180939E+04	4.361665E-17	1.465145E-18
1.184939E+04	4.301887E-17	1.437346E-18
1.188939E+04	4.246533E-17	1.410906E-18
1.192939E+04	4.195700E-17	1.385198E-18
1.196939E+04	4.149323E-17	1.359435E-18
1.200939E+04	4.107172E-17	1.332713E-18
1.204939E+04	4.068855E-17	1.304077E-18
1.208939E+04	4.033821E-17	1.272611E-18
1.212939E+04	4.001371E-17	1.237552E-18
1.216939E+04	3.970680E-17	1.198437E-18
1.220939E+04	3.940818E-17	1.155298E-18
1.224939E+04	3.910790E-17	1.108874E-18
1.228939E+04	3.879576E-17	1.060868E-18
1.232939E+04	3.846183E-17	1.014151E-18
1.236939E+04	3.809703E-17	9.728137E-19
1.240939E+04	3.769385E-17	9.417796E-19
1.244939E+04	3.724719E-17	9.257016E-19
1.248939E+04	3.675571E-17	9.269486E-19
1.252939E+04	3.622388E-17	9.433745E-19
1.256939E+04	3.566064E-17	9.696903E-19
1.260939E+04	3.507702E-17	1.000128E-18
1.264939E+04	3.448498E-17	1.029882E-18
1.268939E+04	3.389660E-17	1.055621E-18
1.272939E+04	3.332354E-17	1.075462E-18
1.276939E+04	3.277670E-17	1.088736E-18
1.280939E+04	3.226602E-17	1.095682E-18
1.284939E+04	3.180031E-17	1.097176E-18
1.288939E+04	3.138723E-17	1.094487E-18
1.292939E+04	3.103316E-17	1.089085E-18
1.296939E+04	3.074327E-17	1.082496E-18
1.300939E+04	3.052151E-17	1.076210E-18
1.304939E+04	3.037063E-17	1.071636E-18
1.308939E+04	3.029233E-17	1.070076E-18
1.312939E+04	3.028724E-17	1.072729E-18
1.316939E+04	3.035497E-17	1.080671E-18
1.320939E+04	3.049413E-17	1.094830E-18
1.324939E+04	3.070234E-17	1.115928E-18
1.328939E+04	3.097616E-17	1.144426E-18
1.332939E+04	3.131113E-17	1.180464E-18
1.336939E+04	3.170173E-17	1.223817E-18
1.340939E+04	3.214136E-17	1.273876E-18
1.344939E+04	3.262239E-17	1.329660E-18
1.348939E+04	3.313615E-17	1.389855E-18
1.352939E+04	3.367305E-17	1.452890E-18
1.356939E+04	3.422282E-17	1.517026E-18
1.360939E+04	3.477474E-17	1.580458E-18
1.364939E+04	3.531797E-17	1.641411E-18
1.368939E+04	3.584189E-17	1.698211E-18
1.372939E+04	3.633644E-17	1.749352E-18
1.376939E+04	3.679233E-17	1.793536E-18
1.380939E+04	3.720129E-17	1.829705E-18
1.384939E+04	3.755628E-17	1.857067E-18
1.388939E+04	3.785153E-17	1.875107E-18
1.392939E+04	3.808274E-17	1.883601E-18
1.396939E+04	3.824709E-17	1.882612E-18
1.400939E+04	3.834329E-17	1.872491E-18
1.404939E+04	3.837163E-17	1.853863E-18
1.408939E+04	3.833382E-17	1.827604E-18
1.412939E+04	3.823291E-17	1.794807E-18
1.416939E+04	3.807309E-17	1.756726E-18
1.420939E+04	3.785953E-17	1.714712E-18
1.424939E+04	3.759817E-17	1.670145E-18
1.428939E+04	3.729565E-17	1.624363E-18
1.432939E+04	3.695915E-17	1.578602E-18
1.436939E+04	3.659633E-17	1.533941E-18
1.440939E+04	3.621520E-17	1.491269E-18
1.444939E+04	3.582402E-17	1.451253E-18
1.448939E+04	3.543112E-17	1.414338E-18
1.452939E+04	3.504478E-17	1.380766E-18
1.456939E+04	3.467295E-17	1.350602E-18
1.460939E+04	3.432313E-17	1.323776E-18
1.464939E+04	3.400206E-17	1.300126E-18
1.468939E+04	3.371562E-17	1.279432E-18
1.472939E+04	3.346869E-17	1.261450E-18
1.476939E+04	3.326506E-17	1.245944E-18
1.480939E+04	3.310741E-17	1.232705E-18
1.484939E+04	3.299734E-17	1.221564E-18
1.488939E+04	3.293534E-17	1.212379E-18
1.492939E+04	3.292081E-17	1.205028E-18
1.496939E+04	3.295209E-17	1.199391E-18
1.500939E+04	3.302649E-17	1.195330E-18
1.504939E+04	3.314038E-17	1.192696E-18
1.508939E+04	3.328934E-17	1.191338E-18
1.512939E+04	3.346826E-17	1.191119E-18
1.516939E+04	3.367153E-17	1.191941E-18
1.520939E+04	3.389319E-17	1.193734E-18
1.524939E+04	3.412704E-17	1.196454E-18
1.528939E+04	3.436682E-17	1.200046E-18
1.532939E+04	3.460633E-17	1.204416E-18
1.536939E+04	3.483954E-17	1.209407E-18
1.540939E+04	3.506071E-17	1.214777E-18
1.544939E+04	3.526442E-17	1.220202E-18
1.548939E+04	3.544566E-17	1.225293E-18
1.552939E+04	3.559982E-17	1.229609E-18
1.556939E+04	3.572271E-17	1.232686E-18
1.560939E+04	3.581059E-17	1.234052E-18
1.564939E+04	3.586019E-17	1.233235E-18
1.568939E+04	3.586880E-17	1.229772E-18
1.572939E+04	3.583432E-17	1.223218E-18
1.576939E+04	3.575539E-17	1.213170E-18
1.580939E+04	3.563148E-17	1.199286E-18
1.584939E+04	3.546288E-17	1.181326E-18
1.588939E+04	3.525067E-17	1.159182E-18
1.592939E+04	3.499664E-17	1.132941E-18
1.596939E+04	3.470318E-17	1.102942E-18
1.600939E+04	3.437315E-17	1.069864E-18
1.604939E+04	3.400980E-17	1.034813E-18
1.608939E+04	3.361675E-17	9.993925E-19
1.612939E+04	3.319791E-17	9.657144E-19
1.616939E+04	3.275747E-17	9.362759E-19
1.620939E+04	3.229982E-17	9.136164E-19
1.624939E+04	3.182942E-17	8.996762E-19
1.628939E+04	3.135048E-17	8.947418E-19
1.632939E+04	3.086675E-17	8.970144E-19
1.636939E+04	3.038176E-17	9.038502E-19
1.640939E+04	2.989891E-17	9.126690E-19
1.644939E+04	2.942139E-17	9.213990E-19
1.648939E+04	2.895218E-17	9.286202E-19
1.652939E+04	2.849396E-17	9.335280E-19
1.656939E+04	2.804907E-17	9.358151E-19
1.660939E+04	2.761946E-17	9.355300E-19
1.664939E+04	2.720659E-17	9.329480E-19
1.668939E+04	2.681147E-17	9.284683E-19
1.672939E+04	2.643460E-17	9.225407E-19
1.676939E+04	2.607604E-17	9.156153E-19
1.680939E+04	2.573543E-17	9.081095E-19
1.684939E+04	2.541210E-17	9.003841E-19
1.688939E+04	2.510510E-17	8.927276E-19
1.692939E+04	2.481332E-17	8.853485E-19
1.696939E+04	2.453551E-17	8.783760E-19
1.700939E+04	2.427038E-17	8.718690E-19
1.704939E+04	2.401665E-17	8.658311E-19
1.708939E+04	2.377317E-17	8.602278E-19
1.712939E+04	2.353894E-17	8.550047E-19
1.716939E+04	2.331319E-17	8.501032E-19
1.720939E+04	2.309543E-17	8.454724E-19
1.724939E+04	2.288548E-17	8.410790E-19
1.728939E+04	2.268345E-17	8.369124E-19
1.732939E+04	2.248979E-17	8.329896E-19
1.736939E+04	2.230529E-17	8.293581E-19
1.740939E+04	2.213106E-17	8.260975E-19
1.744939E+04	2.196858E-17	8.233197E-19
1.748939E+04	2.181973E-17	8.211680E-19
1.752939E+04	2.168673E-17	8.198168E-19
1.756939E+04	2.157218E-17	8.194737E-19
1.760939E+04	2.147901E-17	8.203828E-19
1.764939E+04	2.141036E-17	8.228301E-19
1.768939E+04	2.136957E-17	8.271483E-19
1.772939E+04	2.135999E-17	8.337199E-19
1.776939E+04	2.138495E-17	8.429752E-19
1.780939E+04	2.144757E-17	8.553849E-19
1.784939E+04	2.155070E-17	8.714441E-19
1.788939E+04	2.169674E-17	8.916484E-19
1.792939E+04	2.188751E-17	9.164623E-19
1.796939E+04	2.212412E-17	9.462818E-19
1.800939E+04	2.240682E-17	9.813959E-19
1.804939E+04	2.273484E-17	1.021951E-18
1.808939E+04	2.310630E-17	1.067926E-18
1.812939E+04	2.351811E-17	1.119108E-18
1.816939E+04	2.396596E-17	1.175088E-18
1.820939E+04	2.444426E-17	1.235260E-18
1.824939E+04	2.494625E-17	1.298822E-18
1.828939E+04	2.546410E-17	1.364797E-18
1.832939E+04	2.598915E-17	1.432053E-18
1.836939E+04	2.651213E-17	1.499333E-18
1.840939E+04	2.702361E-17	1.565305E-18
1.844939E+04	2.751424E-17	1.628607E-18
1.848939E+04	2.797518E-17	1.687908E-18
1.852939E+04	2.839830E-17	1.741960E-18
1.856939E+04	2.877645E-17	1.789642E-18
1.860939E+04	2.910361E-17	1.830011E-18
1.864939E+04	2.937504E-17	1.862330E-18
1.868939E+04	2.958739E-17	1.886100E-18
1.872939E+04	2.973875E-17	1.901067E-18
1.876939E+04	2.982866E-17	1.907229E-18
1.880939E+04	2.985805E-17	1.904812E-18
1.884939E+04	2.982908E-17	1.894247E-18
1.888939E+04	2.974502E-17	1.876120E-18
1.892939E+04	2.960995E-17	1.851133E-18
1.896939E+04	2.942864E-17	1.820063E-18
1.900939E+04	2.920635E-17	1.783730E-18
1.904939E+04	2.894869E-17	1.742986E-18
1.908939E+04	2.866149E-17	1.698703E-18
1.912939E+04	2.835072E-17	1.651777E-18
1.916939E+04	2.802238E-17	1.603117E-18
1.920939E+04	2.768245E-17	1.553637E-18
1.924939E+04	2.733677E-17	1.504231E-18
1.928939E+04	2.699101E-17	1.455745E-18
1.932939E+04	2.665051E-17	1.408938E-18
1.936939E+04	2.632014E-17	1.364450E-18
1.940939E+04	2.600425E-17	1.322771E-18
1.944939E+04	2.570651E-17	1.284231E-18
1.948939E+04	2.542983E-17	1.249009E-18
1.952939E+04	2.517641E-17	1.217166E-18
1.956939E+04	2.494774E-17	1.188683E-18
1.960939E+04	2.474464E-17	1.163509E-18
1.964939E+04	2.456737E-17	1.141587E-18
1.968939E+04	2.441567E-17	1.122871E-18
1.972939E+04	2.428886E-17	1.107309E-18
1.976939E+04	2.418587E-17	1.094828E-18
1.980939E+04	2.410533E-17	1.085292E-18
1.984939E+04	2.404561E-17	1.078477E-18
1.988939E+04	2.400484E-17	1.074056E-18
1.992939E+04	2.398094E-17	1.071603E-18
1.996939E+04	2.397167E-17	1.070620E-18
2.000939E+04	2.397462E-17	1.070580E-18
2.004939E+04	2.398725E-17	1.070985E-18
2.008939E+04	2.400691E-17	1.071409E-18
2.012939E+04	2.403085E-17	1.071543E-18
2.016939E+04	2.405627E-17	1.071206E-18
2.020939E+04	2.408040E-17	1.070337E-18
2.024939E+04	2.410052E-17	1.068974E-18
2.028939E+04	2.411411E-17	1.067202E-18
2.032939E+04	2.411888E-17	1.065111E-18
2.036939E+04	2.411289E-17	1.062756E-18
2.040939E+04	2.409454E-17	1.060127E-18
2.044939E+04	2.406265E-17	1.057148E-18
2.048939E+04	2.401645E-17	1.053689E-18
2.052939E+04	2.395552E-17	1.049596E-18
2.056939E+04	2.387976E-17	1.044730E-18
2.060939E+04	2.378934E-17	1.038993E-18
2.064939E+04	2.368457E-17	1.032355E-18
2.068939E+04	2.356593E-17	1.024855E-18
2.072939E+04	2.343394E-17	1.016593E-18
2.076939E+04	2.328916E-17	1.007707E-18
2.080939E+04	2.313219E-17	9.983435E-19
2.084939E+04	2.296363E-17	9.886345E-19
2.088939E+04	2.278412E-17	9.786743E-19
2.092939E+04	2.259434E-17	9.685086E-19
2.096939E+04	2.239503E-17	9.581345E-19
2.100939E+04	2.218702E-17	9.475115E-19
2.104939E+04	2.197128E-17	9.365818E-19
2.108939E+04	2.174893E-17	9.252940E-19
2.112939E+04	2.152126E-17	9.136264E-19
2.116939E+04	2.128969E-17	9.016053E-19
2.120939E+04	2.105576E-17	8.893152E-19
2.124939E+04	2.082109E-17	8.769002E-19
2.128939E+04	2.058739E-17	8.645587E-19
2.132939E+04	2.035641E-17	8.525298E-19
2.136939E+04	2.012990E-17	8.410744E-19
2.140939E+04	1.990958E-17	8.304524E-19
2.144939E+04	1.969697E-17	8.208948E-19
2.148939E+04	1.949323E-17	8.125689E-19
2.152939E+04	1.929863E-17	8.055177E-19
2.156939E+04	1.911230E-17	7.996347E-19
2.160939E+04	1.893288E-17	7.947435E-19
2.164939E+04	1.875879E-17	7.906492E-19
2.168939E+04	1.858847E-17	7.871649E-19
2.172939E+04	1.842043E-17	7.841254E-19
2.176939E+04	1.825330E-17	7.813922E-19
2.180939E+04	1.808589E-17	7.788541E-19
2.184939E+04	1.791713E-17	7.764244E-19
2.188939E+04	1.774616E-17	7.740367E-19
2.192939E+04	1.757221E-17	7.716412E-19
2.196939E+04	1.739468E-17	7.692003E-19
2.200939E+04	1.721306E-17	7.666866E-19
2.204939E+04	1.702698E-17	7.640801E-19
2.208939E+04	1.683619E-17	7.613660E-19
2.212939E+04	1.664060E-17	7.585334E-19
2.216939E+04	1.644025E-17	7.555726E-19
2.220939E+04	1.623539E-17	7.524735E-19
2.224939E+04	1.602644E-17	7.492246E-19
2.228939E+04	1.581396E-17	7.458127E-19
2.232939E+04	1.559869E-17	7.422224E-19
2.236939E+04	1.538149E-17	7.384377E-19
2.240939E+04	1.516332E-17	7.344421E-19
2.244939E+04	1.494522E-17	7.302206E-19
2.248939E+04	1.472825E-17	7.257603E-19
2.252939E+04	1.451345E-17	7.210521E-19
2.256939E+04	1.430182E-17	7.160924E-19
2.260939E+04	1.409430E-17	7.108854E-19
2.264939E+04	1.389171E-17	7.054467E-19
2.268939E+04	1.369478E-17	6.998061E-19
2.272939E+04	1.350414E-17	6.940105E-19
2.276939E+04	1.332031E-17	6.881258E-19
2.280939E+04	1.314372E-17	6.822353E-19
2.284939E+04	1.297472E-17	6.764368E-19
2.288939E+04	1.281359E-17	6.708358E-19
2.292939E+04	1.266051E-17	6.655388E-19
2.296939E+04	1.251560E-17	6.606459E-19
2.300939E+04	1.237895E-17	6.562460E-19
2.304939E+04	1.225057E-17	6.524130E-19
2.308939E+04	1.213046E-17	6.492053E-19
2.312939E+04	1.201859E-17	6.466670E-19
2.316939E+04	1.191490E-17	6.448297E-19
2.320939E+04	1.181933E-17	6.437159E-19
2.324939E+04	1.173179E-17	6.433401E-19
2.328939E+04	1.165221E-17	6.437103E-19
2.332939E+04	1.158050E-17	6.448273E-19
2.336939E+04	1.151661E-17	6.466834E-19
2.340939E+04	1.146047E-17	6.492625E-19
2.344939E+04	1.141205E-17	6.525398E-19
2.348939E+04	1.137133E-17	6.564847E-19
2.352939E+04	1.133832E-17	6.610647E-19
2.356939E+04	1.131301E-17	6.662513E-19
2.360939E+04	1.129543E-17	6.720270E-19
2.364939E+04	1.128558E-17	6.783927E-19
2.368939E+04	1.128347E-17	6.853764E-19
2.372939E+04	1.128910E-17	6.930408E-19
2.376939E+04	1.130245E-17	7.014916E-19
2.380939E+04	1.132348E-17	7.108842E-19
2.384939E+04	1.135211E-17	7.214292E-19
2.388939E+04	1.138823E-17	7.333965E-19
2.392939E+04	1.143172E-17	7.471156E-19
2.396939E+04	1.148243E-17	7.629744E-19
2.400939E+04	1.154017E-17	7.814127E-19
2.404939E+04	1.160476E-17	8.029135E-19
2.408939E+04	1.167597E-17	8.279885E-19
2.412939E+04	1.175353E-17	8.571613E-19
2.416939E+04	1.183715E-17	8.909480E-19
2.420939E+04	1.192650E-17	9.298362E-19
2.424939E+04	1.202118E-17	9.742643E-19
2.428939E+04	1.212075E-17	1.024603E-18
2.432939E+04	1.222472E-17	1.081139E-18
2.436939E+04	1.233252E-17	1.144066E-18
2.440939E+04	1.244359E-17	1.213478E-18
2.444939E+04	1.255729E-17	1.289375E-18
2.448939E+04	1.267299E-17	1.371667E-18
