#wls	flux	fluxerr
1.600000E+03	6.744069E-18	7.019541E-18
1.640000E+03	6.922812E-18	7.103745E-18
1.680000E+03	7.111098E-18	7.189867E-18
1.720000E+03	7.310250E-18	7.278580E-18
1.760000E+03	7.519430E-18	7.368338E-18
1.800000E+03	7.739752E-18	7.459505E-18
1.840000E+03	7.970845E-18	7.550950E-18
1.880000E+03	8.213561E-18	7.642682E-18
1.920000E+03	8.467927E-18	7.733881E-18
1.960000E+03	8.733818E-18	7.823566E-18
2.000000E+03	9.009645E-18	7.909466E-18
2.040000E+03	9.294993E-18	7.990413E-18
2.080000E+03	9.588636E-18	8.064581E-18
2.120000E+03	9.887323E-18	8.128563E-18
2.160000E+03	1.018777E-17	8.179165E-18
2.200000E+03	1.048482E-17	8.212010E-18
2.240000E+03	1.077288E-17	8.222778E-18
2.280000E+03	1.104886E-17	8.209527E-18
2.320000E+03	1.131092E-17	8.171495E-18
2.360000E+03	1.156289E-17	8.112096E-18
2.400000E+03	1.180759E-17	8.033796E-18
2.440000E+03	1.204686E-17	7.938221E-18
2.480000E+03	1.228322E-17	7.827307E-18
2.520000E+03	1.251709E-17	7.701548E-18
2.560000E+03	1.274754E-17	7.560637E-18
2.600000E+03	1.297488E-17	7.405102E-18
2.640000E+03	1.319661E-17	7.233993E-18
2.680000E+03	1.341112E-17	7.047095E-18
2.720000E+03	1.361483E-17	6.843450E-18
2.760000E+03	1.380560E-17	6.623193E-18
2.800000E+03	1.397962E-17	6.386003E-18
2.840000E+03	1.413419E-17	6.132490E-18
2.880000E+03	1.426723E-17	5.863880E-18
2.920000E+03	1.437759E-17	5.582083E-18
2.960000E+03	1.446533E-17	5.289681E-18
3.000000E+03	1.453151E-17	4.989736E-18
3.010000E+03	1.454473E-17	4.913909E-18
3.020000E+03	1.455687E-17	4.837915E-18
3.030000E+03	1.456755E-17	4.761675E-18
3.040000E+03	1.457738E-17	4.685429E-18
3.050000E+03	1.458598E-17	4.609100E-18
3.060000E+03	1.459332E-17	4.532722E-18
3.070000E+03	1.459935E-17	4.456330E-18
3.080000E+03	1.460465E-17	4.380144E-18
3.090000E+03	1.460857E-17	4.304011E-18
3.100000E+03	1.461165E-17	4.228145E-18
3.110000E+03	1.461356E-17	4.152493E-18
3.120000E+03	1.461456E-17	4.077176E-18
3.130000E+03	1.461459E-17	4.002228E-18
3.140000E+03	1.461362E-17	3.927688E-18
3.150000E+03	1.461160E-17	3.853596E-18
3.160000E+03	1.460878E-17	3.780065E-18
3.170000E+03	1.460484E-17	3.707067E-18
3.180000E+03	1.460002E-17	3.634716E-18
3.190000E+03	1.459428E-17	3.563056E-18
3.200000E+03	1.458758E-17	3.492135E-18
3.210000E+03	1.458015E-17	3.422060E-18
3.220000E+03	1.457145E-17	3.352763E-18
3.230000E+03	1.456221E-17	3.284472E-18
3.240000E+03	1.455165E-17	3.217069E-18
3.250000E+03	1.454048E-17	3.150774E-18
3.260000E+03	1.452821E-17	3.085537E-18
3.270000E+03	1.451504E-17	3.021468E-18
3.280000E+03	1.450096E-17	2.958623E-18
3.290000E+03	1.448574E-17	2.897016E-18
3.300000E+03	1.446982E-17	2.836796E-18
3.310000E+03	1.445275E-17	2.777931E-18
3.320000E+03	1.443456E-17	2.720480E-18
3.330000E+03	1.441568E-17	2.664578E-18
3.340000E+03	1.439571E-17	2.610195E-18
3.350000E+03	1.437470E-17	2.557379E-18
3.360000E+03	1.435269E-17	2.506175E-18
3.370000E+03	1.432995E-17	2.456657E-18
3.380000E+03	1.430613E-17	2.408789E-18
3.390000E+03	1.428131E-17	2.362602E-18
3.400000E+03	1.425579E-17	2.318153E-18
3.410000E+03	1.422943E-17	2.275425E-18
3.420000E+03	1.420236E-17	2.234431E-18
3.430000E+03	1.417430E-17	2.195118E-18
3.440000E+03	1.414555E-17	2.157515E-18
3.450000E+03	1.411623E-17	2.121615E-18
3.460000E+03	1.408612E-17	2.087353E-18
3.470000E+03	1.405537E-17	2.054715E-18
3.480000E+03	1.402396E-17	2.023656E-18
3.490000E+03	1.399222E-17	1.994176E-18
3.500000E+03	1.395982E-17	1.966175E-18
3.510000E+03	1.392712E-17	1.939646E-18
3.520000E+03	1.389399E-17	1.914511E-18
3.530000E+03	1.386047E-17	1.890715E-18
3.540000E+03	1.382662E-17	1.868199E-18
3.550000E+03	1.379235E-17	1.846886E-18
3.560000E+03	1.375790E-17	1.826739E-18
3.570000E+03	1.372304E-17	1.807662E-18
3.580000E+03	1.368787E-17	1.789599E-18
3.590000E+03	1.365262E-17	1.772515E-18
3.600000E+03	1.361725E-17	1.756336E-18
3.610000E+03	1.358185E-17	1.741011E-18
3.620000E+03	1.354639E-17	1.726472E-18
3.630000E+03	1.351084E-17	1.712652E-18
3.640000E+03	1.347531E-17	1.699507E-18
3.650000E+03	1.343965E-17	1.686960E-18
3.660000E+03	1.340411E-17	1.674988E-18
3.670000E+03	1.336855E-17	1.663521E-18
3.680000E+03	1.333309E-17	1.652524E-18
3.690000E+03	1.329796E-17	1.641980E-18
3.700000E+03	1.326303E-17	1.631827E-18
3.710000E+03	1.322841E-17	1.622035E-18
3.720000E+03	1.319443E-17	1.612608E-18
3.730000E+03	1.316106E-17	1.603502E-18
3.740000E+03	1.312838E-17	1.594694E-18
3.750000E+03	1.309669E-17	1.586189E-18
3.760000E+03	1.306594E-17	1.577949E-18
3.770000E+03	1.303630E-17	1.569967E-18
3.780000E+03	1.300803E-17	1.562250E-18
3.790000E+03	1.298117E-17	1.554780E-18
3.800000E+03	1.295585E-17	1.547552E-18
3.810000E+03	1.293221E-17	1.540561E-18
3.820000E+03	1.291036E-17	1.533805E-18
3.830000E+03	1.289055E-17	1.527292E-18
3.840000E+03	1.287276E-17	1.521008E-18
3.850000E+03	1.285720E-17	1.514963E-18
3.860000E+03	1.284407E-17	1.509167E-18
3.870000E+03	1.283335E-17	1.503605E-18
3.880000E+03	1.282509E-17	1.498274E-18
3.890000E+03	1.281959E-17	1.493195E-18
3.900000E+03	1.281688E-17	1.488366E-18
3.910000E+03	1.281691E-17	1.483769E-18
3.920000E+03	1.281991E-17	1.479424E-18
3.930000E+03	1.282601E-17	1.475339E-18
3.940000E+03	1.283501E-17	1.471482E-18
3.950000E+03	1.284712E-17	1.467874E-18
3.960000E+03	1.286246E-17	1.464517E-18
3.970000E+03	1.288100E-17	1.461406E-18
3.980000E+03	1.290264E-17	1.458520E-18
3.990000E+03	1.292765E-17	1.455886E-18
4.000000E+03	1.295590E-17	1.453482E-18
4.010000E+03	1.298736E-17	1.451300E-18
4.020000E+03	1.302220E-17	1.449351E-18
4.030000E+03	1.306027E-17	1.447614E-18
4.040000E+03	1.310174E-17	1.446101E-18
4.050000E+03	1.314635E-17	1.444778E-18
4.060000E+03	1.319436E-17	1.443668E-18
4.070000E+03	1.324562E-17	1.442748E-18
4.080000E+03	1.330008E-17	1.442009E-18
4.090000E+03	1.335790E-17	1.441461E-18
4.100000E+03	1.341882E-17	1.441073E-18
4.110000E+03	1.348310E-17	1.440868E-18
4.120000E+03	1.355049E-17	1.440813E-18
4.130000E+03	1.362102E-17	1.440908E-18
4.140000E+03	1.369475E-17	1.441154E-18
4.150000E+03	1.377152E-17	1.441528E-18
4.160000E+03	1.385136E-17	1.442028E-18
4.170000E+03	1.393422E-17	1.442641E-18
4.180000E+03	1.401992E-17	1.443341E-18
4.190000E+03	1.410861E-17	1.444136E-18
4.200000E+03	1.419999E-17	1.444986E-18
4.210000E+03	1.429422E-17	1.445898E-18
4.220000E+03	1.439099E-17	1.446831E-18
4.230000E+03	1.449034E-17	1.447779E-18
4.240000E+03	1.459218E-17	1.448724E-18
4.250000E+03	1.469619E-17	1.449625E-18
4.260000E+03	1.480251E-17	1.450485E-18
4.270000E+03	1.491093E-17	1.451275E-18
4.280000E+03	1.502122E-17	1.451965E-18
4.290000E+03	1.513314E-17	1.452522E-18
4.300000E+03	1.524668E-17	1.452938E-18
4.310000E+03	1.536171E-17	1.453192E-18
4.320000E+03	1.547771E-17	1.453228E-18
4.330000E+03	1.559476E-17	1.453045E-18
4.340000E+03	1.571231E-17	1.452584E-18
4.350000E+03	1.583043E-17	1.451841E-18
4.360000E+03	1.594866E-17	1.450764E-18
4.370000E+03	1.606692E-17	1.449334E-18
4.380000E+03	1.618513E-17	1.447527E-18
4.390000E+03	1.630320E-17	1.445318E-18
4.400000E+03	1.642106E-17	1.442679E-18
4.410000E+03	1.653876E-17	1.439589E-18
4.420000E+03	1.665638E-17	1.436027E-18
4.430000E+03	1.677386E-17	1.431958E-18
4.440000E+03	1.689130E-17	1.427355E-18
4.450000E+03	1.700850E-17	1.422169E-18
4.460000E+03	1.712572E-17	1.416384E-18
4.470000E+03	1.724280E-17	1.409950E-18
4.480000E+03	1.735972E-17	1.402827E-18
4.490000E+03	1.747646E-17	1.394976E-18
4.500000E+03	1.759304E-17	1.386362E-18
4.510000E+03	1.770944E-17	1.376949E-18
4.520000E+03	1.782570E-17	1.366704E-18
4.530000E+03	1.794153E-17	1.355575E-18
4.540000E+03	1.805729E-17	1.343565E-18
4.550000E+03	1.817271E-17	1.330633E-18
4.560000E+03	1.828788E-17	1.316773E-18
4.570000E+03	1.840272E-17	1.301976E-18
4.580000E+03	1.851752E-17	1.286268E-18
4.590000E+03	1.863225E-17	1.269665E-18
4.600000E+03	1.874677E-17	1.252186E-18
4.610000E+03	1.886162E-17	1.233912E-18
4.620000E+03	1.897670E-17	1.214897E-18
4.630000E+03	1.909212E-17	1.195226E-18
4.640000E+03	1.920838E-17	1.175031E-18
4.650000E+03	1.932586E-17	1.154455E-18
4.660000E+03	1.944444E-17	1.133641E-18
4.670000E+03	1.956493E-17	1.112820E-18
4.680000E+03	1.968767E-17	1.092224E-18
4.690000E+03	1.981302E-17	1.072128E-18
4.700000E+03	1.994160E-17	1.052859E-18
4.710000E+03	2.007385E-17	1.034779E-18
4.720000E+03	2.021045E-17	1.018299E-18
4.730000E+03	2.035155E-17	1.003838E-18
4.740000E+03	2.049786E-17	9.918642E-19
4.750000E+03	2.065013E-17	9.828443E-19
4.760000E+03	2.080827E-17	9.771771E-19
4.770000E+03	2.097314E-17	9.752350E-19
4.780000E+03	2.114487E-17	9.772455E-19
4.790000E+03	2.132342E-17	9.832640E-19
4.800000E+03	2.150908E-17	9.931796E-19
4.810000E+03	2.170100E-17	1.006690E-18
4.820000E+03	2.189941E-17	1.023448E-18
4.830000E+03	2.210325E-17	1.042989E-18
4.840000E+03	2.231244E-17	1.064872E-18
4.850000E+03	2.252604E-17	1.088623E-18
4.860000E+03	2.274394E-17	1.113830E-18
4.870000E+03	2.296516E-17	1.140076E-18
4.880000E+03	2.318937E-17	1.167016E-18
4.890000E+03	2.341605E-17	1.194339E-18
4.900000E+03	2.364444E-17	1.221762E-18
4.910000E+03	2.387402E-17	1.249052E-18
4.920000E+03	2.410431E-17	1.276011E-18
4.930000E+03	2.433505E-17	1.302482E-18
4.940000E+03	2.456531E-17	1.328296E-18
4.950000E+03	2.479512E-17	1.353355E-18
4.960000E+03	2.502357E-17	1.377526E-18
4.970000E+03	2.525049E-17	1.400734E-18
4.980000E+03	2.547524E-17	1.422887E-18
4.990000E+03	2.569743E-17	1.443922E-18
5.000000E+03	2.591669E-17	1.463785E-18
5.010000E+03	2.613291E-17	1.482449E-18
5.020000E+03	2.634522E-17	1.499855E-18
5.030000E+03	2.655355E-17	1.515995E-18
5.040000E+03	2.675729E-17	1.530842E-18
5.050000E+03	2.695637E-17	1.544409E-18
5.060000E+03	2.715019E-17	1.556686E-18
5.070000E+03	2.733818E-17	1.567666E-18
5.080000E+03	2.752027E-17	1.577383E-18
5.090000E+03	2.769616E-17	1.585857E-18
5.100000E+03	2.786530E-17	1.593099E-18
5.110000E+03	2.802713E-17	1.599121E-18
5.120000E+03	2.818196E-17	1.603988E-18
5.130000E+03	2.832905E-17	1.607703E-18
5.140000E+03	2.846821E-17	1.610305E-18
5.150000E+03	2.859932E-17	1.611838E-18
5.160000E+03	2.872226E-17	1.612352E-18
5.170000E+03	2.883669E-17	1.611891E-18
5.180000E+03	2.894284E-17	1.610538E-18
5.190000E+03	2.904010E-17	1.608345E-18
5.200000E+03	2.912877E-17	1.605421E-18
5.210000E+03	2.920825E-17	1.601839E-18
5.220000E+03	2.927915E-17	1.597743E-18
5.230000E+03	2.934093E-17	1.593224E-18
5.240000E+03	2.939390E-17	1.588419E-18
5.250000E+03	2.943756E-17	1.583419E-18
5.260000E+03	2.947223E-17	1.578355E-18
5.270000E+03	2.949797E-17	1.573337E-18
5.280000E+03	2.951426E-17	1.568430E-18
5.290000E+03	2.952112E-17	1.563717E-18
5.300000E+03	2.951889E-17	1.559283E-18
5.310000E+03	2.950728E-17	1.555168E-18
5.320000E+03	2.948598E-17	1.551396E-18
5.330000E+03	2.945498E-17	1.547993E-18
5.340000E+03	2.941424E-17	1.544969E-18
5.350000E+03	2.936372E-17	1.542321E-18
5.360000E+03	2.930309E-17	1.540017E-18
5.370000E+03	2.923262E-17	1.538044E-18
5.380000E+03	2.915204E-17	1.536352E-18
5.390000E+03	2.906167E-17	1.534911E-18
5.400000E+03	2.896132E-17	1.533657E-18
5.410000E+03	2.885174E-17	1.532568E-18
5.420000E+03	2.873342E-17	1.531609E-18
5.430000E+03	2.860636E-17	1.530713E-18
5.440000E+03	2.847177E-17	1.529877E-18
5.450000E+03	2.833008E-17	1.529054E-18
5.460000E+03	2.818065E-17	1.528139E-18
5.470000E+03	2.802489E-17	1.527138E-18
5.480000E+03	2.786286E-17	1.525979E-18
5.490000E+03	2.769472E-17	1.524593E-18
5.500000E+03	2.752092E-17	1.522931E-18
5.510000E+03	2.734173E-17	1.520929E-18
5.520000E+03	2.715745E-17	1.518529E-18
5.530000E+03	2.696900E-17	1.515710E-18
5.540000E+03	2.677676E-17	1.512429E-18
5.550000E+03	2.658200E-17	1.508693E-18
5.560000E+03	2.638576E-17	1.504507E-18
5.570000E+03	2.618881E-17	1.499865E-18
5.580000E+03	2.599251E-17	1.494804E-18
5.590000E+03	2.579797E-17	1.489351E-18
5.600000E+03	2.560627E-17	1.483546E-18
5.610000E+03	2.541874E-17	1.477445E-18
5.620000E+03	2.523637E-17	1.471096E-18
5.630000E+03	2.506012E-17	1.464549E-18
5.640000E+03	2.489106E-17	1.457866E-18
5.650000E+03	2.472996E-17	1.451095E-18
5.660000E+03	2.457768E-17	1.444293E-18
5.670000E+03	2.443475E-17	1.437500E-18
5.680000E+03	2.430159E-17	1.430749E-18
5.690000E+03	2.417876E-17	1.424085E-18
5.700000E+03	2.406649E-17	1.417527E-18
5.710000E+03	2.396494E-17	1.411092E-18
5.720000E+03	2.387444E-17	1.404805E-18
5.730000E+03	2.379504E-17	1.398673E-18
5.740000E+03	2.372700E-17	1.392716E-18
5.750000E+03	2.367003E-17	1.386922E-18
5.760000E+03	2.362458E-17	1.381325E-18
5.770000E+03	2.359035E-17	1.375918E-18
5.780000E+03	2.356726E-17	1.370709E-18
5.790000E+03	2.355574E-17	1.365734E-18
5.800000E+03	2.355522E-17	1.360971E-18
5.810000E+03	2.356612E-17	1.356454E-18
5.820000E+03	2.358840E-17	1.352182E-18
5.830000E+03	2.362200E-17	1.348146E-18
5.840000E+03	2.366664E-17	1.344315E-18
5.850000E+03	2.372281E-17	1.340692E-18
5.860000E+03	2.379027E-17	1.337226E-18
5.870000E+03	2.386929E-17	1.333886E-18
5.880000E+03	2.395990E-17	1.330618E-18
5.890000E+03	2.406188E-17	1.327348E-18
5.900000E+03	2.417553E-17	1.324027E-18
5.910000E+03	2.430115E-17	1.320604E-18
5.920000E+03	2.443822E-17	1.316988E-18
5.930000E+03	2.458703E-17	1.313128E-18
5.940000E+03	2.474757E-17	1.308965E-18
5.950000E+03	2.492008E-17	1.304455E-18
5.960000E+03	2.510395E-17	1.299512E-18
5.970000E+03	2.529967E-17	1.294113E-18
5.980000E+03	2.550654E-17	1.288174E-18
5.990000E+03	2.572471E-17	1.281657E-18
6.000000E+03	2.595397E-17	1.274508E-18
6.010000E+03	2.619379E-17	1.266653E-18
6.020000E+03	2.644418E-17	1.258041E-18
6.030000E+03	2.670414E-17	1.248572E-18
6.040000E+03	2.697387E-17	1.238191E-18
6.050000E+03	2.725189E-17	1.226766E-18
6.060000E+03	2.753820E-17	1.214225E-18
6.070000E+03	2.783140E-17	1.200438E-18
6.080000E+03	2.813092E-17	1.185314E-18
6.090000E+03	2.843507E-17	1.168730E-18
6.100000E+03	2.874263E-17	1.150604E-18
6.110000E+03	2.905188E-17	1.130870E-18
6.120000E+03	2.936124E-17	1.109520E-18
6.130000E+03	2.966823E-17	1.086579E-18
6.140000E+03	2.997052E-17	1.062172E-18
6.150000E+03	3.026588E-17	1.036551E-18
6.160000E+03	3.055156E-17	1.010097E-18
6.170000E+03	3.082381E-17	9.833431E-19
6.180000E+03	3.107985E-17	9.570603E-19
6.190000E+03	3.131639E-17	9.322236E-19
6.200000E+03	3.153050E-17	9.100190E-19
6.210000E+03	3.171975E-17	8.917829E-19
6.220000E+03	3.188207E-17	8.788692E-19
6.230000E+03	3.201634E-17	8.724756E-19
6.240000E+03	3.212313E-17	8.734296E-19
6.250000E+03	3.220293E-17	8.818109E-19
6.260000E+03	3.225672E-17	8.969227E-19
6.270000E+03	3.228786E-17	9.176730E-19
6.280000E+03	3.229895E-17	9.427261E-19
6.290000E+03	3.229196E-17	9.706995E-19
6.300000E+03	3.227109E-17	1.000383E-18
6.310000E+03	3.223791E-17	1.030667E-18
6.320000E+03	3.219600E-17	1.060712E-18
6.330000E+03	3.214708E-17	1.089817E-18
6.340000E+03	3.209356E-17	1.117488E-18
6.350000E+03	3.203723E-17	1.143364E-18
6.360000E+03	3.197973E-17	1.167208E-18
6.370000E+03	3.192253E-17	1.188883E-18
6.380000E+03	3.186652E-17	1.208319E-18
6.390000E+03	3.181242E-17	1.225506E-18
6.400000E+03	3.176175E-17	1.240519E-18
6.410000E+03	3.171453E-17	1.253417E-18
6.420000E+03	3.167203E-17	1.264344E-18
6.430000E+03	3.163448E-17	1.273430E-18
6.440000E+03	3.160248E-17	1.280843E-18
6.450000E+03	3.157699E-17	1.286783E-18
6.460000E+03	3.155935E-17	1.291479E-18
6.470000E+03	3.154992E-17	1.295128E-18
6.480000E+03	3.154945E-17	1.297942E-18
6.490000E+03	3.155860E-17	1.300129E-18
6.500000E+03	3.157705E-17	1.301845E-18
6.510000E+03	3.160583E-17	1.303290E-18
6.520000E+03	3.164497E-17	1.304608E-18
6.530000E+03	3.169396E-17	1.305901E-18
6.540000E+03	3.175371E-17	1.307312E-18
6.550000E+03	3.182362E-17	1.308899E-18
6.560000E+03	3.190306E-17	1.310700E-18
6.570000E+03	3.199288E-17	1.312791E-18
6.580000E+03	3.209242E-17	1.315165E-18
6.590000E+03	3.220152E-17	1.317816E-18
6.600000E+03	3.232055E-17	1.320744E-18
6.610000E+03	3.244831E-17	1.323871E-18
6.620000E+03	3.258462E-17	1.327157E-18
6.630000E+03	3.273034E-17	1.330603E-18
6.640000E+03	3.288419E-17	1.334126E-18
6.650000E+03	3.304592E-17	1.337694E-18
6.660000E+03	3.321580E-17	1.341310E-18
6.670000E+03	3.339296E-17	1.344945E-18
6.680000E+03	3.357706E-17	1.348612E-18
6.690000E+03	3.376832E-17	1.352364E-18
6.700000E+03	3.396522E-17	1.356210E-18
6.710000E+03	3.416740E-17	1.360220E-18
6.720000E+03	3.437568E-17	1.364533E-18
6.730000E+03	3.458858E-17	1.369209E-18
6.740000E+03	3.480581E-17	1.374361E-18
6.750000E+03	3.502773E-17	1.380126E-18
6.760000E+03	3.525356E-17	1.386580E-18
6.770000E+03	3.548315E-17	1.393798E-18
6.780000E+03	3.571643E-17	1.401818E-18
6.790000E+03	3.595337E-17	1.410639E-18
6.800000E+03	3.619334E-17	1.420183E-18
6.810000E+03	3.643701E-17	1.430374E-18
6.820000E+03	3.668443E-17	1.441064E-18
6.830000E+03	3.693498E-17	1.452035E-18
6.840000E+03	3.718931E-17	1.463093E-18
6.850000E+03	3.744669E-17	1.473975E-18
6.860000E+03	3.770701E-17	1.484440E-18
6.870000E+03	3.797009E-17	1.494265E-18
6.880000E+03	3.823497E-17	1.503227E-18
6.890000E+03	3.850277E-17	1.511227E-18
6.900000E+03	3.877245E-17	1.518130E-18
6.910000E+03	3.904289E-17	1.523850E-18
6.920000E+03	3.931440E-17	1.528407E-18
6.930000E+03	3.958579E-17	1.531804E-18
6.940000E+03	3.985659E-17	1.534112E-18
6.950000E+03	4.012710E-17	1.535458E-18
6.960000E+03	4.039608E-17	1.535934E-18
6.970000E+03	4.066310E-17	1.535674E-18
6.980000E+03	4.092773E-17	1.534825E-18
6.990000E+03	4.118957E-17	1.533540E-18
7.000000E+03	4.144746E-17	1.531948E-18
7.010000E+03	4.170270E-17	1.530269E-18
7.020000E+03	4.195339E-17	1.528602E-18
7.030000E+03	4.219928E-17	1.527099E-18
7.040000E+03	4.244100E-17	1.525933E-18
7.050000E+03	4.267755E-17	1.525199E-18
7.060000E+03	4.290877E-17	1.525005E-18
7.070000E+03	4.313460E-17	1.525436E-18
7.080000E+03	4.335499E-17	1.526554E-18
7.090000E+03	4.357084E-17	1.528432E-18
7.100000E+03	4.378053E-17	1.531030E-18
7.110000E+03	4.398422E-17	1.534350E-18
7.120000E+03	4.418303E-17	1.538408E-18
7.130000E+03	4.437730E-17	1.543172E-18
7.140000E+03	4.456655E-17	1.548561E-18
7.150000E+03	4.475214E-17	1.554537E-18
7.160000E+03	4.493276E-17	1.560947E-18
7.170000E+03	4.511081E-17	1.567743E-18
7.180000E+03	4.528601E-17	1.574760E-18
7.190000E+03	4.545900E-17	1.581842E-18
7.200000E+03	4.562951E-17	1.588783E-18
7.210000E+03	4.580010E-17	1.595462E-18
7.220000E+03	4.596950E-17	1.601620E-18
7.230000E+03	4.613922E-17	1.607105E-18
7.240000E+03	4.630876E-17	1.611710E-18
7.250000E+03	4.647943E-17	1.615324E-18
7.260000E+03	4.665044E-17	1.617799E-18
7.270000E+03	4.682180E-17	1.619058E-18
7.280000E+03	4.699436E-17	1.619100E-18
7.290000E+03	4.716682E-17	1.617899E-18
7.300000E+03	4.733971E-17	1.615539E-18
7.310000E+03	4.751042E-17	1.612038E-18
7.320000E+03	4.767925E-17	1.607553E-18
7.330000E+03	4.784643E-17	1.602262E-18
7.340000E+03	4.800908E-17	1.596258E-18
7.350000E+03	4.816734E-17	1.589741E-18
7.360000E+03	4.831928E-17	1.582835E-18
7.370000E+03	4.846503E-17	1.575716E-18
7.380000E+03	4.860267E-17	1.568452E-18
7.390000E+03	4.873134E-17	1.561102E-18
7.400000E+03	4.885024E-17	1.553662E-18
7.410000E+03	4.895760E-17	1.546031E-18
7.420000E+03	4.905282E-17	1.538079E-18
7.430000E+03	4.913542E-17	1.529618E-18
7.440000E+03	4.920514E-17	1.520415E-18
7.450000E+03	4.926294E-17	1.510232E-18
7.460000E+03	4.930784E-17	1.498739E-18
7.470000E+03	4.934233E-17	1.485698E-18
7.480000E+03	4.936694E-17	1.470803E-18
7.490000E+03	4.938236E-17	1.453759E-18
7.500000E+03	4.938950E-17	1.434290E-18
7.510000E+03	4.938945E-17	1.412145E-18
7.520000E+03	4.938575E-17	1.387169E-18
7.530000E+03	4.937764E-17	1.359118E-18
7.540000E+03	4.936793E-17	1.327902E-18
7.550000E+03	4.935850E-17	1.293483E-18
7.560000E+03	4.935259E-17	1.255975E-18
7.570000E+03	4.935020E-17	1.215593E-18
7.580000E+03	4.935487E-17	1.172903E-18
7.590000E+03	4.936916E-17	1.128804E-18
7.600000E+03	4.939677E-17	1.084687E-18
7.610000E+03	4.943792E-17	1.042418E-18
7.620000E+03	4.949734E-17	1.004546E-18
7.630000E+03	4.957606E-17	9.740163E-19
7.640000E+03	4.967473E-17	9.539337E-19
7.650000E+03	4.979704E-17	9.470636E-19
7.660000E+03	4.994237E-17	9.548109E-19
7.670000E+03	5.011012E-17	9.763448E-19
7.680000E+03	5.029894E-17	1.009397E-18
7.690000E+03	5.050707E-17	1.051117E-18
7.700000E+03	5.073253E-17	1.098649E-18
7.710000E+03	5.097449E-17	1.149522E-18
7.720000E+03	5.122846E-17	1.201689E-18
7.730000E+03	5.149500E-17	1.253737E-18
7.740000E+03	5.177108E-17	1.304634E-18
7.750000E+03	5.205499E-17	1.353766E-18
7.760000E+03	5.234516E-17	1.400814E-18
7.770000E+03	5.264139E-17	1.445712E-18
7.780000E+03	5.294098E-17	1.488453E-18
7.790000E+03	5.324256E-17	1.529124E-18
7.800000E+03	5.354483E-17	1.567811E-18
7.810000E+03	5.384785E-17	1.604596E-18
7.820000E+03	5.414904E-17	1.639416E-18
7.830000E+03	5.444719E-17	1.672183E-18
7.840000E+03	5.474248E-17	1.702809E-18
7.850000E+03	5.503096E-17	1.731060E-18
7.860000E+03	5.531423E-17	1.756881E-18
7.870000E+03	5.558975E-17	1.780119E-18
7.880000E+03	5.585633E-17	1.800710E-18
7.890000E+03	5.611282E-17	1.818652E-18
7.900000E+03	5.635808E-17	1.834003E-18
7.910000E+03	5.658951E-17	1.846836E-18
7.920000E+03	5.680604E-17	1.857324E-18
7.930000E+03	5.700811E-17	1.865727E-18
7.940000E+03	5.719187E-17	1.872186E-18
7.950000E+03	5.735650E-17	1.876938E-18
7.960000E+03	5.750286E-17	1.880257E-18
7.970000E+03	5.762900E-17	1.882292E-18
7.980000E+03	5.773309E-17	1.883158E-18
7.990000E+03	5.781962E-17	1.883141E-18
8.000000E+03	5.788718E-17	1.882307E-18
8.010000E+03	5.793607E-17	1.880761E-18
8.020000E+03	5.796829E-17	1.878659E-18
8.030000E+03	5.798602E-17	1.876168E-18
8.040000E+03	5.798692E-17	1.873305E-18
8.050000E+03	5.797657E-17	1.870344E-18
8.060000E+03	5.795131E-17	1.867247E-18
8.070000E+03	5.791696E-17	1.864261E-18
8.080000E+03	5.787159E-17	1.861358E-18
8.090000E+03	5.781961E-17	1.858689E-18
8.100000E+03	5.775918E-17	1.856184E-18
8.110000E+03	5.769162E-17	1.853862E-18
8.120000E+03	5.762145E-17	1.851843E-18
8.130000E+03	5.754682E-17	1.850045E-18
8.140000E+03	5.747062E-17	1.848549E-18
8.150000E+03	5.739248E-17	1.847343E-18
8.160000E+03	5.731514E-17	1.846523E-18
8.170000E+03	5.723802E-17	1.846091E-18
8.180000E+03	5.716356E-17	1.846145E-18
8.190000E+03	5.709089E-17	1.846671E-18
8.200000E+03	5.702053E-17	1.847686E-18
8.210000E+03	5.695448E-17	1.849227E-18
8.220000E+03	5.688981E-17	1.851143E-18
8.230000E+03	5.682992E-17	1.853448E-18
8.240000E+03	5.677177E-17	1.855911E-18
8.250000E+03	5.671873E-17	1.858478E-18
8.260000E+03	5.666784E-17	1.860865E-18
8.270000E+03	5.662268E-17	1.862995E-18
8.280000E+03	5.658048E-17	1.864609E-18
8.290000E+03	5.654187E-17	1.865600E-18
8.300000E+03	5.650919E-17	1.865986E-18
8.310000E+03	5.648327E-17	1.865805E-18
8.320000E+03	5.646338E-17	1.865109E-18
8.330000E+03	5.645204E-17	1.864101E-18
8.340000E+03	5.644847E-17	1.862890E-18
8.350000E+03	5.645341E-17	1.861622E-18
8.360000E+03	5.646908E-17	1.860456E-18
8.370000E+03	5.649426E-17	1.859397E-18
8.380000E+03	5.652915E-17	1.858461E-18
8.390000E+03	5.657379E-17	1.857634E-18
8.400000E+03	5.662638E-17	1.856827E-18
8.410000E+03	5.668993E-17	1.856110E-18
8.420000E+03	5.676233E-17	1.855393E-18
8.430000E+03	5.684301E-17	1.854649E-18
8.440000E+03	5.692957E-17	1.853808E-18
8.450000E+03	5.702289E-17	1.852929E-18
8.460000E+03	5.712037E-17	1.851990E-18
8.470000E+03	5.722274E-17	1.851110E-18
8.480000E+03	5.732903E-17	1.850387E-18
8.490000E+03	5.743658E-17	1.849898E-18
8.500000E+03	5.754445E-17	1.849793E-18
8.510000E+03	5.765353E-17	1.850287E-18
8.520000E+03	5.775966E-17	1.851423E-18
8.530000E+03	5.786570E-17	1.853455E-18
8.540000E+03	5.796943E-17	1.856449E-18
8.550000E+03	5.807050E-17	1.860504E-18
8.560000E+03	5.816864E-17	1.865697E-18
8.570000E+03	5.826367E-17	1.872082E-18
8.580000E+03	5.835367E-17	1.879631E-18
8.590000E+03	5.844029E-17	1.888401E-18
8.600000E+03	5.852344E-17	1.898356E-18
8.610000E+03	5.860120E-17	1.909367E-18
8.620000E+03	5.867343E-17	1.921323E-18
8.630000E+03	5.874180E-17	1.934140E-18
8.640000E+03	5.880435E-17	1.947600E-18
8.650000E+03	5.886095E-17	1.961542E-18
8.660000E+03	5.891149E-17	1.975815E-18
8.670000E+03	5.895595E-17	1.990286E-18
8.680000E+03	5.899248E-17	2.004774E-18
8.690000E+03	5.902492E-17	2.019284E-18
8.700000E+03	5.904793E-17	2.033488E-18
8.710000E+03	5.906744E-17	2.047397E-18
8.720000E+03	5.907836E-17	2.060577E-18
8.730000E+03	5.908314E-17	2.072784E-18
8.740000E+03	5.908431E-17	2.083718E-18
8.750000E+03	5.907879E-17	2.092841E-18
8.760000E+03	5.906914E-17	2.099818E-18
8.770000E+03	5.905411E-17	2.104234E-18
8.780000E+03	5.903432E-17	2.105832E-18
8.790000E+03	5.901036E-17	2.104479E-18
8.800000E+03	5.898083E-17	2.100107E-18
8.810000E+03	5.894817E-17	2.092910E-18
8.820000E+03	5.891094E-17	2.083058E-18
8.830000E+03	5.886959E-17	2.070876E-18
8.840000E+03	5.882259E-17	2.056679E-18
8.850000E+03	5.877034E-17	2.040894E-18
8.860000E+03	5.871522E-17	2.024036E-18
8.870000E+03	5.865762E-17	2.006554E-18
8.880000E+03	5.859989E-17	1.988948E-18
8.890000E+03	5.854235E-17	1.971614E-18
8.900000E+03	5.848723E-17	1.954964E-18
8.910000E+03	5.843474E-17	1.939280E-18
8.920000E+03	5.838495E-17	1.924777E-18
8.930000E+03	5.833792E-17	1.911604E-18
8.940000E+03	5.829776E-17	1.899974E-18
8.950000E+03	5.826033E-17	1.889768E-18
8.960000E+03	5.822977E-17	1.881080E-18
8.970000E+03	5.820610E-17	1.873837E-18
8.980000E+03	5.818938E-17	1.867948E-18
8.990000E+03	5.817756E-17	1.863262E-18
9.000000E+03	5.817504E-17	1.859857E-18
9.040000E+03	5.824772E-17	1.858514E-18
9.080000E+03	5.848527E-17	1.879408E-18
9.120000E+03	5.890152E-17	1.923276E-18
9.160000E+03	5.947814E-17	1.987073E-18
9.200000E+03	6.017019E-17	2.070243E-18
9.240000E+03	6.092316E-17	2.176844E-18
9.280000E+03	6.172575E-17	2.306855E-18
9.320000E+03	6.258041E-17	2.439954E-18
9.360000E+03	6.350318E-17	2.544365E-18
9.400000E+03	6.448869E-17	2.603433E-18
9.440000E+03	6.552407E-17	2.617017E-18
9.480000E+03	6.658738E-17	2.592482E-18
9.520000E+03	6.766577E-17	2.553742E-18
9.560000E+03	6.877713E-17	2.539976E-18
9.600000E+03	6.993322E-17	2.577139E-18
9.640000E+03	7.114203E-17	2.661093E-18
9.680000E+03	7.239962E-17	2.765456E-18
9.720000E+03	7.367287E-17	2.870417E-18
9.760000E+03	7.491905E-17	2.982230E-18
9.800000E+03	7.611703E-17	3.112502E-18
9.840000E+03	7.726256E-17	3.257305E-18
9.880000E+03	7.839296E-17	3.405402E-18
9.920000E+03	7.952956E-17	3.544599E-18
9.960000E+03	8.067889E-17	3.672492E-18
1.000000E+04	8.182435E-17	3.817442E-18
1.004000E+04	8.290786E-17	4.042667E-18
1.008000E+04	8.386410E-17	4.422976E-18
1.012000E+04	8.464217E-17	5.020638E-18
1.016000E+04	8.516740E-17	5.857697E-18
1.020000E+04	8.540589E-17	6.909430E-18
1.024000E+04	8.534518E-17	8.124076E-18
1.028000E+04	8.498702E-17	9.444860E-18
1.032000E+04	8.434692E-17	1.082418E-17
