#wls	flux	fluxerr
3.289393E+03	2.939114E-18	1.312561E-18
3.329393E+03	3.075014E-18	1.357831E-18
3.369393E+03	3.218653E-18	1.405323E-18
3.409393E+03	3.369385E-18	1.454665E-18
3.449393E+03	3.526191E-18	1.505341E-18
3.489393E+03	3.687098E-18	1.556450E-18
3.529393E+03	3.849006E-18	1.606658E-18
3.569393E+03	4.006217E-18	1.653616E-18
3.609393E+03	4.151273E-18	1.694359E-18
3.649393E+03	4.277669E-18	1.726439E-18
3.689393E+03	4.381508E-18	1.748558E-18
3.729393E+03	4.462093E-18	1.760747E-18
3.769393E+03	4.520344E-18	1.763669E-18
3.809393E+03	4.558085E-18	1.758316E-18
3.849393E+03	4.577359E-18	1.745721E-18
3.889393E+03	4.580513E-18	1.726997E-18
3.929393E+03	4.569685E-18	1.703133E-18
3.969393E+03	4.547023E-18	1.675080E-18
4.009393E+03	4.514444E-18	1.643670E-18
4.049393E+03	4.473647E-18	1.609621E-18
4.089393E+03	4.426196E-18	1.573576E-18
4.129393E+03	4.373397E-18	1.536059E-18
4.169393E+03	4.316313E-18	1.497490E-18
4.209393E+03	4.255909E-18	1.458237E-18
4.249393E+03	4.192738E-18	1.418514E-18
4.289393E+03	4.126992E-18	1.378407E-18
4.329393E+03	4.058266E-18	1.337802E-18
4.369393E+03	3.986148E-18	1.296593E-18
4.409393E+03	3.911657E-18	1.255143E-18
4.449393E+03	3.837005E-18	1.214175E-18
4.489393E+03	3.763903E-18	1.174218E-18
4.529393E+03	3.693394E-18	1.135569E-18
4.569393E+03	3.626011E-18	1.098351E-18
4.609393E+03	3.562091E-18	1.062619E-18
4.649393E+03	3.501878E-18	1.028397E-18
4.689393E+03	3.445497E-18	9.956698E-19
4.729393E+03	3.393528E-18	9.645493E-19
4.769393E+03	3.346737E-18	9.351891E-19
4.809393E+03	3.305233E-18	9.075474E-19
4.849393E+03	3.269017E-18	8.815512E-19
4.889393E+03	3.237984E-18	8.570993E-19
4.929393E+03	3.212014E-18	8.340886E-19
4.969393E+03	3.190880E-18	8.123911E-19
5.009393E+03	3.174277E-18	7.918644E-19
5.049393E+03	3.161851E-18	7.723606E-19
5.089393E+03	3.153255E-18	7.537422E-19
5.129393E+03	3.148058E-18	7.358600E-19
5.169393E+03	3.145802E-18	7.185693E-19
5.209393E+03	3.146025E-18	7.017369E-19
5.249393E+03	3.148357E-18	6.852610E-19
5.289393E+03	3.152360E-18	6.690365E-19
5.329393E+03	3.157867E-18	6.530268E-19
5.369393E+03	3.164833E-18	6.372263E-19
5.409393E+03	3.173338E-18	6.216579E-19
5.449393E+03	3.183431E-18	6.063401E-19
5.489393E+03	3.194552E-18	5.911803E-19
5.529393E+03	3.205864E-18	5.760501E-19
5.569393E+03	3.216234E-18	5.607897E-19
5.609393E+03	3.224615E-18	5.452778E-19
5.649393E+03	3.230478E-18	5.294992E-19
5.689393E+03	3.233707E-18	5.135119E-19
5.729393E+03	3.234344E-18	4.973964E-19
5.769393E+03	3.232742E-18	4.812726E-19
5.809393E+03	3.229167E-18	4.652340E-19
5.849393E+03	3.224076E-18	4.493880E-19
5.889393E+03	3.217704E-18	4.337953E-19
5.929393E+03	3.210379E-18	4.185165E-19
5.969393E+03	3.202235E-18	4.035739E-19
6.009393E+03	3.193310E-18	3.889688E-19
6.049393E+03	3.183357E-18	3.746616E-19
6.089393E+03	3.171932E-18	3.605887E-19
6.129393E+03	3.158188E-18	3.466444E-19
6.169393E+03	3.141277E-18	3.327329E-19
6.209393E+03	3.120710E-18	3.188051E-19
6.249393E+03	3.096838E-18	3.049018E-19
6.289393E+03	3.071888E-18	2.912370E-19
6.329393E+03	3.048989E-18	2.780781E-19
6.369393E+03	3.031095E-18	2.656382E-19
6.409393E+03	3.020228E-18	2.540175E-19
6.449393E+03	3.016124E-18	2.431134E-19
6.489393E+03	3.017467E-18	2.327572E-19
6.529393E+03	3.024227E-18	2.229063E-19
6.569393E+03	3.037036E-18	2.135798E-19
6.609393E+03	3.056318E-18	2.047914E-19
6.649393E+03	3.082816E-18	1.965883E-19
6.689393E+03	3.117146E-18	1.890191E-19
6.729393E+03	3.160105E-18	1.821517E-19
6.769393E+03	3.212378E-18	1.760491E-19
6.809393E+03	3.274601E-18	1.707699E-19
6.849393E+03	3.347412E-18	1.663703E-19
6.889393E+03	3.431267E-18	1.628993E-19
6.929393E+03	3.526748E-18	1.604191E-19
6.969393E+03	3.634127E-18	1.589863E-19
7.009393E+03	3.753743E-18	1.586656E-19
7.049393E+03	3.885798E-18	1.595118E-19
7.089393E+03	4.030215E-18	1.615493E-19
7.129393E+03	4.186906E-18	1.647694E-19
7.169393E+03	4.355428E-18	1.691090E-19
7.209393E+03	4.535180E-18	1.744625E-19
7.249393E+03	4.725023E-18	1.806716E-19
7.289393E+03	4.924152E-18	1.875621E-19
7.329393E+03	5.131597E-18	1.949347E-19
7.369393E+03	5.347768E-18	2.026357E-19
7.409393E+03	5.575173E-18	2.105879E-19
7.449393E+03	5.818418E-18	2.187899E-19
7.489393E+03	6.077367E-18	2.270595E-19
7.529393E+03	6.346286E-18	2.350127E-19
7.569393E+03	6.618697E-18	2.422641E-19
7.609393E+03	6.889658E-18	2.485281E-19
7.649393E+03	7.155391E-18	2.536073E-19
7.689393E+03	7.412301E-18	2.573513E-19
7.729393E+03	7.656764E-18	2.596587E-19
7.769393E+03	7.886472E-18	2.605672E-19
7.809393E+03	8.099113E-18	2.602567E-19
7.849393E+03	8.294053E-18	2.591287E-19
7.889393E+03	8.473732E-18	2.578135E-19
7.929393E+03	8.644259E-18	2.570797E-19
7.969393E+03	8.815456E-18	2.576895E-19
8.009393E+03	8.993485E-18	2.600832E-19
8.049393E+03	9.171032E-18	2.640915E-19
8.089393E+03	9.340986E-18	2.693581E-19
8.129393E+03	9.498763E-18	2.754307E-19
8.169393E+03	9.643933E-18	2.818534E-19
8.209393E+03	9.777604E-18	2.881745E-19
8.249393E+03	9.902348E-18	2.940557E-19
8.289393E+03	1.002155E-17	2.993393E-19
8.329393E+03	1.013896E-17	3.040497E-19
8.369393E+03	1.025790E-17	3.083167E-19
8.409393E+03	1.038223E-17	3.123191E-19
8.449393E+03	1.051431E-17	3.161648E-19
8.489393E+03	1.065570E-17	3.198982E-19
8.529393E+03	1.080814E-17	3.235339E-19
8.569393E+03	1.097169E-17	3.270172E-19
8.609393E+03	1.114576E-17	3.302883E-19
8.649393E+03	1.132964E-17	3.333305E-19
8.689393E+03	1.152147E-17	3.361670E-19
8.729393E+03	1.171953E-17	3.389329E-19
8.769393E+03	1.192140E-17	3.418594E-19
8.809393E+03	1.212529E-17	3.452286E-19
8.849393E+03	1.233047E-17	3.492352E-19
8.889393E+03	1.253909E-17	3.539700E-19
8.929393E+03	1.275119E-17	3.593964E-19
8.969393E+03	1.296644E-17	3.655448E-19
9.009393E+03	1.318593E-17	3.725820E-19
9.049393E+03	1.341090E-17	3.806912E-19
9.089393E+03	1.364440E-17	3.900207E-19
9.129393E+03	1.388986E-17	4.005674E-19
9.169393E+03	1.415000E-17	4.120837E-19
9.209393E+03	1.442783E-17	4.240994E-19
9.249393E+03	1.472678E-17	4.360060E-19
9.289393E+03	1.504777E-17	4.471427E-19
9.329393E+03	1.539290E-17	4.570790E-19
9.369393E+03	1.576347E-17	4.656767E-19
9.409393E+03	1.615982E-17	4.731428E-19
9.449393E+03	1.658124E-17	4.800194E-19
9.489393E+03	1.702686E-17	4.871375E-19
9.529393E+03	1.749464E-17	4.954959E-19
9.569393E+03	1.798224E-17	5.061731E-19
9.609393E+03	1.848971E-17	5.202151E-19
9.649393E+03	1.901231E-17	5.382223E-19
9.689393E+03	1.955159E-17	5.606271E-19
9.729393E+03	2.010580E-17	5.875743E-19
9.769393E+03	2.067265E-17	6.191022E-19
9.809393E+03	2.124927E-17	6.550802E-19
9.849393E+03	2.183412E-17	6.951577E-19
9.889393E+03	2.242389E-17	7.387173E-19
9.929393E+03	2.301450E-17	7.850340E-19
9.969393E+03	2.360121E-17	8.332770E-19
1.000939E+04	2.417941E-17	8.824081E-19
1.004939E+04	2.474941E-17	9.313002E-19
1.008939E+04	2.530366E-17	9.783713E-19
1.012939E+04	2.584037E-17	1.022278E-18
1.016939E+04	2.635501E-17	1.061759E-18
1.020939E+04	2.684490E-17	1.095918E-18
1.024939E+04	2.730472E-17	1.124090E-18
1.028939E+04	2.772896E-17	1.145970E-18
1.032939E+04	2.811212E-17	1.161614E-18
1.036939E+04	2.845195E-17	1.171511E-18
1.040939E+04	2.874394E-17	1.176265E-18
1.044939E+04	2.898421E-17	1.176598E-18
1.048939E+04	2.917605E-17	1.173513E-18
1.052939E+04	2.989184E-17	1.190578E-18
1.056939E+04	3.054981E-17	1.204825E-18
1.060939E+04	3.114692E-17	1.216706E-18
1.064939E+04	3.168096E-17	1.226648E-18
1.068939E+04	3.215043E-17	1.235066E-18
1.072939E+04	3.255463E-17	1.242401E-18
1.076939E+04	3.289370E-17	1.249138E-18
1.080939E+04	3.316873E-17	1.255785E-18
1.084939E+04	3.338175E-17	1.262814E-18
1.088939E+04	3.353553E-17	1.270591E-18
1.092939E+04	3.363339E-17	1.279303E-18
1.096939E+04	3.367880E-17	1.288910E-18
1.100939E+04	3.367525E-17	1.299094E-18
1.104939E+04	3.362612E-17	1.309257E-18
1.108939E+04	3.353472E-17	1.318562E-18
1.112939E+04	3.340435E-17	1.326009E-18
1.116939E+04	3.323844E-17	1.330549E-18
1.120939E+04	3.304047E-17	1.331201E-18
1.124939E+04	3.281402E-17	1.327163E-18
1.128939E+04	3.256261E-17	1.317905E-18
1.132939E+04	3.228971E-17	1.303219E-18
1.136939E+04	3.199860E-17	1.283235E-18
1.140939E+04	3.169239E-17	1.258403E-18
1.144939E+04	3.137386E-17	1.229458E-18
1.148939E+04	3.104551E-17	1.197371E-18
1.152939E+04	3.070952E-17	1.163297E-18
1.156939E+04	3.036791E-17	1.128505E-18
1.160939E+04	3.002269E-17	1.094255E-18
1.164939E+04	2.967611E-17	1.061636E-18
1.168939E+04	2.933080E-17	1.031433E-18
1.172939E+04	2.898974E-17	1.004050E-18
1.176939E+04	2.865617E-17	9.795038E-19
1.180939E+04	2.833338E-17	9.574481E-19
1.184939E+04	2.802453E-17	9.372434E-19
1.188939E+04	2.773245E-17	9.180482E-19
1.192939E+04	2.745934E-17	8.989140E-19
1.196939E+04	2.720655E-17	8.788510E-19
1.200939E+04	2.697455E-17	8.568634E-19
1.204939E+04	2.676280E-17	8.319682E-19
1.208939E+04	2.656975E-17	8.032077E-19
1.212939E+04	2.639282E-17	7.696740E-19
1.216939E+04	2.622837E-17	7.305844E-19
1.220939E+04	2.607196E-17	6.854359E-19
1.224939E+04	2.591863E-17	6.342529E-19
1.228939E+04	2.576331E-17	5.779742E-19
1.232939E+04	2.560120E-17	5.190979E-19
1.236939E+04	2.542809E-17	4.626862E-19
1.240939E+04	2.524071E-17	4.174608E-19
1.244939E+04	2.503684E-17	3.951247E-19
1.248939E+04	2.481531E-17	4.040136E-19
1.252939E+04	2.457599E-17	4.397435E-19
1.256939E+04	2.431984E-17	4.899541E-19
1.260939E+04	2.404884E-17	5.436735E-19
1.264939E+04	2.376596E-17	5.939045E-19
1.268939E+04	2.347492E-17	6.368823E-19
1.272939E+04	2.317995E-17	6.709819E-19
1.276939E+04	2.288568E-17	6.959703E-19
1.280939E+04	2.259692E-17	7.125443E-19
1.284939E+04	2.231867E-17	7.220150E-19
1.288939E+04	2.205603E-17	7.260556E-19
1.292939E+04	2.181416E-17	7.264854E-19
1.296939E+04	2.159818E-17	7.251040E-19
1.300939E+04	2.141292E-17	7.235788E-19
1.304939E+04	2.126266E-17	7.233712E-19
1.308939E+04	2.115083E-17	7.256765E-19
1.312939E+04	2.107987E-17	7.313883E-19
1.316939E+04	2.105123E-17	7.411254E-19
1.320939E+04	2.106538E-17	7.552998E-19
1.324939E+04	2.112189E-17	7.741703E-19
1.328939E+04	2.121946E-17	7.978525E-19
1.332939E+04	2.135596E-17	8.262954E-19
1.336939E+04	2.152846E-17	8.592446E-19
1.340939E+04	2.173321E-17	8.962084E-19
1.344939E+04	2.196569E-17	9.364532E-19
1.348939E+04	2.222073E-17	9.790470E-19
1.352939E+04	2.249264E-17	1.022947E-18
1.356939E+04	2.277531E-17	1.067089E-18
1.360939E+04	2.306234E-17	1.110455E-18
1.364939E+04	2.334726E-17	1.152104E-18
1.368939E+04	2.362376E-17	1.191195E-18
1.372939E+04	2.388597E-17	1.226987E-18
1.376939E+04	2.412866E-17	1.258834E-18
1.380939E+04	2.434732E-17	1.286180E-18
1.384939E+04	2.453820E-17	1.308566E-18
1.388939E+04	2.469835E-17	1.325648E-18
1.392939E+04	2.482567E-17	1.337213E-18
1.396939E+04	2.491897E-17	1.343188E-18
1.400939E+04	2.497793E-17	1.343640E-18
1.404939E+04	2.500310E-17	1.338773E-18
1.408939E+04	2.499565E-17	1.328910E-18
1.412939E+04	2.495731E-17	1.314487E-18
1.416939E+04	2.489018E-17	1.296045E-18
1.420939E+04	2.479662E-17	1.274208E-18
1.424939E+04	2.467925E-17	1.249668E-18
1.428939E+04	2.454086E-17	1.223155E-18
1.432939E+04	2.438448E-17	1.195431E-18
1.436939E+04	2.421332E-17	1.167272E-18
1.440939E+04	2.403071E-17	1.139452E-18
1.444939E+04	2.384013E-17	1.112688E-18
1.448939E+04	2.364506E-17	1.087581E-18
1.452939E+04	2.344904E-17	1.064559E-18
1.456939E+04	2.325554E-17	1.043852E-18
1.460939E+04	2.306792E-17	1.025476E-18
1.464939E+04	2.288942E-17	1.009235E-18
1.468939E+04	2.272310E-17	9.947710E-19
1.472939E+04	2.257185E-17	9.816587E-19
1.476939E+04	2.243825E-17	9.695109E-19
1.480939E+04	2.232447E-17	9.580491E-19
1.484939E+04	2.223221E-17	9.471350E-19
1.488939E+04	2.216262E-17	9.367618E-19
1.492939E+04	2.211629E-17	9.270211E-19
1.496939E+04	2.209322E-17	9.180592E-19
1.500939E+04	2.209297E-17	9.100340E-19
1.504939E+04	2.211469E-17	9.030874E-19
1.508939E+04	2.215728E-17	8.973430E-19
1.512939E+04	2.221939E-17	8.929149E-19
1.516939E+04	2.229943E-17	8.899108E-19
1.520939E+04	2.239556E-17	8.884190E-19
1.524939E+04	2.250567E-17	8.884885E-19
1.528939E+04	2.262740E-17	8.901111E-19
1.532939E+04	2.275813E-17	8.932078E-19
1.536939E+04	2.289508E-17	8.976218E-19
1.540939E+04	2.303522E-17	9.031188E-19
1.544939E+04	2.317545E-17	9.093992E-19
1.548939E+04	2.331257E-17	9.161147E-19
1.552939E+04	2.344342E-17	9.228881E-19
1.556939E+04	2.356486E-17	9.293338E-19
1.560939E+04	2.367383E-17	9.350691E-19
1.564939E+04	2.376731E-17	9.397141E-19
1.568939E+04	2.384242E-17	9.428874E-19
1.572939E+04	2.389642E-17	9.442132E-19
1.576939E+04	2.392685E-17	9.433507E-19
1.580939E+04	2.393160E-17	9.400380E-19
1.584939E+04	2.390898E-17	9.341344E-19
1.588939E+04	2.385778E-17	9.256449E-19
1.592939E+04	2.377723E-17	9.147272E-19
1.596939E+04	2.366708E-17	9.016924E-19
1.600939E+04	2.352761E-17	8.870043E-19
1.604939E+04	2.335967E-17	8.712742E-19
1.608939E+04	2.316467E-17	8.552444E-19
1.612939E+04	2.294451E-17	8.397527E-19
1.616939E+04	2.270149E-17	8.256640E-19
1.620939E+04	2.243821E-17	8.137644E-19
1.624939E+04	2.215743E-17	8.046124E-19
1.628939E+04	2.186209E-17	7.983062E-19
1.632939E+04	2.155520E-17	7.943874E-19
1.636939E+04	2.123981E-17	7.921455E-19
1.640939E+04	2.091894E-17	7.908385E-19
1.644939E+04	2.059543E-17	7.898139E-19
1.648939E+04	2.027190E-17	7.885630E-19
1.652939E+04	1.995071E-17	7.867307E-19
1.656939E+04	1.963390E-17	7.841005E-19
1.660939E+04	1.932317E-17	7.805710E-19
1.664939E+04	1.901989E-17	7.761324E-19
1.668939E+04	1.872510E-17	7.708496E-19
1.672939E+04	1.843959E-17	7.648484E-19
1.676939E+04	1.816385E-17	7.583009E-19
1.680939E+04	1.789817E-17	7.514044E-19
1.684939E+04	1.764271E-17	7.443571E-19
1.688939E+04	1.739752E-17	7.373382E-19
1.692939E+04	1.716256E-17	7.304964E-19
1.696939E+04	1.693781E-17	7.239460E-19
1.700939E+04	1.672321E-17	7.177678E-19
1.704939E+04	1.651876E-17	7.120141E-19
1.708939E+04	1.632449E-17	7.067152E-19
1.712939E+04	1.614050E-17	7.018854E-19
1.716939E+04	1.596703E-17	6.975288E-19
1.720939E+04	1.580442E-17	6.936447E-19
1.724939E+04	1.565317E-17	6.902345E-19
1.728939E+04	1.551390E-17	6.873092E-19
1.732939E+04	1.538738E-17	6.848957E-19
1.736939E+04	1.527447E-17	6.830442E-19
1.740939E+04	1.517615E-17	6.818344E-19
1.744939E+04	1.509350E-17	6.813813E-19
1.748939E+04	1.502766E-17	6.818367E-19
1.752939E+04	1.497987E-17	6.833853E-19
1.756939E+04	1.495141E-17	6.862388E-19
1.760939E+04	1.494363E-17	6.906283E-19
1.764939E+04	1.495792E-17	6.967996E-19
1.768939E+04	1.499570E-17	7.050114E-19
1.772939E+04	1.505844E-17	7.155347E-19
1.776939E+04	1.514752E-17	7.286460E-19
1.780939E+04	1.526426E-17	7.446165E-19
1.784939E+04	1.540973E-17	7.636964E-19
1.788939E+04	1.558473E-17	7.860969E-19
1.792939E+04	1.578967E-17	8.119720E-19
1.796939E+04	1.602445E-17	8.414004E-19
1.800939E+04	1.628835E-17	8.743734E-19
1.804939E+04	1.657999E-17	9.107913E-19
1.808939E+04	1.689727E-17	9.504612E-19
1.812939E+04	1.723734E-17	9.930903E-19
1.816939E+04	1.759654E-17	1.038272E-18
1.820939E+04	1.797036E-17	1.085475E-18
1.824939E+04	1.835343E-17	1.134035E-18
1.828939E+04	1.873969E-17	1.183171E-18
1.832939E+04	1.912246E-17	1.231998E-18
1.836939E+04	1.949480E-17	1.279566E-18
1.840939E+04	1.984980E-17	1.324910E-18
1.844939E+04	2.018094E-17	1.367105E-18
1.848939E+04	2.048237E-17	1.405316E-18
1.852939E+04	2.074905E-17	1.438837E-18
1.856939E+04	2.097687E-17	1.467108E-18
1.860939E+04	2.116272E-17	1.489722E-18
1.864939E+04	2.130457E-17	1.506420E-18
1.868939E+04	2.140144E-17	1.517082E-18
1.872939E+04	2.145345E-17	1.521735E-18
1.876939E+04	2.146178E-17	1.520559E-18
1.880939E+04	2.142863E-17	1.513893E-18
1.884939E+04	2.135700E-17	1.502211E-18
1.888939E+04	2.125045E-17	1.486075E-18
1.892939E+04	2.111286E-17	1.466083E-18
1.896939E+04	2.094823E-17	1.442835E-18
1.900939E+04	2.076067E-17	1.416914E-18
1.904939E+04	2.055434E-17	1.388881E-18
1.908939E+04	2.033343E-17	1.359285E-18
1.912939E+04	2.010209E-17	1.328651E-18
1.916939E+04	1.986431E-17	1.297475E-18
1.920939E+04	1.962387E-17	1.266217E-18
1.924939E+04	1.938433E-17	1.235306E-18
1.928939E+04	1.914904E-17	1.205136E-18
1.932939E+04	1.892109E-17	1.176051E-18
1.936939E+04	1.870323E-17	1.148340E-18
1.940939E+04	1.849779E-17	1.122227E-18
1.944939E+04	1.830663E-17	1.097872E-18
1.948939E+04	1.813112E-17	1.075379E-18
1.952939E+04	1.797222E-17	1.054797E-18
1.956939E+04	1.783050E-17	1.036146E-18
1.960939E+04	1.770627E-17	1.019432E-18
1.964939E+04	1.759959E-17	1.004660E-18
1.968939E+04	1.751026E-17	9.918370E-19
1.972939E+04	1.743787E-17	9.809659E-19
1.976939E+04	1.738176E-17	9.720342E-19
1.980939E+04	1.734114E-17	9.649942E-19
1.984939E+04	1.731503E-17	9.597446E-19
1.988939E+04	1.730233E-17	9.561181E-19
1.992939E+04	1.730177E-17	9.538800E-19
1.996939E+04	1.731201E-17	9.527402E-19
2.000939E+04	1.733163E-17	9.523803E-19
2.004939E+04	1.735919E-17	9.524922E-19
2.008939E+04	1.739324E-17	9.528151E-19
2.012939E+04	1.743228E-17	9.531590E-19
2.016939E+04	1.747478E-17	9.534087E-19
2.020939E+04	1.751916E-17	9.535134E-19
2.024939E+04	1.756383E-17	9.534691E-19
2.028939E+04	1.760722E-17	9.532974E-19
2.032939E+04	1.764786E-17	9.530216E-19
2.036939E+04	1.768443E-17	9.526447E-19
2.040939E+04	1.771575E-17	9.521349E-19
2.044939E+04	1.774084E-17	9.514213E-19
2.048939E+04	1.775886E-17	9.503996E-19
2.052939E+04	1.776916E-17	9.489482E-19
2.056939E+04	1.777123E-17	9.469494E-19
2.060939E+04	1.776463E-17	9.443102E-19
2.064939E+04	1.774906E-17	9.409752E-19
2.068939E+04	1.772426E-17	9.369313E-19
2.072939E+04	1.769006E-17	9.322065E-19
2.076939E+04	1.764636E-17	9.268614E-19
2.080939E+04	1.759314E-17	9.209756E-19
2.084939E+04	1.753044E-17	9.146321E-19
2.088939E+04	1.745840E-17	9.079054E-19
2.092939E+04	1.737725E-17	9.008538E-19
2.096939E+04	1.728726E-17	8.935172E-19
2.100939E+04	1.718877E-17	8.859190E-19
2.104939E+04	1.708217E-17	8.780728E-19
2.108939E+04	1.696791E-17	8.699912E-19
2.112939E+04	1.684653E-17	8.616950E-19
2.116939E+04	1.671858E-17	8.532183E-19
2.120939E+04	1.658471E-17	8.446126E-19
2.124939E+04	1.644565E-17	8.359465E-19
2.128939E+04	1.630217E-17	8.273046E-19
2.132939E+04	1.615514E-17	8.187842E-19
2.136939E+04	1.600546E-17	8.104896E-19
2.140939E+04	1.585407E-17	8.025250E-19
2.144939E+04	1.570185E-17	7.949839E-19
2.148939E+04	1.554957E-17	7.879351E-19
2.152939E+04	1.539768E-17	7.813975E-19
2.156939E+04	1.524619E-17	7.753291E-19
2.160939E+04	1.509491E-17	7.696582E-19
2.164939E+04	1.494351E-17	7.643028E-19
2.168939E+04	1.479165E-17	7.591815E-19
2.172939E+04	1.463893E-17	7.542194E-19
2.176939E+04	1.448502E-17	7.493527E-19
2.180939E+04	1.432964E-17	7.445302E-19
2.184939E+04	1.417261E-17	7.397143E-19
2.188939E+04	1.401385E-17	7.348811E-19
2.192939E+04	1.385338E-17	7.300183E-19
2.196939E+04	1.369127E-17	7.251229E-19
2.200939E+04	1.352765E-17	7.201984E-19
2.204939E+04	1.336266E-17	7.152528E-19
2.208939E+04	1.319649E-17	7.102958E-19
2.212939E+04	1.302940E-17	7.053374E-19
2.216939E+04	1.286169E-17	7.003863E-19
2.220939E+04	1.269376E-17	6.954493E-19
2.224939E+04	1.252602E-17	6.905312E-19
2.228939E+04	1.235895E-17	6.856364E-19
2.232939E+04	1.219308E-17	6.807697E-19
2.236939E+04	1.202895E-17	6.759365E-19
2.240939E+04	1.186711E-17	6.711414E-19
2.244939E+04	1.170810E-17	6.663873E-19
2.248939E+04	1.155245E-17	6.616749E-19
2.252939E+04	1.140060E-17	6.570044E-19
2.256939E+04	1.125298E-17	6.523773E-19
2.260939E+04	1.110995E-17	6.477989E-19
2.264939E+04	1.097182E-17	6.432792E-19
2.268939E+04	1.083882E-17	6.388340E-19
2.272939E+04	1.071111E-17	6.344855E-19
2.276939E+04	1.058875E-17	6.302627E-19
2.280939E+04	1.047175E-17	6.262029E-19
2.284939E+04	1.036006E-17	6.223491E-19
2.288939E+04	1.025362E-17	6.187455E-19
2.292939E+04	1.015237E-17	6.154331E-19
2.296939E+04	1.005622E-17	6.124469E-19
2.300939E+04	9.965137E-18	6.098153E-19
2.304939E+04	9.879051E-18	6.075607E-19
2.308939E+04	9.797907E-18	6.056995E-19
2.312939E+04	9.721658E-18	6.042422E-19
2.316939E+04	9.650285E-18	6.031945E-19
2.320939E+04	9.583796E-18	6.025602E-19
2.324939E+04	9.522224E-18	6.023438E-19
2.328939E+04	9.465618E-18	6.025515E-19
2.332939E+04	9.414064E-18	6.031899E-19
2.336939E+04	9.367692E-18	6.042642E-19
2.340939E+04	9.326672E-18	6.057774E-19
2.344939E+04	9.291198E-18	6.077315E-19
2.348939E+04	9.261472E-18	6.101300E-19
2.352939E+04	9.237682E-18	6.129826E-19
2.356939E+04	9.219989E-18	6.163088E-19
2.360939E+04	9.208516E-18	6.201413E-19
2.364939E+04	9.203361E-18	6.245287E-19
2.368939E+04	9.204597E-18	6.295372E-19
2.372939E+04	9.212272E-18	6.352530E-19
2.376939E+04	9.226397E-18	6.417857E-19
2.380939E+04	9.246939E-18	6.492726E-19
2.384939E+04	9.273835E-18	6.578840E-19
2.388939E+04	9.306999E-18	6.678275E-19
2.392939E+04	9.346324E-18	6.793521E-19
2.396939E+04	9.391681E-18	6.927483E-19
2.400939E+04	9.442899E-18	7.083452E-19
2.404939E+04	9.499771E-18	7.265037E-19
2.408939E+04	9.562051E-18	7.476062E-19
2.412939E+04	9.629466E-18	7.720461E-19
2.416939E+04	9.701732E-18	8.002152E-19
2.420939E+04	9.778571E-18	8.324905E-19
2.424939E+04	9.859719E-18	8.692206E-19
2.428939E+04	9.944922E-18	9.107121E-19
2.432939E+04	1.003392E-17	9.572162E-19
2.436939E+04	1.012646E-17	1.008919E-18
2.440939E+04	1.022223E-17	1.065933E-18
2.444939E+04	1.032092E-17	1.128300E-18
2.448939E+04	1.042219E-17	1.195990E-18
