#wls	flux	fluxerr
3.289393E+03	6.962313E-18	1.869880E-18
3.329393E+03	6.972133E-18	1.832690E-18
3.369393E+03	6.981380E-18	1.796545E-18
3.409393E+03	6.990089E-18	1.761471E-18
3.449393E+03	6.998319E-18	1.727490E-18
3.489393E+03	7.006146E-18	1.694619E-18
3.529393E+03	7.013670E-18	1.662868E-18
3.569393E+03	7.021008E-18	1.632242E-18
3.609393E+03	7.028296E-18	1.602737E-18
3.649393E+03	7.035683E-18	1.574345E-18
3.689393E+03	7.043332E-18	1.547048E-18
3.729393E+03	7.051414E-18	1.520825E-18
3.769393E+03	7.060106E-18	1.495646E-18
3.809393E+03	7.069587E-18	1.471477E-18
3.849393E+03	7.080036E-18	1.448279E-18
3.889393E+03	7.091629E-18	1.426007E-18
3.929393E+03	7.104535E-18	1.404617E-18
3.969393E+03	7.118914E-18	1.384059E-18
4.009393E+03	7.134917E-18	1.364283E-18
4.049393E+03	7.152680E-18	1.345238E-18
4.089393E+03	7.172327E-18	1.326874E-18
4.129393E+03	7.193967E-18	1.309142E-18
4.169393E+03	7.217693E-18	1.291994E-18
4.209393E+03	7.243582E-18	1.275386E-18
4.249393E+03	7.271695E-18	1.259274E-18
4.289393E+03	7.302075E-18	1.243621E-18
4.329393E+03	7.334746E-18	1.228389E-18
4.369393E+03	7.369715E-18	1.213545E-18
4.409393E+03	7.406969E-18	1.199058E-18
4.449393E+03	7.446472E-18	1.184899E-18
4.489393E+03	7.488163E-18	1.171039E-18
4.529393E+03	7.531959E-18	1.157447E-18
4.569393E+03	7.577745E-18	1.144092E-18
4.609393E+03	7.625378E-18	1.130940E-18
4.649393E+03	7.674682E-18	1.117950E-18
4.689393E+03	7.725450E-18	1.105077E-18
4.729393E+03	7.777442E-18	1.092267E-18
4.769393E+03	7.830390E-18	1.079461E-18
4.809393E+03	7.884004E-18	1.066594E-18
4.849393E+03	7.937975E-18	1.053592E-18
4.889393E+03	7.991992E-18	1.040382E-18
4.929393E+03	8.045746E-18	1.026886E-18
4.969393E+03	8.098951E-18	1.013031E-18
5.009393E+03	8.151351E-18	9.987481E-19
5.049393E+03	8.202743E-18	9.839782E-19
5.089393E+03	8.252985E-18	9.686749E-19
5.129393E+03	8.302012E-18	9.528072E-19
5.169393E+03	8.349847E-18	9.363624E-19
5.209393E+03	8.396605E-18	9.193474E-19
5.249393E+03	8.442493E-18	9.017897E-19
5.289393E+03	8.487815E-18	8.837377E-19
5.329393E+03	8.532957E-18	8.652599E-19
5.369393E+03	8.578378E-18	8.464441E-19
5.409393E+03	8.624595E-18	8.273956E-19
5.449393E+03	8.672159E-18	8.082355E-19
5.489393E+03	8.721635E-18	7.890986E-19
5.529393E+03	8.773576E-18	7.701312E-19
5.569393E+03	8.828494E-18	7.514876E-19
5.609393E+03	8.886843E-18	7.333273E-19
5.649393E+03	8.948991E-18	7.158094E-19
5.689393E+03	9.015206E-18	6.990865E-19
5.729393E+03	9.085641E-18	6.832974E-19
5.769393E+03	9.160331E-18	6.685600E-19
5.809393E+03	9.239184E-18	6.549663E-19
5.849393E+03	9.321983E-18	6.425790E-19
5.889393E+03	9.408392E-18	6.314301E-19
5.929393E+03	9.497966E-18	6.215219E-19
5.969393E+03	9.590171E-18	6.128280E-19
6.009393E+03	9.684411E-18	6.052971E-19
6.049393E+03	9.780062E-18	5.988564E-19
6.089393E+03	9.876512E-18	5.934157E-19
6.129393E+03	9.973204E-18	5.888717E-19
6.169393E+03	1.006968E-17	5.851129E-19
6.209393E+03	1.016562E-17	5.820244E-19
6.249393E+03	1.026087E-17	5.794929E-19
6.289393E+03	1.035548E-17	5.774112E-19
6.329393E+03	1.044970E-17	5.756823E-19
6.369393E+03	1.054399E-17	5.742221E-19
6.409393E+03	1.063900E-17	5.729620E-19
6.449393E+03	1.073555E-17	5.718493E-19
6.489393E+03	1.083460E-17	5.708473E-19
6.529393E+03	1.093718E-17	5.699329E-19
6.569393E+03	1.104440E-17	5.690941E-19
6.609393E+03	1.115736E-17	5.683266E-19
6.649393E+03	1.127713E-17	5.676292E-19
6.689393E+03	1.140472E-17	5.670011E-19
6.729393E+03	1.154103E-17	5.664379E-19
6.769393E+03	1.168686E-17	5.659290E-19
6.809393E+03	1.184285E-17	5.654563E-19
6.849393E+03	1.200952E-17	5.649921E-19
6.889393E+03	1.218720E-17	5.645001E-19
6.929393E+03	1.237604E-17	5.639352E-19
6.969393E+03	1.257604E-17	5.632442E-19
7.009393E+03	1.278699E-17	5.623668E-19
7.049393E+03	1.300854E-17	5.612353E-19
7.089393E+03	1.324017E-17	5.597755E-19
7.129393E+03	1.348124E-17	5.579087E-19
7.169393E+03	1.373100E-17	5.555560E-19
7.209393E+03	1.398860E-17	5.526454E-19
7.249393E+03	1.425312E-17	5.491216E-19
7.289393E+03	1.452359E-17	5.449586E-19
7.329393E+03	1.479895E-17	5.401734E-19
7.369393E+03	1.507819E-17	5.348414E-19
7.409393E+03	1.536027E-17	5.291142E-19
7.449393E+03	1.564425E-17	5.232386E-19
7.489393E+03	1.592931E-17	5.175773E-19
7.529393E+03	1.621470E-17	5.126231E-19
7.569393E+03	1.649972E-17	5.089940E-19
7.609393E+03	1.678362E-17	5.073810E-19
7.649393E+03	1.706528E-17	5.084197E-19
7.689393E+03	1.734302E-17	5.124813E-19
7.729393E+03	1.761427E-17	5.194945E-19
7.769393E+03	1.787591E-17	5.290154E-19
7.809393E+03	1.812461E-17	5.403987E-19
7.849393E+03	1.835724E-17	5.529504E-19
7.889393E+03	1.857121E-17	5.660309E-19
7.929393E+03	1.876471E-17	5.791129E-19
7.969393E+03	1.893684E-17	5.918047E-19
8.009393E+03	1.908771E-17	6.038494E-19
8.049393E+03	1.921836E-17	6.151057E-19
8.089393E+03	1.933075E-17	6.255186E-19
8.129393E+03	1.942763E-17	6.350891E-19
8.169393E+03	1.951234E-17	6.438487E-19
8.209393E+03	1.958873E-17	6.518459E-19
8.249393E+03	1.966091E-17	6.591423E-19
8.289393E+03	1.973307E-17	6.658156E-19
8.329393E+03	1.980935E-17	6.719635E-19
8.369393E+03	1.989359E-17	6.777027E-19
8.409393E+03	1.998918E-17	6.831614E-19
8.449393E+03	2.009896E-17	6.884652E-19
8.489393E+03	2.022512E-17	6.937207E-19
8.529393E+03	2.036919E-17	6.990009E-19
8.569393E+03	2.053212E-17	7.043374E-19
8.609393E+03	2.071429E-17	7.097200E-19
8.649393E+03	2.091567E-17	7.151075E-19
8.689393E+03	2.113585E-17	7.204451E-19
8.729393E+03	2.137423E-17	7.256864E-19
8.769393E+03	2.163008E-17	7.308148E-19
8.809393E+03	2.190267E-17	7.358604E-19
8.849393E+03	2.219139E-17	7.409092E-19
8.889393E+03	2.249580E-17	7.461027E-19
8.929393E+03	2.281577E-17	7.516281E-19
8.969393E+03	2.315145E-17	7.576985E-19
9.009393E+03	2.350334E-17	7.645284E-19
9.049393E+03	2.387228E-17	7.723069E-19
9.089393E+03	2.425953E-17	7.811697E-19
9.129393E+03	2.466676E-17	7.911745E-19
9.169393E+03	2.509611E-17	8.022814E-19
9.209393E+03	2.555017E-17	8.143451E-19
9.249393E+03	2.603194E-17	8.271207E-19
9.289393E+03	2.654469E-17	8.402925E-19
9.329393E+03	2.709175E-17	8.535295E-19
9.369393E+03	2.767620E-17	8.665676E-19
9.409393E+03	2.830054E-17	8.793001E-19
9.449393E+03	2.896644E-17	8.918527E-19
9.489393E+03	2.967463E-17	9.046194E-19
9.529393E+03	3.042504E-17	9.182460E-19
9.569393E+03	3.121693E-17	9.335632E-19
9.609393E+03	3.204915E-17	9.514766E-19
9.649393E+03	3.292025E-17	9.728312E-19
9.689393E+03	3.382868E-17	9.982768E-19
9.729393E+03	3.477288E-17	1.028151E-18
9.769393E+03	3.575156E-17	1.062395E-18
9.809393E+03	3.676380E-17	1.100506E-18
9.849393E+03	3.780910E-17	1.141529E-18
9.889393E+03	3.888702E-17	1.184113E-18
9.929393E+03	3.999667E-17	1.226600E-18
9.969393E+03	4.113617E-17	1.267142E-18
1.000939E+04	4.230228E-17	1.303831E-18
1.004939E+04	4.349030E-17	1.334832E-18
1.008939E+04	4.469418E-17	1.358548E-18
1.012939E+04	4.590662E-17	1.373816E-18
1.016939E+04	4.711932E-17	1.380129E-18
1.020939E+04	4.832307E-17	1.377893E-18
1.024939E+04	4.950793E-17	1.368660E-18
1.028939E+04	5.066376E-17	1.355271E-18
1.032939E+04	5.178095E-17	1.341746E-18
1.036939E+04	5.285151E-17	1.332715E-18
1.040939E+04	5.386992E-17	1.332292E-18
1.044939E+04	5.483354E-17	1.342718E-18
1.048939E+04	5.574211E-17	1.363620E-18
1.052939E+04	5.659625E-17	1.392459E-18
1.056939E+04	5.739595E-17	1.425742E-18
1.060939E+04	5.813947E-17	1.460152E-18
1.064939E+04	5.882308E-17	1.493138E-18
1.068939E+04	5.944133E-17	1.523025E-18
1.072939E+04	5.998770E-17	1.548931E-18
1.076939E+04	6.045525E-17	1.570661E-18
1.080939E+04	6.083715E-17	1.588626E-18
1.084939E+04	6.112705E-17	1.603693E-18
1.088939E+04	6.131932E-17	1.616957E-18
1.092939E+04	6.140942E-17	1.629478E-18
1.096939E+04	6.139433E-17	1.642053E-18
1.100939E+04	6.127291E-17	1.655005E-18
1.104939E+04	6.104632E-17	1.668006E-18
1.108939E+04	6.071816E-17	1.680002E-18
1.112939E+04	6.029444E-17	1.689383E-18
1.116939E+04	5.978320E-17	1.694347E-18
1.120939E+04	5.919392E-17	1.693350E-18
1.124939E+04	5.853684E-17	1.685509E-18
1.128939E+04	5.782228E-17	1.670821E-18
1.132939E+04	5.706021E-17	1.650120E-18
1.136939E+04	5.625999E-17	1.624775E-18
1.140939E+04	5.543038E-17	1.596233E-18
1.144939E+04	5.457954E-17	1.565619E-18
1.148939E+04	5.371510E-17	1.533627E-18
1.152939E+04	5.284431E-17	1.500696E-18
1.156939E+04	5.197436E-17	1.467275E-18
1.160939E+04	5.111268E-17	1.433993E-18
1.164939E+04	5.026721E-17	1.401664E-18
1.168939E+04	4.944637E-17	1.371165E-18
1.172939E+04	4.865888E-17	1.343283E-18
1.176939E+04	4.791325E-17	1.318573E-18
1.180939E+04	4.721708E-17	1.297255E-18
1.184939E+04	4.657640E-17	1.279151E-18
1.188939E+04	4.599506E-17	1.263675E-18
1.192939E+04	4.547439E-17	1.249884E-18
1.196939E+04	4.501301E-17	1.236573E-18
1.200939E+04	4.460687E-17	1.222380E-18
1.204939E+04	4.424935E-17	1.205925E-18
1.208939E+04	4.393152E-17	1.185944E-18
1.212939E+04	4.364250E-17	1.161423E-18
1.216939E+04	4.336997E-17	1.131720E-18
1.220939E+04	4.310075E-17	1.096729E-18
1.224939E+04	4.282138E-17	1.057084E-18
1.228939E+04	4.251867E-17	1.014408E-18
1.232939E+04	4.218022E-17	9.715613E-19
1.236939E+04	4.179499E-17	9.327708E-19
1.240939E+04	4.135397E-17	9.033398E-19
1.244939E+04	4.085113E-17	8.884962E-19
1.248939E+04	4.028507E-17	8.910517E-19
1.252939E+04	3.966155E-17	9.086848E-19
1.256939E+04	3.899188E-17	9.354794E-19
1.260939E+04	3.829015E-17	9.650319E-19
1.264939E+04	3.757173E-17	9.921209E-19
1.268939E+04	3.685225E-17	1.013279E-18
1.272939E+04	3.614692E-17	1.026744E-18
1.276939E+04	3.546998E-17	1.032156E-18
1.280939E+04	3.483437E-17	1.030200E-18
1.284939E+04	3.425145E-17	1.022255E-18
1.288939E+04	3.373080E-17	1.010095E-18
1.292939E+04	3.328015E-17	9.956329E-19
1.296939E+04	3.290532E-17	9.807191E-19
1.300939E+04	3.261034E-17	9.670208E-19
1.304939E+04	3.239754E-17	9.559791E-19
1.308939E+04	3.226769E-17	9.488344E-19
1.312939E+04	3.222024E-17	9.466812E-19
1.316939E+04	3.225354E-17	9.505091E-19
1.320939E+04	3.236501E-17	9.612014E-19
1.324939E+04	3.255130E-17	9.794923E-19
1.328939E+04	3.280825E-17	1.005901E-18
1.332939E+04	3.313083E-17	1.040661E-18
1.336939E+04	3.351309E-17	1.083654E-18
1.340939E+04	3.394808E-17	1.134329E-18
1.344939E+04	3.442781E-17	1.191655E-18
1.348939E+04	3.494327E-17	1.254113E-18
1.352939E+04	3.548451E-17	1.319783E-18
1.356939E+04	3.604073E-17	1.386513E-18
1.360939E+04	3.660054E-17	1.452113E-18
1.364939E+04	3.715233E-17	1.514522E-18
1.368939E+04	3.768462E-17	1.571917E-18
1.372939E+04	3.818649E-17	1.622753E-18
1.376939E+04	3.864796E-17	1.665757E-18
1.380939E+04	3.906040E-17	1.699912E-18
1.384939E+04	3.941667E-17	1.724452E-18
1.388939E+04	3.971130E-17	1.738889E-18
1.392939E+04	3.994033E-17	1.743036E-18
1.396939E+04	4.010134E-17	1.737023E-18
1.400939E+04	4.019336E-17	1.721310E-18
1.404939E+04	4.021697E-17	1.696690E-18
1.408939E+04	4.017412E-17	1.664292E-18
1.412939E+04	4.006805E-17	1.625542E-18
1.416939E+04	3.990295E-17	1.582084E-18
1.420939E+04	3.968381E-17	1.535672E-18
1.424939E+04	3.941629E-17	1.488042E-18
1.428939E+04	3.910669E-17	1.440813E-18
1.432939E+04	3.876193E-17	1.395403E-18
1.436939E+04	3.838953E-17	1.352977E-18
1.440939E+04	3.799767E-17	1.314381E-18
1.444939E+04	3.759520E-17	1.280079E-18
1.448939E+04	3.719154E-17	1.250117E-18
1.452939E+04	3.679642E-17	1.224181E-18
1.456939E+04	3.641941E-17	1.201736E-18
1.460939E+04	3.606933E-17	1.182200E-18
1.464939E+04	3.575393E-17	1.165060E-18
1.468939E+04	3.547969E-17	1.149924E-18
1.472939E+04	3.525172E-17	1.136525E-18
1.476939E+04	3.507383E-17	1.124699E-18
1.480939E+04	3.494855E-17	1.114369E-18
1.484939E+04	3.487713E-17	1.105526E-18
1.488939E+04	3.485965E-17	1.098196E-18
1.492939E+04	3.489496E-17	1.092395E-18
1.496939E+04	3.498080E-17	1.088073E-18
1.500939E+04	3.511373E-17	1.085074E-18
1.504939E+04	3.528917E-17	1.083165E-18
1.508939E+04	3.550149E-17	1.082104E-18
1.512939E+04	3.574405E-17	1.081739E-18
1.516939E+04	3.600945E-17	1.082053E-18
1.520939E+04	3.628979E-17	1.083143E-18
1.524939E+04	3.657698E-17	1.085150E-18
1.528939E+04	3.686304E-17	1.088188E-18
1.532939E+04	3.714045E-17	1.092289E-18
1.536939E+04	3.740230E-17	1.097357E-18
1.540939E+04	3.764247E-17	1.103148E-18
1.544939E+04	3.785574E-17	1.109268E-18
1.548939E+04	3.803765E-17	1.115195E-18
1.552939E+04	3.818448E-17	1.120351E-18
1.556939E+04	3.829300E-17	1.124170E-18
1.560939E+04	3.836040E-17	1.126169E-18
1.564939E+04	3.838423E-17	1.125947E-18
1.568939E+04	3.836252E-17	1.123146E-18
1.572939E+04	3.829392E-17	1.117413E-18
1.576939E+04	3.817784E-17	1.108399E-18
1.580939E+04	3.801455E-17	1.095791E-18
1.584939E+04	3.780517E-17	1.079340E-18
1.588939E+04	3.755168E-17	1.058889E-18
1.592939E+04	3.725674E-17	1.034406E-18
1.596939E+04	3.692348E-17	1.006040E-18
1.600939E+04	3.655529E-17	9.742267E-19
1.604939E+04	3.615562E-17	9.398445E-19
1.608939E+04	3.572787E-17	9.043803E-19
1.612939E+04	3.527536E-17	8.700548E-19
1.616939E+04	3.480140E-17	8.397739E-19
1.620939E+04	3.430939E-17	8.167413E-19
1.624939E+04	3.380294E-17	8.035665E-19
1.628939E+04	3.328571E-17	8.007191E-19
1.632939E+04	3.276129E-17	8.058742E-19
1.636939E+04	3.223346E-17	8.156483E-19
1.640939E+04	3.170617E-17	8.268698E-19
1.644939E+04	3.118350E-17	8.371466E-19
1.648939E+04	3.066949E-17	8.449878E-19
1.652939E+04	3.016797E-17	8.496903E-19
1.656939E+04	2.968239E-17	8.511365E-19
1.660939E+04	2.921563E-17	8.495842E-19
1.664939E+04	2.876980E-17	8.454963E-19
1.668939E+04	2.834620E-17	8.394278E-19
1.672939E+04	2.794539E-17	8.319628E-19
1.676939E+04	2.756731E-17	8.236801E-19
1.680939E+04	2.721141E-17	8.151220E-19
1.684939E+04	2.687678E-17	8.067579E-19
1.688939E+04	2.656222E-17	7.989465E-19
1.692939E+04	2.626620E-17	7.919104E-19
1.696939E+04	2.598695E-17	7.857337E-19
1.700939E+04	2.572250E-17	7.803798E-19
1.704939E+04	2.547074E-17	7.757234E-19
1.708939E+04	2.522960E-17	7.715901E-19
1.712939E+04	2.499718E-17	7.677972E-19
1.716939E+04	2.477187E-17	7.641913E-19
1.720939E+04	2.455242E-17	7.606736E-19
1.724939E+04	2.433798E-17	7.572112E-19
1.728939E+04	2.412804E-17	7.538335E-19
1.732939E+04	2.392245E-17	7.506181E-19
1.736939E+04	2.372143E-17	7.476682E-19
1.740939E+04	2.352565E-17	7.450911E-19
1.744939E+04	2.333626E-17	7.429832E-19
1.748939E+04	2.315490E-17	7.414275E-19
1.752939E+04	2.298377E-17	7.405006E-19
1.756939E+04	2.282558E-17	7.402864E-19
1.760939E+04	2.268359E-17	7.408969E-19
1.764939E+04	2.256143E-17	7.424997E-19
1.768939E+04	2.246297E-17	7.453467E-19
1.772939E+04	2.239213E-17	7.497905E-19
1.776939E+04	2.235269E-17	7.562773E-19
1.780939E+04	2.234821E-17	7.653182E-19
1.784939E+04	2.238185E-17	7.774521E-19
1.788939E+04	2.245629E-17	7.932101E-19
1.792939E+04	2.257362E-17	8.130850E-19
1.796939E+04	2.273525E-17	8.375004E-19
1.800939E+04	2.294176E-17	8.667820E-19
1.804939E+04	2.319275E-17	9.011316E-19
1.808939E+04	2.348672E-17	9.406043E-19
1.812939E+04	2.382093E-17	9.850874E-19
1.816939E+04	2.419140E-17	1.034284E-18
1.820939E+04	2.459293E-17	1.087701E-18
1.824939E+04	2.501925E-17	1.144651E-18
1.828939E+04	2.546317E-17	1.204252E-18
1.832939E+04	2.591682E-17	1.265439E-18
1.836939E+04	2.637196E-17	1.326990E-18
1.840939E+04	2.682023E-17	1.387579E-18
1.844939E+04	2.725341E-17	1.445846E-18
1.848939E+04	2.766374E-17	1.500471E-18
1.852939E+04	2.804403E-17	1.550227E-18
1.856939E+04	2.838794E-17	1.594022E-18
1.860939E+04	2.869004E-17	1.630923E-18
1.864939E+04	2.894597E-17	1.660193E-18
1.868939E+04	2.915249E-17	1.681328E-18
1.872939E+04	2.930755E-17	1.694089E-18
1.876939E+04	2.941023E-17	1.698520E-18
1.880939E+04	2.946071E-17	1.694921E-18
1.884939E+04	2.946014E-17	1.683797E-18
1.888939E+04	2.941058E-17	1.665774E-18
1.892939E+04	2.931483E-17	1.641527E-18
1.896939E+04	2.917646E-17	1.611734E-18
1.900939E+04	2.899968E-17	1.577084E-18
1.904939E+04	2.878936E-17	1.538312E-18
1.908939E+04	2.855086E-17	1.496234E-18
1.912939E+04	2.828993E-17	1.451752E-18
1.916939E+04	2.801254E-17	1.405841E-18
1.920939E+04	2.772466E-17	1.359506E-18
1.924939E+04	2.743215E-17	1.313743E-18
1.928939E+04	2.714053E-17	1.269478E-18
1.932939E+04	2.685494E-17	1.227518E-18
1.936939E+04	2.658004E-17	1.188488E-18
1.940939E+04	2.631998E-17	1.152802E-18
1.944939E+04	2.607834E-17	1.120646E-18
1.948939E+04	2.585804E-17	1.092007E-18
1.952939E+04	2.566129E-17	1.066726E-18
1.956939E+04	2.548953E-17	1.044589E-18
1.960939E+04	2.534349E-17	1.025410E-18
1.964939E+04	2.522315E-17	1.009088E-18
1.968939E+04	2.512787E-17	9.956252E-19
1.972939E+04	2.505638E-17	9.850826E-19
1.976939E+04	2.500699E-17	9.775166E-19
1.980939E+04	2.497763E-17	9.728984E-19
1.984939E+04	2.496614E-17	9.710477E-19
1.988939E+04	2.497031E-17	9.715957E-19
1.992939E+04	2.498804E-17	9.739868E-19
1.996939E+04	2.501735E-17	9.775245E-19
2.000939E+04	2.505631E-17	9.814592E-19
2.004939E+04	2.510288E-17	9.851029E-19
2.008939E+04	2.515479E-17	9.879374E-19
2.012939E+04	2.520933E-17	9.896825E-19
2.016939E+04	2.526338E-17	9.903076E-19
2.020939E+04	2.531343E-17	9.899907E-19
2.024939E+04	2.535585E-17	9.890393E-19
2.028939E+04	2.538708E-17	9.877909E-19
2.032939E+04	2.540401E-17	9.865117E-19
2.036939E+04	2.540417E-17	9.853164E-19
2.040939E+04	2.538587E-17	9.841309E-19
2.044939E+04	2.534831E-17	9.827044E-19
2.048939E+04	2.529141E-17	9.806680E-19
2.052939E+04	2.521569E-17	9.776214E-19
2.056939E+04	2.512201E-17	9.732252E-19
2.060939E+04	2.501138E-17	9.672697E-19
2.064939E+04	2.488483E-17	9.597048E-19
2.068939E+04	2.474329E-17	9.506336E-19
2.072939E+04	2.458758E-17	9.402796E-19
2.076939E+04	2.441834E-17	9.289409E-19
2.080939E+04	2.423616E-17	9.169386E-19
2.084939E+04	2.404165E-17	9.045701E-19
2.088939E+04	2.383553E-17	8.920752E-19
2.092939E+04	2.361867E-17	8.796180E-19
2.096939E+04	2.339212E-17	8.672861E-19
2.100939E+04	2.315708E-17	8.551010E-19
2.104939E+04	2.291488E-17	8.430403E-19
2.108939E+04	2.266697E-17	8.310665E-19
2.112939E+04	2.241488E-17	8.191558E-19
2.116939E+04	2.216021E-17	8.073200E-19
2.120939E+04	2.190459E-17	7.956153E-19
2.124939E+04	2.164970E-17	7.841432E-19
2.128939E+04	2.139731E-17	7.730460E-19
2.132939E+04	2.114926E-17	7.625005E-19
2.136939E+04	2.090748E-17	7.527097E-19
2.140939E+04	2.067391E-17	7.438878E-19
2.144939E+04	2.045040E-17	7.362356E-19
2.148939E+04	2.023846E-17	7.299004E-19
2.152939E+04	2.003854E-17	7.249046E-19
2.156939E+04	1.984973E-17	7.211113E-19
2.160939E+04	1.967039E-17	7.183116E-19
2.164939E+04	1.949860E-17	7.162802E-19
2.168939E+04	1.933232E-17	7.148055E-19
2.172939E+04	1.916959E-17	7.137042E-19
2.176939E+04	1.900860E-17	7.128281E-19
2.180939E+04	1.884774E-17	7.120646E-19
2.184939E+04	1.868562E-17	7.113327E-19
2.188939E+04	1.852111E-17	7.105766E-19
2.192939E+04	1.835326E-17	7.097574E-19
2.196939E+04	1.818135E-17	7.088455E-19
2.200939E+04	1.800475E-17	7.078157E-19
2.204939E+04	1.782287E-17	7.066455E-19
2.208939E+04	1.763517E-17	7.053193E-19
2.212939E+04	1.744119E-17	7.038323E-19
2.216939E+04	1.724063E-17	7.021904E-19
2.220939E+04	1.703350E-17	7.004061E-19
2.224939E+04	1.682010E-17	6.984897E-19
2.228939E+04	1.660098E-17	6.964425E-19
2.232939E+04	1.637697E-17	6.942515E-19
2.236939E+04	1.614908E-17	6.918899E-19
2.240939E+04	1.591846E-17	6.893201E-19
2.244939E+04	1.568639E-17	6.864993E-19
2.248939E+04	1.545420E-17	6.833870E-19
2.252939E+04	1.522328E-17	6.799515E-19
2.256939E+04	1.499499E-17	6.761740E-19
2.260939E+04	1.477066E-17	6.720503E-19
2.264939E+04	1.455154E-17	6.675904E-19
2.268939E+04	1.433876E-17	6.628218E-19
2.272939E+04	1.413330E-17	6.577938E-19
2.276939E+04	1.393597E-17	6.525824E-19
2.280939E+04	1.374743E-17	6.472886E-19
2.284939E+04	1.356818E-17	6.420318E-19
2.288939E+04	1.339859E-17	6.369389E-19
2.292939E+04	1.323894E-17	6.321357E-19
2.296939E+04	1.308937E-17	6.277399E-19
2.300939E+04	1.294990E-17	6.238575E-19
2.304939E+04	1.282048E-17	6.205799E-19
2.308939E+04	1.270092E-17	6.179830E-19
2.312939E+04	1.259101E-17	6.161276E-19
2.316939E+04	1.249046E-17	6.150616E-19
2.320939E+04	1.239898E-17	6.148240E-19
2.324939E+04	1.231627E-17	6.154479E-19
2.328939E+04	1.224206E-17	6.169607E-19
2.332939E+04	1.217612E-17	6.193811E-19
2.336939E+04	1.211825E-17	6.227137E-19
2.340939E+04	1.206837E-17	6.269449E-19
2.344939E+04	1.202644E-17	6.320392E-19
2.348939E+04	1.199247E-17	6.379406E-19
2.352939E+04	1.196646E-17	6.445780E-19
2.356939E+04	1.194843E-17	6.518730E-19
2.360939E+04	1.193836E-17	6.597516E-19
2.364939E+04	1.193626E-17	6.681585E-19
2.368939E+04	1.194210E-17	6.770740E-19
2.372939E+04	1.195588E-17	6.865310E-19
2.376939E+04	1.197753E-17	6.966281E-19
2.380939E+04	1.200699E-17	7.075389E-19
2.384939E+04	1.204412E-17	7.195167E-19
2.388939E+04	1.208881E-17	7.328957E-19
2.392939E+04	1.214093E-17	7.480882E-19
2.396939E+04	1.220041E-17	7.655782E-19
2.400939E+04	1.226718E-17	7.859100E-19
2.404939E+04	1.234124E-17	8.096717E-19
2.408939E+04	1.242257E-17	8.374737E-19
2.412939E+04	1.251110E-17	8.699254E-19
2.416939E+04	1.260672E-17	9.076106E-19
2.420939E+04	1.270925E-17	9.510659E-19
2.424939E+04	1.281840E-17	1.000761E-18
2.428939E+04	1.293379E-17	1.057083E-18
2.432939E+04	1.305497E-17	1.120324E-18
2.436939E+04	1.318138E-17	1.190672E-18
2.440939E+04	1.331243E-17	1.268213E-18
2.444939E+04	1.344746E-17	1.352928E-18
2.448939E+04	1.358582E-17	1.444714E-18
