#wls	flux	fluxerr
3.289393E+03	6.938602E-17	2.766729E-18
3.329393E+03	6.942095E-17	2.400034E-18
3.369393E+03	6.970862E-17	2.098109E-18
3.409393E+03	7.030749E-17	1.869689E-18
3.449393E+03	7.128094E-17	1.720884E-18
3.489393E+03	7.269312E-17	1.650112E-18
3.529393E+03	7.459523E-17	1.644200E-18
3.569393E+03	7.701745E-17	1.681081E-18
3.609393E+03	7.998323E-17	1.738444E-18
3.649393E+03	8.351619E-17	1.800165E-18
3.689393E+03	8.764206E-17	1.859202E-18
3.729393E+03	9.238828E-17	1.918614E-18
3.769393E+03	9.778161E-17	1.991373E-18
3.809393E+03	1.038442E-16	2.097566E-18
3.849393E+03	1.105830E-16	2.256288E-18
3.889393E+03	1.179623E-16	2.473368E-18
3.929393E+03	1.259066E-16	2.739596E-18
3.969393E+03	1.343120E-16	3.036223E-18
4.009393E+03	1.430491E-16	3.339969E-18
4.049393E+03	1.519694E-16	3.626406E-18
4.089393E+03	1.609132E-16	3.872000E-18
4.129393E+03	1.697196E-16	4.055724E-18
4.169393E+03	1.782375E-16	4.160937E-18
4.209393E+03	1.863361E-16	4.177916E-18
4.249393E+03	1.939128E-16	4.107320E-18
4.289393E+03	2.008951E-16	3.964680E-18
4.329393E+03	2.072354E-16	3.785300E-18
4.369393E+03	2.128993E-16	3.625852E-18
4.409393E+03	2.178631E-16	3.552047E-18
4.449393E+03	2.221509E-16	3.596072E-18
4.489393E+03	2.258637E-16	3.716604E-18
4.529393E+03	2.291439E-16	3.840003E-18
4.569393E+03	2.321278E-16	3.903981E-18
4.609393E+03	2.349308E-16	3.872749E-18
4.649393E+03	2.376412E-16	3.739399E-18
4.689393E+03	2.403096E-16	3.527725E-18
4.729393E+03	2.429389E-16	3.297259E-18
4.769393E+03	2.454675E-16	3.142262E-18
4.809393E+03	2.476599E-16	3.152755E-18
4.849393E+03	2.493326E-16	3.357531E-18
4.889393E+03	2.505105E-16	3.703114E-18
4.929393E+03	2.513450E-16	4.099744E-18
4.969393E+03	2.520611E-16	4.478338E-18
5.009393E+03	2.528689E-16	4.798710E-18
5.049393E+03	2.539212E-16	5.040578E-18
5.089393E+03	2.552976E-16	5.194401E-18
5.129393E+03	2.570015E-16	5.255536E-18
5.169393E+03	2.589632E-16	5.221573E-18
5.209393E+03	2.610447E-16	5.092270E-18
5.249393E+03	2.630487E-16	4.871683E-18
5.289393E+03	2.647304E-16	4.571874E-18
5.329393E+03	2.658195E-16	4.216821E-18
5.369393E+03	2.660634E-16	3.843050E-18
5.409393E+03	2.653121E-16	3.488764E-18
5.449393E+03	2.635936E-16	3.170131E-18
5.489393E+03	2.611036E-16	2.912980E-18
5.529393E+03	2.581492E-16	2.799433E-18
5.569393E+03	2.551180E-16	2.926179E-18
5.609393E+03	2.521790E-16	3.265772E-18
5.649393E+03	2.493527E-16	3.695140E-18
5.689393E+03	2.467185E-16	4.115818E-18
5.729393E+03	2.443614E-16	4.474149E-18
5.769393E+03	2.423452E-16	4.746064E-18
5.809393E+03	2.407071E-16	4.922965E-18
5.849393E+03	2.394619E-16	5.003292E-18
5.889393E+03	2.386083E-16	4.988042E-18
5.929393E+03	2.381379E-16	4.878564E-18
5.969393E+03	2.380470E-16	4.675763E-18
6.009393E+03	2.383479E-16	4.380388E-18
6.049393E+03	2.390811E-16	3.994599E-18
6.089393E+03	2.403276E-16	3.525722E-18
6.129393E+03	2.422241E-16	2.994631E-18
6.169393E+03	2.449924E-16	2.454740E-18
6.209393E+03	2.490110E-16	2.029425E-18
6.249393E+03	2.549133E-16	1.914246E-18
6.289393E+03	2.626537E-16	2.128731E-18
6.329393E+03	2.709656E-16	2.444925E-18
6.369393E+03	2.786018E-16	2.717880E-18
6.409393E+03	2.845019E-16	2.956067E-18
6.449393E+03	2.879760E-16	3.256895E-18
6.489393E+03	2.887322E-16	3.665051E-18
6.529393E+03	2.868634E-16	4.120597E-18
6.569393E+03	2.828731E-16	4.549913E-18
6.609393E+03	2.774022E-16	4.907016E-18
6.649393E+03	2.710450E-16	5.174672E-18
6.689393E+03	2.642672E-16	5.354360E-18
6.729393E+03	2.573887E-16	5.456719E-18
6.769393E+03	2.506015E-16	5.495198E-18
6.809393E+03	2.440007E-16	5.482648E-18
6.849393E+03	2.376170E-16	5.429979E-18
6.889393E+03	2.314432E-16	5.345974E-18
6.929393E+03	2.254534E-16	5.237574E-18
6.969393E+03	2.196166E-16	5.110144E-18
7.009393E+03	2.139068E-16	4.967539E-18
7.049393E+03	2.083115E-16	4.811980E-18
7.089393E+03	2.028373E-16	4.643913E-18
7.129393E+03	1.975132E-16	4.462039E-18
7.169393E+03	1.923902E-16	4.263598E-18
7.209393E+03	1.875386E-16	4.044964E-18
7.249393E+03	1.830456E-16	3.802458E-18
7.289393E+03	1.790167E-16	3.533340E-18
7.329393E+03	1.755825E-16	3.236986E-18
7.369393E+03	1.729138E-16	2.916463E-18
7.409393E+03	1.712410E-16	2.581077E-18
7.449393E+03	1.708792E-16	2.250960E-18
7.489393E+03	1.722558E-16	1.964610E-18
7.529393E+03	1.759462E-16	1.783441E-18
7.569393E+03	1.825152E-16	1.757865E-18
7.609393E+03	1.918995E-16	1.856883E-18
7.649393E+03	2.037463E-16	2.018624E-18
7.689393E+03	2.174546E-16	2.192849E-18
7.729393E+03	2.318058E-16	2.326420E-18
7.769393E+03	2.451043E-16	2.402431E-18
7.809393E+03	2.555297E-16	2.493230E-18
7.849393E+03	2.617010E-16	2.734916E-18
7.889393E+03	2.629420E-16	3.146934E-18
7.929393E+03	2.594605E-16	3.611222E-18
7.969393E+03	2.522496E-16	4.019731E-18
8.009393E+03	2.425727E-16	4.320110E-18
8.049393E+03	2.316062E-16	4.503582E-18
8.089393E+03	2.202731E-16	4.584738E-18
8.129393E+03	2.092097E-16	4.586692E-18
8.169393E+03	1.988036E-16	4.532655E-18
8.209393E+03	1.892566E-16	4.442229E-18
8.249393E+03	1.806468E-16	4.330528E-18
8.289393E+03	1.729795E-16	4.208664E-18
8.329393E+03	1.662240E-16	4.084654E-18
8.369393E+03	1.603372E-16	3.964287E-18
8.409393E+03	1.552786E-16	3.851771E-18
8.449393E+03	1.510180E-16	3.750180E-18
8.489393E+03	1.475394E-16	3.661781E-18
8.529393E+03	1.448419E-16	3.588269E-18
8.569393E+03	1.429397E-16	3.530915E-18
8.609393E+03	1.418596E-16	3.490580E-18
8.649393E+03	1.416375E-16	3.467523E-18
8.689393E+03	1.423127E-16	3.460995E-18
8.729393E+03	1.439208E-16	3.468663E-18
8.769393E+03	1.464859E-16	3.486001E-18
8.809393E+03	1.500137E-16	3.505745E-18
8.849393E+03	1.544828E-16	3.517461E-18
8.889393E+03	1.598360E-16	3.507276E-18
8.929393E+03	1.659682E-16	3.458012E-18
8.969393E+03	1.727144E-16	3.350291E-18
9.009393E+03	1.798395E-16	3.165661E-18
9.049393E+03	1.870372E-16	2.893768E-18
9.089393E+03	1.939507E-16	2.547738E-18
9.129393E+03	2.002357E-16	2.195568E-18
9.169393E+03	2.056950E-16	2.002316E-18
9.209393E+03	2.103596E-16	2.158293E-18
9.249393E+03	2.139641E-16	2.615630E-18
9.289393E+03	2.162489E-16	3.183021E-18
9.329393E+03	2.172275E-16	3.728989E-18
9.369393E+03	2.170575E-16	4.189039E-18
9.409393E+03	2.159495E-16	4.536372E-18
9.449393E+03	2.141193E-16	4.764201E-18
9.489393E+03	2.117645E-16	4.876104E-18
9.529393E+03	2.090561E-16	4.880176E-18
9.569393E+03	2.061360E-16	4.785268E-18
9.609393E+03	2.031165E-16	4.598753E-18
9.649393E+03	2.000812E-16	4.325735E-18
9.689393E+03	1.970847E-16	3.969819E-18
9.729393E+03	1.941547E-16	3.535798E-18
9.769393E+03	1.912995E-16	3.035342E-18
9.809393E+03	1.885261E-16	2.498863E-18
9.849393E+03	1.858823E-16	2.001749E-18
9.889393E+03	1.835424E-16	1.706484E-18
9.929393E+03	1.818042E-16	1.794245E-18
9.969393E+03	1.804822E-16	2.188571E-18
1.000939E+04	1.792544E-16	2.685436E-18
1.004939E+04	1.779877E-16	3.165269E-18
1.008939E+04	1.766360E-16	3.574657E-18
1.012939E+04	1.751810E-16	3.888991E-18
1.016939E+04	1.736078E-16	4.095633E-18
1.020939E+04	1.718979E-16	4.187084E-18
1.024939E+04	1.700276E-16	4.158223E-18
1.028939E+04	1.679669E-16	4.005371E-18
1.032939E+04	1.656765E-16	3.726308E-18
1.036939E+04	1.631047E-16	3.321021E-18
1.040939E+04	1.601905E-16	2.793369E-18
1.044939E+04	1.568926E-16	2.154502E-18
1.048939E+04	1.533035E-16	1.431989E-18
1.052939E+04	1.500165E-16	7.242687E-19
1.056939E+04	1.488284E-16	6.698520E-19
1.060939E+04	1.499116E-16	1.412922E-18
1.064939E+04	1.514004E-16	2.267307E-18
1.068939E+04	1.526608E-16	3.120387E-18
1.072939E+04	1.536217E-16	3.945638E-18
1.076939E+04	1.543529E-16	4.731951E-18
1.080939E+04	1.549354E-16	5.473850E-18
1.084939E+04	1.554275E-16	6.168371E-18
1.088939E+04	1.558616E-16	6.813683E-18
1.092939E+04	1.562495E-16	7.408435E-18
1.096939E+04	1.565891E-16	7.951493E-18
1.100939E+04	1.568691E-16	8.441857E-18
1.104939E+04	1.570739E-16	8.878671E-18
1.108939E+04	1.571858E-16	9.261277E-18
1.112939E+04	1.571877E-16	9.589280E-18
1.116939E+04	1.570638E-16	9.862599E-18
1.120939E+04	1.568009E-16	1.008151E-17
1.124939E+04	1.563888E-16	1.024669E-17
1.128939E+04	1.558201E-16	1.035919E-17
1.132939E+04	1.550909E-16	1.042047E-17
1.136939E+04	1.542003E-16	1.043234E-17
1.140939E+04	1.531501E-16	1.039692E-17
1.144939E+04	1.519451E-16	1.031660E-17
1.148939E+04	1.505927E-16	1.019398E-17
1.152939E+04	1.491024E-16	1.003182E-17
1.156939E+04	1.474862E-16	9.832911E-18
1.160939E+04	1.457578E-16	9.600098E-18
1.164939E+04	1.439329E-16	9.336158E-18
1.168939E+04	1.420287E-16	9.043765E-18
1.172939E+04	1.400638E-16	8.725441E-18
1.176939E+04	1.380578E-16	8.383507E-18
1.180939E+04	1.360309E-16	8.020035E-18
1.184939E+04	1.340032E-16	7.636800E-18
1.188939E+04	1.319942E-16	7.235220E-18
1.192939E+04	1.300214E-16	6.816296E-18
1.196939E+04	1.280991E-16	6.380539E-18
1.200939E+04	1.262361E-16	5.927897E-18
1.204939E+04	1.244342E-16	5.457693E-18
1.208939E+04	1.226847E-16	4.968590E-18
1.212939E+04	1.209661E-16	4.458634E-18
1.216939E+04	1.192416E-16	3.925426E-18
1.220939E+04	1.174591E-16	3.366542E-18
1.224939E+04	1.155556E-16	2.780367E-18
1.228939E+04	1.134732E-16	2.167715E-18
1.232939E+04	1.112020E-16	1.535478E-18
1.236939E+04	1.088928E-16	9.102662E-19
1.240939E+04	1.071504E-16	4.582055E-19
1.244939E+04	1.069733E-16	7.394250E-19
1.248939E+04	1.076579E-16	1.338760E-18
1.252939E+04	1.084065E-16	1.959162E-18
1.256939E+04	1.090098E-16	2.558388E-18
1.260939E+04	1.094741E-16	3.125538E-18
1.264939E+04	1.098680E-16	3.657973E-18
1.268939E+04	1.102667E-16	4.156647E-18
1.272939E+04	1.107327E-16	4.624225E-18
1.276939E+04	1.113102E-16	5.064040E-18
1.280939E+04	1.120263E-16	5.479499E-18
1.284939E+04	1.128937E-16	5.873766E-18
1.288939E+04	1.139142E-16	6.249616E-18
1.292939E+04	1.150817E-16	6.609400E-18
1.296939E+04	1.163849E-16	6.955063E-18
1.300939E+04	1.178089E-16	7.288193E-18
1.304939E+04	1.193368E-16	7.610072E-18
1.308939E+04	1.209502E-16	7.921723E-18
1.312939E+04	1.226305E-16	8.223947E-18
1.316939E+04	1.243589E-16	8.517341E-18
1.320939E+04	1.261165E-16	8.802316E-18
1.324939E+04	1.278850E-16	9.079095E-18
1.328939E+04	1.296465E-16	9.347710E-18
1.332939E+04	1.313837E-16	9.607992E-18
1.336939E+04	1.330800E-16	9.859566E-18
1.340939E+04	1.347194E-16	1.010184E-17
1.344939E+04	1.362870E-16	1.033403E-17
1.348939E+04	1.377686E-16	1.055512E-17
1.352939E+04	1.391512E-16	1.076397E-17
1.356939E+04	1.404227E-16	1.095928E-17
1.360939E+04	1.415726E-16	1.113969E-17
1.364939E+04	1.425913E-16	1.130379E-17
1.368939E+04	1.434711E-16	1.145025E-17
1.372939E+04	1.442057E-16	1.157780E-17
1.376939E+04	1.447903E-16	1.168532E-17
1.380939E+04	1.452219E-16	1.177190E-17
1.384939E+04	1.454993E-16	1.183688E-17
1.388939E+04	1.456229E-16	1.187991E-17
1.392939E+04	1.455950E-16	1.190097E-17
1.396939E+04	1.454196E-16	1.190039E-17
1.400939E+04	1.451023E-16	1.187884E-17
1.404939E+04	1.446502E-16	1.183735E-17
1.408939E+04	1.440716E-16	1.177721E-17
1.412939E+04	1.433760E-16	1.169999E-17
1.416939E+04	1.425736E-16	1.160743E-17
1.420939E+04	1.416751E-16	1.150141E-17
1.424939E+04	1.406913E-16	1.138389E-17
1.428939E+04	1.396330E-16	1.125681E-17
1.432939E+04	1.385105E-16	1.112204E-17
1.436939E+04	1.373337E-16	1.098135E-17
1.440939E+04	1.361116E-16	1.083631E-17
1.444939E+04	1.348524E-16	1.068830E-17
1.448939E+04	1.335628E-16	1.053845E-17
1.452939E+04	1.322489E-16	1.038762E-17
1.456939E+04	1.309152E-16	1.023641E-17
1.460939E+04	1.295649E-16	1.008515E-17
1.464939E+04	1.282001E-16	9.933926E-18
1.468939E+04	1.268217E-16	9.782601E-18
1.472939E+04	1.254292E-16	9.630860E-18
1.476939E+04	1.240212E-16	9.478237E-18
1.480939E+04	1.225951E-16	9.324148E-18
1.484939E+04	1.211473E-16	9.167925E-18
1.488939E+04	1.196737E-16	9.008833E-18
1.492939E+04	1.181692E-16	8.846095E-18
1.496939E+04	1.166284E-16	8.678906E-18
1.500939E+04	1.150457E-16	8.506452E-18
1.504939E+04	1.134157E-16	8.327924E-18
1.508939E+04	1.117333E-16	8.142537E-18
1.512939E+04	1.099938E-16	7.949555E-18
1.516939E+04	1.081937E-16	7.748313E-18
1.520939E+04	1.063307E-16	7.538239E-18
1.524939E+04	1.044039E-16	7.318881E-18
1.528939E+04	1.024142E-16	7.089924E-18
1.532939E+04	1.003642E-16	6.851212E-18
1.536939E+04	9.825858E-17	6.602755E-18
1.540939E+04	9.610401E-17	6.344734E-18
1.544939E+04	9.390905E-17	6.077495E-18
1.548939E+04	9.168411E-17	5.801542E-18
1.552939E+04	8.944125E-17	5.517512E-18
1.556939E+04	8.719393E-17	5.226150E-18
1.560939E+04	8.495667E-17	4.928269E-18
1.564939E+04	8.274477E-17	4.624713E-18
1.568939E+04	8.057379E-17	4.316303E-18
1.572939E+04	7.845914E-17	4.003779E-18
1.576939E+04	7.641544E-17	3.687733E-18
1.580939E+04	7.445587E-17	3.368541E-18
1.584939E+04	7.259133E-17	3.046279E-18
1.588939E+04	7.082940E-17	2.720653E-18
1.592939E+04	6.917320E-17	2.390965E-18
1.596939E+04	6.762022E-17	2.056165E-18
1.600939E+04	6.616188E-17	1.715125E-18
1.604939E+04	6.478552E-17	1.367406E-18
1.608939E+04	6.348333E-17	1.015321E-18
1.612939E+04	6.227899E-17	6.710096E-19
1.616939E+04	6.129547E-17	3.945538E-19
1.620939E+04	6.082890E-17	4.094964E-19
1.624939E+04	6.084304E-17	6.919737E-19
1.628939E+04	6.104309E-17	1.027755E-18
1.632939E+04	6.132103E-17	1.364290E-18
1.636939E+04	6.165950E-17	1.690132E-18
1.640939E+04	6.206729E-17	2.002440E-18
1.644939E+04	6.255541E-17	2.300935E-18
1.648939E+04	6.312983E-17	2.586159E-18
1.652939E+04	6.379052E-17	2.858825E-18
1.656939E+04	6.453250E-17	3.119558E-18
1.660939E+04	6.534726E-17	3.368814E-18
1.664939E+04	6.622409E-17	3.606871E-18
1.668939E+04	6.715108E-17	3.833865E-18
1.672939E+04	6.811589E-17	4.049829E-18
1.676939E+04	6.910631E-17	4.254743E-18
1.680939E+04	7.011064E-17	4.448571E-18
1.684939E+04	7.111798E-17	4.631298E-18
1.688939E+04	7.211844E-17	4.802957E-18
1.692939E+04	7.310330E-17	4.963649E-18
1.696939E+04	7.406505E-17	5.113556E-18
1.700939E+04	7.499751E-17	5.252945E-18
1.704939E+04	7.589577E-17	5.382174E-18
1.708939E+04	7.675627E-17	5.501688E-18
1.712939E+04	7.757672E-17	5.612018E-18
1.716939E+04	7.835609E-17	5.713770E-18
1.720939E+04	7.909452E-17	5.807623E-18
1.724939E+04	7.979327E-17	5.894316E-18
1.728939E+04	8.045461E-17	5.974643E-18
1.732939E+04	8.108172E-17	6.049442E-18
1.736939E+04	8.167856E-17	6.119581E-18
1.740939E+04	8.224973E-17	6.185957E-18
1.744939E+04	8.280035E-17	6.249477E-18
1.748939E+04	8.333591E-17	6.311051E-18
1.752939E+04	8.386206E-17	6.371583E-18
1.756939E+04	8.438452E-17	6.431955E-18
1.760939E+04	8.490886E-17	6.493018E-18
1.764939E+04	8.544034E-17	6.555577E-18
1.768939E+04	8.598376E-17	6.620374E-18
1.772939E+04	8.654329E-17	6.688074E-18
1.776939E+04	8.712233E-17	6.759242E-18
1.780939E+04	8.772338E-17	6.834326E-18
1.784939E+04	8.834795E-17	6.913635E-18
1.788939E+04	8.899648E-17	6.997322E-18
1.792939E+04	8.966828E-17	7.085370E-18
1.796939E+04	9.036147E-17	7.177585E-18
1.800939E+04	9.107301E-17	7.273588E-18
1.804939E+04	9.179866E-17	7.372822E-18
1.808939E+04	9.253303E-17	7.474554E-18
1.812939E+04	9.326964E-17	7.577889E-18
1.816939E+04	9.400103E-17	7.681781E-18
1.820939E+04	9.471886E-17	7.785060E-18
1.824939E+04	9.541412E-17	7.886456E-18
1.828939E+04	9.607736E-17	7.984636E-18
1.832939E+04	9.669891E-17	8.078239E-18
1.836939E+04	9.726921E-17	8.165910E-18
1.840939E+04	9.777906E-17	8.246335E-18
1.844939E+04	9.821991E-17	8.318274E-18
1.848939E+04	9.858402E-17	8.380589E-18
1.852939E+04	9.886470E-17	8.432277E-18
1.856939E+04	9.905641E-17	8.472495E-18
1.860939E+04	9.915490E-17	8.500589E-18
1.864939E+04	9.915730E-17	8.516118E-18
1.868939E+04	9.906219E-17	8.518869E-18
1.872939E+04	9.886969E-17	8.508866E-18
1.876939E+04	9.858139E-17	8.486359E-18
1.880939E+04	9.820031E-17	8.451806E-18
1.884939E+04	9.773067E-17	8.405834E-18
1.888939E+04	9.717770E-17	8.349198E-18
1.892939E+04	9.654736E-17	8.282737E-18
1.896939E+04	9.584615E-17	8.207341E-18
1.900939E+04	9.508093E-17	8.123923E-18
1.904939E+04	9.425878E-17	8.033399E-18
1.908939E+04	9.338687E-17	7.936682E-18
1.912939E+04	9.247240E-17	7.834677E-18
1.916939E+04	9.152247E-17	7.728276E-18
1.920939E+04	9.054401E-17	7.618359E-18
1.924939E+04	8.954376E-17	7.505792E-18
1.928939E+04	8.852809E-17	7.391418E-18
1.932939E+04	8.750294E-17	7.276045E-18
1.936939E+04	8.647370E-17	7.160428E-18
1.940939E+04	8.544511E-17	7.045250E-18
1.944939E+04	8.442119E-17	6.931099E-18
1.948939E+04	8.340520E-17	6.818464E-18
1.952939E+04	8.239963E-17	6.707718E-18
1.956939E+04	8.140624E-17	6.599125E-18
1.960939E+04	8.042606E-17	6.492838E-18
1.964939E+04	7.945942E-17	6.388902E-18
1.968939E+04	7.850601E-17	6.287253E-18
1.972939E+04	7.756482E-17	6.187718E-18
1.976939E+04	7.663429E-17	6.090009E-18
1.980939E+04	7.571227E-17	5.993720E-18
1.984939E+04	7.479612E-17	5.898337E-18
1.988939E+04	7.388279E-17	5.803245E-18
1.992939E+04	7.296894E-17	5.707754E-18
1.996939E+04	7.205103E-17	5.611134E-18
2.000939E+04	7.112544E-17	5.512655E-18
2.004939E+04	7.018862E-17	5.411629E-18
2.008939E+04	6.923717E-17	5.307448E-18
2.012939E+04	6.826795E-17	5.199614E-18
2.016939E+04	6.727815E-17	5.087748E-18
2.020939E+04	6.626531E-17	4.971595E-18
2.024939E+04	6.522746E-17	4.851005E-18
2.028939E+04	6.416304E-17	4.725924E-18
2.032939E+04	6.307102E-17	4.596367E-18
2.036939E+04	6.195091E-17	4.462406E-18
2.040939E+04	6.080273E-17	4.324164E-18
2.044939E+04	5.962710E-17	4.181816E-18
2.048939E+04	5.842520E-17	4.035593E-18
2.052939E+04	5.719877E-17	3.885802E-18
2.056939E+04	5.595015E-17	3.732829E-18
2.060939E+04	5.468222E-17	3.577157E-18
2.064939E+04	5.339840E-17	3.419360E-18
2.068939E+04	5.210267E-17	3.260091E-18
2.072939E+04	5.079954E-17	3.100063E-18
2.076939E+04	4.949402E-17	2.940007E-18
2.080939E+04	4.819157E-17	2.780636E-18
2.084939E+04	4.689812E-17	2.622588E-18
2.088939E+04	4.561994E-17	2.466382E-18
2.092939E+04	4.436361E-17	2.312359E-18
2.096939E+04	4.313593E-17	2.160647E-18
2.100939E+04	4.194377E-17	2.011121E-18
2.104939E+04	4.079393E-17	1.863385E-18
2.108939E+04	3.969296E-17	1.716776E-18
2.112939E+04	3.864697E-17	1.570392E-18
2.116939E+04	3.766134E-17	1.423153E-18
2.120939E+04	3.674056E-17	1.273910E-18
2.124939E+04	3.588800E-17	1.121625E-18
2.128939E+04	3.510579E-17	9.656889E-19
2.132939E+04	3.439502E-17	8.065269E-19
2.136939E+04	3.375667E-17	6.469812E-19
2.140939E+04	3.319438E-17	4.959491E-19
2.144939E+04	3.272091E-17	3.783184E-19
2.148939E+04	3.236951E-17	3.460458E-19
2.152939E+04	3.215670E-17	4.231532E-19
2.156939E+04	3.204026E-17	5.608618E-19
2.160939E+04	3.199343E-17	7.187023E-19
2.164939E+04	3.200493E-17	8.803302E-19
2.168939E+04	3.206846E-17	1.039504E-18
2.172939E+04	3.217821E-17	1.193632E-18
2.176939E+04	3.232713E-17	1.341507E-18
2.180939E+04	3.250665E-17	1.482462E-18
2.184939E+04	3.270678E-17	1.616016E-18
2.188939E+04	3.291660E-17	1.741738E-18
2.192939E+04	3.312463E-17	1.859196E-18
2.196939E+04	3.331934E-17	1.967953E-18
2.200939E+04	3.348951E-17	2.067591E-18
2.204939E+04	3.362458E-17	2.157731E-18
2.208939E+04	3.371498E-17	2.238064E-18
2.212939E+04	3.375240E-17	2.308378E-18
2.216939E+04	3.373000E-17	2.368571E-18
2.220939E+04	3.364254E-17	2.418667E-18
2.224939E+04	3.348657E-17	2.458821E-18
2.228939E+04	3.326040E-17	2.489314E-18
2.232939E+04	3.296413E-17	2.510549E-18
2.236939E+04	3.259957E-17	2.523035E-18
2.240939E+04	3.217012E-17	2.527377E-18
2.244939E+04	3.168061E-17	2.524250E-18
2.248939E+04	3.113710E-17	2.514388E-18
2.252939E+04	3.054665E-17	2.498559E-18
2.256939E+04	2.991706E-17	2.477553E-18
2.260939E+04	2.925667E-17	2.452166E-18
2.264939E+04	2.857404E-17	2.423183E-18
2.268939E+04	2.787778E-17	2.391372E-18
2.272939E+04	2.717628E-17	2.357471E-18
2.276939E+04	2.647749E-17	2.322181E-18
2.280939E+04	2.578878E-17	2.286162E-18
2.284939E+04	2.511678E-17	2.250019E-18
2.288939E+04	2.446726E-17	2.214306E-18
2.292939E+04	2.384514E-17	2.179516E-18
2.296939E+04	2.325446E-17	2.146082E-18
2.300939E+04	2.269843E-17	2.114379E-18
2.304939E+04	2.217950E-17	2.084726E-18
2.308939E+04	2.169941E-17	2.057385E-18
2.312939E+04	2.125931E-17	2.032569E-18
2.316939E+04	2.085980E-17	2.010442E-18
2.320939E+04	2.050104E-17	1.991125E-18
2.324939E+04	2.018286E-17	1.974704E-18
2.328939E+04	1.990481E-17	1.961235E-18
2.332939E+04	1.966628E-17	1.950753E-18
2.336939E+04	1.946650E-17	1.943283E-18
2.340939E+04	1.930468E-17	1.938851E-18
2.344939E+04	1.917997E-17	1.937488E-18
2.348939E+04	1.909149E-17	1.939241E-18
2.352939E+04	1.903839E-17	1.944181E-18
2.356939E+04	1.901977E-17	1.952407E-18
2.360939E+04	1.903473E-17	1.964054E-18
2.364939E+04	1.908234E-17	1.979300E-18
2.368939E+04	1.916164E-17	1.998371E-18
2.372939E+04	1.927163E-17	2.021552E-18
2.376939E+04	1.941125E-17	2.049193E-18
2.380939E+04	1.957944E-17	2.081720E-18
2.384939E+04	1.977506E-17	2.119637E-18
2.388939E+04	1.999697E-17	2.163540E-18
2.392939E+04	2.024399E-17	2.214110E-18
2.396939E+04	2.051495E-17	2.272118E-18
2.400939E+04	2.080866E-17	2.338417E-18
2.404939E+04	2.112397E-17	2.413929E-18
2.408939E+04	2.145971E-17	2.499628E-18
2.412939E+04	2.181478E-17	2.596521E-18
2.416939E+04	2.218804E-17	2.705618E-18
2.420939E+04	2.257844E-17	2.827910E-18
2.424939E+04	2.298490E-17	2.964332E-18
2.428939E+04	2.340637E-17	3.115744E-18
2.432939E+04	2.384186E-17	3.282901E-18
2.436939E+04	2.429036E-17	3.466443E-18
2.440939E+04	2.475093E-17	3.666878E-18
2.444939E+04	2.522271E-17	3.884589E-18
2.448939E+04	2.570486E-17	4.119839E-18
