#wls	flux	fluxerr
1.600000E+03	7.136693E-17	6.944497E-17
1.640000E+03	7.446035E-17	7.147277E-17
1.680000E+03	7.775586E-17	7.358462E-17
1.720000E+03	8.126021E-17	7.577506E-17
1.760000E+03	8.498676E-17	7.804389E-17
1.800000E+03	8.894057E-17	8.038224E-17
1.840000E+03	9.314071E-17	8.279290E-17
1.880000E+03	9.759767E-17	8.526954E-17
1.920000E+03	1.023127E-16	8.779679E-17
1.960000E+03	1.072853E-16	9.035708E-17
2.000000E+03	1.125125E-16	9.293056E-17
2.040000E+03	1.179970E-16	9.550152E-17
2.080000E+03	1.236994E-16	9.802030E-17
2.120000E+03	1.296006E-16	1.004554E-16
2.160000E+03	1.356627E-16	1.027618E-16
2.200000E+03	1.418127E-16	1.048714E-16
2.240000E+03	1.480141E-16	1.067474E-16
2.280000E+03	1.542119E-16	1.083430E-16
2.320000E+03	1.603882E-16	1.096408E-16
2.360000E+03	1.665383E-16	1.106344E-16
2.400000E+03	1.726701E-16	1.113259E-16
2.440000E+03	1.788114E-16	1.117301E-16
2.480000E+03	1.849539E-16	1.118380E-16
2.520000E+03	1.911079E-16	1.116530E-16
2.560000E+03	1.972702E-16	1.111707E-16
2.600000E+03	2.034095E-16	1.103727E-16
2.640000E+03	2.094967E-16	1.092453E-16
2.680000E+03	2.154834E-16	1.077686E-16
2.720000E+03	2.213243E-16	1.059301E-16
2.760000E+03	2.269563E-16	1.037143E-16
2.800000E+03	2.323145E-16	1.011127E-16
2.840000E+03	2.373266E-16	9.812119E-17
2.880000E+03	2.419468E-16	9.475479E-17
2.920000E+03	2.461225E-16	9.103269E-17
2.960000E+03	2.498023E-16	8.698189E-17
3.000000E+03	2.529663E-16	8.264731E-17
3.010000E+03	2.536757E-16	8.152546E-17
3.020000E+03	2.543489E-16	8.038908E-17
3.030000E+03	2.549851E-16	7.923880E-17
3.040000E+03	2.555887E-16	7.807707E-17
3.050000E+03	2.561586E-16	7.690450E-17
3.060000E+03	2.566938E-16	7.572175E-17
3.070000E+03	2.571932E-16	7.452956E-17
3.080000E+03	2.576557E-16	7.332868E-17
3.090000E+03	2.580805E-16	7.211993E-17
3.100000E+03	2.584718E-16	7.090563E-17
3.110000E+03	2.588286E-16	6.968657E-17
3.120000E+03	2.591447E-16	6.846222E-17
3.130000E+03	2.594296E-16	6.723624E-17
3.140000E+03	2.596722E-16	6.600687E-17
3.150000E+03	2.598767E-16	6.477646E-17
3.160000E+03	2.600472E-16	6.354723E-17
3.170000E+03	2.601781E-16	6.231899E-17
3.180000E+03	2.602734E-16	6.109396E-17
3.190000E+03	2.603277E-16	5.987211E-17
3.200000E+03	2.603450E-16	5.865568E-17
3.210000E+03	2.603248E-16	5.744580E-17
3.220000E+03	2.602618E-16	5.624263E-17
3.230000E+03	2.601603E-16	5.504842E-17
3.240000E+03	2.600198E-16	5.386438E-17
3.250000E+03	2.598399E-16	5.269174E-17
3.260000E+03	2.596204E-16	5.153178E-17
3.270000E+03	2.593609E-16	5.038575E-17
3.280000E+03	2.590614E-16	4.925493E-17
3.290000E+03	2.587176E-16	4.813982E-17
3.300000E+03	2.583380E-16	4.704326E-17
3.310000E+03	2.579142E-16	4.596500E-17
3.320000E+03	2.574507E-16	4.490703E-17
3.330000E+03	2.569438E-16	4.386990E-17
3.340000E+03	2.563979E-16	4.285549E-17
3.350000E+03	2.558133E-16	4.186491E-17
3.360000E+03	2.551831E-16	4.089805E-17
3.370000E+03	2.545156E-16	3.995721E-17
3.380000E+03	2.538042E-16	3.904220E-17
3.390000E+03	2.530536E-16	3.815456E-17
3.400000E+03	2.522647E-16	3.729513E-17
3.410000E+03	2.514318E-16	3.646365E-17
3.420000E+03	2.505632E-16	3.566185E-17
3.430000E+03	2.496536E-16	3.488933E-17
3.440000E+03	2.487044E-16	3.414663E-17
3.450000E+03	2.477177E-16	3.343414E-17
3.460000E+03	2.466921E-16	3.275173E-17
3.470000E+03	2.456328E-16	3.209999E-17
3.480000E+03	2.445357E-16	3.147812E-17
3.490000E+03	2.434034E-16	3.088607E-17
3.500000E+03	2.422353E-16	3.032325E-17
3.510000E+03	2.410373E-16	2.978970E-17
3.520000E+03	2.398063E-16	2.928423E-17
3.530000E+03	2.385426E-16	2.880589E-17
3.540000E+03	2.372524E-16	2.835434E-17
3.550000E+03	2.359307E-16	2.792773E-17
3.560000E+03	2.345813E-16	2.752519E-17
3.570000E+03	2.332080E-16	2.714569E-17
3.580000E+03	2.318095E-16	2.678753E-17
3.590000E+03	2.303899E-16	2.644959E-17
3.600000E+03	2.289483E-16	2.613009E-17
3.610000E+03	2.274867E-16	2.582756E-17
3.620000E+03	2.260095E-16	2.554081E-17
3.630000E+03	2.245140E-16	2.526781E-17
3.640000E+03	2.230073E-16	2.500770E-17
3.650000E+03	2.214892E-16	2.475882E-17
3.660000E+03	2.199621E-16	2.451987E-17
3.670000E+03	2.184261E-16	2.428934E-17
3.680000E+03	2.168859E-16	2.406634E-17
3.690000E+03	2.153438E-16	2.384976E-17
3.700000E+03	2.137999E-16	2.363839E-17
3.710000E+03	2.122587E-16	2.343154E-17
3.720000E+03	2.107224E-16	2.322839E-17
3.730000E+03	2.091910E-16	2.302798E-17
3.740000E+03	2.076725E-16	2.283031E-17
3.750000E+03	2.061648E-16	2.263435E-17
3.760000E+03	2.046715E-16	2.243981E-17
3.770000E+03	2.031980E-16	2.224665E-17
3.780000E+03	2.017419E-16	2.205406E-17
3.790000E+03	2.003099E-16	2.186232E-17
3.800000E+03	1.989013E-16	2.167093E-17
3.810000E+03	1.975205E-16	2.148003E-17
3.820000E+03	1.961699E-16	2.128960E-17
3.830000E+03	1.948500E-16	2.109943E-17
3.840000E+03	1.935628E-16	2.090955E-17
3.850000E+03	1.923120E-16	2.072018E-17
3.860000E+03	1.910973E-16	2.053119E-17
3.870000E+03	1.899220E-16	2.034281E-17
3.880000E+03	1.887855E-16	2.015490E-17
3.890000E+03	1.876907E-16	1.996771E-17
3.900000E+03	1.866385E-16	1.978128E-17
3.910000E+03	1.856295E-16	1.959565E-17
3.920000E+03	1.846659E-16	1.941103E-17
3.930000E+03	1.837466E-16	1.922727E-17
3.940000E+03	1.828734E-16	1.904453E-17
3.950000E+03	1.820481E-16	1.886298E-17
3.960000E+03	1.812673E-16	1.868225E-17
3.970000E+03	1.805358E-16	1.850282E-17
3.980000E+03	1.798518E-16	1.832444E-17
3.990000E+03	1.792147E-16	1.814705E-17
4.000000E+03	1.786258E-16	1.797073E-17
4.010000E+03	1.780829E-16	1.779521E-17
4.020000E+03	1.775885E-16	1.762070E-17
4.030000E+03	1.771417E-16	1.744706E-17
4.040000E+03	1.767419E-16	1.727415E-17
4.050000E+03	1.763865E-16	1.710170E-17
4.060000E+03	1.760776E-16	1.692984E-17
4.070000E+03	1.758143E-16	1.675842E-17
4.080000E+03	1.755953E-16	1.658728E-17
4.090000E+03	1.754197E-16	1.641627E-17
4.100000E+03	1.752861E-16	1.624525E-17
4.110000E+03	1.751948E-16	1.607420E-17
4.120000E+03	1.751431E-16	1.590285E-17
4.130000E+03	1.751311E-16	1.573122E-17
4.140000E+03	1.751573E-16	1.555920E-17
4.150000E+03	1.752203E-16	1.538671E-17
4.160000E+03	1.753187E-16	1.521369E-17
4.170000E+03	1.754509E-16	1.504012E-17
4.180000E+03	1.756168E-16	1.486613E-17
4.190000E+03	1.758118E-16	1.469153E-17
4.200000E+03	1.760358E-16	1.451654E-17
4.210000E+03	1.762885E-16	1.434145E-17
4.220000E+03	1.765653E-16	1.416622E-17
4.230000E+03	1.768657E-16	1.399128E-17
4.240000E+03	1.771866E-16	1.381687E-17
4.250000E+03	1.775276E-16	1.364355E-17
4.260000E+03	1.778854E-16	1.347175E-17
4.270000E+03	1.782565E-16	1.330198E-17
4.280000E+03	1.786422E-16	1.313520E-17
4.290000E+03	1.790360E-16	1.297189E-17
4.300000E+03	1.794392E-16	1.281319E-17
4.310000E+03	1.798484E-16	1.266000E-17
4.320000E+03	1.802619E-16	1.251341E-17
4.330000E+03	1.806763E-16	1.237445E-17
4.340000E+03	1.810917E-16	1.224442E-17
4.350000E+03	1.815064E-16	1.212453E-17
4.360000E+03	1.819174E-16	1.201584E-17
4.370000E+03	1.823280E-16	1.191977E-17
4.380000E+03	1.827352E-16	1.183720E-17
4.390000E+03	1.831410E-16	1.176913E-17
4.400000E+03	1.835440E-16	1.171609E-17
4.410000E+03	1.839460E-16	1.167848E-17
4.420000E+03	1.843433E-16	1.165586E-17
4.430000E+03	1.847381E-16	1.164751E-17
4.440000E+03	1.851272E-16	1.165199E-17
4.450000E+03	1.855076E-16	1.166756E-17
4.460000E+03	1.858809E-16	1.169261E-17
4.470000E+03	1.862440E-16	1.172511E-17
4.480000E+03	1.865953E-16	1.176304E-17
4.490000E+03	1.869335E-16	1.180443E-17
4.500000E+03	1.872571E-16	1.184733E-17
4.510000E+03	1.875631E-16	1.188980E-17
4.520000E+03	1.878520E-16	1.193023E-17
4.530000E+03	1.881223E-16	1.196703E-17
4.540000E+03	1.883711E-16	1.199871E-17
4.550000E+03	1.885952E-16	1.202390E-17
4.560000E+03	1.887951E-16	1.204168E-17
4.570000E+03	1.889691E-16	1.205120E-17
4.580000E+03	1.891123E-16	1.205157E-17
4.590000E+03	1.892265E-16	1.204254E-17
4.600000E+03	1.893047E-16	1.202352E-17
4.610000E+03	1.893468E-16	1.199454E-17
4.620000E+03	1.893508E-16	1.195572E-17
4.630000E+03	1.893131E-16	1.190726E-17
4.640000E+03	1.892314E-16	1.184965E-17
4.650000E+03	1.891002E-16	1.178337E-17
4.660000E+03	1.889209E-16	1.170948E-17
4.670000E+03	1.886861E-16	1.162868E-17
4.680000E+03	1.883955E-16	1.154226E-17
4.690000E+03	1.880454E-16	1.145143E-17
4.700000E+03	1.876342E-16	1.135762E-17
4.710000E+03	1.871568E-16	1.126214E-17
4.720000E+03	1.866120E-16	1.116657E-17
4.730000E+03	1.859955E-16	1.107230E-17
4.740000E+03	1.853089E-16	1.098101E-17
4.750000E+03	1.845472E-16	1.089386E-17
4.760000E+03	1.837113E-16	1.081219E-17
4.770000E+03	1.828013E-16	1.073702E-17
4.780000E+03	1.818164E-16	1.066899E-17
4.790000E+03	1.807605E-16	1.060849E-17
4.800000E+03	1.796354E-16	1.055518E-17
4.810000E+03	1.784455E-16	1.050853E-17
4.820000E+03	1.771959E-16	1.046781E-17
4.830000E+03	1.758925E-16	1.043214E-17
4.840000E+03	1.745398E-16	1.040047E-17
4.850000E+03	1.731477E-16	1.037203E-17
4.860000E+03	1.717178E-16	1.034557E-17
4.870000E+03	1.702606E-16	1.032041E-17
4.880000E+03	1.687811E-16	1.029562E-17
4.890000E+03	1.672881E-16	1.027060E-17
4.900000E+03	1.657848E-16	1.024450E-17
4.910000E+03	1.642796E-16	1.021691E-17
4.920000E+03	1.627786E-16	1.018743E-17
4.930000E+03	1.612864E-16	1.015561E-17
4.940000E+03	1.598103E-16	1.012134E-17
4.950000E+03	1.583538E-16	1.008434E-17
4.960000E+03	1.569237E-16	1.004462E-17
4.970000E+03	1.555212E-16	1.000194E-17
4.980000E+03	1.541537E-16	9.956507E-18
4.990000E+03	1.528217E-16	9.908168E-18
5.000000E+03	1.515303E-16	9.857090E-18
5.010000E+03	1.502806E-16	9.803261E-18
5.020000E+03	1.490768E-16	9.746885E-18
5.030000E+03	1.479210E-16	9.688069E-18
5.040000E+03	1.468119E-16	9.626729E-18
5.050000E+03	1.457522E-16	9.563077E-18
5.060000E+03	1.447431E-16	9.497219E-18
5.070000E+03	1.437849E-16	9.429256E-18
5.080000E+03	1.428751E-16	9.359091E-18
5.090000E+03	1.420164E-16	9.287001E-18
5.100000E+03	1.412082E-16	9.213058E-18
5.110000E+03	1.404453E-16	9.137048E-18
5.120000E+03	1.397309E-16	9.059304E-18
5.130000E+03	1.390604E-16	8.979687E-18
5.140000E+03	1.384320E-16	8.898232E-18
5.150000E+03	1.378431E-16	8.814967E-18
5.160000E+03	1.372898E-16	8.729822E-18
5.170000E+03	1.367704E-16	8.642899E-18
5.180000E+03	1.362799E-16	8.554117E-18
5.190000E+03	1.358145E-16	8.463480E-18
5.200000E+03	1.353701E-16	8.370990E-18
5.210000E+03	1.349392E-16	8.276481E-18
5.220000E+03	1.345197E-16	8.180128E-18
5.230000E+03	1.341050E-16	8.081857E-18
5.240000E+03	1.336881E-16	7.981610E-18
5.250000E+03	1.332631E-16	7.879420E-18
5.260000E+03	1.328240E-16	7.775341E-18
5.270000E+03	1.323632E-16	7.669366E-18
5.280000E+03	1.318757E-16	7.561672E-18
5.290000E+03	1.313526E-16	7.452236E-18
5.300000E+03	1.307889E-16	7.341299E-18
5.310000E+03	1.301761E-16	7.228918E-18
5.320000E+03	1.295098E-16	7.115415E-18
5.330000E+03	1.287838E-16	7.001007E-18
5.340000E+03	1.279935E-16	6.886028E-18
5.350000E+03	1.271356E-16	6.770849E-18
5.360000E+03	1.262051E-16	6.655739E-18
5.370000E+03	1.252021E-16	6.541197E-18
5.380000E+03	1.241261E-16	6.427596E-18
5.390000E+03	1.229794E-16	6.315364E-18
5.400000E+03	1.217650E-16	6.204723E-18
5.410000E+03	1.204930E-16	6.096123E-18
5.420000E+03	1.191690E-16	5.989746E-18
5.430000E+03	1.178028E-16	5.886025E-18
5.440000E+03	1.164055E-16	5.785485E-18
5.450000E+03	1.149826E-16	5.688459E-18
5.460000E+03	1.135399E-16	5.595397E-18
5.470000E+03	1.120839E-16	5.506856E-18
5.480000E+03	1.106309E-16	5.423959E-18
5.490000E+03	1.091953E-16	5.347803E-18
5.500000E+03	1.077889E-16	5.279365E-18
5.510000E+03	1.064225E-16	5.219579E-18
5.520000E+03	1.051060E-16	5.169279E-18
5.530000E+03	1.038459E-16	5.129049E-18
5.540000E+03	1.026516E-16	5.099478E-18
5.550000E+03	1.015268E-16	5.080698E-18
5.560000E+03	1.004740E-16	5.072528E-18
5.570000E+03	9.949521E-17	5.074523E-18
5.580000E+03	9.858828E-17	5.085865E-18
5.590000E+03	9.775207E-17	5.105684E-18
5.600000E+03	9.698477E-17	5.133014E-18
5.610000E+03	9.628310E-17	5.166794E-18
5.620000E+03	9.564451E-17	5.206005E-18
5.630000E+03	9.506533E-17	5.249606E-18
5.640000E+03	9.454182E-17	5.296601E-18
5.650000E+03	9.407127E-17	5.346113E-18
5.660000E+03	9.364909E-17	5.397227E-18
5.670000E+03	9.327473E-17	5.449327E-18
5.680000E+03	9.294292E-17	5.501600E-18
5.690000E+03	9.265243E-17	5.553530E-18
5.700000E+03	9.240029E-17	5.604564E-18
5.710000E+03	9.218276E-17	5.654158E-18
5.720000E+03	9.199919E-17	5.702005E-18
5.730000E+03	9.184622E-17	5.747680E-18
5.740000E+03	9.172260E-17	5.790929E-18
5.750000E+03	9.162632E-17	5.831486E-18
5.760000E+03	9.155651E-17	5.869184E-18
5.770000E+03	9.151054E-17	5.903773E-18
5.780000E+03	9.148886E-17	5.935217E-18
5.790000E+03	9.148817E-17	5.963259E-18
5.800000E+03	9.150827E-17	5.987849E-18
5.810000E+03	9.154910E-17	6.008958E-18
5.820000E+03	9.160975E-17	6.026508E-18
5.830000E+03	9.168846E-17	6.040364E-18
5.840000E+03	9.178554E-17	6.050529E-18
5.850000E+03	9.190145E-17	6.057012E-18
5.860000E+03	9.203374E-17	6.059626E-18
5.870000E+03	9.218303E-17	6.058380E-18
5.880000E+03	9.235008E-17	6.053284E-18
5.890000E+03	9.253263E-17	6.044145E-18
5.900000E+03	9.273258E-17	6.031034E-18
5.910000E+03	9.294988E-17	6.013883E-18
5.920000E+03	9.318240E-17	5.992487E-18
5.930000E+03	9.343118E-17	5.966837E-18
5.940000E+03	9.369733E-17	5.936921E-18
5.950000E+03	9.397881E-17	5.902524E-18
5.960000E+03	9.427677E-17	5.863627E-18
5.970000E+03	9.459132E-17	5.820146E-18
5.980000E+03	9.492154E-17	5.771931E-18
5.990000E+03	9.526756E-17	5.718899E-18
6.000000E+03	9.562955E-17	5.660974E-18
6.010000E+03	9.600656E-17	5.598025E-18
6.020000E+03	9.639991E-17	5.530061E-18
6.030000E+03	9.680867E-17	5.456983E-18
6.040000E+03	9.723308E-17	5.378783E-18
6.050000E+03	9.767112E-17	5.295361E-18
6.060000E+03	9.812534E-17	5.206919E-18
6.070000E+03	9.859261E-17	5.113410E-18
6.080000E+03	9.907565E-17	5.015175E-18
6.090000E+03	9.957141E-17	4.912354E-18
6.100000E+03	1.000828E-16	4.805512E-18
6.110000E+03	1.006070E-16	4.695078E-18
6.120000E+03	1.011461E-16	4.581903E-18
6.130000E+03	1.017012E-16	4.467005E-18
6.140000E+03	1.022723E-16	4.351609E-18
6.150000E+03	1.028600E-16	4.237249E-18
6.160000E+03	1.034676E-16	4.125902E-18
6.170000E+03	1.040974E-16	4.019851E-18
6.180000E+03	1.047523E-16	3.921739E-18
6.190000E+03	1.054357E-16	3.834532E-18
6.200000E+03	1.061537E-16	3.761515E-18
6.210000E+03	1.069113E-16	3.705974E-18
6.220000E+03	1.077094E-16	3.670840E-18
6.230000E+03	1.085532E-16	3.658679E-18
6.240000E+03	1.094427E-16	3.671002E-18
6.250000E+03	1.103778E-16	3.708050E-18
6.260000E+03	1.113606E-16	3.768786E-18
6.270000E+03	1.123893E-16	3.851048E-18
6.280000E+03	1.134625E-16	3.952035E-18
6.290000E+03	1.145770E-16	4.068549E-18
6.300000E+03	1.157295E-16	4.197330E-18
6.310000E+03	1.169215E-16	4.335436E-18
6.320000E+03	1.181473E-16	4.479926E-18
6.330000E+03	1.194076E-16	4.628442E-18
6.340000E+03	1.206989E-16	4.778830E-18
6.350000E+03	1.220230E-16	4.929513E-18
6.360000E+03	1.233771E-16	5.079104E-18
6.370000E+03	1.247619E-16	5.226709E-18
6.380000E+03	1.261787E-16	5.371785E-18
6.390000E+03	1.276237E-16	5.513877E-18
6.400000E+03	1.291002E-16	5.653130E-18
6.410000E+03	1.306084E-16	5.789806E-18
6.420000E+03	1.321482E-16	5.924405E-18
6.430000E+03	1.337217E-16	6.057720E-18
6.440000E+03	1.353311E-16	6.190721E-18
6.450000E+03	1.369785E-16	6.324512E-18
6.460000E+03	1.386640E-16	6.460187E-18
6.470000E+03	1.403874E-16	6.598859E-18
6.480000E+03	1.421503E-16	6.741714E-18
6.490000E+03	1.439476E-16	6.889545E-18
6.500000E+03	1.457824E-16	7.043414E-18
6.510000E+03	1.476529E-16	7.204006E-18
6.520000E+03	1.495570E-16	7.371792E-18
6.530000E+03	1.514919E-16	7.547012E-18
6.540000E+03	1.534545E-16	7.729670E-18
6.550000E+03	1.554435E-16	7.919669E-18
6.560000E+03	1.574523E-16	8.116463E-18
6.570000E+03	1.594788E-16	8.319579E-18
6.580000E+03	1.615182E-16	8.528285E-18
6.590000E+03	1.635626E-16	8.741602E-18
6.600000E+03	1.656093E-16	8.958762E-18
6.610000E+03	1.676527E-16	9.178830E-18
6.620000E+03	1.696871E-16	9.400870E-18
6.630000E+03	1.717068E-16	9.623971E-18
6.640000E+03	1.737061E-16	9.847261E-18
6.650000E+03	1.756794E-16	1.006993E-17
6.660000E+03	1.776181E-16	1.029104E-17
6.670000E+03	1.795200E-16	1.051008E-17
6.680000E+03	1.813766E-16	1.072625E-17
6.690000E+03	1.831862E-16	1.093917E-17
6.700000E+03	1.849440E-16	1.114835E-17
6.710000E+03	1.866426E-16	1.135315E-17
6.720000E+03	1.882776E-16	1.155315E-17
6.730000E+03	1.898486E-16	1.174819E-17
6.740000E+03	1.913454E-16	1.193751E-17
6.750000E+03	1.927716E-16	1.212120E-17
6.760000E+03	1.941210E-16	1.229874E-17
6.770000E+03	1.953877E-16	1.246958E-17
6.780000E+03	1.965728E-16	1.263365E-17
6.790000E+03	1.976745E-16	1.279061E-17
6.800000E+03	1.986877E-16	1.293994E-17
6.810000E+03	1.996148E-16	1.308153E-17
6.820000E+03	2.004512E-16	1.321483E-17
6.830000E+03	2.011998E-16	1.333976E-17
6.840000E+03	2.018528E-16	1.345552E-17
6.850000E+03	2.024173E-16	1.356229E-17
6.860000E+03	2.028860E-16	1.365930E-17
6.870000E+03	2.032665E-16	1.374678E-17
6.880000E+03	2.035517E-16	1.382399E-17
6.890000E+03	2.037459E-16	1.389098E-17
6.900000E+03	2.038461E-16	1.394733E-17
6.910000E+03	2.038570E-16	1.399318E-17
6.920000E+03	2.037758E-16	1.402817E-17
6.930000E+03	2.036076E-16	1.405252E-17
6.940000E+03	2.033457E-16	1.406571E-17
6.950000E+03	2.029995E-16	1.406829E-17
6.960000E+03	2.025665E-16	1.406008E-17
6.970000E+03	2.020444E-16	1.404090E-17
6.980000E+03	2.014427E-16	1.401143E-17
6.990000E+03	2.007555E-16	1.397130E-17
7.000000E+03	1.999885E-16	1.392094E-17
7.010000E+03	1.991397E-16	1.386030E-17
7.020000E+03	1.982151E-16	1.378985E-17
7.030000E+03	1.972130E-16	1.370954E-17
7.040000E+03	1.961394E-16	1.361989E-17
7.050000E+03	1.949889E-16	1.352058E-17
7.060000E+03	1.937715E-16	1.341237E-17
7.070000E+03	1.924819E-16	1.329497E-17
7.080000E+03	1.911302E-16	1.316913E-17
7.090000E+03	1.897114E-16	1.303453E-17
7.100000E+03	1.882318E-16	1.289163E-17
7.110000E+03	1.866904E-16	1.274037E-17
7.120000E+03	1.850934E-16	1.258119E-17
7.130000E+03	1.834438E-16	1.241426E-17
7.140000E+03	1.817368E-16	1.223921E-17
7.150000E+03	1.799827E-16	1.205671E-17
7.160000E+03	1.781843E-16	1.186688E-17
7.170000E+03	1.763373E-16	1.166936E-17
7.180000E+03	1.744484E-16	1.146451E-17
7.190000E+03	1.725205E-16	1.125246E-17
7.200000E+03	1.705531E-16	1.103309E-17
7.210000E+03	1.685564E-16	1.080696E-17
7.220000E+03	1.665265E-16	1.057375E-17
7.230000E+03	1.644664E-16	1.033359E-17
7.240000E+03	1.623828E-16	1.008683E-17
7.250000E+03	1.602721E-16	9.833198E-18
7.260000E+03	1.581442E-16	9.573276E-18
7.270000E+03	1.559990E-16	9.307041E-18
7.280000E+03	1.538398E-16	9.034695E-18
7.290000E+03	1.516668E-16	8.756286E-18
7.300000E+03	1.494835E-16	8.472084E-18
7.310000E+03	1.472966E-16	8.182565E-18
7.320000E+03	1.451070E-16	7.887882E-18
7.330000E+03	1.429155E-16	7.588251E-18
7.340000E+03	1.407266E-16	7.284108E-18
7.350000E+03	1.385448E-16	6.975936E-18
7.360000E+03	1.363752E-16	6.664275E-18
7.370000E+03	1.342202E-16	6.349595E-18
7.380000E+03	1.320829E-16	6.032465E-18
7.390000E+03	1.299698E-16	5.713698E-18
7.400000E+03	1.278824E-16	5.393987E-18
7.410000E+03	1.258338E-16	5.074660E-18
7.420000E+03	1.238240E-16	4.756666E-18
7.430000E+03	1.218621E-16	4.441564E-18
7.440000E+03	1.199601E-16	4.131326E-18
7.450000E+03	1.181304E-16	3.828337E-18
7.460000E+03	1.163808E-16	3.535393E-18
7.470000E+03	1.147271E-16	3.256325E-18
7.480000E+03	1.131798E-16	2.995831E-18
7.490000E+03	1.117545E-16	2.760029E-18
7.500000E+03	1.104588E-16	2.556285E-18
7.510000E+03	1.093067E-16	2.393385E-18
7.520000E+03	1.083059E-16	2.280333E-18
7.530000E+03	1.074618E-16	2.224660E-18
7.540000E+03	1.067790E-16	2.229913E-18
7.550000E+03	1.062509E-16	2.292706E-18
7.560000E+03	1.058740E-16	2.404734E-18
7.570000E+03	1.056354E-16	2.555690E-18
7.580000E+03	1.055235E-16	2.735605E-18
7.590000E+03	1.055286E-16	2.936012E-18
7.600000E+03	1.056387E-16	3.150150E-18
7.610000E+03	1.058420E-16	3.372857E-18
7.620000E+03	1.061252E-16	3.600194E-18
7.630000E+03	1.064830E-16	3.829457E-18
7.640000E+03	1.069012E-16	4.058362E-18
7.650000E+03	1.073762E-16	4.285530E-18
7.660000E+03	1.078954E-16	4.509626E-18
7.670000E+03	1.084569E-16	4.730017E-18
7.680000E+03	1.090495E-16	4.945899E-18
7.690000E+03	1.096728E-16	5.157091E-18
7.700000E+03	1.103195E-16	5.363229E-18
7.710000E+03	1.109852E-16	5.564174E-18
7.720000E+03	1.116635E-16	5.759746E-18
7.730000E+03	1.123563E-16	5.950238E-18
7.740000E+03	1.130580E-16	6.135605E-18
7.750000E+03	1.137662E-16	6.315969E-18
7.760000E+03	1.144759E-16	6.491331E-18
7.770000E+03	1.151905E-16	6.662163E-18
7.780000E+03	1.159028E-16	6.828331E-18
7.790000E+03	1.166113E-16	6.990000E-18
7.800000E+03	1.173204E-16	7.147668E-18
7.810000E+03	1.180203E-16	7.300980E-18
7.820000E+03	1.187159E-16	7.450411E-18
7.830000E+03	1.194004E-16	7.595717E-18
7.840000E+03	1.200788E-16	7.737347E-18
7.850000E+03	1.207447E-16	7.874998E-18
7.860000E+03	1.213975E-16	8.008701E-18
7.870000E+03	1.220365E-16	8.138469E-18
7.880000E+03	1.226582E-16	8.264089E-18
7.890000E+03	1.232622E-16	8.385524E-18
7.900000E+03	1.238448E-16	8.502508E-18
7.910000E+03	1.244087E-16	8.615175E-18
7.920000E+03	1.249442E-16	8.722799E-18
7.930000E+03	1.254508E-16	8.825260E-18
7.940000E+03	1.259247E-16	8.922217E-18
7.950000E+03	1.263655E-16	9.013539E-18
7.960000E+03	1.267693E-16	9.098869E-18
7.970000E+03	1.271326E-16	9.177848E-18
7.980000E+03	1.274609E-16	9.250815E-18
7.990000E+03	1.277571E-16	9.317906E-18
8.000000E+03	1.280176E-16	9.378808E-18
8.010000E+03	1.282515E-16	9.434172E-18
8.020000E+03	1.284586E-16	9.483972E-18
8.030000E+03	1.286387E-16	9.528193E-18
8.040000E+03	1.287980E-16	9.567331E-18
8.050000E+03	1.289363E-16	9.601414E-18
8.060000E+03	1.290535E-16	9.630483E-18
8.070000E+03	1.291527E-16	9.654835E-18
8.080000E+03	1.292337E-16	9.674530E-18
8.090000E+03	1.292964E-16	9.689628E-18
8.100000E+03	1.293440E-16	9.700444E-18
8.110000E+03	1.293729E-16	9.706781E-18
8.120000E+03	1.293900E-16	9.709202E-18
8.130000E+03	1.293882E-16	9.707238E-18
8.140000E+03	1.293742E-16	9.701435E-18
8.150000E+03	1.293412E-16	9.691298E-18
8.160000E+03	1.292960E-16	9.677350E-18
8.170000E+03	1.292349E-16	9.659328E-18
8.180000E+03	1.291581E-16	9.637212E-18
8.190000E+03	1.290655E-16	9.610971E-18
8.200000E+03	1.289570E-16	9.580561E-18
8.210000E+03	1.288327E-16	9.545930E-18
8.220000E+03	1.286927E-16	9.507013E-18
8.230000E+03	1.285369E-16	9.463742E-18
8.240000E+03	1.283655E-16	9.416040E-18
8.250000E+03	1.281786E-16	9.363827E-18
8.260000E+03	1.279762E-16	9.307018E-18
8.270000E+03	1.277584E-16	9.245530E-18
8.280000E+03	1.275219E-16	9.179021E-18
8.290000E+03	1.272704E-16	9.107664E-18
8.300000E+03	1.270002E-16	9.031123E-18
8.310000E+03	1.267153E-16	8.949575E-18
8.320000E+03	1.264120E-16	8.862689E-18
8.330000E+03	1.260941E-16	8.770641E-18
8.340000E+03	1.257581E-16	8.673111E-18
8.350000E+03	1.254041E-16	8.570028E-18
8.360000E+03	1.250323E-16	8.461325E-18
8.370000E+03	1.246463E-16	8.347174E-18
8.380000E+03	1.242391E-16	8.227026E-18
8.390000E+03	1.238145E-16	8.101055E-18
8.400000E+03	1.233728E-16	7.969194E-18
8.410000E+03	1.229142E-16	7.831378E-18
8.420000E+03	1.224356E-16	7.687318E-18
8.430000E+03	1.219411E-16	7.537184E-18
8.440000E+03	1.214315E-16	7.380924E-18
8.450000E+03	1.209039E-16	7.218280E-18
8.460000E+03	1.203595E-16	7.049233E-18
8.470000E+03	1.197995E-16	6.873782E-18
8.480000E+03	1.192292E-16	6.692145E-18
8.490000E+03	1.186468E-16	6.504165E-18
8.500000E+03	1.180511E-16	6.309744E-18
8.510000E+03	1.174517E-16	6.109393E-18
8.520000E+03	1.168447E-16	5.902935E-18
8.530000E+03	1.162406E-16	5.690991E-18
8.540000E+03	1.156330E-16	5.473403E-18
8.550000E+03	1.150368E-16	5.251149E-18
8.560000E+03	1.144470E-16	5.024363E-18
8.570000E+03	1.138761E-16	4.794167E-18
8.580000E+03	1.133306E-16	4.561584E-18
8.590000E+03	1.128108E-16	4.327676E-18
8.600000E+03	1.123280E-16	4.094325E-18
8.610000E+03	1.118906E-16	3.863772E-18
8.620000E+03	1.115079E-16	3.638913E-18
8.630000E+03	1.111899E-16	3.423475E-18
8.640000E+03	1.109434E-16	3.222110E-18
8.650000E+03	1.107794E-16	3.040766E-18
8.660000E+03	1.107123E-16	2.886682E-18
8.670000E+03	1.107461E-16	2.767743E-18
8.680000E+03	1.108980E-16	2.692339E-18
8.690000E+03	1.111700E-16	2.667337E-18
8.700000E+03	1.115718E-16	2.696889E-18
8.710000E+03	1.120992E-16	2.779813E-18
8.720000E+03	1.127469E-16	2.911020E-18
8.730000E+03	1.135116E-16	3.083544E-18
8.740000E+03	1.143780E-16	3.289607E-18
8.750000E+03	1.153411E-16	3.522185E-18
8.760000E+03	1.163883E-16	3.774998E-18
8.770000E+03	1.175143E-16	4.043066E-18
8.780000E+03	1.187031E-16	4.322008E-18
8.790000E+03	1.199539E-16	4.608802E-18
8.800000E+03	1.212510E-16	4.900537E-18
8.810000E+03	1.225868E-16	5.195093E-18
8.820000E+03	1.239584E-16	5.490953E-18
8.830000E+03	1.253592E-16	5.786780E-18
8.840000E+03	1.267748E-16	6.081091E-18
8.850000E+03	1.282078E-16	6.373391E-18
8.860000E+03	1.296531E-16	6.662989E-18
8.870000E+03	1.311015E-16	6.949097E-18
8.880000E+03	1.325530E-16	7.231495E-18
8.890000E+03	1.340082E-16	7.510101E-18
8.900000E+03	1.354588E-16	7.784410E-18
8.910000E+03	1.369014E-16	8.054217E-18
8.920000E+03	1.383427E-16	8.319953E-18
8.930000E+03	1.397801E-16	8.581570E-18
8.940000E+03	1.412064E-16	8.838728E-18
8.950000E+03	1.426242E-16	9.091722E-18
8.960000E+03	1.440318E-16	9.340569E-18
8.970000E+03	1.454326E-16	9.585648E-18
8.980000E+03	1.468252E-16	9.827026E-18
8.990000E+03	1.482027E-16	1.006440E-17
9.000000E+03	1.495749E-16	1.029858E-17
9.040000E+03	1.549575E-16	1.120285E-17
9.080000E+03	1.601881E-16	1.206346E-17
9.120000E+03	1.652823E-16	1.288994E-17
9.160000E+03	1.702471E-16	1.368974E-17
9.200000E+03	1.751257E-16	1.447121E-17
9.240000E+03	1.799272E-16	1.523744E-17
9.280000E+03	1.846874E-16	1.599063E-17
9.320000E+03	1.894259E-16	1.672893E-17
9.360000E+03	1.941367E-16	1.744708E-17
9.400000E+03	1.988345E-16	1.814272E-17
9.440000E+03	2.034746E-16	1.881111E-17
9.480000E+03	2.080354E-16	1.945323E-17
9.520000E+03	2.124959E-16	2.007286E-17
9.560000E+03	2.168010E-16	2.067110E-17
9.600000E+03	2.209243E-16	2.124968E-17
9.640000E+03	2.248317E-16	2.180601E-17
9.680000E+03	2.284915E-16	2.233480E-17
9.720000E+03	2.318883E-16	2.283247E-17
9.760000E+03	2.349920E-16	2.329837E-17
9.800000E+03	2.377708E-16	2.374045E-17
9.840000E+03	2.401714E-16	2.417730E-17
9.880000E+03	2.421721E-16	2.464746E-17
9.920000E+03	2.437305E-16	2.520756E-17
9.960000E+03	2.448031E-16	2.593464E-17
1.000000E+04	2.453490E-16	2.692049E-17
1.004000E+04	2.453335E-16	2.825708E-17
1.008000E+04	2.447310E-16	3.001540E-17
1.012000E+04	2.435514E-16	3.222894E-17
1.016000E+04	2.417740E-16	3.487646E-17
1.020000E+04	2.394376E-16	3.789930E-17
1.024000E+04	2.365928E-16	4.121242E-17
1.028000E+04	2.332260E-16	4.470801E-17
1.032000E+04	2.294473E-16	4.830216E-17
