#wls	flux	fluxerr
1.600000E+03	9.005025E-18	8.757757E-18
1.640000E+03	9.155474E-18	8.784102E-18
1.680000E+03	9.309114E-18	8.806572E-18
1.720000E+03	9.464175E-18	8.823217E-18
1.760000E+03	9.622352E-18	8.835370E-18
1.800000E+03	9.781542E-18	8.840832E-18
1.840000E+03	9.941274E-18	8.838976E-18
1.880000E+03	1.010256E-17	8.830501E-18
1.920000E+03	1.026278E-17	8.812941E-18
1.960000E+03	1.042170E-17	8.785982E-18
2.000000E+03	1.057723E-17	8.747830E-18
2.040000E+03	1.072874E-17	8.698001E-18
2.080000E+03	1.087240E-17	8.633546E-18
2.120000E+03	1.100526E-17	8.552459E-18
2.160000E+03	1.112377E-17	8.452517E-18
2.200000E+03	1.122127E-17	8.329480E-18
2.240000E+03	1.129125E-17	8.179714E-18
2.280000E+03	1.133057E-17	8.002511E-18
2.320000E+03	1.133905E-17	7.799486E-18
2.360000E+03	1.132296E-17	7.576645E-18
2.400000E+03	1.128658E-17	7.338302E-18
2.440000E+03	1.123299E-17	7.087741E-18
2.480000E+03	1.116573E-17	6.828316E-18
2.520000E+03	1.108479E-17	6.561068E-18
2.560000E+03	1.099100E-17	6.287539E-18
2.600000E+03	1.088412E-17	6.008661E-18
2.640000E+03	1.076436E-17	5.725642E-18
2.680000E+03	1.063077E-17	5.439128E-18
2.720000E+03	1.048274E-17	5.150022E-18
2.760000E+03	1.031962E-17	4.859304E-18
2.800000E+03	1.014093E-17	4.568090E-18
2.840000E+03	9.946663E-18	4.277773E-18
2.880000E+03	9.737836E-18	3.990178E-18
2.920000E+03	9.516249E-18	3.707360E-18
2.960000E+03	9.284739E-18	3.431620E-18
3.000000E+03	9.046612E-18	3.165197E-18
3.010000E+03	8.986690E-18	3.100373E-18
3.020000E+03	8.926413E-18	3.036214E-18
3.030000E+03	8.866188E-18	2.972870E-18
3.040000E+03	8.805818E-18	2.910283E-18
3.050000E+03	8.745499E-18	2.848526E-18
3.060000E+03	8.685415E-18	2.787666E-18
3.070000E+03	8.625192E-18	2.727590E-18
3.080000E+03	8.565377E-18	2.668477E-18
3.090000E+03	8.505606E-18	2.610218E-18
3.100000E+03	8.446226E-18	2.552926E-18
3.110000E+03	8.387058E-18	2.496551E-18
3.120000E+03	8.328104E-18	2.441097E-18
3.130000E+03	8.269685E-18	2.386664E-18
3.140000E+03	8.211474E-18	2.333159E-18
3.150000E+03	8.153938E-18	2.280718E-18
3.160000E+03	8.096606E-18	2.229212E-18
3.170000E+03	8.039931E-18	2.178769E-18
3.180000E+03	7.983610E-18	2.129308E-18
3.190000E+03	7.927931E-18	2.080909E-18
3.200000E+03	7.872744E-18	2.033534E-18
3.210000E+03	7.818188E-18	1.987220E-18
3.220000E+03	7.764255E-18	1.941966E-18
3.230000E+03	7.710942E-18	1.897774E-18
3.240000E+03	7.658122E-18	1.854613E-18
3.250000E+03	7.606052E-18	1.812547E-18
3.260000E+03	7.554604E-18	1.771545E-18
3.270000E+03	7.503904E-18	1.731639E-18
3.280000E+03	7.453833E-18	1.692799E-18
3.290000E+03	7.404402E-18	1.655029E-18
3.300000E+03	7.355735E-18	1.618355E-18
3.310000E+03	7.307728E-18	1.582752E-18
3.320000E+03	7.260506E-18	1.548244E-18
3.330000E+03	7.214083E-18	1.514828E-18
3.340000E+03	7.168269E-18	1.482457E-18
3.350000E+03	7.123296E-18	1.451172E-18
3.360000E+03	7.079086E-18	1.420949E-18
3.370000E+03	7.035669E-18	1.391781E-18
3.380000E+03	6.993074E-18	1.363661E-18
3.390000E+03	6.951146E-18	1.336548E-18
3.400000E+03	6.910109E-18	1.310467E-18
3.410000E+03	6.869905E-18	1.285393E-18
3.420000E+03	6.830482E-18	1.261298E-18
3.430000E+03	6.791880E-18	1.238171E-18
3.440000E+03	6.754137E-18	1.216001E-18
3.450000E+03	6.717127E-18	1.194743E-18
3.460000E+03	6.680976E-18	1.174401E-18
3.470000E+03	6.645565E-18	1.154931E-18
3.480000E+03	6.610944E-18	1.136321E-18
3.490000E+03	6.577082E-18	1.118543E-18
3.500000E+03	6.543955E-18	1.101568E-18
3.510000E+03	6.511542E-18	1.085371E-18
3.520000E+03	6.479827E-18	1.069924E-18
3.530000E+03	6.448726E-18	1.055190E-18
3.540000E+03	6.418163E-18	1.041132E-18
3.550000E+03	6.388140E-18	1.027727E-18
3.560000E+03	6.358592E-18	1.014941E-18
3.570000E+03	6.329528E-18	1.002750E-18
3.580000E+03	6.300827E-18	9.911110E-19
3.590000E+03	6.272506E-18	9.800042E-19
3.600000E+03	6.244520E-18	9.693988E-19
3.610000E+03	6.216953E-18	9.592843E-19
3.620000E+03	6.189702E-18	9.496216E-19
3.630000E+03	6.162790E-18	9.403921E-19
3.640000E+03	6.136064E-18	9.315499E-19
3.650000E+03	6.109558E-18	9.230785E-19
3.660000E+03	6.083244E-18	9.149528E-19
3.670000E+03	6.057099E-18	9.071485E-19
3.680000E+03	6.031158E-18	8.996510E-19
3.690000E+03	6.005452E-18	8.924455E-19
3.700000E+03	5.979957E-18	8.855098E-19
3.710000E+03	5.954758E-18	8.788384E-19
3.720000E+03	5.929828E-18	8.724101E-19
3.730000E+03	5.905296E-18	8.662274E-19
3.740000E+03	5.881180E-18	8.602773E-19
3.750000E+03	5.857497E-18	8.545471E-19
3.760000E+03	5.834309E-18	8.490320E-19
3.770000E+03	5.811724E-18	8.437344E-19
3.780000E+03	5.789743E-18	8.386421E-19
3.790000E+03	5.768465E-18	8.337575E-19
3.800000E+03	5.747882E-18	8.290690E-19
3.810000E+03	5.728034E-18	8.245722E-19
3.820000E+03	5.709003E-18	8.202698E-19
3.830000E+03	5.690869E-18	8.161645E-19
3.840000E+03	5.673609E-18	8.122455E-19
3.850000E+03	5.657340E-18	8.085224E-19
3.860000E+03	5.641987E-18	8.049779E-19
3.870000E+03	5.627706E-18	8.016283E-19
3.880000E+03	5.614417E-18	7.984570E-19
3.890000E+03	5.602267E-18	7.954800E-19
3.900000E+03	5.591217E-18	7.926873E-19
3.910000E+03	5.581316E-18	7.900820E-19
3.920000E+03	5.572568E-18	7.876608E-19
3.930000E+03	5.565015E-18	7.854268E-19
3.940000E+03	5.558656E-18	7.833766E-19
3.950000E+03	5.553576E-18	7.815196E-19
3.960000E+03	5.549722E-18	7.798461E-19
3.970000E+03	5.547132E-18	7.783590E-19
3.980000E+03	5.545796E-18	7.770550E-19
3.990000E+03	5.545791E-18	7.759429E-19
4.000000E+03	5.547104E-18	7.750193E-19
4.010000E+03	5.549722E-18	7.742807E-19
4.020000E+03	5.553632E-18	7.737235E-19
4.030000E+03	5.558906E-18	7.733566E-19
4.040000E+03	5.565485E-18	7.731702E-19
4.050000E+03	5.573441E-18	7.731729E-19
4.060000E+03	5.582714E-18	7.733552E-19
4.070000E+03	5.593330E-18	7.737194E-19
4.080000E+03	5.605318E-18	7.742681E-19
4.090000E+03	5.618657E-18	7.749974E-19
4.100000E+03	5.633331E-18	7.759036E-19
4.110000E+03	5.649320E-18	7.769828E-19
4.120000E+03	5.666692E-18	7.782434E-19
4.130000E+03	5.685384E-18	7.796752E-19
4.140000E+03	5.705418E-18	7.812803E-19
4.150000E+03	5.726729E-18	7.830485E-19
4.160000E+03	5.749340E-18	7.849816E-19
4.170000E+03	5.773274E-18	7.870816E-19
4.180000E+03	5.798464E-18	7.893379E-19
4.190000E+03	5.824933E-18	7.917524E-19
4.200000E+03	5.852611E-18	7.943144E-19
4.210000E+03	5.881521E-18	7.970257E-19
4.220000E+03	5.911593E-18	7.998754E-19
4.230000E+03	5.942846E-18	8.028652E-19
4.240000E+03	5.975208E-18	8.059842E-19
4.250000E+03	6.008651E-18	8.092277E-19
4.260000E+03	6.043098E-18	8.125843E-19
4.270000E+03	6.078565E-18	8.160557E-19
4.280000E+03	6.114974E-18	8.196303E-19
4.290000E+03	6.152290E-18	8.233030E-19
4.300000E+03	6.190431E-18	8.270622E-19
4.310000E+03	6.229311E-18	8.308960E-19
4.320000E+03	6.268891E-18	8.347986E-19
4.330000E+03	6.309132E-18	8.387646E-19
4.340000E+03	6.349941E-18	8.427813E-19
4.350000E+03	6.391274E-18	8.468426E-19
4.360000E+03	6.433036E-18	8.509355E-19
4.370000E+03	6.475228E-18	8.550601E-19
4.380000E+03	6.517802E-18	8.592097E-19
4.390000E+03	6.560865E-18	8.633983E-19
4.400000E+03	6.604370E-18	8.676191E-19
4.410000E+03	6.648372E-18	8.718795E-19
4.420000E+03	6.692878E-18	8.761798E-19
4.430000E+03	6.738004E-18	8.805349E-19
4.440000E+03	6.783704E-18	8.849385E-19
4.450000E+03	6.829985E-18	8.893915E-19
4.460000E+03	6.876914E-18	8.939024E-19
4.470000E+03	6.924504E-18	8.984724E-19
4.480000E+03	6.972768E-18	9.031034E-19
4.490000E+03	7.021660E-18	9.077895E-19
4.500000E+03	7.071253E-18	9.125403E-19
4.510000E+03	7.121503E-18	9.173505E-19
4.520000E+03	7.172423E-18	9.222225E-19
4.530000E+03	7.224031E-18	9.271591E-19
4.540000E+03	7.276216E-18	9.321474E-19
4.550000E+03	7.329058E-18	9.371986E-19
4.560000E+03	7.382509E-18	9.423081E-19
4.570000E+03	7.436587E-18	9.474795E-19
4.580000E+03	7.491180E-18	9.527004E-19
4.590000E+03	7.546371E-18	9.579831E-19
4.600000E+03	7.602050E-18	9.633152E-19
4.610000E+03	7.658302E-18	9.687096E-19
4.620000E+03	7.715017E-18	9.741538E-19
4.630000E+03	7.772218E-18	9.796526E-19
4.640000E+03	7.829860E-18	9.852018E-19
4.650000E+03	7.888040E-18	9.908149E-19
4.660000E+03	7.946647E-18	9.964794E-19
4.670000E+03	8.005783E-18	1.002209E-18
4.680000E+03	8.065411E-18	1.008000E-18
4.690000E+03	8.125492E-18	1.013848E-18
4.700000E+03	8.186137E-18	1.019767E-18
4.710000E+03	8.247239E-18	1.025745E-18
4.720000E+03	8.308838E-18	1.031787E-18
4.730000E+03	8.370826E-18	1.037880E-18
4.740000E+03	8.433244E-18	1.044029E-18
4.750000E+03	8.495906E-18	1.050211E-18
4.760000E+03	8.558852E-18	1.056431E-18
4.770000E+03	8.621969E-18	1.062676E-18
4.780000E+03	8.685303E-18	1.068950E-18
4.790000E+03	8.748737E-18	1.075241E-18
4.800000E+03	8.812237E-18	1.081543E-18
4.810000E+03	8.875768E-18	1.087854E-18
4.820000E+03	8.939294E-18	1.094169E-18
4.830000E+03	9.002783E-18	1.100484E-18
4.840000E+03	9.066114E-18	1.106786E-18
4.850000E+03	9.129338E-18	1.113081E-18
4.860000E+03	9.192420E-18	1.119366E-18
4.870000E+03	9.255239E-18	1.125627E-18
4.880000E+03	9.317760E-18	1.131861E-18
4.890000E+03	9.380036E-18	1.138075E-18
4.900000E+03	9.441854E-18	1.144246E-18
4.910000E+03	9.503358E-18	1.150391E-18
4.920000E+03	9.564421E-18	1.156497E-18
4.930000E+03	9.624918E-18	1.162549E-18
4.940000E+03	9.684904E-18	1.168556E-18
4.950000E+03	9.744344E-18	1.174514E-18
4.960000E+03	9.803109E-18	1.180409E-18
4.970000E+03	9.861260E-18	1.186249E-18
4.980000E+03	9.918572E-18	1.192009E-18
4.990000E+03	9.975202E-18	1.197707E-18
5.000000E+03	1.003102E-17	1.203330E-18
5.010000E+03	1.008590E-17	1.208863E-18
5.020000E+03	1.013991E-17	1.214314E-18
5.030000E+03	1.019291E-17	1.219669E-18
5.040000E+03	1.024487E-17	1.224924E-18
5.050000E+03	1.029577E-17	1.230078E-18
5.060000E+03	1.034558E-17	1.235127E-18
5.070000E+03	1.039417E-17	1.240057E-18
5.080000E+03	1.044161E-17	1.244878E-18
5.090000E+03	1.048778E-17	1.249576E-18
5.100000E+03	1.053266E-17	1.254150E-18
5.110000E+03	1.057613E-17	1.258585E-18
5.120000E+03	1.061827E-17	1.262894E-18
5.130000E+03	1.065887E-17	1.267050E-18
5.140000E+03	1.069811E-17	1.271078E-18
5.150000E+03	1.073578E-17	1.274953E-18
5.160000E+03	1.077198E-17	1.278686E-18
5.170000E+03	1.080660E-17	1.282266E-18
5.180000E+03	1.083952E-17	1.285681E-18
5.190000E+03	1.087086E-17	1.288944E-18
5.200000E+03	1.090050E-17	1.292043E-18
5.210000E+03	1.092845E-17	1.294979E-18
5.220000E+03	1.095471E-17	1.297753E-18
5.230000E+03	1.097918E-17	1.300354E-18
5.240000E+03	1.100187E-17	1.302783E-18
5.250000E+03	1.102269E-17	1.305029E-18
5.260000E+03	1.104174E-17	1.307107E-18
5.270000E+03	1.105894E-17	1.309004E-18
5.280000E+03	1.107431E-17	1.310722E-18
5.290000E+03	1.108787E-17	1.312262E-18
5.300000E+03	1.109953E-17	1.313614E-18
5.310000E+03	1.110932E-17	1.314779E-18
5.320000E+03	1.111727E-17	1.315759E-18
5.330000E+03	1.112342E-17	1.316555E-18
5.340000E+03	1.112769E-17	1.317156E-18
5.350000E+03	1.113025E-17	1.317577E-18
5.360000E+03	1.113114E-17	1.317821E-18
5.370000E+03	1.113042E-17	1.317890E-18
5.380000E+03	1.112802E-17	1.317774E-18
5.390000E+03	1.112423E-17	1.317499E-18
5.400000E+03	1.111901E-17	1.317057E-18
5.410000E+03	1.111263E-17	1.316476E-18
5.420000E+03	1.110507E-17	1.315746E-18
5.430000E+03	1.109649E-17	1.314881E-18
5.440000E+03	1.108698E-17	1.313886E-18
5.450000E+03	1.107684E-17	1.312790E-18
5.460000E+03	1.106604E-17	1.311582E-18
5.470000E+03	1.105455E-17	1.310253E-18
5.480000E+03	1.104224E-17	1.308781E-18
5.490000E+03	1.102919E-17	1.307169E-18
5.500000E+03	1.101528E-17	1.305395E-18
5.510000E+03	1.100049E-17	1.303452E-18
5.520000E+03	1.098481E-17	1.301330E-18
5.530000E+03	1.096822E-17	1.299022E-18
5.540000E+03	1.095071E-17	1.296521E-18
5.550000E+03	1.093238E-17	1.293835E-18
5.560000E+03	1.091323E-17	1.290955E-18
5.570000E+03	1.089346E-17	1.287905E-18
5.580000E+03	1.087296E-17	1.284666E-18
5.590000E+03	1.085206E-17	1.281274E-18
5.600000E+03	1.083062E-17	1.277712E-18
5.610000E+03	1.080887E-17	1.274007E-18
5.620000E+03	1.078701E-17	1.270182E-18
5.630000E+03	1.076491E-17	1.266227E-18
5.640000E+03	1.074299E-17	1.262193E-18
5.650000E+03	1.072123E-17	1.258083E-18
5.660000E+03	1.069961E-17	1.253898E-18
5.670000E+03	1.067852E-17	1.249691E-18
5.680000E+03	1.065782E-17	1.245449E-18
5.690000E+03	1.063769E-17	1.241198E-18
5.700000E+03	1.061828E-17	1.236961E-18
5.710000E+03	1.059966E-17	1.232750E-18
5.720000E+03	1.058187E-17	1.228575E-18
5.730000E+03	1.056496E-17	1.224444E-18
5.740000E+03	1.054907E-17	1.220378E-18
5.750000E+03	1.053435E-17	1.216398E-18
5.760000E+03	1.052060E-17	1.212486E-18
5.770000E+03	1.050818E-17	1.208687E-18
5.780000E+03	1.049688E-17	1.204980E-18
5.790000E+03	1.048695E-17	1.201399E-18
5.800000E+03	1.047829E-17	1.197934E-18
5.810000E+03	1.047101E-17	1.194604E-18
5.820000E+03	1.046513E-17	1.191413E-18
5.830000E+03	1.046075E-17	1.188378E-18
5.840000E+03	1.045777E-17	1.185489E-18
5.850000E+03	1.045617E-17	1.182748E-18
5.860000E+03	1.045608E-17	1.180171E-18
5.870000E+03	1.045760E-17	1.177772E-18
5.880000E+03	1.046049E-17	1.175526E-18
5.890000E+03	1.046496E-17	1.173459E-18
5.900000E+03	1.047089E-17	1.171558E-18
5.910000E+03	1.047838E-17	1.169836E-18
5.920000E+03	1.048740E-17	1.168293E-18
5.930000E+03	1.049783E-17	1.166914E-18
5.940000E+03	1.050976E-17	1.165711E-18
5.950000E+03	1.052316E-17	1.164683E-18
5.960000E+03	1.053789E-17	1.163815E-18
5.970000E+03	1.055415E-17	1.163132E-18
5.980000E+03	1.057169E-17	1.162605E-18
5.990000E+03	1.059058E-17	1.162247E-18
6.000000E+03	1.061080E-17	1.162055E-18
6.010000E+03	1.063219E-17	1.162015E-18
6.020000E+03	1.065484E-17	1.162137E-18
6.030000E+03	1.067846E-17	1.162393E-18
6.040000E+03	1.070326E-17	1.162807E-18
6.050000E+03	1.072896E-17	1.163350E-18
6.060000E+03	1.075564E-17	1.164032E-18
6.070000E+03	1.078314E-17	1.164836E-18
6.080000E+03	1.081140E-17	1.165759E-18
6.090000E+03	1.084027E-17	1.166782E-18
6.100000E+03	1.086956E-17	1.167888E-18
6.110000E+03	1.089934E-17	1.169085E-18
6.120000E+03	1.092919E-17	1.170326E-18
6.130000E+03	1.095917E-17	1.171619E-18
6.140000E+03	1.098895E-17	1.172928E-18
6.150000E+03	1.101849E-17	1.174248E-18
6.160000E+03	1.104716E-17	1.175512E-18
6.170000E+03	1.107502E-17	1.176727E-18
6.180000E+03	1.110159E-17	1.177839E-18
6.190000E+03	1.112664E-17	1.178826E-18
6.200000E+03	1.114979E-17	1.179647E-18
6.210000E+03	1.117124E-17	1.180321E-18
6.220000E+03	1.119130E-17	1.180882E-18
6.230000E+03	1.121032E-17	1.181368E-18
6.240000E+03	1.122866E-17	1.181813E-18
6.250000E+03	1.124625E-17	1.182210E-18
6.260000E+03	1.126376E-17	1.182629E-18
6.270000E+03	1.128100E-17	1.183047E-18
6.280000E+03	1.129837E-17	1.183505E-18
6.290000E+03	1.131612E-17	1.184027E-18
6.300000E+03	1.133408E-17	1.184594E-18
6.310000E+03	1.135253E-17	1.185232E-18
6.320000E+03	1.137159E-17	1.185951E-18
6.330000E+03	1.139141E-17	1.186764E-18
6.340000E+03	1.141181E-17	1.187651E-18
6.350000E+03	1.143295E-17	1.188624E-18
6.360000E+03	1.145481E-17	1.189678E-18
6.370000E+03	1.147739E-17	1.190812E-18
6.380000E+03	1.150052E-17	1.192005E-18
6.390000E+03	1.152402E-17	1.193235E-18
6.400000E+03	1.154773E-17	1.194484E-18
6.410000E+03	1.157164E-17	1.195747E-18
6.420000E+03	1.159555E-17	1.197003E-18
6.430000E+03	1.161895E-17	1.198198E-18
6.440000E+03	1.164233E-17	1.199379E-18
6.450000E+03	1.166568E-17	1.200544E-18
6.460000E+03	1.168916E-17	1.201707E-18
6.470000E+03	1.171311E-17	1.202905E-18
6.480000E+03	1.173737E-17	1.204116E-18
6.490000E+03	1.176231E-17	1.205378E-18
6.500000E+03	1.178792E-17	1.206690E-18
6.510000E+03	1.181442E-17	1.208071E-18
6.520000E+03	1.184146E-17	1.209485E-18
6.530000E+03	1.186960E-17	1.210988E-18
6.540000E+03	1.189850E-17	1.212543E-18
6.550000E+03	1.192838E-17	1.214172E-18
6.560000E+03	1.195926E-17	1.215875E-18
6.570000E+03	1.199097E-17	1.217635E-18
6.580000E+03	1.202374E-17	1.219473E-18
6.590000E+03	1.205760E-17	1.221390E-18
6.600000E+03	1.209238E-17	1.223370E-18
6.610000E+03	1.212810E-17	1.225414E-18
6.620000E+03	1.216481E-17	1.227523E-18
6.630000E+03	1.220271E-17	1.229721E-18
6.640000E+03	1.224145E-17	1.231969E-18
6.650000E+03	1.228125E-17	1.234288E-18
6.660000E+03	1.232214E-17	1.236682E-18
6.670000E+03	1.236394E-17	1.239130E-18
6.680000E+03	1.240688E-17	1.241656E-18
6.690000E+03	1.245079E-17	1.244241E-18
6.700000E+03	1.249589E-17	1.246908E-18
6.710000E+03	1.254179E-17	1.249616E-18
6.720000E+03	1.258873E-17	1.252388E-18
6.730000E+03	1.263696E-17	1.255248E-18
6.740000E+03	1.268606E-17	1.258154E-18
6.750000E+03	1.273629E-17	1.261130E-18
6.760000E+03	1.278745E-17	1.264155E-18
6.770000E+03	1.283979E-17	1.267254E-18
6.780000E+03	1.289311E-17	1.270405E-18
6.790000E+03	1.294744E-17	1.273608E-18
6.800000E+03	1.300303E-17	1.276888E-18
6.810000E+03	1.305945E-17	1.280200E-18
6.820000E+03	1.311719E-17	1.283590E-18
6.830000E+03	1.317578E-17	1.287011E-18
6.840000E+03	1.323575E-17	1.290511E-18
6.850000E+03	1.329662E-17	1.294043E-18
6.860000E+03	1.335841E-17	1.297605E-18
6.870000E+03	1.342139E-17	1.301222E-18
6.880000E+03	1.348558E-17	1.304893E-18
6.890000E+03	1.355049E-17	1.308569E-18
6.900000E+03	1.361663E-17	1.312298E-18
6.910000E+03	1.368378E-17	1.316055E-18
6.920000E+03	1.375221E-17	1.319865E-18
6.930000E+03	1.382140E-17	1.323677E-18
6.940000E+03	1.389163E-17	1.327515E-18
6.950000E+03	1.396290E-17	1.331380E-18
6.960000E+03	1.403495E-17	1.335243E-18
6.970000E+03	1.410805E-17	1.339131E-18
6.980000E+03	1.418221E-17	1.343042E-18
6.990000E+03	1.425715E-17	1.346950E-18
7.000000E+03	1.433287E-17	1.350852E-18
7.010000E+03	1.440935E-17	1.354749E-18
7.020000E+03	1.448688E-17	1.358664E-18
7.030000E+03	1.456489E-17	1.362544E-18
7.040000E+03	1.464392E-17	1.366440E-18
7.050000E+03	1.472340E-17	1.370297E-18
7.060000E+03	1.480361E-17	1.374140E-18
7.070000E+03	1.488422E-17	1.377940E-18
7.080000E+03	1.496554E-17	1.381722E-18
7.090000E+03	1.504753E-17	1.385484E-18
7.100000E+03	1.512989E-17	1.389196E-18
7.110000E+03	1.521228E-17	1.392827E-18
7.120000E+03	1.529530E-17	1.396430E-18
7.130000E+03	1.537861E-17	1.399974E-18
7.140000E+03	1.546219E-17	1.403456E-18
7.150000E+03	1.554603E-17	1.406873E-18
7.160000E+03	1.562976E-17	1.410193E-18
7.170000E+03	1.571369E-17	1.413440E-18
7.180000E+03	1.579746E-17	1.416584E-18
7.190000E+03	1.588104E-17	1.419620E-18
7.200000E+03	1.596473E-17	1.422575E-18
7.210000E+03	1.604817E-17	1.425416E-18
7.220000E+03	1.613167E-17	1.428170E-18
7.230000E+03	1.621452E-17	1.430776E-18
7.240000E+03	1.629702E-17	1.433260E-18
7.250000E+03	1.637913E-17	1.435621E-18
7.260000E+03	1.646082E-17	1.437857E-18
7.270000E+03	1.654206E-17	1.439966E-18
7.280000E+03	1.662280E-17	1.441948E-18
7.290000E+03	1.670264E-17	1.443769E-18
7.300000E+03	1.678190E-17	1.445461E-18
7.310000E+03	1.686052E-17	1.447023E-18
7.320000E+03	1.693846E-17	1.448454E-18
7.330000E+03	1.701530E-17	1.449724E-18
7.340000E+03	1.709136E-17	1.450865E-18
7.350000E+03	1.716698E-17	1.451909E-18
7.360000E+03	1.724135E-17	1.452795E-18
7.370000E+03	1.731482E-17	1.453557E-18
7.380000E+03	1.738734E-17	1.454197E-18
7.390000E+03	1.745926E-17	1.454752E-18
7.400000E+03	1.753018E-17	1.455193E-18
7.410000E+03	1.760046E-17	1.455559E-18
7.420000E+03	1.767047E-17	1.455887E-18
7.430000E+03	1.773982E-17	1.456153E-18
7.440000E+03	1.780930E-17	1.456429E-18
7.450000E+03	1.787811E-17	1.456657E-18
7.460000E+03	1.794664E-17	1.456880E-18
7.470000E+03	1.801450E-17	1.457075E-18
7.480000E+03	1.808210E-17	1.457284E-18
7.490000E+03	1.814860E-17	1.457452E-18
7.500000E+03	1.821444E-17	1.457625E-18
7.510000E+03	1.827960E-17	1.457816E-18
7.520000E+03	1.834369E-17	1.458006E-18
7.530000E+03	1.840756E-17	1.458277E-18
7.540000E+03	1.847038E-17	1.458579E-18
7.550000E+03	1.853259E-17	1.458963E-18
7.560000E+03	1.859378E-17	1.459416E-18
7.570000E+03	1.865440E-17	1.459993E-18
7.580000E+03	1.871405E-17	1.460682E-18
7.590000E+03	1.877318E-17	1.461543E-18
7.600000E+03	1.883135E-17	1.462566E-18
7.610000E+03	1.888857E-17	1.463781E-18
7.620000E+03	1.894529E-17	1.465251E-18
7.630000E+03	1.900103E-17	1.466971E-18
7.640000E+03	1.905577E-17	1.468967E-18
7.650000E+03	1.910992E-17	1.471299E-18
7.660000E+03	1.916298E-17	1.473950E-18
7.670000E+03	1.921535E-17	1.476963E-18
7.680000E+03	1.926601E-17	1.480268E-18
7.690000E+03	1.931584E-17	1.483929E-18
7.700000E+03	1.936476E-17	1.487938E-18
7.710000E+03	1.941220E-17	1.492242E-18
7.720000E+03	1.945855E-17	1.496861E-18
7.730000E+03	1.950324E-17	1.501738E-18
7.740000E+03	1.954616E-17	1.506851E-18
7.750000E+03	1.958772E-17	1.512214E-18
7.760000E+03	1.962781E-17	1.517804E-18
7.770000E+03	1.966634E-17	1.523599E-18
7.780000E+03	1.970271E-17	1.529534E-18
7.790000E+03	1.973733E-17	1.535625E-18
7.800000E+03	1.977011E-17	1.541847E-18
7.810000E+03	1.980095E-17	1.548176E-18
7.820000E+03	1.982978E-17	1.554589E-18
7.830000E+03	1.985651E-17	1.561063E-18
7.840000E+03	1.988159E-17	1.567615E-18
7.850000E+03	1.990443E-17	1.574184E-18
7.860000E+03	1.992498E-17	1.580747E-18
7.870000E+03	1.994316E-17	1.587285E-18
7.880000E+03	1.995999E-17	1.593860E-18
7.890000E+03	1.997438E-17	1.600373E-18
7.900000E+03	1.998683E-17	1.606846E-18
7.910000E+03	1.999677E-17	1.613223E-18
7.920000E+03	2.000525E-17	1.619573E-18
7.930000E+03	2.001228E-17	1.625884E-18
7.940000E+03	2.001678E-17	1.632058E-18
7.950000E+03	2.002038E-17	1.638214E-18
7.960000E+03	2.002254E-17	1.644300E-18
7.970000E+03	2.002330E-17	1.650309E-18
7.980000E+03	2.002324E-17	1.656278E-18
7.990000E+03	2.002184E-17	1.662159E-18
8.000000E+03	2.001862E-17	1.667901E-18
8.010000E+03	2.001472E-17	1.673592E-18
8.020000E+03	2.000854E-17	1.679093E-18
8.030000E+03	2.000181E-17	1.684541E-18
8.040000E+03	1.999294E-17	1.689796E-18
8.050000E+03	1.998310E-17	1.694952E-18
8.060000E+03	1.997126E-17	1.699916E-18
8.070000E+03	1.995863E-17	1.704783E-18
8.080000E+03	1.994417E-17	1.709463E-18
8.090000E+03	1.992853E-17	1.714004E-18
8.100000E+03	1.991126E-17	1.718364E-18
8.110000E+03	1.989299E-17	1.722593E-18
8.120000E+03	1.987385E-17	1.726698E-18
8.130000E+03	1.985282E-17	1.730586E-18
8.140000E+03	1.983111E-17	1.734359E-18
8.150000E+03	1.980828E-17	1.737976E-18
8.160000E+03	1.978444E-17	1.741442E-18
8.170000E+03	1.975915E-17	1.744714E-18
8.180000E+03	1.973363E-17	1.747899E-18
8.190000E+03	1.970688E-17	1.750904E-18
8.200000E+03	1.967958E-17	1.753788E-18
8.210000E+03	1.965184E-17	1.756558E-18
8.220000E+03	1.962322E-17	1.759172E-18
8.230000E+03	1.959383E-17	1.761639E-18
8.240000E+03	1.956437E-17	1.764019E-18
8.250000E+03	1.953493E-17	1.766319E-18
8.260000E+03	1.950454E-17	1.768450E-18
8.270000E+03	1.947441E-17	1.770521E-18
8.280000E+03	1.944412E-17	1.772492E-18
8.290000E+03	1.941379E-17	1.774374E-18
8.300000E+03	1.938353E-17	1.776177E-18
8.310000E+03	1.935345E-17	1.777912E-18
8.320000E+03	1.932368E-17	1.779589E-18
8.330000E+03	1.929432E-17	1.781219E-18
8.340000E+03	1.926549E-17	1.782813E-18
8.350000E+03	1.923729E-17	1.784382E-18
8.360000E+03	1.920926E-17	1.785883E-18
8.370000E+03	1.918205E-17	1.787379E-18
8.380000E+03	1.915577E-17	1.788879E-18
8.390000E+03	1.912993E-17	1.790342E-18
8.400000E+03	1.910518E-17	1.791827E-18
8.410000E+03	1.908103E-17	1.793293E-18
8.420000E+03	1.905814E-17	1.794798E-18
8.430000E+03	1.903599E-17	1.796300E-18
8.440000E+03	1.901465E-17	1.797805E-18
8.450000E+03	1.899476E-17	1.799374E-18
8.460000E+03	1.897579E-17	1.800961E-18
8.470000E+03	1.895781E-17	1.802572E-18
8.480000E+03	1.894086E-17	1.804214E-18
8.490000E+03	1.892498E-17	1.805893E-18
8.500000E+03	1.891023E-17	1.807614E-18
8.510000E+03	1.889606E-17	1.809329E-18
8.520000E+03	1.888366E-17	1.811151E-18
8.530000E+03	1.887248E-17	1.813031E-18
8.540000E+03	1.886199E-17	1.814918E-18
8.550000E+03	1.885279E-17	1.816872E-18
8.560000E+03	1.884434E-17	1.818842E-18
8.570000E+03	1.883721E-17	1.820886E-18
8.580000E+03	1.883088E-17	1.822951E-18
8.590000E+03	1.882592E-17	1.825098E-18
8.600000E+03	1.882178E-17	1.827272E-18
8.610000E+03	1.881848E-17	1.829476E-18
8.620000E+03	1.881602E-17	1.831712E-18
8.630000E+03	1.881442E-17	1.833982E-18
8.640000E+03	1.881425E-17	1.836344E-18
8.650000E+03	1.881438E-17	1.838686E-18
8.660000E+03	1.881537E-17	1.841065E-18
8.670000E+03	1.881664E-17	1.843425E-18
8.680000E+03	1.881937E-17	1.845883E-18
8.690000E+03	1.882179E-17	1.848265E-18
8.700000E+03	1.882565E-17	1.850745E-18
8.710000E+03	1.882918E-17	1.853149E-18
8.720000E+03	1.883355E-17	1.855594E-18
8.730000E+03	1.883755E-17	1.857960E-18
8.740000E+03	1.884235E-17	1.860365E-18
8.750000E+03	1.884735E-17	1.862750E-18
8.760000E+03	1.885191E-17	1.865052E-18
8.770000E+03	1.885600E-17	1.867270E-18
8.780000E+03	1.886019E-17	1.869462E-18
8.790000E+03	1.886385E-17	1.871564E-18
8.800000E+03	1.886693E-17	1.873573E-18
8.810000E+03	1.886940E-17	1.875487E-18
8.820000E+03	1.887058E-17	1.877241E-18
8.830000E+03	1.887043E-17	1.878828E-18
8.840000E+03	1.886888E-17	1.880246E-18
8.850000E+03	1.886524E-17	1.881425E-18
8.860000E+03	1.886072E-17	1.882487E-18
8.870000E+03	1.885463E-17	1.883364E-18
8.880000E+03	1.884819E-17	1.884180E-18
8.890000E+03	1.884071E-17	1.884866E-18
8.900000E+03	1.883278E-17	1.885484E-18
8.910000E+03	1.882370E-17	1.885963E-18
8.920000E+03	1.881539E-17	1.886499E-18
8.930000E+03	1.880649E-17	1.886956E-18
8.940000E+03	1.879762E-17	1.887398E-18
8.950000E+03	1.878939E-17	1.887888E-18
8.960000E+03	1.878111E-17	1.888357E-18
8.970000E+03	1.877272E-17	1.888802E-18
8.980000E+03	1.876484E-17	1.889286E-18
8.990000E+03	1.875745E-17	1.889809E-18
9.000000E+03	1.875050E-17	1.890366E-18
9.040000E+03	1.872832E-17	1.893094E-18
9.080000E+03	1.871617E-17	1.896782E-18
9.120000E+03	1.871757E-17	1.901847E-18
9.160000E+03	1.873368E-17	1.908435E-18
9.200000E+03	1.876768E-17	1.916872E-18
9.240000E+03	1.882170E-17	1.927347E-18
9.280000E+03	1.889742E-17	1.939964E-18
9.320000E+03	1.899668E-17	1.954813E-18
9.360000E+03	1.912049E-17	1.971879E-18
9.400000E+03	1.926868E-17	1.991064E-18
9.440000E+03	1.944190E-17	2.012424E-18
9.480000E+03	1.963876E-17	2.035879E-18
9.520000E+03	1.985685E-17	2.061303E-18
9.560000E+03	2.009754E-17	2.089017E-18
9.600000E+03	2.035940E-17	2.119114E-18
9.640000E+03	2.064126E-17	2.151809E-18
9.680000E+03	2.094481E-17	2.187808E-18
9.720000E+03	2.126657E-17	2.227609E-18
9.760000E+03	2.161044E-17	2.273019E-18
9.800000E+03	2.197213E-17	2.325743E-18
9.840000E+03	2.235703E-17	2.389520E-18
9.880000E+03	2.276468E-17	2.468716E-18
9.920000E+03	2.319793E-17	2.569442E-18
9.960000E+03	2.365361E-17	2.698500E-18
1.000000E+04	2.413529E-17	2.864435E-18
1.004000E+04	2.463997E-17	3.075381E-18
1.008000E+04	2.517010E-17	3.339533E-18
1.012000E+04	2.571853E-17	3.662268E-18
1.016000E+04	2.628353E-17	4.047179E-18
1.020000E+04	2.686245E-17	4.494850E-18
1.024000E+04	2.744571E-17	5.001814E-18
1.028000E+04	2.802986E-17	5.563473E-18
1.032000E+04	2.859975E-17	6.172088E-18
