#wls	flux	fluxerr
3.289393E+03	3.231837E-16	3.708733E-17
3.329393E+03	3.303146E-16	3.523293E-17
3.369393E+03	3.381014E-16	3.341368E-17
3.409393E+03	3.465895E-16	3.163196E-17
3.449393E+03	3.558167E-16	2.989041E-17
3.489393E+03	3.658092E-16	2.819230E-17
3.529393E+03	3.765766E-16	2.654206E-17
3.569393E+03	3.881056E-16	2.494584E-17
3.609393E+03	4.003542E-16	2.341227E-17
3.649393E+03	4.132439E-16	2.195289E-17
3.689393E+03	4.266527E-16	2.058240E-17
3.729393E+03	4.404100E-16	1.931807E-17
3.769393E+03	4.542933E-16	1.817828E-17
3.809393E+03	4.680302E-16	1.717986E-17
3.849393E+03	4.813084E-16	1.633444E-17
3.889393E+03	4.937924E-16	1.564479E-17
3.929393E+03	5.051496E-16	1.510222E-17
3.969393E+03	5.150813E-16	1.468646E-17
4.009393E+03	5.233552E-16	1.436842E-17
4.049393E+03	5.298338E-16	1.411521E-17
4.089393E+03	5.344943E-16	1.389560E-17
4.129393E+03	5.374361E-16	1.368458E-17
4.169393E+03	5.388757E-16	1.346593E-17
4.209393E+03	5.391306E-16	1.323275E-17
4.249393E+03	5.385925E-16	1.298612E-17
4.289393E+03	5.376900E-16	1.273261E-17
4.329393E+03	5.368448E-16	1.248079E-17
4.369393E+03	5.364251E-16	1.223754E-17
4.409393E+03	5.367038E-16	1.200478E-17
4.449393E+03	5.378277E-16	1.177783E-17
4.489393E+03	5.398061E-16	1.154612E-17
4.529393E+03	5.425142E-16	1.129668E-17
4.569393E+03	5.457074E-16	1.101973E-17
4.609393E+03	5.490353E-16	1.071556E-17
4.649393E+03	5.520542E-16	1.040122E-17
4.689393E+03	5.542440E-16	1.011478E-17
4.729393E+03	5.550481E-16	9.911528E-18
4.769393E+03	5.539845E-16	9.841232E-18
4.809393E+03	5.509480E-16	9.896803E-18
4.849393E+03	5.462100E-16	1.001710E-17
4.889393E+03	5.401284E-16	1.014075E-17
4.929393E+03	5.330507E-16	1.022771E-17
4.969393E+03	5.252887E-16	1.026034E-17
5.009393E+03	5.171188E-16	1.023688E-17
5.049393E+03	5.087885E-16	1.016443E-17
5.089393E+03	5.005225E-16	1.005373E-17
5.129393E+03	4.925242E-16	9.916193E-18
5.169393E+03	4.849738E-16	9.762547E-18
5.209393E+03	4.780249E-16	9.602373E-18
5.249393E+03	4.718022E-16	9.444160E-18
5.289393E+03	4.663998E-16	9.295384E-18
5.329393E+03	4.618798E-16	9.162414E-18
5.369393E+03	4.582691E-16	9.050159E-18
5.409393E+03	4.555558E-16	8.961684E-18
5.449393E+03	4.536888E-16	8.898313E-18
5.489393E+03	4.525840E-16	8.860170E-18
5.529393E+03	4.521369E-16	8.846313E-18
5.569393E+03	4.522356E-16	8.853878E-18
5.609393E+03	4.527734E-16	8.877094E-18
5.649393E+03	4.536615E-16	8.907503E-18
5.689393E+03	4.548392E-16	8.935443E-18
5.729393E+03	4.562807E-16	8.951479E-18
5.769393E+03	4.579956E-16	8.946716E-18
5.809393E+03	4.600232E-16	8.911940E-18
5.849393E+03	4.624216E-16	8.836018E-18
5.889393E+03	4.652528E-16	8.704093E-18
5.929393E+03	4.685649E-16	8.495990E-18
5.969393E+03	4.723697E-16	8.185294E-18
6.009393E+03	4.766150E-16	7.739614E-18
6.049393E+03	4.811561E-16	7.123034E-18
6.089393E+03	4.857359E-16	6.303191E-18
6.129393E+03	4.899983E-16	5.269192E-18
6.169393E+03	4.935628E-16	4.079890E-18
6.209393E+03	4.961803E-16	3.016204E-18
6.249393E+03	4.979066E-16	2.841072E-18
6.289393E+03	4.989187E-16	3.783570E-18
6.329393E+03	4.992785E-16	5.053185E-18
6.369393E+03	4.992181E-16	6.245793E-18
6.409393E+03	4.990465E-16	7.256538E-18
6.449393E+03	4.989972E-16	8.075242E-18
6.489393E+03	4.991649E-16	8.721376E-18
6.529393E+03	4.995193E-16	9.221859E-18
6.569393E+03	4.999583E-16	9.603011E-18
6.609393E+03	5.003638E-16	9.888165E-18
6.649393E+03	5.006387E-16	1.009738E-17
6.689393E+03	5.007167E-16	1.024755E-17
6.729393E+03	5.005503E-16	1.035225E-17
6.769393E+03	5.000868E-16	1.042121E-17
6.809393E+03	4.992415E-16	1.045976E-17
6.849393E+03	4.978755E-16	1.046872E-17
6.889393E+03	4.957816E-16	1.044521E-17
6.929393E+03	4.926840E-16	1.038402E-17
6.969393E+03	4.882593E-16	1.027924E-17
7.009393E+03	4.821785E-16	1.012542E-17
7.049393E+03	4.741631E-16	9.918364E-18
7.089393E+03	4.640381E-16	9.655484E-18
7.129393E+03	4.517653E-16	9.335929E-18
7.169393E+03	4.374515E-16	8.960647E-18
7.209393E+03	4.213325E-16	8.532432E-18
7.249393E+03	4.037441E-16	8.055944E-18
7.289393E+03	3.850920E-16	7.537511E-18
7.329393E+03	3.658290E-16	6.984583E-18
7.369393E+03	3.464362E-16	6.404955E-18
7.409393E+03	3.274029E-16	5.806251E-18
7.449393E+03	3.091975E-16	5.196407E-18
7.489393E+03	2.922287E-16	4.586037E-18
7.529393E+03	2.768061E-16	3.993787E-18
7.569393E+03	2.631156E-16	3.455466E-18
7.609393E+03	2.512197E-16	3.034158E-18
7.649393E+03	2.410827E-16	2.813200E-18
7.689393E+03	2.325971E-16	2.832721E-18
7.729393E+03	2.255964E-16	3.024109E-18
7.769393E+03	2.198988E-16	3.290017E-18
7.809393E+03	2.153263E-16	3.566607E-18
7.849393E+03	2.117060E-16	3.823862E-18
7.889393E+03	2.088743E-16	4.051595E-18
7.929393E+03	2.066811E-16	4.249101E-18
7.969393E+03	2.049947E-16	4.419562E-18
8.009393E+03	2.037046E-16	4.567316E-18
8.049393E+03	2.027199E-16	4.696613E-18
8.089393E+03	2.019673E-16	4.811092E-18
8.129393E+03	2.013869E-16	4.913611E-18
8.169393E+03	2.009289E-16	5.006258E-18
8.209393E+03	2.005506E-16	5.090467E-18
8.249393E+03	2.002147E-16	5.167186E-18
8.289393E+03	1.998870E-16	5.237050E-18
8.329393E+03	1.995360E-16	5.300501E-18
8.369393E+03	1.991317E-16	5.357844E-18
8.409393E+03	1.986452E-16	5.409250E-18
8.449393E+03	1.980487E-16	5.454744E-18
8.489393E+03	1.973158E-16	5.494214E-18
8.529393E+03	1.964228E-16	5.527480E-18
8.569393E+03	1.953506E-16	5.554396E-18
8.609393E+03	1.940858E-16	5.574981E-18
8.649393E+03	1.926225E-16	5.589544E-18
8.689393E+03	1.909628E-16	5.598743E-18
8.729393E+03	1.891168E-16	5.603594E-18
8.769393E+03	1.871006E-16	5.605385E-18
8.809393E+03	1.849352E-16	5.605542E-18
8.849393E+03	1.826441E-16	5.605473E-18
8.889393E+03	1.802517E-16	5.606420E-18
8.929393E+03	1.777826E-16	5.609350E-18
8.969393E+03	1.752619E-16	5.614886E-18
9.009393E+03	1.727151E-16	5.623267E-18
9.049393E+03	1.701684E-16	5.634331E-18
9.089393E+03	1.676489E-16	5.647517E-18
9.129393E+03	1.651838E-16	5.661929E-18
9.169393E+03	1.627991E-16	5.676457E-18
9.209393E+03	1.605189E-16	5.689951E-18
9.249393E+03	1.583639E-16	5.701383E-18
9.289393E+03	1.563503E-16	5.709978E-18
9.329393E+03	1.544903E-16	5.715268E-18
9.369393E+03	1.527918E-16	5.717099E-18
9.409393E+03	1.512596E-16	5.715586E-18
9.449393E+03	1.498958E-16	5.711044E-18
9.489393E+03	1.487010E-16	5.703903E-18
9.529393E+03	1.476746E-16	5.694615E-18
9.569393E+03	1.468156E-16	5.683572E-18
9.609393E+03	1.461226E-16	5.671041E-18
9.649393E+03	1.455940E-16	5.657116E-18
9.689393E+03	1.452276E-16	5.641705E-18
9.729393E+03	1.450201E-16	5.624542E-18
9.769393E+03	1.449668E-16	5.605223E-18
9.809393E+03	1.450608E-16	5.583274E-18
9.849393E+03	1.452922E-16	5.558225E-18
9.889393E+03	1.456476E-16	5.529703E-18
9.929393E+03	1.461095E-16	5.497500E-18
9.969393E+03	1.466558E-16	5.461624E-18
1.000939E+04	1.472598E-16	5.422287E-18
1.004939E+04	1.478905E-16	5.379828E-18
1.008939E+04	1.485135E-16	5.334597E-18
1.012939E+04	1.490920E-16	5.286822E-18
1.016939E+04	1.495885E-16	5.236560E-18
1.020939E+04	1.499666E-16	5.183773E-18
1.024939E+04	1.501927E-16	5.128549E-18
1.028939E+04	1.502371E-16	5.071394E-18
1.032939E+04	1.500764E-16	5.013559E-18
1.036939E+04	1.496942E-16	4.957296E-18
1.040939E+04	1.490817E-16	4.905979E-18
1.044939E+04	1.482379E-16	4.863923E-18
1.048939E+04	1.471688E-16	4.835691E-18
1.052939E+04	1.458879E-16	4.824809E-18
1.056939E+04	1.444168E-16	4.832292E-18
1.060939E+04	1.427854E-16	4.855799E-18
1.064939E+04	1.410297E-16	4.890089E-18
1.068939E+04	1.391870E-16	4.928642E-18
1.072939E+04	1.372916E-16	4.965596E-18
1.076939E+04	1.353709E-16	4.997102E-18
1.080939E+04	1.334444E-16	5.021748E-18
1.084939E+04	1.315251E-16	5.040201E-18
1.088939E+04	1.296211E-16	5.054474E-18
1.092939E+04	1.277374E-16	5.067142E-18
1.096939E+04	1.258778E-16	5.080661E-18
1.100939E+04	1.240451E-16	5.096770E-18
1.104939E+04	1.222424E-16	5.115982E-18
1.108939E+04	1.204731E-16	5.137224E-18
1.112939E+04	1.187412E-16	5.157796E-18
1.116939E+04	1.170518E-16	5.173741E-18
1.120939E+04	1.154107E-16	5.180519E-18
1.124939E+04	1.138245E-16	5.173789E-18
1.128939E+04	1.123000E-16	5.150073E-18
1.132939E+04	1.108436E-16	5.107181E-18
1.136939E+04	1.094608E-16	5.044387E-18
1.140939E+04	1.081561E-16	4.962404E-18
1.144939E+04	1.069320E-16	4.863200E-18
1.148939E+04	1.057895E-16	4.749718E-18
1.152939E+04	1.047277E-16	4.625484E-18
1.156939E+04	1.037435E-16	4.494163E-18
1.160939E+04	1.028324E-16	4.359109E-18
1.164939E+04	1.019883E-16	4.223030E-18
1.168939E+04	1.012050E-16	4.087823E-18
1.172939E+04	1.004761E-16	3.954573E-18
1.176939E+04	9.979670E-17	3.823619E-18
1.180939E+04	9.916268E-17	3.694636E-18
1.184939E+04	9.857109E-17	3.566677E-18
1.188939E+04	9.801912E-17	3.438182E-18
1.192939E+04	9.750312E-17	3.306969E-18
1.196939E+04	9.701751E-17	3.170262E-18
1.200939E+04	9.655400E-17	3.024800E-18
1.204939E+04	9.610127E-17	2.867015E-18
1.208939E+04	9.564518E-17	2.693178E-18
1.212939E+04	9.516920E-17	2.499506E-18
1.216939E+04	9.465469E-17	2.282336E-18
1.220939E+04	9.408074E-17	2.038615E-18
1.224939E+04	9.342405E-17	1.766999E-18
1.228939E+04	9.265976E-17	1.470287E-18
1.232939E+04	9.176415E-17	1.161303E-18
1.236939E+04	9.072007E-17	8.789979E-19
1.240939E+04	8.952432E-17	7.223135E-19
1.244939E+04	8.819386E-17	7.997691E-19
1.248939E+04	8.676591E-17	1.033792E-18
1.252939E+04	8.529170E-17	1.304008E-18
1.256939E+04	8.382552E-17	1.558948E-18
1.260939E+04	8.241423E-17	1.782041E-18
1.264939E+04	8.109119E-17	1.969635E-18
1.268939E+04	7.987499E-17	2.123383E-18
1.272939E+04	7.877118E-17	2.247441E-18
1.276939E+04	7.777536E-17	2.347158E-18
1.280939E+04	7.687648E-17	2.428210E-18
1.284939E+04	7.605982E-17	2.495887E-18
1.288939E+04	7.530956E-17	2.554597E-18
1.292939E+04	7.461080E-17	2.607715E-18
1.296939E+04	7.395090E-17	2.657750E-18
1.300939E+04	7.332012E-17	2.706643E-18
1.304939E+04	7.271156E-17	2.756004E-18
1.308939E+04	7.212076E-17	2.807210E-18
1.312939E+04	7.154491E-17	2.861396E-18
1.316939E+04	7.098224E-17	2.919384E-18
1.320939E+04	7.043147E-17	2.981623E-18
1.324939E+04	6.989166E-17	3.048173E-18
1.328939E+04	6.936223E-17	3.118729E-18
1.332939E+04	6.884294E-17	3.192689E-18
1.336939E+04	6.833381E-17	3.269198E-18
1.340939E+04	6.783488E-17	3.347195E-18
1.344939E+04	6.734596E-17	3.425446E-18
1.348939E+04	6.686647E-17	3.502615E-18
1.352939E+04	6.639538E-17	3.577347E-18
1.356939E+04	6.593123E-17	3.648363E-18
1.360939E+04	6.547222E-17	3.714520E-18
1.364939E+04	6.501627E-17	3.774839E-18
1.368939E+04	6.456098E-17	3.828464E-18
1.372939E+04	6.410368E-17	3.874597E-18
1.376939E+04	6.364142E-17	3.912436E-18
1.380939E+04	6.317113E-17	3.941160E-18
1.384939E+04	6.268993E-17	3.959971E-18
1.388939E+04	6.219542E-17	3.968165E-18
1.392939E+04	6.168591E-17	3.965204E-18
1.396939E+04	6.116058E-17	3.950770E-18
1.400939E+04	6.061959E-17	3.924797E-18
1.404939E+04	6.006401E-17	3.887485E-18
1.408939E+04	5.949575E-17	3.839307E-18
1.412939E+04	5.891746E-17	3.781016E-18
1.416939E+04	5.833235E-17	3.713630E-18
1.420939E+04	5.774402E-17	3.638417E-18
1.424939E+04	5.715628E-17	3.556861E-18
1.428939E+04	5.657293E-17	3.470623E-18
1.432939E+04	5.599766E-17	3.381504E-18
1.436939E+04	5.543396E-17	3.291397E-18
1.440939E+04	5.488495E-17	3.202214E-18
1.444939E+04	5.435332E-17	3.115776E-18
1.448939E+04	5.384130E-17	3.033662E-18
1.452939E+04	5.335061E-17	2.957036E-18
1.456939E+04	5.288256E-17	2.886490E-18
1.460939E+04	5.243816E-17	2.821936E-18
1.464939E+04	5.201831E-17	2.762633E-18
1.468939E+04	5.162388E-17	2.707356E-18
1.472939E+04	5.125582E-17	2.654688E-18
1.476939E+04	5.091501E-17	2.603334E-18
1.480939E+04	5.060210E-17	2.552373E-18
1.484939E+04	5.031731E-17	2.501398E-18
1.488939E+04	5.006027E-17	2.450528E-18
1.492939E+04	4.982987E-17	2.400299E-18
1.496939E+04	4.962411E-17	2.351485E-18
1.500939E+04	4.944002E-17	2.304870E-18
1.504939E+04	4.927348E-17	2.261047E-18
1.508939E+04	4.911928E-17	2.220285E-18
1.512939E+04	4.897129E-17	2.182464E-18
1.516939E+04	4.882300E-17	2.147078E-18
1.520939E+04	4.866820E-17	2.113317E-18
1.524939E+04	4.850184E-17	2.080202E-18
1.528939E+04	4.832089E-17	2.046777E-18
1.532939E+04	4.812481E-17	2.012307E-18
1.536939E+04	4.791568E-17	1.976414E-18
1.540939E+04	4.769782E-17	1.939117E-18
1.544939E+04	4.747712E-17	1.900741E-18
1.548939E+04	4.726030E-17	1.861729E-18
1.552939E+04	4.705407E-17	1.822399E-18
1.556939E+04	4.686448E-17	1.782703E-18
1.560939E+04	4.669633E-17	1.742066E-18
1.564939E+04	4.655270E-17	1.699351E-18
1.568939E+04	4.643462E-17	1.652939E-18
1.572939E+04	4.634095E-17	1.600920E-18
1.576939E+04	4.626831E-17	1.541337E-18
1.580939E+04	4.621135E-17	1.472429E-18
1.584939E+04	4.616295E-17	1.392827E-18
1.588939E+04	4.611454E-17	1.301636E-18
1.592939E+04	4.605640E-17	1.198408E-18
1.596939E+04	4.597790E-17	1.083112E-18
1.600939E+04	4.586755E-17	9.563693E-19
1.604939E+04	4.571311E-17	8.203914E-19
1.608939E+04	4.550190E-17	6.813149E-19
1.612939E+04	4.522208E-17	5.542529E-19
1.616939E+04	4.486521E-17	4.708356E-19
1.620939E+04	4.442944E-17	4.698604E-19
1.624939E+04	4.392206E-17	5.457378E-19
1.628939E+04	4.335891E-17	6.555890E-19
1.632939E+04	4.276100E-17	7.694855E-19
1.636939E+04	4.215047E-17	8.746312E-19
1.640939E+04	4.154720E-17	9.670033E-19
1.644939E+04	4.096674E-17	1.046460E-18
1.648939E+04	4.041947E-17	1.114459E-18
1.652939E+04	3.991090E-17	1.172920E-18
1.656939E+04	3.944257E-17	1.223609E-18
1.660939E+04	3.901320E-17	1.267856E-18
1.664939E+04	3.861987E-17	1.306505E-18
1.668939E+04	3.825881E-17	1.340063E-18
1.672939E+04	3.792586E-17	1.368920E-18
1.676939E+04	3.761668E-17	1.393540E-18
1.680939E+04	3.732675E-17	1.414539E-18
1.684939E+04	3.705140E-17	1.432648E-18
1.688939E+04	3.678576E-17	1.448589E-18
1.692939E+04	3.652476E-17	1.462953E-18
1.696939E+04	3.626322E-17	1.476103E-18
1.700939E+04	3.599605E-17	1.488165E-18
1.704939E+04	3.571863E-17	1.499073E-18
1.708939E+04	3.542730E-17	1.508650E-18
1.712939E+04	3.511979E-17	1.516694E-18
1.716939E+04	3.479554E-17	1.523041E-18
1.720939E+04	3.445588E-17	1.527611E-18
1.724939E+04	3.410391E-17	1.530434E-18
1.728939E+04	3.374425E-17	1.531654E-18
1.732939E+04	3.338250E-17	1.531533E-18
1.736939E+04	3.302478E-17	1.530447E-18
1.740939E+04	3.267731E-17	1.528886E-18
1.744939E+04	3.234616E-17	1.527439E-18
1.748939E+04	3.203702E-17	1.526755E-18
1.752939E+04	3.175511E-17	1.527491E-18
1.756939E+04	3.150509E-17	1.530281E-18
1.760939E+04	3.129103E-17	1.535728E-18
1.764939E+04	3.111638E-17	1.544446E-18
1.768939E+04	3.098387E-17	1.557090E-18
1.772939E+04	3.089544E-17	1.574356E-18
1.776939E+04	3.085213E-17	1.596914E-18
1.780939E+04	3.085406E-17	1.625304E-18
1.784939E+04	3.090038E-17	1.659832E-18
1.788939E+04	3.098937E-17	1.700491E-18
1.792939E+04	3.111849E-17	1.746951E-18
1.796939E+04	3.128447E-17	1.798582E-18
1.800939E+04	3.148340E-17	1.854516E-18
1.804939E+04	3.171073E-17	1.913731E-18
1.808939E+04	3.196134E-17	1.975117E-18
1.812939E+04	3.222955E-17	2.037534E-18
1.816939E+04	3.250913E-17	2.099848E-18
1.820939E+04	3.279339E-17	2.160951E-18
1.824939E+04	3.307527E-17	2.219778E-18
1.828939E+04	3.334751E-17	2.275337E-18
1.832939E+04	3.360290E-17	2.326730E-18
1.836939E+04	3.383446E-17	2.373173E-18
1.840939E+04	3.403580E-17	2.414006E-18
1.844939E+04	3.420129E-17	2.448697E-18
1.848939E+04	3.432623E-17	2.476842E-18
1.852939E+04	3.440698E-17	2.498173E-18
1.856939E+04	3.444102E-17	2.512569E-18
1.860939E+04	3.442692E-17	2.520071E-18
1.864939E+04	3.436439E-17	2.520893E-18
1.868939E+04	3.425431E-17	2.515425E-18
1.872939E+04	3.409871E-17	2.504227E-18
1.876939E+04	3.390068E-17	2.487991E-18
1.880939E+04	3.366423E-17	2.467489E-18
1.884939E+04	3.339393E-17	2.443495E-18
1.888939E+04	3.309457E-17	2.416693E-18
1.892939E+04	3.277090E-17	2.387614E-18
1.896939E+04	3.242740E-17	2.356593E-18
1.900939E+04	3.206821E-17	2.323784E-18
1.904939E+04	3.169721E-17	2.289201E-18
1.908939E+04	3.131800E-17	2.252771E-18
1.912939E+04	3.093403E-17	2.214385E-18
1.916939E+04	3.054859E-17	2.173939E-18
1.920939E+04	3.016486E-17	2.131378E-18
1.924939E+04	2.978589E-17	2.086725E-18
1.928939E+04	2.941458E-17	2.040104E-18
1.932939E+04	2.905363E-17	1.991740E-18
1.936939E+04	2.870547E-17	1.941947E-18
1.940939E+04	2.837219E-17	1.891101E-18
1.944939E+04	2.805557E-17	1.839618E-18
1.948939E+04	2.775705E-17	1.787938E-18
1.952939E+04	2.747784E-17	1.736536E-18
1.956939E+04	2.721887E-17	1.685944E-18
1.960939E+04	2.698086E-17	1.636789E-18
1.964939E+04	2.676429E-17	1.589817E-18
1.968939E+04	2.656933E-17	1.545881E-18
1.972939E+04	2.639578E-17	1.505887E-18
1.976939E+04	2.624301E-17	1.470686E-18
1.980939E+04	2.610988E-17	1.440922E-18
1.984939E+04	2.599476E-17	1.416882E-18
1.988939E+04	2.589558E-17	1.398379E-18
1.992939E+04	2.580996E-17	1.384723E-18
1.996939E+04	2.573535E-17	1.374795E-18
2.000939E+04	2.566919E-17	1.367215E-18
2.004939E+04	2.560895E-17	1.360559E-18
2.008939E+04	2.555222E-17	1.353579E-18
2.012939E+04	2.549664E-17	1.345372E-18
2.016939E+04	2.543999E-17	1.335475E-18
2.020939E+04	2.538013E-17	1.323866E-18
2.024939E+04	2.531513E-17	1.310889E-18
2.028939E+04	2.524328E-17	1.297109E-18
2.032939E+04	2.516327E-17	1.283138E-18
2.036939E+04	2.507423E-17	1.269455E-18
2.040939E+04	2.497583E-17	1.256262E-18
2.044939E+04	2.486829E-17	1.243411E-18
2.048939E+04	2.475226E-17	1.230417E-18
2.052939E+04	2.462873E-17	1.216558E-18
2.056939E+04	2.449883E-17	1.201040E-18
2.060939E+04	2.436362E-17	1.183169E-18
2.064939E+04	2.422399E-17	1.162478E-18
2.068939E+04	2.408055E-17	1.138798E-18
2.072939E+04	2.393363E-17	1.112257E-18
2.076939E+04	2.378322E-17	1.083224E-18
2.080939E+04	2.362902E-17	1.052207E-18
2.084939E+04	2.347049E-17	1.019733E-18
2.088939E+04	2.330693E-17	9.862276E-19
2.092939E+04	2.313762E-17	9.519134E-19
2.096939E+04	2.296197E-17	9.167429E-19
2.100939E+04	2.277968E-17	8.803851E-19
2.104939E+04	2.259078E-17	8.422707E-19
2.108939E+04	2.239560E-17	8.016907E-19
2.112939E+04	2.219477E-17	7.579277E-19
2.116939E+04	2.198913E-17	7.103940E-19
2.120939E+04	2.177982E-17	6.587657E-19
2.124939E+04	2.156828E-17	6.031284E-19
2.128939E+04	2.135629E-17	5.441767E-19
2.132939E+04	2.114594E-17	4.835571E-19
2.136939E+04	2.093931E-17	4.244708E-19
2.140939E+04	2.073817E-17	3.725901E-19
2.144939E+04	2.054349E-17	3.366811E-19
2.148939E+04	2.035530E-17	3.263559E-19
2.152939E+04	2.017329E-17	3.442599E-19
2.156939E+04	1.999731E-17	3.825399E-19
2.160939E+04	1.982601E-17	4.310201E-19
2.164939E+04	1.965665E-17	4.823971E-19
2.168939E+04	1.948551E-17	5.324753E-19
2.172939E+04	1.930850E-17	5.790895E-19
2.176939E+04	1.912160E-17	6.212322E-19
2.180939E+04	1.892122E-17	6.585330E-19
2.184939E+04	1.870428E-17	6.909697E-19
2.188939E+04	1.846821E-17	7.187072E-19
2.192939E+04	1.821087E-17	7.420103E-19
2.196939E+04	1.793055E-17	7.611992E-19
2.200939E+04	1.762588E-17	7.766307E-19
2.204939E+04	1.729583E-17	7.886872E-19
2.208939E+04	1.693975E-17	7.977622E-19
2.212939E+04	1.655741E-17	8.042367E-19
2.216939E+04	1.614910E-17	8.084516E-19
2.220939E+04	1.571571E-17	8.106867E-19
2.224939E+04	1.525876E-17	8.111543E-19
2.228939E+04	1.478040E-17	8.100059E-19
2.232939E+04	1.428341E-17	8.073473E-19
2.236939E+04	1.377112E-17	8.032550E-19
2.240939E+04	1.324732E-17	7.977912E-19
2.244939E+04	1.271614E-17	7.910148E-19
2.248939E+04	1.218195E-17	7.829893E-19
2.252939E+04	1.164920E-17	7.737894E-19
2.256939E+04	1.112228E-17	7.635045E-19
2.260939E+04	1.060544E-17	7.522416E-19
2.264939E+04	1.010266E-17	7.401279E-19
2.268939E+04	9.617528E-18	7.273112E-19
2.272939E+04	9.153209E-18	7.139601E-19
2.276939E+04	8.712318E-18	7.002612E-19
2.280939E+04	8.296893E-18	6.864141E-19
2.284939E+04	7.908378E-18	6.726236E-19
2.288939E+04	7.547645E-18	6.590915E-19
2.292939E+04	7.215048E-18	6.460094E-19
2.296939E+04	6.910504E-18	6.335527E-19
2.300939E+04	6.633580E-18	6.218779E-19
2.304939E+04	6.383579E-18	6.111211E-19
2.308939E+04	6.159610E-18	6.013972E-19
2.312939E+04	5.960650E-18	5.927999E-19
2.316939E+04	5.785594E-18	5.854022E-19
2.320939E+04	5.633299E-18	5.792578E-19
2.324939E+04	5.502624E-18	5.744039E-19
2.328939E+04	5.392465E-18	5.708643E-19
2.332939E+04	5.301784E-18	5.686544E-19
2.336939E+04	5.229628E-18	5.677847E-19
2.340939E+04	5.175144E-18	5.682656E-19
2.344939E+04	5.137577E-18	5.701111E-19
2.348939E+04	5.116271E-18	5.733413E-19
2.352939E+04	5.110655E-18	5.779852E-19
2.356939E+04	5.120239E-18	5.840823E-19
2.360939E+04	5.144593E-18	5.916843E-19
2.364939E+04	5.183344E-18	6.008564E-19
2.368939E+04	5.236159E-18	6.116802E-19
2.372939E+04	5.302738E-18	6.242556E-19
2.376939E+04	5.382804E-18	6.387043E-19
2.380939E+04	5.476097E-18	6.551726E-19
2.384939E+04	5.582369E-18	6.738351E-19
2.388939E+04	5.701379E-18	6.948981E-19
2.392939E+04	5.832895E-18	7.186023E-19
2.396939E+04	5.976694E-18	7.452249E-19
2.400939E+04	6.132563E-18	7.750801E-19
2.404939E+04	6.300300E-18	8.085189E-19
2.408939E+04	6.479710E-18	8.459265E-19
2.412939E+04	6.670609E-18	8.877187E-19
2.416939E+04	6.872819E-18	9.343362E-19
2.420939E+04	7.086163E-18	9.862372E-19
2.424939E+04	7.310465E-18	1.043888E-18
2.428939E+04	7.545543E-18	1.107751E-18
2.432939E+04	7.791213E-18	1.178279E-18
2.436939E+04	8.047293E-18	1.255897E-18
2.440939E+04	8.313609E-18	1.341004E-18
2.444939E+04	8.590011E-18	1.433966E-18
2.448939E+04	8.876373E-18	1.535115E-18
