#wls	flux	fluxerr
1.600000E+03	1.067977E-17	1.035836E-17
1.640000E+03	1.090346E-17	1.043217E-17
1.680000E+03	1.113321E-17	1.050229E-17
1.720000E+03	1.136694E-17	1.056632E-17
1.760000E+03	1.160672E-17	1.062574E-17
1.800000E+03	1.185006E-17	1.067777E-17
1.840000E+03	1.209637E-17	1.072153E-17
1.880000E+03	1.234688E-17	1.075768E-17
1.920000E+03	1.259838E-17	1.078304E-17
1.960000E+03	1.285047E-17	1.079701E-17
2.000000E+03	1.310053E-17	1.079714E-17
2.040000E+03	1.334760E-17	1.078255E-17
2.080000E+03	1.358675E-17	1.074928E-17
2.120000E+03	1.381402E-17	1.069446E-17
2.160000E+03	1.402461E-17	1.061491E-17
2.200000E+03	1.420968E-17	1.050484E-17
2.240000E+03	1.436041E-17	1.035913E-17
2.280000E+03	1.447213E-17	1.017632E-17
2.320000E+03	1.454388E-17	9.957887E-18
2.360000E+03	1.458297E-17	9.711005E-18
2.400000E+03	1.459428E-17	9.440796E-18
2.440000E+03	1.458124E-17	9.151161E-18
2.480000E+03	1.454786E-17	8.846173E-18
2.520000E+03	1.449365E-17	8.526991E-18
2.560000E+03	1.441918E-17	8.195474E-18
2.600000E+03	1.432366E-17	7.852748E-18
2.640000E+03	1.420686E-17	7.500356E-18
2.680000E+03	1.406710E-17	7.139172E-18
2.720000E+03	1.390312E-17	6.770469E-18
2.760000E+03	1.371369E-17	6.395700E-18
2.800000E+03	1.349784E-17	6.016566E-18
2.840000E+03	1.325534E-17	5.635220E-18
2.880000E+03	1.298739E-17	5.254458E-18
2.920000E+03	1.269640E-17	4.877458E-18
2.960000E+03	1.238626E-17	4.507773E-18
3.000000E+03	1.206166E-17	4.148920E-18
3.010000E+03	1.197914E-17	4.061395E-18
3.020000E+03	1.189583E-17	3.974703E-18
3.030000E+03	1.181228E-17	3.889049E-18
3.040000E+03	1.172822E-17	3.804365E-18
3.050000E+03	1.164394E-17	3.720757E-18
3.060000E+03	1.155967E-17	3.638321E-18
3.070000E+03	1.147495E-17	3.556918E-18
3.080000E+03	1.139049E-17	3.476791E-18
3.090000E+03	1.130583E-17	3.397807E-18
3.100000E+03	1.122144E-17	3.320120E-18
3.110000E+03	1.113709E-17	3.243672E-18
3.120000E+03	1.105280E-17	3.168479E-18
3.130000E+03	1.096900E-17	3.094675E-18
3.140000E+03	1.088528E-17	3.022149E-18
3.150000E+03	1.080225E-17	2.951084E-18
3.160000E+03	1.071931E-17	2.881316E-18
3.170000E+03	1.063708E-17	2.813019E-18
3.180000E+03	1.055516E-17	2.746093E-18
3.190000E+03	1.047395E-17	2.680644E-18
3.200000E+03	1.039326E-17	2.616629E-18
3.210000E+03	1.031329E-17	2.554098E-18
3.220000E+03	1.023404E-17	2.493052E-18
3.230000E+03	1.015553E-17	2.433495E-18
3.240000E+03	1.007759E-17	2.375387E-18
3.250000E+03	1.000058E-17	2.318812E-18
3.260000E+03	9.924357E-18	2.263730E-18
3.270000E+03	9.849086E-18	2.210176E-18
3.280000E+03	9.774630E-18	2.158113E-18
3.290000E+03	9.701015E-18	2.107542E-18
3.300000E+03	9.628414E-18	2.058491E-18
3.310000E+03	9.556705E-18	2.010926E-18
3.320000E+03	9.486060E-18	1.964870E-18
3.330000E+03	9.416503E-18	1.920317E-18
3.340000E+03	9.347791E-18	1.877204E-18
3.350000E+03	9.280234E-18	1.835577E-18
3.360000E+03	9.213730E-18	1.795400E-18
3.370000E+03	9.148319E-18	1.756662E-18
3.380000E+03	9.084041E-18	1.719351E-18
3.390000E+03	9.020695E-18	1.683407E-18
3.400000E+03	8.958572E-18	1.648863E-18
3.410000E+03	8.897600E-18	1.615680E-18
3.420000E+03	8.837712E-18	1.583821E-18
3.430000E+03	8.778964E-18	1.553268E-18
3.440000E+03	8.721412E-18	1.524004E-18
3.450000E+03	8.664897E-18	1.495971E-18
3.460000E+03	8.609589E-18	1.469167E-18
3.470000E+03	8.555343E-18	1.443537E-18
3.480000E+03	8.502228E-18	1.419060E-18
3.490000E+03	8.450216E-18	1.395697E-18
3.500000E+03	8.399281E-18	1.373410E-18
3.510000E+03	8.349405E-18	1.352163E-18
3.520000E+03	8.300573E-18	1.331917E-18
3.530000E+03	8.252686E-18	1.312623E-18
3.540000E+03	8.205654E-18	1.294230E-18
3.550000E+03	8.159484E-18	1.276705E-18
3.560000E+03	8.114102E-18	1.260001E-18
3.570000E+03	8.069523E-18	1.244087E-18
3.580000E+03	8.025601E-18	1.228906E-18
3.590000E+03	7.982364E-18	1.214428E-18
3.600000E+03	7.939762E-18	1.200612E-18
3.610000E+03	7.897906E-18	1.187442E-18
3.620000E+03	7.856671E-18	1.174868E-18
3.630000E+03	7.816092E-18	1.162862E-18
3.640000E+03	7.775980E-18	1.151367E-18
3.650000E+03	7.736380E-18	1.140360E-18
3.660000E+03	7.697260E-18	1.129807E-18
3.670000E+03	7.658592E-18	1.119677E-18
3.680000E+03	7.620421E-18	1.109950E-18
3.690000E+03	7.582787E-18	1.100606E-18
3.700000E+03	7.545659E-18	1.091617E-18
3.710000E+03	7.509143E-18	1.082975E-18
3.720000E+03	7.473202E-18	1.074652E-18
3.730000E+03	7.437999E-18	1.066650E-18
3.740000E+03	7.403556E-18	1.058954E-18
3.750000E+03	7.369892E-18	1.051546E-18
3.760000E+03	7.337086E-18	1.044421E-18
3.770000E+03	7.305273E-18	1.037581E-18
3.780000E+03	7.274455E-18	1.031012E-18
3.790000E+03	7.244756E-18	1.024715E-18
3.800000E+03	7.216169E-18	1.018677E-18
3.810000E+03	7.188743E-18	1.012892E-18
3.820000E+03	7.162584E-18	1.007364E-18
3.830000E+03	7.137792E-18	1.002095E-18
3.840000E+03	7.114340E-18	9.970727E-19
3.850000E+03	7.092376E-18	9.923084E-19
3.860000E+03	7.071808E-18	9.877809E-19
3.870000E+03	7.052833E-18	9.835100E-19
3.880000E+03	7.035351E-18	9.794751E-19
3.890000E+03	7.019550E-18	9.756956E-19
3.900000E+03	7.005381E-18	9.721593E-19
3.910000E+03	6.992908E-18	9.688695E-19
3.920000E+03	6.982136E-18	9.658221E-19
3.930000E+03	6.973122E-18	9.630206E-19
3.940000E+03	6.965865E-18	9.604607E-19
3.950000E+03	6.960472E-18	9.581536E-19
3.960000E+03	6.956882E-18	9.560874E-19
3.970000E+03	6.955143E-18	9.542656E-19
3.980000E+03	6.955246E-18	9.526839E-19
3.990000E+03	6.957290E-18	9.513532E-19
4.000000E+03	6.961262E-18	9.502693E-19
4.010000E+03	6.967149E-18	9.494278E-19
4.020000E+03	6.974935E-18	9.488245E-19
4.030000E+03	6.984714E-18	9.484699E-19
4.040000E+03	6.996415E-18	9.483522E-19
4.050000E+03	7.010129E-18	9.484819E-19
4.060000E+03	7.025783E-18	9.488470E-19
4.070000E+03	7.043413E-18	9.494505E-19
4.080000E+03	7.063053E-18	9.502952E-19
4.090000E+03	7.084684E-18	9.513764E-19
4.100000E+03	7.108284E-18	9.526894E-19
4.110000E+03	7.133831E-18	9.542294E-19
4.120000E+03	7.161414E-18	9.560065E-19
4.130000E+03	7.190955E-18	9.580083E-19
4.140000E+03	7.222487E-18	9.602372E-19
4.150000E+03	7.255929E-18	9.626807E-19
4.160000E+03	7.291313E-18	9.653409E-19
4.170000E+03	7.328670E-18	9.682202E-19
4.180000E+03	7.367918E-18	9.713055E-19
4.190000E+03	7.409087E-18	9.745990E-19
4.200000E+03	7.452091E-18	9.780873E-19
4.210000E+03	7.496959E-18	9.817722E-19
4.220000E+03	7.543602E-18	9.856401E-19
4.230000E+03	7.592048E-18	9.896927E-19
4.240000E+03	7.642204E-18	9.939157E-19
4.250000E+03	7.694034E-18	9.983029E-19
4.260000E+03	7.747440E-18	1.002839E-18
4.270000E+03	7.802444E-18	1.007526E-18
4.280000E+03	7.858943E-18	1.012348E-18
4.290000E+03	7.916892E-18	1.017298E-18
4.300000E+03	7.976181E-18	1.022360E-18
4.310000E+03	8.036696E-18	1.027518E-18
4.320000E+03	8.098382E-18	1.032763E-18
4.330000E+03	8.161182E-18	1.038087E-18
4.340000E+03	8.224969E-18	1.043473E-18
4.350000E+03	8.289677E-18	1.048910E-18
4.360000E+03	8.355171E-18	1.054382E-18
4.370000E+03	8.421446E-18	1.059886E-18
4.380000E+03	8.488426E-18	1.065413E-18
4.390000E+03	8.556241E-18	1.070978E-18
4.400000E+03	8.624818E-18	1.076573E-18
4.410000E+03	8.694220E-18	1.082203E-18
4.420000E+03	8.764443E-18	1.087870E-18
4.430000E+03	8.835629E-18	1.093589E-18
4.440000E+03	8.907706E-18	1.099353E-18
4.450000E+03	8.980674E-18	1.105162E-18
4.460000E+03	9.054610E-18	1.111026E-18
4.470000E+03	9.129518E-18	1.116945E-18
4.480000E+03	9.205404E-18	1.122922E-18
4.490000E+03	9.282198E-18	1.128949E-18
4.500000E+03	9.359984E-18	1.135039E-18
4.510000E+03	9.438695E-18	1.141184E-18
4.520000E+03	9.518341E-18	1.147387E-18
4.530000E+03	9.598932E-18	1.153654E-18
4.540000E+03	9.680319E-18	1.159968E-18
4.550000E+03	9.762594E-18	1.166344E-18
4.560000E+03	9.845691E-18	1.172777E-18
4.570000E+03	9.929624E-18	1.179273E-18
4.580000E+03	1.001424E-17	1.185818E-18
4.590000E+03	1.009964E-17	1.192429E-18
4.600000E+03	1.018566E-17	1.199091E-18
4.610000E+03	1.027243E-17	1.205824E-18
4.620000E+03	1.035977E-17	1.212612E-18
4.630000E+03	1.044771E-17	1.219465E-18
4.640000E+03	1.053619E-17	1.226381E-18
4.650000E+03	1.062531E-17	1.233378E-18
4.660000E+03	1.071494E-17	1.240444E-18
4.670000E+03	1.080518E-17	1.247600E-18
4.680000E+03	1.089599E-17	1.254843E-18
4.690000E+03	1.098731E-17	1.262174E-18
4.700000E+03	1.107926E-17	1.269612E-18
4.710000E+03	1.117171E-17	1.277145E-18
4.720000E+03	1.126468E-17	1.284782E-18
4.730000E+03	1.135804E-17	1.292511E-18
4.740000E+03	1.145181E-17	1.300339E-18
4.750000E+03	1.154575E-17	1.308241E-18
4.760000E+03	1.163989E-17	1.316225E-18
4.770000E+03	1.173407E-17	1.324274E-18
4.780000E+03	1.182833E-17	1.332395E-18
4.790000E+03	1.192252E-17	1.340573E-18
4.800000E+03	1.201657E-17	1.348799E-18
4.810000E+03	1.211041E-17	1.357069E-18
4.820000E+03	1.220400E-17	1.365374E-18
4.830000E+03	1.229726E-17	1.373708E-18
4.840000E+03	1.239003E-17	1.382049E-18
4.850000E+03	1.248236E-17	1.390401E-18
4.860000E+03	1.257418E-17	1.398756E-18
4.870000E+03	1.266534E-17	1.407091E-18
4.880000E+03	1.275575E-17	1.415396E-18
4.890000E+03	1.284548E-17	1.423675E-18
4.900000E+03	1.293423E-17	1.431888E-18
4.910000E+03	1.302219E-17	1.440054E-18
4.920000E+03	1.310917E-17	1.448148E-18
4.930000E+03	1.319498E-17	1.456145E-18
4.940000E+03	1.327971E-17	1.464047E-18
4.950000E+03	1.336328E-17	1.471844E-18
4.960000E+03	1.344552E-17	1.479512E-18
4.970000E+03	1.352649E-17	1.487053E-18
4.980000E+03	1.360589E-17	1.494429E-18
4.990000E+03	1.368391E-17	1.501658E-18
5.000000E+03	1.376038E-17	1.508717E-18
5.010000E+03	1.383512E-17	1.515581E-18
5.020000E+03	1.390819E-17	1.522257E-18
5.030000E+03	1.397944E-17	1.528721E-18
5.040000E+03	1.404880E-17	1.534966E-18
5.050000E+03	1.411623E-17	1.540985E-18
5.060000E+03	1.418169E-17	1.546772E-18
5.070000E+03	1.424501E-17	1.552306E-18
5.080000E+03	1.430629E-17	1.557599E-18
5.090000E+03	1.436536E-17	1.562630E-18
5.100000E+03	1.442218E-17	1.567398E-18
5.110000E+03	1.447659E-17	1.571884E-18
5.120000E+03	1.452871E-17	1.576105E-18
5.130000E+03	1.457824E-17	1.580028E-18
5.140000E+03	1.462545E-17	1.583685E-18
5.150000E+03	1.467003E-17	1.587049E-18
5.160000E+03	1.471214E-17	1.590136E-18
5.170000E+03	1.475161E-17	1.592935E-18
5.180000E+03	1.478832E-17	1.595436E-18
5.190000E+03	1.482241E-17	1.597659E-18
5.200000E+03	1.485376E-17	1.599595E-18
5.210000E+03	1.488237E-17	1.601251E-18
5.220000E+03	1.490827E-17	1.602635E-18
5.230000E+03	1.493134E-17	1.603739E-18
5.240000E+03	1.495162E-17	1.604573E-18
5.250000E+03	1.496899E-17	1.605130E-18
5.260000E+03	1.498364E-17	1.605436E-18
5.270000E+03	1.499548E-17	1.605484E-18
5.280000E+03	1.500456E-17	1.605286E-18
5.290000E+03	1.501094E-17	1.604853E-18
5.300000E+03	1.501453E-17	1.604178E-18
5.310000E+03	1.501540E-17	1.603274E-18
5.320000E+03	1.501364E-17	1.602150E-18
5.330000E+03	1.500932E-17	1.600818E-18
5.340000E+03	1.500237E-17	1.599273E-18
5.350000E+03	1.499304E-17	1.597542E-18
5.360000E+03	1.498143E-17	1.595634E-18
5.370000E+03	1.496763E-17	1.593562E-18
5.380000E+03	1.495160E-17	1.591318E-18
5.390000E+03	1.493377E-17	1.588946E-18
5.400000E+03	1.491408E-17	1.586440E-18
5.410000E+03	1.489296E-17	1.583841E-18
5.420000E+03	1.487040E-17	1.581144E-18
5.430000E+03	1.484665E-17	1.578374E-18
5.440000E+03	1.482187E-17	1.575541E-18
5.450000E+03	1.479648E-17	1.572686E-18
5.460000E+03	1.477047E-17	1.569804E-18
5.470000E+03	1.474384E-17	1.566888E-18
5.480000E+03	1.471645E-17	1.563917E-18
5.490000E+03	1.468843E-17	1.560901E-18
5.500000E+03	1.465965E-17	1.557819E-18
5.510000E+03	1.463013E-17	1.554666E-18
5.520000E+03	1.459986E-17	1.551437E-18
5.530000E+03	1.456886E-17	1.548126E-18
5.540000E+03	1.453714E-17	1.544730E-18
5.550000E+03	1.450487E-17	1.541258E-18
5.560000E+03	1.447205E-17	1.537708E-18
5.570000E+03	1.443900E-17	1.534105E-18
5.580000E+03	1.440556E-17	1.530429E-18
5.590000E+03	1.437220E-17	1.526723E-18
5.600000E+03	1.433876E-17	1.522967E-18
5.610000E+03	1.430554E-17	1.519187E-18
5.620000E+03	1.427282E-17	1.515409E-18
5.630000E+03	1.424046E-17	1.511613E-18
5.640000E+03	1.420902E-17	1.507856E-18
5.650000E+03	1.417848E-17	1.504133E-18
5.660000E+03	1.414881E-17	1.500436E-18
5.670000E+03	1.412056E-17	1.496822E-18
5.680000E+03	1.409356E-17	1.493268E-18
5.690000E+03	1.406804E-17	1.489798E-18
5.700000E+03	1.404424E-17	1.486435E-18
5.710000E+03	1.402225E-17	1.483186E-18
5.720000E+03	1.400215E-17	1.480057E-18
5.730000E+03	1.398401E-17	1.477054E-18
5.740000E+03	1.396805E-17	1.474198E-18
5.750000E+03	1.395446E-17	1.471510E-18
5.760000E+03	1.394302E-17	1.468961E-18
5.770000E+03	1.393421E-17	1.466604E-18
5.780000E+03	1.392777E-17	1.464409E-18
5.790000E+03	1.392405E-17	1.462410E-18
5.800000E+03	1.392291E-17	1.460595E-18
5.810000E+03	1.392455E-17	1.458981E-18
5.820000E+03	1.392897E-17	1.457569E-18
5.830000E+03	1.393635E-17	1.456376E-18
5.840000E+03	1.394654E-17	1.455387E-18
5.850000E+03	1.395957E-17	1.454604E-18
5.860000E+03	1.397558E-17	1.454041E-18
5.870000E+03	1.399473E-17	1.453715E-18
5.880000E+03	1.401672E-17	1.453594E-18
5.890000E+03	1.404184E-17	1.453710E-18
5.900000E+03	1.406993E-17	1.454047E-18
5.910000E+03	1.410114E-17	1.454620E-18
5.920000E+03	1.413545E-17	1.455430E-18
5.930000E+03	1.417270E-17	1.456460E-18
5.940000E+03	1.421301E-17	1.457727E-18
5.950000E+03	1.425637E-17	1.459229E-18
5.960000E+03	1.430260E-17	1.460952E-18
5.970000E+03	1.435198E-17	1.462928E-18
5.980000E+03	1.440416E-17	1.465124E-18
5.990000E+03	1.445928E-17	1.467559E-18
6.000000E+03	1.451730E-17	1.470232E-18
6.010000E+03	1.457801E-17	1.473129E-18
6.020000E+03	1.464155E-17	1.476267E-18
6.030000E+03	1.470751E-17	1.479614E-18
6.040000E+03	1.477621E-17	1.483205E-18
6.050000E+03	1.484723E-17	1.487009E-18
6.060000E+03	1.492070E-17	1.491044E-18
6.070000E+03	1.499639E-17	1.495294E-18
6.080000E+03	1.507422E-17	1.499762E-18
6.090000E+03	1.515395E-17	1.504432E-18
6.100000E+03	1.523533E-17	1.509286E-18
6.110000E+03	1.531844E-17	1.514345E-18
6.120000E+03	1.540265E-17	1.519554E-18
6.130000E+03	1.548805E-17	1.524931E-18
6.140000E+03	1.557415E-17	1.530438E-18
6.150000E+03	1.566084E-17	1.536073E-18
6.160000E+03	1.574722E-17	1.541757E-18
6.170000E+03	1.583334E-17	1.547504E-18
6.180000E+03	1.591846E-17	1.553250E-18
6.190000E+03	1.600219E-17	1.558965E-18
6.200000E+03	1.608396E-17	1.564599E-18
6.210000E+03	1.616396E-17	1.570178E-18
6.220000E+03	1.624261E-17	1.575747E-18
6.230000E+03	1.632036E-17	1.581353E-18
6.240000E+03	1.639768E-17	1.587043E-18
6.250000E+03	1.647440E-17	1.592804E-18
6.260000E+03	1.655146E-17	1.598723E-18
6.270000E+03	1.662851E-17	1.604767E-18
6.280000E+03	1.670609E-17	1.610983E-18
6.290000E+03	1.678453E-17	1.617401E-18
6.300000E+03	1.686351E-17	1.623984E-18
6.310000E+03	1.694337E-17	1.630760E-18
6.320000E+03	1.702425E-17	1.637737E-18
6.330000E+03	1.710631E-17	1.644921E-18
6.340000E+03	1.718922E-17	1.652277E-18
6.350000E+03	1.727314E-17	1.659811E-18
6.360000E+03	1.735798E-17	1.667508E-18
6.370000E+03	1.744368E-17	1.675353E-18
6.380000E+03	1.752991E-17	1.683309E-18
6.390000E+03	1.761633E-17	1.691336E-18
6.400000E+03	1.770261E-17	1.699393E-18
6.410000E+03	1.778865E-17	1.707467E-18
6.420000E+03	1.787410E-17	1.715516E-18
6.430000E+03	1.795808E-17	1.723451E-18
6.440000E+03	1.804127E-17	1.731330E-18
6.450000E+03	1.812358E-17	1.739141E-18
6.460000E+03	1.820521E-17	1.746898E-18
6.470000E+03	1.828665E-17	1.754642E-18
6.480000E+03	1.836759E-17	1.762341E-18
6.490000E+03	1.844854E-17	1.770039E-18
6.500000E+03	1.852950E-17	1.777734E-18
6.510000E+03	1.861076E-17	1.785450E-18
6.520000E+03	1.869176E-17	1.793129E-18
6.530000E+03	1.877338E-17	1.800855E-18
6.540000E+03	1.885509E-17	1.808572E-18
6.550000E+03	1.893722E-17	1.816311E-18
6.560000E+03	1.901983E-17	1.824073E-18
6.570000E+03	1.910268E-17	1.831834E-18
6.580000E+03	1.918614E-17	1.839626E-18
6.590000E+03	1.927030E-17	1.847454E-18
6.600000E+03	1.935491E-17	1.855294E-18
6.610000E+03	1.944008E-17	1.863150E-18
6.620000E+03	1.952589E-17	1.871027E-18
6.630000E+03	1.961275E-17	1.878963E-18
6.640000E+03	1.970012E-17	1.886901E-18
6.650000E+03	1.978841E-17	1.894877E-18
6.660000E+03	1.987773E-17	1.902898E-18
6.670000E+03	1.996784E-17	1.910937E-18
6.680000E+03	2.005917E-17	1.919031E-18
6.690000E+03	2.015148E-17	1.927154E-18
6.700000E+03	2.024521E-17	1.935344E-18
6.710000E+03	2.033975E-17	1.943539E-18
6.720000E+03	2.043553E-17	1.951777E-18
6.730000E+03	2.053300E-17	1.960097E-18
6.740000E+03	2.063151E-17	1.968435E-18
6.750000E+03	2.073151E-17	1.976830E-18
6.760000E+03	2.083269E-17	1.985251E-18
6.770000E+03	2.093548E-17	1.993737E-18
6.780000E+03	2.103956E-17	2.002257E-18
6.790000E+03	2.114499E-17	2.010814E-18
6.800000E+03	2.125219E-17	2.019448E-18
6.810000E+03	2.136042E-17	2.028090E-18
6.820000E+03	2.147050E-17	2.036818E-18
6.830000E+03	2.158168E-17	2.045561E-18
6.840000E+03	2.169474E-17	2.054397E-18
6.850000E+03	2.180893E-17	2.063255E-18
6.860000E+03	2.192424E-17	2.072138E-18
6.870000E+03	2.204107E-17	2.081088E-18
6.880000E+03	2.215942E-17	2.090107E-18
6.890000E+03	2.227846E-17	2.099122E-18
6.900000E+03	2.239900E-17	2.108214E-18
6.910000E+03	2.252060E-17	2.117346E-18
6.920000E+03	2.264366E-17	2.126561E-18
6.930000E+03	2.276730E-17	2.135781E-18
6.940000E+03	2.289191E-17	2.145049E-18
6.950000E+03	2.301746E-17	2.154364E-18
6.960000E+03	2.314346E-17	2.163689E-18
6.970000E+03	2.327031E-17	2.173064E-18
6.980000E+03	2.339797E-17	2.182489E-18
6.990000E+03	2.352595E-17	2.191922E-18
7.000000E+03	2.365418E-17	2.201361E-18
7.010000E+03	2.378261E-17	2.210803E-18
7.020000E+03	2.391166E-17	2.220288E-18
7.030000E+03	2.404034E-17	2.229726E-18
7.040000E+03	2.416954E-17	2.239199E-18
7.050000E+03	2.429826E-17	2.248613E-18
7.060000E+03	2.442691E-17	2.258007E-18
7.070000E+03	2.455498E-17	2.267326E-18
7.080000E+03	2.468288E-17	2.276608E-18
7.090000E+03	2.481059E-17	2.285845E-18
7.100000E+03	2.493756E-17	2.294980E-18
7.110000E+03	2.506323E-17	2.303956E-18
7.120000E+03	2.518857E-17	2.312855E-18
7.130000E+03	2.531304E-17	2.321620E-18
7.140000E+03	2.543660E-17	2.330237E-18
7.150000E+03	2.555922E-17	2.338696E-18
7.160000E+03	2.568035E-17	2.346937E-18
7.170000E+03	2.580047E-17	2.354995E-18
7.180000E+03	2.591903E-17	2.362810E-18
7.190000E+03	2.603601E-17	2.370371E-18
7.200000E+03	2.615191E-17	2.377717E-18
7.210000E+03	2.626620E-17	2.384788E-18
7.220000E+03	2.637940E-17	2.391626E-18
7.230000E+03	2.649040E-17	2.398121E-18
7.240000E+03	2.659974E-17	2.404317E-18
7.250000E+03	2.670742E-17	2.410209E-18
7.260000E+03	2.681344E-17	2.415791E-18
7.270000E+03	2.691780E-17	2.421061E-18
7.280000E+03	2.702052E-17	2.426018E-18
7.290000E+03	2.712102E-17	2.430609E-18
7.300000E+03	2.721990E-17	2.434888E-18
7.310000E+03	2.731718E-17	2.438859E-18
7.320000E+03	2.741290E-17	2.442526E-18
7.330000E+03	2.750650E-17	2.445844E-18
7.340000E+03	2.759859E-17	2.448873E-18
7.350000E+03	2.768985E-17	2.451680E-18
7.360000E+03	2.777912E-17	2.454168E-18
7.370000E+03	2.786706E-17	2.456405E-18
7.380000E+03	2.795374E-17	2.458408E-18
7.390000E+03	2.803986E-17	2.460249E-18
7.400000E+03	2.812490E-17	2.461893E-18
7.410000E+03	2.820957E-17	2.463418E-18
7.420000E+03	2.829463E-17	2.464903E-18
7.430000E+03	2.837957E-17	2.466319E-18
7.440000E+03	2.846579E-17	2.467805E-18
7.450000E+03	2.855217E-17	2.469279E-18
7.460000E+03	2.863949E-17	2.470830E-18
7.470000E+03	2.872726E-17	2.472433E-18
7.480000E+03	2.881627E-17	2.474180E-18
7.490000E+03	2.890537E-17	2.475994E-18
7.500000E+03	2.899537E-17	2.477967E-18
7.510000E+03	2.908642E-17	2.480137E-18
7.520000E+03	2.917799E-17	2.482487E-18
7.530000E+03	2.927161E-17	2.485170E-18
7.540000E+03	2.936606E-17	2.488112E-18
7.550000E+03	2.946216E-17	2.491411E-18
7.560000E+03	2.955936E-17	2.495049E-18
7.570000E+03	2.965850E-17	2.499122E-18
7.580000E+03	2.975898E-17	2.503611E-18
7.590000E+03	2.986163E-17	2.508612E-18
7.600000E+03	2.996583E-17	2.514099E-18
7.610000E+03	3.007166E-17	2.520106E-18
7.620000E+03	3.017992E-17	2.526721E-18
7.630000E+03	3.028992E-17	2.533909E-18
7.640000E+03	3.040172E-17	2.541692E-18
7.650000E+03	3.051605E-17	2.550147E-18
7.660000E+03	3.063217E-17	2.559224E-18
7.670000E+03	3.075082E-17	2.568990E-18
7.680000E+03	3.087044E-17	2.579317E-18
7.690000E+03	3.099246E-17	2.590323E-18
7.700000E+03	3.111682E-17	2.601996E-18
7.710000E+03	3.124264E-17	2.614255E-18
7.720000E+03	3.137057E-17	2.627143E-18
7.730000E+03	3.149969E-17	2.640566E-18
7.740000E+03	3.162983E-17	2.654494E-18
7.750000E+03	3.176159E-17	2.668959E-18
7.760000E+03	3.189478E-17	2.683923E-18
7.770000E+03	3.202921E-17	2.699349E-18
7.780000E+03	3.216384E-17	2.715124E-18
7.790000E+03	3.229922E-17	2.731274E-18
7.800000E+03	3.243512E-17	2.747753E-18
7.810000E+03	3.257129E-17	2.764517E-18
7.820000E+03	3.270745E-17	2.781518E-18
7.830000E+03	3.284333E-17	2.798711E-18
7.840000E+03	3.297951E-17	2.816122E-18
7.850000E+03	3.311486E-17	2.833634E-18
7.860000E+03	3.324909E-17	2.851203E-18
7.870000E+03	3.338192E-17	2.868783E-18
7.880000E+03	3.351483E-17	2.886486E-18
7.890000E+03	3.364580E-17	2.904122E-18
7.900000E+03	3.377544E-17	2.921727E-18
7.910000E+03	3.390260E-17	2.939190E-18
7.920000E+03	3.402884E-17	2.956633E-18
7.930000E+03	3.415394E-17	2.974027E-18
7.940000E+03	3.427587E-17	2.991185E-18
7.950000E+03	3.439717E-17	3.008322E-18
7.960000E+03	3.451675E-17	3.025334E-18
7.970000E+03	3.463446E-17	3.042203E-18
7.980000E+03	3.475110E-17	3.058993E-18
7.990000E+03	3.486560E-17	3.075605E-18
8.000000E+03	3.497689E-17	3.091943E-18
8.010000E+03	3.508681E-17	3.108161E-18
8.020000E+03	3.519238E-17	3.123994E-18
8.030000E+03	3.529645E-17	3.139689E-18
8.040000E+03	3.539607E-17	3.154980E-18
8.050000E+03	3.549316E-17	3.170033E-18
8.060000E+03	3.558575E-17	3.184668E-18
8.070000E+03	3.567583E-17	3.199056E-18
8.080000E+03	3.576145E-17	3.213018E-18
8.090000E+03	3.584366E-17	3.226641E-18
8.100000E+03	3.592153E-17	3.239834E-18
8.110000E+03	3.599613E-17	3.252688E-18
8.120000E+03	3.606757E-17	3.265206E-18
8.130000E+03	3.613396E-17	3.277208E-18
8.140000E+03	3.619744E-17	3.288879E-18
8.150000E+03	3.625715E-17	3.300135E-18
8.160000E+03	3.631323E-17	3.310980E-18
8.170000E+03	3.636484E-17	3.321329E-18
8.180000E+03	3.641420E-17	3.331377E-18
8.190000E+03	3.645945E-17	3.340946E-18
8.200000E+03	3.650181E-17	3.350142E-18
8.210000E+03	3.654149E-17	3.358976E-18
8.220000E+03	3.657766E-17	3.367368E-18
8.230000E+03	3.661054E-17	3.375330E-18
8.240000E+03	3.664138E-17	3.382975E-18
8.250000E+03	3.667041E-17	3.390322E-18
8.260000E+03	3.669576E-17	3.397193E-18
8.270000E+03	3.671976E-17	3.403803E-18
8.280000E+03	3.674158E-17	3.410076E-18
8.290000E+03	3.676144E-17	3.416032E-18
8.300000E+03	3.677957E-17	3.421694E-18
8.310000E+03	3.679620E-17	3.427086E-18
8.320000E+03	3.681154E-17	3.432231E-18
8.330000E+03	3.682581E-17	3.437156E-18
8.340000E+03	3.683922E-17	3.441886E-18
8.350000E+03	3.685198E-17	3.446447E-18
8.360000E+03	3.686322E-17	3.450765E-18
8.370000E+03	3.687422E-17	3.454968E-18
8.380000E+03	3.688516E-17	3.459082E-18
8.390000E+03	3.689515E-17	3.463033E-18
8.400000E+03	3.690546E-17	3.466950E-18
8.410000E+03	3.691517E-17	3.470758E-18
8.420000E+03	3.692553E-17	3.474584E-18
8.430000E+03	3.693562E-17	3.478351E-18
8.440000E+03	3.694558E-17	3.482086E-18
8.450000E+03	3.695667E-17	3.485915E-18
8.460000E+03	3.696792E-17	3.489758E-18
8.470000E+03	3.697947E-17	3.493638E-18
8.480000E+03	3.699145E-17	3.497576E-18
8.490000E+03	3.700397E-17	3.501591E-18
8.500000E+03	3.701717E-17	3.505704E-18
8.510000E+03	3.703002E-17	3.509827E-18
8.520000E+03	3.704488E-17	3.514186E-18
8.530000E+03	3.706072E-17	3.518691E-18
8.540000E+03	3.707654E-17	3.523250E-18
8.550000E+03	3.709353E-17	3.527980E-18
8.560000E+03	3.711067E-17	3.532787E-18
8.570000E+03	3.712918E-17	3.537785E-18
8.580000E+03	3.714799E-17	3.542876E-18
8.590000E+03	3.716834E-17	3.548173E-18
8.600000E+03	3.718915E-17	3.553574E-18
8.610000E+03	3.721050E-17	3.559081E-18
8.620000E+03	3.723247E-17	3.564698E-18
8.630000E+03	3.725512E-17	3.570425E-18
8.640000E+03	3.727966E-17	3.576373E-18
8.650000E+03	3.730387E-17	3.582320E-18
8.660000E+03	3.732894E-17	3.588376E-18
8.670000E+03	3.735378E-17	3.594425E-18
8.680000E+03	3.738077E-17	3.600689E-18
8.690000E+03	3.740645E-17	3.606827E-18
8.700000E+03	3.743440E-17	3.613173E-18
8.710000E+03	3.746112E-17	3.619382E-18
8.720000E+03	3.748902E-17	3.625677E-18
8.730000E+03	3.751575E-17	3.631822E-18
8.740000E+03	3.754372E-17	3.638044E-18
8.750000E+03	3.757178E-17	3.644221E-18
8.760000E+03	3.759872E-17	3.650231E-18
8.770000E+03	3.762456E-17	3.656068E-18
8.780000E+03	3.765051E-17	3.661844E-18
8.790000E+03	3.767534E-17	3.667436E-18
8.800000E+03	3.769904E-17	3.672839E-18
8.810000E+03	3.772159E-17	3.678048E-18
8.820000E+03	3.774170E-17	3.682936E-18
8.830000E+03	3.775933E-17	3.687497E-18
8.840000E+03	3.777440E-17	3.691725E-18
8.850000E+03	3.778556E-17	3.695491E-18
8.860000E+03	3.779529E-17	3.699038E-18
8.870000E+03	3.780220E-17	3.702236E-18
8.880000E+03	3.780881E-17	3.705334E-18
8.890000E+03	3.781373E-17	3.708206E-18
8.900000E+03	3.781820E-17	3.710977E-18
8.910000E+03	3.782080E-17	3.713517E-18
8.920000E+03	3.782543E-17	3.716217E-18
8.930000E+03	3.782935E-17	3.718817E-18
8.940000E+03	3.783382E-17	3.721451E-18
8.950000E+03	3.784012E-17	3.724253E-18
8.960000E+03	3.784683E-17	3.727093E-18
8.970000E+03	3.785384E-17	3.729972E-18
8.980000E+03	3.786246E-17	3.733026E-18
8.990000E+03	3.787262E-17	3.736257E-18
9.000000E+03	3.788423E-17	3.739666E-18
9.040000E+03	3.794794E-17	3.755506E-18
9.080000E+03	3.804170E-17	3.775374E-18
9.120000E+03	3.817291E-17	3.800167E-18
9.160000E+03	3.834384E-17	3.830046E-18
9.200000E+03	3.856083E-17	3.865397E-18
9.240000E+03	3.882785E-17	3.906289E-18
9.280000E+03	3.914749E-17	3.952672E-18
9.320000E+03	3.952205E-17	4.004590E-18
9.360000E+03	3.995119E-17	4.062029E-18
9.400000E+03	4.043133E-17	4.124892E-18
9.440000E+03	4.095966E-17	4.193404E-18
9.480000E+03	4.152810E-17	4.267446E-18
9.520000E+03	4.212528E-17	4.346646E-18
9.560000E+03	4.274681E-17	4.431326E-18
9.600000E+03	4.338164E-17	4.521011E-18
9.640000E+03	4.401917E-17	4.615158E-18
9.680000E+03	4.465554E-17	4.713930E-18
9.720000E+03	4.527664E-17	4.816671E-18
9.760000E+03	4.588477E-17	4.925104E-18
9.800000E+03	4.646490E-17	5.040251E-18
9.840000E+03	4.702272E-17	5.167049E-18
9.880000E+03	4.755181E-17	5.311343E-18
9.920000E+03	4.805337E-17	5.482311E-18
9.960000E+03	4.851724E-17	5.690226E-18
1.000000E+04	4.894840E-17	5.948742E-18
1.004000E+04	4.933964E-17	6.270385E-18
1.008000E+04	4.969598E-17	6.667676E-18
1.012000E+04	5.000467E-17	7.147470E-18
1.016000E+04	5.026554E-17	7.713508E-18
1.020000E+04	5.047858E-17	8.364517E-18
1.024000E+04	5.063395E-17	9.092961E-18
1.028000E+04	5.073657E-17	9.890220E-18
1.032000E+04	5.077130E-17	1.074167E-17
