#wls	flux	fluxerr
3.289393E+03	2.378546E-18	1.199593E-19
3.329393E+03	2.489517E-18	1.121493E-19
3.369393E+03	2.609381E-18	1.053509E-19
3.409393E+03	2.738917E-18	9.995768E-20
3.449393E+03	2.878912E-18	9.633193E-20
3.489393E+03	3.030131E-18	9.468383E-20
3.529393E+03	3.193299E-18	9.495140E-20
3.569393E+03	3.369077E-18	9.678999E-20
3.609393E+03	3.558030E-18	9.972258E-20
3.649393E+03	3.760602E-18	1.033489E-19
3.689393E+03	3.977097E-18	1.075300E-19
3.729393E+03	4.207676E-18	1.125101E-19
3.769393E+03	4.452374E-18	1.189409E-19
3.809393E+03	4.711157E-18	1.277548E-19
3.849393E+03	4.984012E-18	1.398554E-19
3.889393E+03	5.271081E-18	1.557428E-19
3.929393E+03	5.572681E-18	1.753981E-19
3.969393E+03	5.889279E-18	1.984056E-19
4.009393E+03	6.221456E-18	2.241319E-19
4.049393E+03	6.569886E-18	2.518612E-19
4.089393E+03	6.935326E-18	2.808658E-19
4.129393E+03	7.318618E-18	3.104313E-19
4.169393E+03	7.720700E-18	3.398607E-19
4.209393E+03	8.142615E-18	3.684703E-19
4.249393E+03	8.585525E-18	3.955837E-19
4.289393E+03	9.050719E-18	4.205281E-19
4.329393E+03	9.539611E-18	4.426318E-19
4.369393E+03	1.005374E-17	4.612258E-19
4.409393E+03	1.059474E-17	4.756503E-19
4.449393E+03	1.116429E-17	4.852688E-19
4.489393E+03	1.176408E-17	4.894982E-19
4.529393E+03	1.239566E-17	4.878599E-19
4.569393E+03	1.306037E-17	4.800714E-19
4.609393E+03	1.375909E-17	4.662007E-19
4.649393E+03	1.449207E-17	4.469286E-19
4.689393E+03	1.525862E-17	4.239771E-19
4.729393E+03	1.605683E-17	4.007381E-19
4.769393E+03	1.688330E-17	3.829235E-19
4.809393E+03	1.773300E-17	3.783915E-19
4.849393E+03	1.859945E-17	3.945357E-19
4.889393E+03	1.947597E-17	4.331954E-19
4.929393E+03	2.035585E-17	4.899468E-19
4.969393E+03	2.123160E-17	5.582061E-19
5.009393E+03	2.209477E-17	6.320155E-19
5.049393E+03	2.293611E-17	7.068468E-19
5.089393E+03	2.374575E-17	7.795008E-19
5.129393E+03	2.451350E-17	8.478343E-19
5.169393E+03	2.522927E-17	9.105271E-19
5.209393E+03	2.588342E-17	9.669058E-19
5.249393E+03	2.646729E-17	1.016793E-18
5.289393E+03	2.697374E-17	1.060361E-18
5.329393E+03	2.739769E-17	1.097986E-18
5.369393E+03	2.773673E-17	1.130119E-18
5.409393E+03	2.799151E-17	1.157178E-18
5.449393E+03	2.816597E-17	1.179482E-18
5.489393E+03	2.826736E-17	1.197225E-18
5.529393E+03	2.830588E-17	1.210497E-18
5.569393E+03	2.829424E-17	1.219332E-18
5.609393E+03	2.824691E-17	1.223773E-18
5.649393E+03	2.817940E-17	1.223918E-18
5.689393E+03	2.810749E-17	1.219946E-18
5.729393E+03	2.804663E-17	1.212110E-18
5.769393E+03	2.801149E-17	1.200708E-18
5.809393E+03	2.801571E-17	1.186048E-18
5.849393E+03	2.807174E-17	1.168408E-18
5.889393E+03	2.819080E-17	1.147990E-18
5.929393E+03	2.838275E-17	1.124881E-18
5.969393E+03	2.865599E-17	1.099019E-18
6.009393E+03	2.901713E-17	1.070159E-18
6.049393E+03	2.947057E-17	1.037836E-18
6.089393E+03	3.001778E-17	1.001337E-18
6.129393E+03	3.065634E-17	9.597033E-19
6.169393E+03	3.137862E-17	9.118122E-19
6.209393E+03	3.217033E-17	8.566136E-19
6.249393E+03	3.300919E-17	7.936391E-19
6.289393E+03	3.386416E-17	7.239674E-19
6.329393E+03	3.469594E-17	6.519088E-19
6.369393E+03	3.545895E-17	5.874478E-19
6.409393E+03	3.610564E-17	5.476893E-19
6.449393E+03	3.659417E-17	5.506742E-19
6.489393E+03	3.690533E-17	5.971927E-19
6.529393E+03	3.704726E-17	6.688694E-19
6.569393E+03	3.704186E-17	7.466442E-19
6.609393E+03	3.691794E-17	8.184153E-19
6.649393E+03	3.670697E-17	8.782934E-19
6.689393E+03	3.643980E-17	9.243942E-19
6.729393E+03	3.614427E-17	9.571388E-19
6.769393E+03	3.584372E-17	9.781297E-19
6.809393E+03	3.555624E-17	9.894269E-19
6.849393E+03	3.529442E-17	9.931148E-19
6.889393E+03	3.506569E-17	9.910899E-19
6.929393E+03	3.487290E-17	9.849977E-19
6.969393E+03	3.471515E-17	9.762347E-19
7.009393E+03	3.458875E-17	9.659508E-19
7.049393E+03	3.448825E-17	9.550227E-19
7.089393E+03	3.440751E-17	9.440098E-19
7.129393E+03	3.434090E-17	9.331272E-19
7.169393E+03	3.428443E-17	9.222766E-19
7.209393E+03	3.423682E-17	9.111428E-19
7.249393E+03	3.420052E-17	8.993291E-19
7.289393E+03	3.418268E-17	8.864770E-19
7.329393E+03	3.419611E-17	8.723296E-19
7.369393E+03	3.426024E-17	8.567290E-19
7.409393E+03	3.440201E-17	8.395716E-19
7.449393E+03	3.465633E-17	8.207540E-19
7.489393E+03	3.506572E-17	8.001291E-19
7.529393E+03	3.567878E-17	7.774827E-19
7.569393E+03	3.654666E-17	7.525291E-19
7.609393E+03	3.771605E-17	7.249153E-19
7.649393E+03	3.921618E-17	6.942323E-19
7.689393E+03	4.103551E-17	6.600440E-19
7.729393E+03	4.309439E-17	6.230237E-19
7.769393E+03	4.524892E-17	5.901335E-19
7.809393E+03	4.731100E-17	5.797037E-19
7.849393E+03	4.908683E-17	6.143998E-19
7.889393E+03	5.044714E-17	6.943595E-19
7.929393E+03	5.134987E-17	7.964632E-19
7.969393E+03	5.181065E-17	8.982449E-19
8.009393E+03	5.188226E-17	9.863523E-19
8.049393E+03	5.163818E-17	1.055366E-18
8.089393E+03	5.115937E-17	1.104942E-18
8.129393E+03	5.052453E-17	1.137431E-18
8.169393E+03	4.980396E-17	1.156213E-18
8.209393E+03	4.905652E-17	1.164723E-18
8.249393E+03	4.832893E-17	1.165984E-18
8.289393E+03	4.765647E-17	1.162488E-18
8.329393E+03	4.706425E-17	1.156245E-18
8.369393E+03	4.656848E-17	1.148881E-18
8.409393E+03	4.617767E-17	1.141690E-18
8.449393E+03	4.589385E-17	1.135650E-18
8.489393E+03	4.571400E-17	1.131417E-18
8.529393E+03	4.563149E-17	1.129287E-18
8.569393E+03	4.563758E-17	1.129157E-18
8.609393E+03	4.572263E-17	1.130494E-18
8.649393E+03	4.587697E-17	1.132352E-18
8.689393E+03	4.609160E-17	1.133440E-18
8.729393E+03	4.635839E-17	1.132194E-18
8.769393E+03	4.667023E-17	1.126847E-18
8.809393E+03	4.702086E-17	1.115444E-18
8.849393E+03	4.740458E-17	1.095853E-18
8.889393E+03	4.781575E-17	1.065755E-18
8.929393E+03	4.824797E-17	1.022715E-18
8.969393E+03	4.869302E-17	9.644616E-19
9.009393E+03	4.913981E-17	8.896197E-19
9.049393E+03	4.957377E-17	7.992666E-19
9.089393E+03	4.997695E-17	7.000189E-19
9.129393E+03	5.032914E-17	6.095361E-19
9.169393E+03	5.061036E-17	5.612130E-19
9.209393E+03	5.080653E-17	5.871046E-19
9.249393E+03	5.091963E-17	6.760409E-19
9.289393E+03	5.096257E-17	7.913899E-19
9.329393E+03	5.095022E-17	9.060922E-19
9.369393E+03	5.089612E-17	1.005972E-18
9.409393E+03	5.081138E-17	1.084594E-18
9.449393E+03	5.070476E-17	1.139683E-18
9.489393E+03	5.058325E-17	1.171159E-18
9.529393E+03	5.045296E-17	1.179964E-18
9.569393E+03	5.032003E-17	1.167285E-18
9.609393E+03	5.019167E-17	1.134070E-18
9.649393E+03	5.007709E-17	1.080864E-18
9.689393E+03	4.998854E-17	1.008037E-18
9.729393E+03	4.994231E-17	9.165381E-19
9.769393E+03	4.995963E-17	8.094040E-19
9.809393E+03	5.006681E-17	6.947404E-19
9.849393E+03	5.029396E-17	5.914410E-19
9.889393E+03	5.067173E-17	5.352482E-19
9.929393E+03	5.122470E-17	5.614371E-19
9.969393E+03	5.196190E-17	6.566055E-19
1.000939E+04	5.287899E-17	7.789923E-19
1.004939E+04	5.396510E-17	8.980218E-19
1.008939E+04	5.520597E-17	9.961224E-19
1.012939E+04	5.658479E-17	1.062580E-18
1.016939E+04	5.808140E-17	1.090068E-18
1.020939E+04	5.966997E-17	1.073387E-18
1.024939E+04	6.131591E-17	1.009598E-18
1.028939E+04	6.297298E-17	8.997622E-19
1.032939E+04	6.458247E-17	7.541978E-19
1.036939E+04	6.607691E-17	6.074509E-19
1.040939E+04	6.739080E-17	5.457691E-19
1.044939E+04	6.848006E-17	6.501340E-19
1.048939E+04	6.933913E-17	8.626367E-19
1.052939E+04	6.999023E-17	1.106615E-18
1.056939E+04	7.046786E-17	1.348639E-18
1.060939E+04	7.080857E-17	1.577274E-18
1.064939E+04	7.104533E-17	1.789511E-18
1.068939E+04	7.120546E-17	1.985265E-18
1.072939E+04	7.131061E-17	2.165087E-18
1.076939E+04	7.137764E-17	2.329306E-18
1.080939E+04	7.141960E-17	2.477839E-18
1.084939E+04	7.144654E-17	2.610223E-18
1.088939E+04	7.146607E-17	2.725684E-18
1.092939E+04	7.148379E-17	2.823201E-18
1.096939E+04	7.150357E-17	2.901530E-18
1.100939E+04	7.152779E-17	2.959230E-18
1.104939E+04	7.155741E-17	2.994687E-18
1.108939E+04	7.159207E-17	3.006139E-18
1.112939E+04	7.163001E-17	2.991724E-18
1.116939E+04	7.166806E-17	2.949544E-18
1.120939E+04	7.170154E-17	2.877754E-18
1.124939E+04	7.172415E-17	2.774686E-18
1.128939E+04	7.172787E-17	2.639011E-18
1.132939E+04	7.170298E-17	2.469968E-18
1.136939E+04	7.163811E-17	2.267683E-18
1.140939E+04	7.152050E-17	2.033669E-18
1.144939E+04	7.133648E-17	1.771674E-18
1.148939E+04	7.107241E-17	1.489352E-18
1.152939E+04	7.071616E-17	1.202026E-18
1.156939E+04	7.025949E-17	9.417264E-19
1.160939E+04	6.970077E-17	7.730192E-19
1.164939E+04	6.904489E-17	7.726080E-19
1.168939E+04	6.829396E-17	9.183216E-19
1.172939E+04	6.745040E-17	1.119943E-18
1.176939E+04	6.652383E-17	1.321191E-18
1.180939E+04	6.552931E-17	1.498939E-18
1.184939E+04	6.448444E-17	1.645009E-18
1.188939E+04	6.340716E-17	1.757339E-18
1.192939E+04	6.231421E-17	1.836285E-18
1.196939E+04	6.122001E-17	1.883007E-18
1.200939E+04	6.013584E-17	1.898800E-18
1.204939E+04	5.906941E-17	1.884875E-18
1.208939E+04	5.802461E-17	1.842350E-18
1.212939E+04	5.700171E-17	1.772359E-18
1.216939E+04	5.599775E-17	1.676234E-18
1.220939E+04	5.500721E-17	1.555783E-18
1.224939E+04	5.402282E-17	1.413733E-18
1.228939E+04	5.303639E-17	1.254513E-18
1.232939E+04	5.203992E-17	1.085746E-18
1.236939E+04	5.102659E-17	9.211579E-19
1.240939E+04	4.999184E-17	7.853693E-19
1.244939E+04	4.893415E-17	7.155804E-19
1.248939E+04	4.785546E-17	7.405850E-19
1.252939E+04	4.676070E-17	8.448332E-19
1.256939E+04	4.565779E-17	9.886604E-19
1.260939E+04	4.455730E-17	1.142345E-18
1.264939E+04	4.347146E-17	1.289965E-18
1.268939E+04	4.241305E-17	1.424053E-18
1.272939E+04	4.139443E-17	1.541669E-18
1.276939E+04	4.042684E-17	1.642310E-18
1.280939E+04	3.951999E-17	1.726823E-18
1.284939E+04	3.868183E-17	1.796789E-18
1.288939E+04	3.791849E-17	1.854163E-18
1.292939E+04	3.723440E-17	1.901044E-18
1.296939E+04	3.663234E-17	1.939529E-18
1.300939E+04	3.611365E-17	1.971617E-18
1.304939E+04	3.567840E-17	1.999152E-18
1.308939E+04	3.532549E-17	2.023782E-18
1.312939E+04	3.505285E-17	2.046943E-18
1.316939E+04	3.485750E-17	2.069848E-18
1.320939E+04	3.473569E-17	2.093477E-18
1.324939E+04	3.468295E-17	2.118580E-18
1.328939E+04	3.469417E-17	2.145677E-18
1.332939E+04	3.476361E-17	2.175059E-18
1.336939E+04	3.488502E-17	2.206794E-18
1.340939E+04	3.505161E-17	2.240739E-18
1.344939E+04	3.525616E-17	2.276549E-18
1.348939E+04	3.549109E-17	2.313708E-18
1.352939E+04	3.574853E-17	2.351549E-18
1.356939E+04	3.602046E-17	2.389293E-18
1.360939E+04	3.629881E-17	2.426091E-18
1.364939E+04	3.657565E-17	2.461060E-18
1.368939E+04	3.684332E-17	2.493331E-18
1.372939E+04	3.709463E-17	2.522080E-18
1.376939E+04	3.732296E-17	2.546565E-18
1.380939E+04	3.752245E-17	2.566150E-18
1.384939E+04	3.768810E-17	2.580325E-18
1.388939E+04	3.781584E-17	2.588725E-18
1.392939E+04	3.790257E-17	2.591136E-18
1.396939E+04	3.794625E-17	2.587502E-18
1.400939E+04	3.794582E-17	2.577924E-18
1.404939E+04	3.790122E-17	2.562652E-18
1.408939E+04	3.781334E-17	2.542070E-18
1.412939E+04	3.768398E-17	2.516679E-18
1.416939E+04	3.751570E-17	2.487067E-18
1.420939E+04	3.731176E-17	2.453875E-18
1.424939E+04	3.707604E-17	2.417768E-18
1.428939E+04	3.681290E-17	2.379395E-18
1.432939E+04	3.652708E-17	2.339353E-18
1.436939E+04	3.622362E-17	2.298166E-18
1.440939E+04	3.590770E-17	2.256250E-18
1.444939E+04	3.558459E-17	2.213898E-18
1.448939E+04	3.525950E-17	2.171273E-18
1.452939E+04	3.493752E-17	2.128396E-18
1.456939E+04	3.462350E-17	2.085156E-18
1.460939E+04	3.432195E-17	2.041312E-18
1.464939E+04	3.403702E-17	1.996503E-18
1.468939E+04	3.377241E-17	1.950265E-18
1.472939E+04	3.353132E-17	1.902038E-18
1.476939E+04	3.331643E-17	1.851179E-18
1.480939E+04	3.312993E-17	1.796968E-18
1.484939E+04	3.297347E-17	1.738622E-18
1.488939E+04	3.284822E-17	1.675298E-18
1.492939E+04	3.275493E-17	1.606109E-18
1.496939E+04	3.269395E-17	1.530135E-18
1.500939E+04	3.266532E-17	1.446450E-18
1.504939E+04	3.266884E-17	1.354153E-18
1.508939E+04	3.270416E-17	1.252425E-18
1.512939E+04	3.277085E-17	1.140616E-18
1.516939E+04	3.286851E-17	1.018393E-18
1.520939E+04	3.299687E-17	8.860314E-19
1.524939E+04	3.315591E-17	7.450664E-19
1.528939E+04	3.334597E-17	5.999126E-19
1.532939E+04	3.356773E-17	4.624522E-19
1.536939E+04	3.382161E-17	3.639334E-19
1.540939E+04	3.410662E-17	3.589317E-19
1.544939E+04	3.442081E-17	4.528238E-19
1.548939E+04	3.476128E-17	5.911940E-19
1.552939E+04	3.512257E-17	7.382840E-19
1.556939E+04	3.549768E-17	8.790294E-19
1.560939E+04	3.587880E-17	1.006548E-18
1.564939E+04	3.625778E-17	1.117085E-18
1.568939E+04	3.662629E-17	1.208255E-18
1.572939E+04	3.697602E-17	1.278400E-18
1.576939E+04	3.729880E-17	1.326329E-18
1.580939E+04	3.758673E-17	1.351237E-18
1.584939E+04	3.783224E-17	1.352684E-18
1.588939E+04	3.802813E-17	1.330633E-18
1.592939E+04	3.816761E-17	1.285515E-18
1.596939E+04	3.824431E-17	1.218348E-18
1.600939E+04	3.825224E-17	1.130947E-18
1.604939E+04	3.818588E-17	1.026310E-18
1.608939E+04	3.804031E-17	9.093654E-19
1.612939E+04	3.781141E-17	7.884468E-19
1.616939E+04	3.749637E-17	6.778940E-19
1.620939E+04	3.709440E-17	6.007049E-19
1.624939E+04	3.660787E-17	5.832430E-19
1.628939E+04	3.604415E-17	6.322668E-19
1.632939E+04	3.541615E-17	7.256233E-19
1.636939E+04	3.473916E-17	8.370793E-19
1.640939E+04	3.402852E-17	9.496351E-19
1.644939E+04	3.329836E-17	1.054375E-18
1.648939E+04	3.256087E-17	1.147156E-18
1.652939E+04	3.182620E-17	1.226457E-18
1.656939E+04	3.110242E-17	1.292200E-18
1.660939E+04	3.039577E-17	1.345092E-18
1.664939E+04	2.971087E-17	1.386262E-18
1.668939E+04	2.905101E-17	1.417031E-18
1.672939E+04	2.841838E-17	1.438778E-18
1.676939E+04	2.781427E-17	1.452854E-18
1.680939E+04	2.723932E-17	1.460536E-18
1.684939E+04	2.669365E-17	1.462991E-18
1.688939E+04	2.617702E-17	1.461268E-18
1.692939E+04	2.568890E-17	1.456287E-18
1.696939E+04	2.522862E-17	1.448847E-18
1.700939E+04	2.479541E-17	1.439625E-18
1.704939E+04	2.438849E-17	1.429192E-18
1.708939E+04	2.400709E-17	1.418020E-18
1.712939E+04	2.365053E-17	1.406500E-18
1.716939E+04	2.331823E-17	1.394950E-18
1.720939E+04	2.300974E-17	1.383636E-18
1.724939E+04	2.272477E-17	1.372780E-18
1.728939E+04	2.246319E-17	1.362576E-18
1.732939E+04	2.222504E-17	1.353201E-18
1.736939E+04	2.201051E-17	1.344820E-18
1.740939E+04	2.181995E-17	1.337601E-18
1.744939E+04	2.165384E-17	1.331711E-18
1.748939E+04	2.151279E-17	1.327324E-18
1.752939E+04	2.139751E-17	1.324622E-18
1.756939E+04	2.130879E-17	1.323792E-18
1.760939E+04	2.124742E-17	1.325029E-18
1.764939E+04	2.121424E-17	1.328531E-18
1.768939E+04	2.121004E-17	1.334500E-18
1.772939E+04	2.123551E-17	1.343136E-18
1.776939E+04	2.129124E-17	1.354633E-18
1.780939E+04	2.137764E-17	1.369174E-18
1.784939E+04	2.149492E-17	1.386915E-18
1.788939E+04	2.164301E-17	1.407985E-18
1.792939E+04	2.182152E-17	1.432464E-18
1.796939E+04	2.202973E-17	1.460377E-18
1.800939E+04	2.226655E-17	1.491680E-18
1.804939E+04	2.253043E-17	1.526253E-18
1.808939E+04	2.281941E-17	1.563889E-18
1.812939E+04	2.313107E-17	1.604291E-18
1.816939E+04	2.346253E-17	1.647075E-18
1.820939E+04	2.381047E-17	1.691767E-18
1.824939E+04	2.417112E-17	1.737820E-18
1.828939E+04	2.454037E-17	1.784618E-18
1.832939E+04	2.491377E-17	1.831499E-18
1.836939E+04	2.528667E-17	1.877772E-18
1.840939E+04	2.565428E-17	1.922740E-18
1.844939E+04	2.601179E-17	1.965725E-18
1.848939E+04	2.635452E-17	2.006085E-18
1.852939E+04	2.667795E-17	2.043237E-18
1.856939E+04	2.697789E-17	2.076666E-18
1.860939E+04	2.725052E-17	2.105934E-18
1.864939E+04	2.749247E-17	2.130693E-18
1.868939E+04	2.770093E-17	2.150688E-18
1.872939E+04	2.787367E-17	2.165760E-18
1.876939E+04	2.800914E-17	2.175849E-18
1.880939E+04	2.810646E-17	2.180989E-18
1.884939E+04	2.816544E-17	2.181295E-18
1.888939E+04	2.818655E-17	2.176952E-18
1.892939E+04	2.817087E-17	2.168204E-18
1.896939E+04	2.812012E-17	2.155347E-18
1.900939E+04	2.803658E-17	2.138723E-18
1.904939E+04	2.792304E-17	2.118720E-18
1.908939E+04	2.778279E-17	2.095766E-18
1.912939E+04	2.761944E-17	2.070323E-18
1.916939E+04	2.743688E-17	2.042871E-18
1.920939E+04	2.723912E-17	2.013902E-18
1.924939E+04	2.703017E-17	1.983901E-18
1.928939E+04	2.681394E-17	1.953336E-18
1.932939E+04	2.659413E-17	1.922650E-18
1.936939E+04	2.637417E-17	1.892249E-18
1.940939E+04	2.615711E-17	1.862497E-18
1.944939E+04	2.594565E-17	1.833710E-18
1.948939E+04	2.574199E-17	1.806155E-18
1.952939E+04	2.554793E-17	1.780047E-18
1.956939E+04	2.536479E-17	1.755552E-18
1.960939E+04	2.519341E-17	1.732785E-18
1.964939E+04	2.503421E-17	1.711813E-18
1.968939E+04	2.488719E-17	1.692656E-18
1.972939E+04	2.475195E-17	1.675285E-18
1.976939E+04	2.462775E-17	1.659624E-18
1.980939E+04	2.451355E-17	1.645546E-18
1.984939E+04	2.440806E-17	1.632882E-18
1.988939E+04	2.430978E-17	1.621418E-18
1.992939E+04	2.421705E-17	1.610908E-18
1.996939E+04	2.412809E-17	1.601082E-18
2.000939E+04	2.404104E-17	1.591663E-18
2.004939E+04	2.395394E-17	1.582381E-18
2.008939E+04	2.386482E-17	1.572987E-18
2.012939E+04	2.377167E-17	1.563264E-18
2.016939E+04	2.367250E-17	1.553037E-18
2.020939E+04	2.356540E-17	1.542168E-18
2.024939E+04	2.344854E-17	1.530554E-18
2.028939E+04	2.332030E-17	1.518121E-18
2.032939E+04	2.317926E-17	1.504807E-18
2.036939E+04	2.302429E-17	1.490551E-18
2.040939E+04	2.285456E-17	1.475291E-18
2.044939E+04	2.266958E-17	1.458954E-18
2.048939E+04	2.246918E-17	1.441457E-18
2.052939E+04	2.225353E-17	1.422718E-18
2.056939E+04	2.202307E-17	1.402656E-18
2.060939E+04	2.177848E-17	1.381203E-18
2.064939E+04	2.152067E-17	1.358311E-18
2.068939E+04	2.125073E-17	1.333956E-18
2.072939E+04	2.096990E-17	1.308138E-18
2.076939E+04	2.067952E-17	1.280883E-18
2.080939E+04	2.038109E-17	1.252243E-18
2.084939E+04	2.007619E-17	1.222290E-18
2.088939E+04	1.976652E-17	1.191119E-18
2.092939E+04	1.945393E-17	1.158849E-18
2.096939E+04	1.914035E-17	1.125631E-18
2.100939E+04	1.882785E-17	1.091650E-18
2.104939E+04	1.851858E-17	1.057139E-18
2.108939E+04	1.821481E-17	1.022391E-18
2.112939E+04	1.791886E-17	9.877686E-19
2.116939E+04	1.763308E-17	9.537133E-19
2.120939E+04	1.735986E-17	9.207584E-19
2.124939E+04	1.710154E-17	8.895307E-19
2.128939E+04	1.686039E-17	8.607490E-19
2.132939E+04	1.663855E-17	8.352107E-19
2.136939E+04	1.643797E-17	8.137590E-19
2.140939E+04	1.626028E-17	7.972235E-19
2.144939E+04	1.610667E-17	7.863232E-19
2.148939E+04	1.597769E-17	7.815181E-19
2.152939E+04	1.587276E-17	7.827631E-19
2.156939E+04	1.578996E-17	7.894016E-19
2.160939E+04	1.572659E-17	8.004624E-19
2.164939E+04	1.567956E-17	8.148762E-19
2.168939E+04	1.564556E-17	8.316026E-19
2.172939E+04	1.562124E-17	8.497021E-19
2.176939E+04	1.560328E-17	8.683705E-19
2.180939E+04	1.558854E-17	8.869485E-19
2.184939E+04	1.557409E-17	9.049170E-19
2.188939E+04	1.555728E-17	9.218860E-19
2.192939E+04	1.553579E-17	9.375800E-19
2.196939E+04	1.550762E-17	9.518240E-19
2.200939E+04	1.547117E-17	9.645289E-19
2.204939E+04	1.542522E-17	9.756788E-19
2.208939E+04	1.536889E-17	9.853178E-19
2.212939E+04	1.530172E-17	9.935381E-19
2.216939E+04	1.522357E-17	1.000468E-18
2.220939E+04	1.513467E-17	1.006261E-18
2.224939E+04	1.503555E-17	1.011086E-18
2.228939E+04	1.492703E-17	1.015117E-18
2.232939E+04	1.481016E-17	1.018525E-18
2.236939E+04	1.468618E-17	1.021475E-18
2.240939E+04	1.455650E-17	1.024117E-18
2.244939E+04	1.442264E-17	1.026588E-18
2.248939E+04	1.428620E-17	1.029002E-18
2.252939E+04	1.414880E-17	1.031458E-18
2.256939E+04	1.401207E-17	1.034036E-18
2.260939E+04	1.387760E-17	1.036800E-18
2.264939E+04	1.374690E-17	1.039797E-18
2.268939E+04	1.362143E-17	1.043067E-18
2.272939E+04	1.350250E-17	1.046640E-18
2.276939E+04	1.339131E-17	1.050540E-18
2.280939E+04	1.328889E-17	1.054793E-18
2.284939E+04	1.319615E-17	1.059421E-18
2.288939E+04	1.311384E-17	1.064450E-18
2.292939E+04	1.304256E-17	1.069907E-18
2.296939E+04	1.298277E-17	1.075820E-18
2.300939E+04	1.293479E-17	1.082219E-18
2.304939E+04	1.289885E-17	1.089137E-18
2.308939E+04	1.287505E-17	1.096601E-18
2.312939E+04	1.286341E-17	1.104643E-18
2.316939E+04	1.286387E-17	1.113290E-18
2.320939E+04	1.287630E-17	1.122568E-18
2.324939E+04	1.290055E-17	1.132501E-18
2.328939E+04	1.293639E-17	1.143114E-18
2.332939E+04	1.298359E-17	1.154426E-18
2.336939E+04	1.304188E-17	1.166459E-18
2.340939E+04	1.311095E-17	1.179231E-18
2.344939E+04	1.319048E-17	1.192760E-18
2.348939E+04	1.328010E-17	1.207066E-18
2.352939E+04	1.337943E-17	1.222171E-18
2.356939E+04	1.348802E-17	1.238104E-18
2.360939E+04	1.360542E-17	1.254903E-18
2.364939E+04	1.373113E-17	1.272623E-18
2.368939E+04	1.386464E-17	1.291343E-18
2.372939E+04	1.400540E-17	1.311169E-18
2.376939E+04	1.415284E-17	1.332249E-18
2.380939E+04	1.430637E-17	1.354773E-18
2.384939E+04	1.446537E-17	1.378984E-18
2.388939E+04	1.462919E-17	1.405182E-18
2.392939E+04	1.479721E-17	1.433729E-18
2.396939E+04	1.496877E-17	1.465048E-18
2.400939E+04	1.514322E-17	1.499621E-18
2.404939E+04	1.531994E-17	1.537979E-18
2.408939E+04	1.549827E-17	1.580691E-18
2.412939E+04	1.567761E-17	1.628346E-18
2.416939E+04	1.585733E-17	1.681534E-18
2.420939E+04	1.603684E-17	1.740821E-18
2.424939E+04	1.621555E-17	1.806726E-18
2.428939E+04	1.639291E-17	1.879703E-18
2.432939E+04	1.656840E-17	1.960119E-18
2.436939E+04	1.674153E-17	2.048243E-18
2.440939E+04	1.691186E-17	2.144239E-18
2.444939E+04	1.707899E-17	2.248169E-18
2.448939E+04	1.724257E-17	2.359992E-18
