#wls	flux	fluxerr
3.289393E+03	1.215059E-17	1.875732E-18
3.329393E+03	1.168213E-17	1.727517E-18
3.369393E+03	1.124592E-17	1.593665E-18
3.409393E+03	1.084003E-17	1.473094E-18
3.449393E+03	1.046279E-17	1.364786E-18
3.489393E+03	1.011279E-17	1.267785E-18
3.529393E+03	9.788862E-18	1.181186E-18
3.569393E+03	9.489975E-18	1.104139E-18
3.609393E+03	9.215199E-18	1.035833E-18
3.649393E+03	8.963633E-18	9.754956E-19
3.689393E+03	8.734382E-18	9.223900E-19
3.729393E+03	8.526542E-18	8.758064E-19
3.769393E+03	8.339191E-18	8.350608E-19
3.809393E+03	8.171418E-18	7.995140E-19
3.849393E+03	8.022377E-18	7.685768E-19
3.889393E+03	7.891328E-18	7.417155E-19
3.929393E+03	7.777622E-18	7.184517E-19
3.969393E+03	7.680643E-18	6.983521E-19
4.009393E+03	7.599773E-18	6.810272E-19
4.049393E+03	7.534389E-18	6.661281E-19
4.089393E+03	7.483885E-18	6.533431E-19
4.129393E+03	7.447692E-18	6.423989E-19
4.169393E+03	7.425274E-18	6.330552E-19
4.209393E+03	7.416148E-18	6.251066E-19
4.249393E+03	7.419879E-18	6.183806E-19
4.289393E+03	7.436072E-18	6.127305E-19
4.329393E+03	7.464368E-18	6.080341E-19
4.369393E+03	7.504424E-18	6.041919E-19
4.409393E+03	7.555892E-18	6.011264E-19
4.449393E+03	7.618434E-18	5.987849E-19
4.489393E+03	7.691734E-18	5.971418E-19
4.529393E+03	7.775491E-18	5.961926E-19
4.569393E+03	7.869461E-18	5.959526E-19
4.609393E+03	7.973501E-18	5.964574E-19
4.649393E+03	8.087546E-18	5.977682E-19
4.689393E+03	8.211556E-18	5.999727E-19
4.729393E+03	8.345518E-18	6.031808E-19
4.769393E+03	8.489449E-18	6.075141E-19
4.809393E+03	8.643371E-18	6.130941E-19
4.849393E+03	8.807237E-18	6.200214E-19
4.889393E+03	8.980547E-18	6.282902E-19
4.929393E+03	9.162353E-18	6.377895E-19
4.969393E+03	9.351573E-18	6.483699E-19
5.009393E+03	9.547020E-18	6.598561E-19
5.049393E+03	9.747411E-18	6.720589E-19
5.089393E+03	9.951381E-18	6.847816E-19
5.129393E+03	1.015749E-17	6.978275E-19
5.169393E+03	1.036427E-17	7.109996E-19
5.209393E+03	1.057026E-17	7.241078E-19
5.249393E+03	1.077415E-17	7.369731E-19
5.289393E+03	1.097466E-17	7.494189E-19
5.329393E+03	1.117057E-17	7.612685E-19
5.369393E+03	1.136076E-17	7.723380E-19
5.409393E+03	1.154419E-17	7.824251E-19
5.449393E+03	1.171990E-17	7.913172E-19
5.489393E+03	1.188705E-17	7.987950E-19
5.529393E+03	1.204505E-17	8.046356E-19
5.569393E+03	1.219349E-17	8.086092E-19
5.609393E+03	1.233211E-17	8.104924E-19
5.649393E+03	1.246084E-17	8.100923E-19
5.689393E+03	1.257971E-17	8.072643E-19
5.729393E+03	1.268887E-17	8.018993E-19
5.769393E+03	1.278847E-17	7.939086E-19
5.809393E+03	1.287867E-17	7.832305E-19
5.849393E+03	1.295962E-17	7.698297E-19
5.889393E+03	1.303151E-17	7.536894E-19
5.929393E+03	1.309447E-17	7.348081E-19
5.969393E+03	1.314870E-17	7.132057E-19
6.009393E+03	1.319430E-17	6.889474E-19
6.049393E+03	1.323130E-17	6.621566E-19
6.089393E+03	1.325962E-17	6.330217E-19
6.129393E+03	1.327905E-17	6.018186E-19
6.169393E+03	1.328931E-17	5.689464E-19
6.209393E+03	1.329001E-17	5.349884E-19
6.249393E+03	1.328067E-17	5.007878E-19
6.289393E+03	1.326086E-17	4.675092E-19
6.329393E+03	1.323010E-17	4.366868E-19
6.369393E+03	1.318787E-17	4.102248E-19
6.409393E+03	1.313373E-17	3.902266E-19
6.449393E+03	1.306755E-17	3.784771E-19
6.489393E+03	1.299126E-17	3.748704E-19
6.529393E+03	1.290911E-17	3.772290E-19
6.569393E+03	1.282566E-17	3.830646E-19
6.609393E+03	1.274542E-17	3.902523E-19
6.649393E+03	1.267270E-17	3.972658E-19
6.689393E+03	1.261162E-17	4.031783E-19
6.729393E+03	1.256593E-17	4.075480E-19
6.769393E+03	1.253849E-17	4.102430E-19
6.809393E+03	1.253131E-17	4.113202E-19
6.849393E+03	1.254557E-17	4.109359E-19
6.889393E+03	1.258171E-17	4.093117E-19
6.929393E+03	1.263930E-17	4.067552E-19
6.969393E+03	1.271722E-17	4.036487E-19
7.009393E+03	1.281389E-17	4.004256E-19
7.049393E+03	1.292762E-17	3.975517E-19
7.089393E+03	1.305645E-17	3.954589E-19
7.129393E+03	1.319811E-17	3.944092E-19
7.169393E+03	1.335051E-17	3.944288E-19
7.209393E+03	1.351213E-17	3.953419E-19
7.249393E+03	1.368181E-17	3.968518E-19
7.289393E+03	1.385778E-17	3.985423E-19
7.329393E+03	1.403775E-17	4.000015E-19
7.369393E+03	1.421944E-17	4.009026E-19
7.409393E+03	1.440073E-17	4.009409E-19
7.449393E+03	1.457996E-17	3.997224E-19
7.489393E+03	1.475630E-17	3.967433E-19
7.529393E+03	1.492971E-17	3.914674E-19
7.569393E+03	1.510099E-17	3.834409E-19
7.609393E+03	1.527211E-17	3.724365E-19
7.649393E+03	1.544554E-17	3.585944E-19
7.689393E+03	1.562309E-17	3.425904E-19
7.729393E+03	1.580570E-17	3.257842E-19
7.769393E+03	1.599401E-17	3.102997E-19
7.809393E+03	1.618923E-17	2.990573E-19
7.849393E+03	1.639332E-17	2.952122E-19
7.889393E+03	1.660410E-17	2.990674E-19
7.929393E+03	1.681491E-17	3.083110E-19
7.969393E+03	1.701794E-17	3.205955E-19
8.009393E+03	1.720575E-17	3.340216E-19
8.049393E+03	1.737246E-17	3.474183E-19
8.089393E+03	1.751388E-17	3.602167E-19
8.129393E+03	1.762753E-17	3.722106E-19
8.169393E+03	1.771288E-17	3.832481E-19
8.209393E+03	1.777109E-17	3.930729E-19
8.249393E+03	1.780492E-17	4.014065E-19
8.289393E+03	1.781878E-17	4.079596E-19
8.329393E+03	1.781814E-17	4.125570E-19
8.369393E+03	1.780875E-17	4.153602E-19
8.409393E+03	1.779598E-17	4.167248E-19
8.449393E+03	1.778453E-17	4.171076E-19
8.489393E+03	1.777813E-17	4.170383E-19
8.529393E+03	1.777959E-17	4.169482E-19
8.569393E+03	1.779088E-17	4.170084E-19
8.609393E+03	1.781295E-17	4.170496E-19
8.649393E+03	1.784586E-17	4.165957E-19
8.689393E+03	1.788942E-17	4.150836E-19
8.729393E+03	1.794297E-17	4.120652E-19
8.769393E+03	1.800494E-17	4.072169E-19
8.809393E+03	1.807329E-17	4.003370E-19
8.849393E+03	1.814613E-17	3.913312E-19
8.889393E+03	1.822220E-17	3.800659E-19
8.929393E+03	1.830058E-17	3.664662E-19
8.969393E+03	1.838030E-17	3.506169E-19
9.009393E+03	1.846058E-17	3.328256E-19
9.049393E+03	1.854089E-17	3.139013E-19
9.089393E+03	1.862079E-17	2.957957E-19
9.129393E+03	1.869994E-17	2.820825E-19
9.169393E+03	1.877819E-17	2.778301E-19
9.209393E+03	1.885646E-17	2.871357E-19
9.249393E+03	1.893809E-17	3.075207E-19
9.289393E+03	1.902764E-17	3.330930E-19
9.329393E+03	1.912928E-17	3.590126E-19
9.369393E+03	1.924642E-17	3.822461E-19
9.409393E+03	1.938158E-17	4.013653E-19
9.449393E+03	1.953663E-17	4.160269E-19
9.489393E+03	1.971300E-17	4.263102E-19
9.529393E+03	1.991118E-17	4.324247E-19
9.569393E+03	2.013005E-17	4.345375E-19
9.609393E+03	2.036737E-17	4.325499E-19
9.649393E+03	2.062039E-17	4.259904E-19
9.689393E+03	2.088540E-17	4.142821E-19
9.729393E+03	2.115740E-17	3.973614E-19
9.769393E+03	2.143018E-17	3.763952E-19
9.809393E+03	2.169652E-17	3.546415E-19
9.849393E+03	2.194883E-17	3.382181E-19
9.889393E+03	2.218005E-17	3.362018E-19
9.929393E+03	2.238401E-17	3.565889E-19
9.969393E+03	2.255823E-17	3.971887E-19
1.000939E+04	2.270362E-17	4.492838E-19
1.004939E+04	2.282334E-17	5.049258E-19
1.008939E+04	2.292125E-17	5.585323E-19
1.012939E+04	2.300128E-17	6.065313E-19
1.016939E+04	2.306747E-17	6.468028E-19
1.020939E+04	2.312401E-17	6.783051E-19
1.024939E+04	2.317541E-17	7.008553E-19
1.028939E+04	2.322637E-17	7.149968E-19
1.032939E+04	2.328157E-17	7.218511E-19
1.036939E+04	2.334567E-17	7.230029E-19
1.040939E+04	2.342312E-17	7.202872E-19
1.044939E+04	2.351803E-17	7.156303E-19
1.048939E+04	2.363342E-17	7.107375E-19
1.052939E+04	2.376991E-17	7.065499E-19
1.056939E+04	2.392591E-17	7.034260E-19
1.060939E+04	2.409861E-17	7.016022E-19
1.064939E+04	2.428406E-17	7.012218E-19
1.068939E+04	2.447694E-17	7.022996E-19
1.072939E+04	2.467104E-17	7.049463E-19
1.076939E+04	2.485994E-17	7.096135E-19
1.080939E+04	2.503804E-17	7.169661E-19
1.084939E+04	2.520154E-17	7.274728E-19
1.088939E+04	2.534785E-17	7.414027E-19
1.092939E+04	2.547541E-17	7.588103E-19
1.096939E+04	2.558305E-17	7.794943E-19
1.100939E+04	2.566955E-17	8.028794E-19
1.104939E+04	2.573392E-17	8.280018E-19
1.108939E+04	2.577576E-17	8.535638E-19
1.112939E+04	2.579511E-17	8.781384E-19
1.116939E+04	2.579270E-17	9.003155E-19
1.120939E+04	2.577013E-17	9.187909E-19
1.124939E+04	2.572927E-17	9.325360E-19
1.128939E+04	2.567201E-17	9.408639E-19
1.132939E+04	2.560032E-17	9.434433E-19
1.136939E+04	2.551634E-17	9.403010E-19
1.140939E+04	2.542193E-17	9.318007E-19
1.144939E+04	2.531875E-17	9.185763E-19
1.148939E+04	2.520823E-17	9.014665E-19
1.152939E+04	2.509140E-17	8.815397E-19
1.156939E+04	2.496898E-17	8.600763E-19
1.160939E+04	2.484155E-17	8.384920E-19
1.164939E+04	2.471006E-17	8.180614E-19
1.168939E+04	2.457639E-17	7.996449E-19
1.172939E+04	2.444320E-17	7.836452E-19
1.176939E+04	2.431346E-17	7.701286E-19
1.180939E+04	2.419023E-17	7.587498E-19
1.184939E+04	2.407662E-17	7.488120E-19
1.188939E+04	2.397566E-17	7.394008E-19
1.192939E+04	2.388970E-17	7.295310E-19
1.196939E+04	2.381986E-17	7.182343E-19
1.200939E+04	2.376632E-17	7.044864E-19
1.204939E+04	2.372836E-17	6.873080E-19
1.208939E+04	2.370420E-17	6.657097E-19
1.212939E+04	2.369087E-17	6.386795E-19
1.216939E+04	2.368413E-17	6.051452E-19
1.220939E+04	2.367863E-17	5.641703E-19
1.224939E+04	2.366848E-17	5.152146E-19
1.228939E+04	2.364780E-17	4.583018E-19
1.232939E+04	2.361137E-17	3.946833E-19
1.236939E+04	2.355488E-17	3.282200E-19
1.240939E+04	2.347549E-17	2.685086E-19
1.244939E+04	2.337257E-17	2.354259E-19
1.248939E+04	2.324644E-17	2.500787E-19
1.252939E+04	2.309540E-17	3.028956E-19
1.256939E+04	2.291773E-17	3.697673E-19
1.260939E+04	2.271379E-17	4.361579E-19
1.264939E+04	2.248578E-17	4.954266E-19
1.268939E+04	2.223722E-17	5.447791E-19
1.272939E+04	2.197269E-17	5.833379E-19
1.276939E+04	2.169754E-17	6.113719E-19
1.280939E+04	2.141740E-17	6.299272E-19
1.284939E+04	2.113797E-17	6.406201E-19
1.288939E+04	2.086525E-17	6.454144E-19
1.292939E+04	2.060529E-17	6.463027E-19
1.296939E+04	2.036401E-17	6.451957E-19
1.300939E+04	2.014732E-17	6.437586E-19
1.304939E+04	1.996046E-17	6.434804E-19
1.308939E+04	1.980730E-17	6.456072E-19
1.312939E+04	1.969046E-17	6.508923E-19
1.316939E+04	1.961160E-17	6.597381E-19
1.320939E+04	1.957135E-17	6.724030E-19
1.324939E+04	1.956939E-17	6.890788E-19
1.328939E+04	1.960454E-17	7.098856E-19
1.332939E+04	1.967501E-17	7.347840E-19
1.336939E+04	1.977834E-17	7.635858E-19
1.340939E+04	1.991134E-17	7.958759E-19
1.344939E+04	2.007012E-17	8.309541E-19
1.348939E+04	2.025044E-17	8.678779E-19
1.352939E+04	2.044774E-17	9.056466E-19
1.356939E+04	2.065709E-17	9.433218E-19
1.360939E+04	2.087321E-17	9.800680E-19
1.364939E+04	2.109059E-17	1.015134E-18
1.368939E+04	2.130375E-17	1.047878E-18
1.372939E+04	2.150770E-17	1.077771E-18
1.376939E+04	2.169835E-17	1.104349E-18
1.380939E+04	2.187216E-17	1.127189E-18
1.384939E+04	2.202608E-17	1.145925E-18
1.388939E+04	2.215769E-17	1.160277E-18
1.392939E+04	2.226520E-17	1.170076E-18
1.396939E+04	2.234749E-17	1.175268E-18
1.400939E+04	2.240424E-17	1.175923E-18
1.404939E+04	2.243592E-17	1.172206E-18
1.408939E+04	2.244346E-17	1.164369E-18
1.412939E+04	2.242804E-17	1.152754E-18
1.416939E+04	2.239112E-17	1.137781E-18
1.420939E+04	2.233424E-17	1.119957E-18
1.424939E+04	2.225899E-17	1.099856E-18
1.428939E+04	2.216709E-17	1.078060E-18
1.432939E+04	2.206054E-17	1.055155E-18
1.436939E+04	2.194159E-17	1.031781E-18
1.440939E+04	2.181252E-17	1.008634E-18
1.444939E+04	2.167571E-17	9.864059E-19
1.448939E+04	2.153366E-17	9.656713E-19
1.452939E+04	2.138910E-17	9.468082E-19
1.456939E+04	2.124478E-17	9.300272E-19
1.460939E+04	2.110329E-17	9.153973E-19
1.464939E+04	2.096731E-17	9.026924E-19
1.468939E+04	2.083957E-17	8.914427E-19
1.472939E+04	2.072284E-17	8.811159E-19
1.476939E+04	2.061967E-17	8.712761E-19
1.480939E+04	2.053217E-17	8.616361E-19
1.484939E+04	2.046197E-17	8.520916E-19
1.488939E+04	2.041023E-17	8.426994E-19
1.492939E+04	2.037750E-17	8.336023E-19
1.496939E+04	2.036374E-17	8.250194E-19
1.500939E+04	2.036841E-17	8.171545E-19
1.504939E+04	2.039078E-17	8.101488E-19
1.508939E+04	2.043004E-17	8.041059E-19
1.512939E+04	2.048526E-17	7.991486E-19
1.516939E+04	2.055532E-17	7.954304E-19
1.520939E+04	2.063885E-17	7.930978E-19
1.524939E+04	2.073419E-17	7.922390E-19
1.528939E+04	2.083945E-17	7.928786E-19
1.532939E+04	2.095257E-17	7.949720E-19
1.536939E+04	2.107133E-17	7.983808E-19
1.540939E+04	2.119325E-17	8.028647E-19
1.544939E+04	2.131568E-17	8.081168E-19
1.548939E+04	2.143597E-17	8.137826E-19
1.552939E+04	2.155153E-17	8.194564E-19
1.556939E+04	2.165984E-17	8.247379E-19
1.560939E+04	2.175835E-17	8.292571E-19
1.564939E+04	2.184444E-17	8.326496E-19
1.568939E+04	2.191555E-17	8.345304E-19
1.572939E+04	2.196924E-17	8.344747E-19
1.576939E+04	2.200311E-17	8.320600E-19
1.580939E+04	2.201504E-17	8.269541E-19
1.584939E+04	2.200345E-17	8.189828E-19
1.588939E+04	2.196702E-17	8.081692E-19
1.592939E+04	2.190471E-17	7.946995E-19
1.596939E+04	2.181583E-17	7.789288E-19
1.600939E+04	2.170016E-17	7.614132E-19
1.604939E+04	2.155808E-17	7.428987E-19
1.608939E+04	2.139054E-17	7.243225E-19
1.612939E+04	2.119903E-17	7.067918E-19
1.616939E+04	2.098546E-17	6.914845E-19
1.620939E+04	2.075197E-17	6.794868E-19
1.624939E+04	2.050079E-17	6.715722E-19
1.628939E+04	2.023437E-17	6.678545E-19
1.632939E+04	1.995552E-17	6.676313E-19
1.636939E+04	1.966726E-17	6.698198E-19
1.640939E+04	1.937259E-17	6.733189E-19
1.644939E+04	1.907428E-17	6.771886E-19
1.648939E+04	1.877491E-17	6.806991E-19
1.652939E+04	1.847693E-17	6.833537E-19
1.656939E+04	1.818241E-17	6.848493E-19
1.660939E+04	1.789306E-17	6.850341E-19
1.664939E+04	1.761031E-17	6.838779E-19
1.668939E+04	1.733535E-17	6.814423E-19
1.672939E+04	1.706900E-17	6.778687E-19
1.676939E+04	1.681180E-17	6.733820E-19
1.680939E+04	1.656409E-17	6.682485E-19
1.684939E+04	1.632605E-17	6.627310E-19
1.688939E+04	1.609781E-17	6.570609E-19
1.692939E+04	1.587941E-17	6.514260E-19
1.696939E+04	1.567087E-17	6.459741E-19
1.700939E+04	1.547219E-17	6.408116E-19
1.704939E+04	1.528343E-17	6.360078E-19
1.708939E+04	1.510461E-17	6.316073E-19
1.712939E+04	1.493578E-17	6.276371E-19
1.716939E+04	1.477707E-17	6.241084E-19
1.720939E+04	1.462882E-17	6.210208E-19
1.724939E+04	1.449147E-17	6.183695E-19
1.728939E+04	1.436551E-17	6.161577E-19
1.732939E+04	1.425159E-17	6.144025E-19
1.736939E+04	1.415050E-17	6.131385E-19
1.740939E+04	1.406302E-17	6.124232E-19
1.744939E+04	1.399000E-17	6.123563E-19
1.748939E+04	1.393240E-17	6.130794E-19
1.752939E+04	1.389119E-17	6.147666E-19
1.756939E+04	1.386734E-17	6.176178E-19
1.760939E+04	1.386188E-17	6.218453E-19
1.764939E+04	1.387587E-17	6.276624E-19
1.768939E+04	1.391040E-17	6.352856E-19
1.772939E+04	1.396663E-17	6.449517E-19
1.776939E+04	1.404572E-17	6.569083E-19
1.780939E+04	1.414872E-17	6.713941E-19
1.784939E+04	1.427646E-17	6.886261E-19
1.788939E+04	1.442956E-17	7.087809E-19
1.792939E+04	1.460828E-17	7.319801E-19
1.796939E+04	1.481245E-17	7.582651E-19
1.800939E+04	1.504130E-17	7.875784E-19
1.804939E+04	1.529339E-17	8.197728E-19
1.808939E+04	1.556666E-17	8.546454E-19
1.812939E+04	1.585853E-17	8.919239E-19
1.816939E+04	1.616587E-17	9.312511E-19
1.820939E+04	1.648468E-17	9.721465E-19
1.824939E+04	1.681012E-17	1.014003E-18
1.828939E+04	1.713681E-17	1.056134E-18
1.832939E+04	1.745892E-17	1.097741E-18
1.836939E+04	1.777020E-17	1.137956E-18
1.840939E+04	1.806450E-17	1.175923E-18
1.844939E+04	1.833643E-17	1.210832E-18
1.848939E+04	1.858135E-17	1.241982E-18
1.852939E+04	1.879528E-17	1.268812E-18
1.856939E+04	1.897508E-17	1.290912E-18
1.860939E+04	1.911851E-17	1.308002E-18
1.864939E+04	1.922419E-17	1.319936E-18
1.868939E+04	1.929166E-17	1.326657E-18
1.872939E+04	1.932119E-17	1.328193E-18
1.876939E+04	1.931407E-17	1.324712E-18
1.880939E+04	1.927259E-17	1.316560E-18
1.884939E+04	1.919985E-17	1.304234E-18
1.888939E+04	1.909930E-17	1.288316E-18
1.892939E+04	1.897441E-17	1.269381E-18
1.896939E+04	1.882869E-17	1.247975E-18
1.900939E+04	1.866557E-17	1.224594E-18
1.904939E+04	1.848854E-17	1.199709E-18
1.908939E+04	1.830126E-17	1.173808E-18
1.912939E+04	1.810749E-17	1.147359E-18
1.916939E+04	1.791067E-17	1.120780E-18
1.920939E+04	1.771388E-17	1.094435E-18
1.924939E+04	1.751998E-17	1.068659E-18
1.928939E+04	1.733176E-17	1.043781E-18
1.932939E+04	1.715189E-17	1.020076E-18
1.936939E+04	1.698273E-17	9.977528E-19
1.940939E+04	1.682624E-17	9.769618E-19
1.944939E+04	1.668383E-17	9.578009E-19
1.948939E+04	1.655648E-17	9.403172E-19
1.952939E+04	1.644473E-17	9.244959E-19
1.956939E+04	1.634881E-17	9.102923E-19
1.960939E+04	1.626884E-17	8.976781E-19
1.964939E+04	1.620481E-17	8.866423E-19
1.968939E+04	1.615644E-17	8.771856E-19
1.972939E+04	1.612321E-17	8.693266E-19
1.976939E+04	1.610444E-17	8.630855E-19
1.980939E+04	1.609933E-17	8.584566E-19
1.984939E+04	1.610695E-17	8.553793E-19
1.988939E+04	1.612627E-17	8.537248E-19
1.992939E+04	1.615613E-17	8.532844E-19
1.996939E+04	1.619522E-17	8.537772E-19
2.000939E+04	1.624220E-17	8.548717E-19
2.004939E+04	1.629582E-17	8.562419E-19
2.008939E+04	1.635481E-17	8.576357E-19
2.012939E+04	1.641782E-17	8.588943E-19
2.016939E+04	1.648345E-17	8.599495E-19
2.020939E+04	1.655018E-17	8.607917E-19
2.024939E+04	1.661637E-17	8.614483E-19
2.028939E+04	1.668042E-17	8.619811E-19
2.032939E+04	1.674079E-17	8.624463E-19
2.036939E+04	1.679611E-17	8.628628E-19
2.040939E+04	1.684518E-17	8.631985E-19
2.044939E+04	1.688702E-17	8.633683E-19
2.048939E+04	1.692078E-17	8.632382E-19
2.052939E+04	1.694579E-17	8.626396E-19
2.056939E+04	1.696154E-17	8.614107E-19
2.060939E+04	1.696758E-17	8.594304E-19
2.064939E+04	1.696348E-17	8.566244E-19
2.068939E+04	1.694893E-17	8.529640E-19
2.072939E+04	1.692371E-17	8.484730E-19
2.076939E+04	1.688769E-17	8.432209E-19
2.080939E+04	1.684074E-17	8.373038E-19
2.084939E+04	1.678288E-17	8.308194E-19
2.088939E+04	1.671432E-17	8.238543E-19
2.092939E+04	1.663545E-17	8.164822E-19
2.096939E+04	1.654668E-17	8.087593E-19
2.100939E+04	1.644849E-17	8.007236E-19
2.104939E+04	1.634146E-17	7.924038E-19
2.108939E+04	1.622632E-17	7.838328E-19
2.112939E+04	1.610387E-17	7.750578E-19
2.116939E+04	1.597493E-17	7.661454E-19
2.120939E+04	1.584046E-17	7.571814E-19
2.124939E+04	1.570150E-17	7.482692E-19
2.128939E+04	1.555917E-17	7.395279E-19
2.132939E+04	1.541470E-17	7.310901E-19
2.136939E+04	1.526938E-17	7.230942E-19
2.140939E+04	1.512449E-17	7.156772E-19
2.144939E+04	1.498125E-17	7.089612E-19
2.148939E+04	1.484066E-17	7.030318E-19
2.152939E+04	1.470318E-17	6.978995E-19
2.156939E+04	1.456862E-17	6.934830E-19
2.160939E+04	1.443642E-17	6.896603E-19
2.164939E+04	1.430589E-17	6.862971E-19
2.168939E+04	1.417620E-17	6.832606E-19
2.172939E+04	1.404648E-17	6.804289E-19
2.176939E+04	1.391595E-17	6.776966E-19
2.180939E+04	1.378392E-17	6.749767E-19
2.184939E+04	1.364990E-17	6.722041E-19
2.188939E+04	1.351359E-17	6.693370E-19
2.192939E+04	1.337485E-17	6.663525E-19
2.196939E+04	1.323364E-17	6.632416E-19
2.200939E+04	1.308996E-17	6.600071E-19
2.204939E+04	1.294387E-17	6.566603E-19
2.208939E+04	1.279545E-17	6.532153E-19
2.212939E+04	1.264490E-17	6.496884E-19
2.216939E+04	1.249255E-17	6.460965E-19
2.220939E+04	1.233879E-17	6.424519E-19
2.224939E+04	1.218409E-17	6.387616E-19
2.228939E+04	1.202895E-17	6.350332E-19
2.232939E+04	1.187394E-17	6.312764E-19
2.236939E+04	1.171969E-17	6.275032E-19
2.240939E+04	1.156682E-17	6.237262E-19
2.244939E+04	1.141600E-17	6.199519E-19
2.248939E+04	1.126782E-17	6.161803E-19
2.252939E+04	1.112277E-17	6.124098E-19
2.256939E+04	1.098134E-17	6.086403E-19
2.260939E+04	1.084397E-17	6.048758E-19
2.264939E+04	1.071107E-17	6.011275E-19
2.268939E+04	1.058300E-17	5.974137E-19
2.272939E+04	1.045997E-17	5.937546E-19
2.276939E+04	1.034209E-17	5.901729E-19
2.280939E+04	1.022936E-17	5.867090E-19
2.284939E+04	1.012175E-17	5.834145E-19
2.288939E+04	1.001921E-17	5.803408E-19
2.292939E+04	9.921704E-18	5.775300E-19
2.296939E+04	9.829193E-18	5.750141E-19
2.300939E+04	9.741665E-18	5.728196E-19
2.304939E+04	9.659113E-18	5.709675E-19
2.308939E+04	9.581473E-18	5.694760E-19
2.312939E+04	9.508650E-18	5.683577E-19
2.316939E+04	9.440649E-18	5.676151E-19
2.320939E+04	9.377556E-18	5.672469E-19
2.324939E+04	9.319418E-18	5.672601E-19
2.328939E+04	9.266264E-18	5.676685E-19
2.332939E+04	9.218181E-18	5.684867E-19
2.336939E+04	9.175337E-18	5.697276E-19
2.340939E+04	9.137967E-18	5.713981E-19
2.344939E+04	9.106330E-18	5.735007E-19
2.348939E+04	9.080700E-18	5.760386E-19
2.352939E+04	9.061333E-18	5.790225E-19
2.356939E+04	9.048435E-18	5.824768E-19
2.360939E+04	9.042148E-18	5.864423E-19
2.364939E+04	9.042565E-18	5.909779E-19
2.368939E+04	9.049794E-18	5.961629E-19
2.372939E+04	9.063974E-18	6.020951E-19
2.376939E+04	9.085169E-18	6.088941E-19
2.380939E+04	9.113352E-18	6.167070E-19
2.384939E+04	9.148482E-18	6.257159E-19
2.388939E+04	9.190528E-18	6.361411E-19
2.392939E+04	9.239473E-18	6.482460E-19
2.396939E+04	9.295281E-18	6.623410E-19
2.400939E+04	9.357869E-18	6.787781E-19
2.404939E+04	9.427108E-18	6.979409E-19
2.408939E+04	9.502827E-18	7.202297E-19
2.412939E+04	9.584820E-18	7.460525E-19
2.416939E+04	9.672867E-18	7.758163E-19
2.420939E+04	9.766774E-18	8.099144E-19
2.424939E+04	9.866409E-18	8.487160E-19
2.428939E+04	9.971666E-18	8.925549E-19
2.432939E+04	1.008242E-17	9.417164E-19
2.436939E+04	1.019855E-17	9.964250E-19
2.440939E+04	1.031988E-17	1.056838E-18
2.444939E+04	1.044620E-17	1.123040E-18
2.448939E+04	1.057726E-17	1.195049E-18
