#wls	flux	fluxerr
3.289393E+03	1.381992E-16	1.133534E-17
3.329393E+03	1.145248E-16	8.711817E-18
3.369393E+03	9.557929E-17	6.718854E-18
3.409393E+03	8.045554E-17	5.205163E-18
3.449393E+03	6.841470E-17	4.054408E-18
3.489393E+03	5.886012E-17	3.177813E-18
3.529393E+03	5.131402E-17	2.508128E-18
3.569393E+03	4.539690E-17	1.994789E-18
3.609393E+03	4.080982E-17	1.600189E-18
3.649393E+03	3.731995E-17	1.296928E-18
3.689393E+03	3.474893E-17	1.065932E-18
3.729393E+03	3.296424E-17	8.952850E-19
3.769393E+03	3.187393E-17	7.793269E-19
3.809393E+03	3.142458E-17	7.169285E-19
3.849393E+03	3.159350E-17	7.070722E-19
3.889393E+03	3.235031E-17	7.420288E-19
3.929393E+03	3.367535E-17	8.107290E-19
3.969393E+03	3.557079E-17	9.037214E-19
4.009393E+03	3.805124E-17	1.014120E-18
4.049393E+03	4.113446E-17	1.136788E-18
4.089393E+03	4.483265E-17	1.267250E-18
4.129393E+03	4.914274E-17	1.400908E-18
4.169393E+03	5.403489E-17	1.532682E-18
4.209393E+03	5.943944E-17	1.657111E-18
4.249393E+03	6.523341E-17	1.768918E-18
4.289393E+03	7.122933E-17	1.863940E-18
4.329393E+03	7.717141E-17	1.940136E-18
4.369393E+03	8.274692E-17	1.998025E-18
4.409393E+03	8.762441E-17	2.039639E-18
4.449393E+03	9.154903E-17	2.065108E-18
4.489393E+03	9.446568E-17	2.069005E-18
4.529393E+03	9.646535E-17	2.042782E-18
4.569393E+03	9.771825E-17	1.978778E-18
4.609393E+03	9.843059E-17	1.873113E-18
4.649393E+03	9.881528E-17	1.727342E-18
4.689393E+03	9.907786E-17	1.549883E-18
4.729393E+03	9.942189E-17	1.359150E-18
4.769393E+03	1.000775E-16	1.190025E-18
4.809393E+03	1.013581E-16	1.099512E-18
4.849393E+03	1.037489E-16	1.149444E-18
4.889393E+03	1.074439E-16	1.335829E-18
4.929393E+03	1.123095E-16	1.600903E-18
4.969393E+03	1.182174E-16	1.898032E-18
5.009393E+03	1.250318E-16	2.197313E-18
5.049393E+03	1.325732E-16	2.476800E-18
5.089393E+03	1.405887E-16	2.716806E-18
5.129393E+03	1.487309E-16	2.898435E-18
5.169393E+03	1.565449E-16	3.004347E-18
5.209393E+03	1.634665E-16	3.021462E-18
5.249393E+03	1.688398E-16	2.945039E-18
5.289393E+03	1.719628E-16	2.782857E-18
5.329393E+03	1.721842E-16	2.558600E-18
5.369393E+03	1.690599E-16	2.309956E-18
5.409393E+03	1.626223E-16	2.077042E-18
5.449393E+03	1.537930E-16	1.882488E-18
5.489393E+03	1.439832E-16	1.740221E-18
5.529393E+03	1.344926E-16	1.671903E-18
5.569393E+03	1.262646E-16	1.695458E-18
5.609393E+03	1.196240E-16	1.790421E-18
5.649393E+03	1.144960E-16	1.916369E-18
5.689393E+03	1.107405E-16	2.045345E-18
5.729393E+03	1.082087E-16	2.161891E-18
5.769393E+03	1.067594E-16	2.257574E-18
5.809393E+03	1.062619E-16	2.327186E-18
5.849393E+03	1.065956E-16	2.366637E-18
5.889393E+03	1.076482E-16	2.371655E-18
5.929393E+03	1.093103E-16	2.337361E-18
5.969393E+03	1.114636E-16	2.258670E-18
6.009393E+03	1.139671E-16	2.131278E-18
6.049393E+03	1.166461E-16	1.953055E-18
6.089393E+03	1.192829E-16	1.725990E-18
6.129393E+03	1.216129E-16	1.460312E-18
6.169393E+03	1.233422E-16	1.183314E-18
6.209393E+03	1.242131E-16	9.539046E-19
6.249393E+03	1.241205E-16	8.563974E-19
6.289393E+03	1.231174E-16	8.809338E-19
6.329393E+03	1.213853E-16	9.126928E-19
6.369393E+03	1.192785E-16	8.993630E-19
6.409393E+03	1.172282E-16	8.743774E-19
6.449393E+03	1.156756E-16	9.259398E-19
6.489393E+03	1.148003E-16	1.086183E-18
6.529393E+03	1.144969E-16	1.301693E-18
6.569393E+03	1.146773E-16	1.526883E-18
6.609393E+03	1.152756E-16	1.738394E-18
6.649393E+03	1.162257E-16	1.926085E-18
6.689393E+03	1.174487E-16	2.086382E-18
6.729393E+03	1.188515E-16	2.219058E-18
6.769393E+03	1.203368E-16	2.325222E-18
6.809393E+03	1.218125E-16	2.405772E-18
6.849393E+03	1.231936E-16	2.460812E-18
6.889393E+03	1.244059E-16	2.490018E-18
6.929393E+03	1.253869E-16	2.494523E-18
6.969393E+03	1.260839E-16	2.478425E-18
7.009393E+03	1.264573E-16	2.447695E-18
7.049393E+03	1.264887E-16	2.408405E-18
7.089393E+03	1.261834E-16	2.365444E-18
7.129393E+03	1.255723E-16	2.320405E-18
7.169393E+03	1.247160E-16	2.269808E-18
7.209393E+03	1.236999E-16	2.206351E-18
7.249393E+03	1.226243E-16	2.121612E-18
7.289393E+03	1.215897E-16	2.007914E-18
7.329393E+03	1.206772E-16	1.860154E-18
7.369393E+03	1.199319E-16	1.678052E-18
7.409393E+03	1.193604E-16	1.467748E-18
7.449393E+03	1.189348E-16	1.245916E-18
7.489393E+03	1.186031E-16	1.049685E-18
7.529393E+03	1.183059E-16	9.436618E-19
7.569393E+03	1.180150E-16	9.691571E-19
7.609393E+03	1.177505E-16	1.059494E-18
7.649393E+03	1.175399E-16	1.130855E-18
7.689393E+03	1.173487E-16	1.140791E-18
7.729393E+03	1.170258E-16	1.078347E-18
7.769393E+03	1.163314E-16	9.647831E-19
7.809393E+03	1.149912E-16	8.714767E-19
7.849393E+03	1.127864E-16	9.076296E-19
7.889393E+03	1.096791E-16	1.076973E-18
7.929393E+03	1.058043E-16	1.289062E-18
7.969393E+03	1.013615E-16	1.483697E-18
8.009393E+03	9.655482E-17	1.636265E-18
8.049393E+03	9.156400E-17	1.741534E-18
8.089393E+03	8.653423E-17	1.803508E-18
8.129393E+03	8.157814E-17	1.829226E-18
8.169393E+03	7.678224E-17	1.825777E-18
8.209393E+03	7.221280E-17	1.799559E-18
8.249393E+03	6.792046E-17	1.756173E-18
8.289393E+03	6.394395E-17	1.700420E-18
8.329393E+03	6.031280E-17	1.636443E-18
8.369393E+03	5.704941E-17	1.567953E-18
8.409393E+03	5.417083E-17	1.498189E-18
8.449393E+03	5.169112E-17	1.429913E-18
8.489393E+03	4.962423E-17	1.365547E-18
8.529393E+03	4.798625E-17	1.307291E-18
8.569393E+03	4.679749E-17	1.257222E-18
8.609393E+03	4.608441E-17	1.217319E-18
8.649393E+03	4.588072E-17	1.189401E-18
8.689393E+03	4.622670E-17	1.174916E-18
8.729393E+03	4.715930E-17	1.173976E-18
8.769393E+03	4.869087E-17	1.183619E-18
8.809393E+03	5.082441E-17	1.199082E-18
8.849393E+03	5.356381E-17	1.215001E-18
8.889393E+03	5.691071E-17	1.225368E-18
8.929393E+03	6.085694E-17	1.223115E-18
8.969393E+03	6.537254E-17	1.199639E-18
9.009393E+03	7.038797E-17	1.144985E-18
9.049393E+03	7.577306E-17	1.049977E-18
9.089393E+03	8.131986E-17	9.122075E-19
9.129393E+03	8.674060E-17	7.520984E-19
9.169393E+03	9.170351E-17	6.530902E-19
9.209393E+03	9.592541E-17	7.500580E-19
9.249393E+03	9.928107E-17	1.011285E-18
9.289393E+03	1.018093E-16	1.320975E-18
9.329393E+03	1.036372E-16	1.617459E-18
9.369393E+03	1.049184E-16	1.873628E-18
9.409393E+03	1.057995E-16	2.077959E-18
9.449393E+03	1.064054E-16	2.226687E-18
9.489393E+03	1.068368E-16	2.320461E-18
9.529393E+03	1.071755E-16	2.362313E-18
9.569393E+03	1.074890E-16	2.355830E-18
9.609393E+03	1.078351E-16	2.303562E-18
9.649393E+03	1.082613E-16	2.205108E-18
9.689393E+03	1.087983E-16	2.057288E-18
9.729393E+03	1.094507E-16	1.856430E-18
9.769393E+03	1.101944E-16	1.602715E-18
9.809393E+03	1.109777E-16	1.306875E-18
9.849393E+03	1.117365E-16	1.007429E-18
9.889393E+03	1.124343E-16	8.178513E-19
9.929393E+03	1.131001E-16	9.062759E-19
9.969393E+03	1.137145E-16	1.210526E-18
1.000939E+04	1.142787E-16	1.573281E-18
1.004939E+04	1.148555E-16	1.922551E-18
1.008939E+04	1.155180E-16	2.230218E-18
1.012939E+04	1.163203E-16	2.482715E-18
1.016939E+04	1.172894E-16	2.670997E-18
1.020939E+04	1.184222E-16	2.787228E-18
1.024939E+04	1.196828E-16	2.824085E-18
1.028939E+04	1.209958E-16	2.774342E-18
1.032939E+04	1.222356E-16	2.630961E-18
1.036939E+04	1.232153E-16	2.388061E-18
1.040939E+04	1.236939E-16	2.043340E-18
1.044939E+04	1.234307E-16	1.602772E-18
1.048939E+04	1.223240E-16	1.090355E-18
1.052939E+04	1.206242E-16	5.942424E-19
1.056939E+04	1.189973E-16	5.577420E-19
1.060939E+04	1.175140E-16	1.044219E-18
1.064939E+04	1.155514E-16	1.578289E-18
1.068939E+04	1.128955E-16	2.062468E-18
1.072939E+04	1.096809E-16	2.476077E-18
1.076939E+04	1.061607E-16	2.817343E-18
1.080939E+04	1.025649E-16	3.092384E-18
1.084939E+04	9.905261E-17	3.310146E-18
1.088939E+04	9.571476E-17	3.479774E-18
1.092939E+04	9.259217E-17	3.609467E-18
1.096939E+04	8.969479E-17	3.706147E-18
1.100939E+04	8.701605E-17	3.775502E-18
1.104939E+04	8.454212E-17	3.822167E-18
1.108939E+04	8.225746E-17	3.849922E-18
1.112939E+04	8.014771E-17	3.861873E-18
1.116939E+04	7.820090E-17	3.860611E-18
1.120939E+04	7.640792E-17	3.848336E-18
1.124939E+04	7.476237E-17	3.826961E-18
1.128939E+04	7.326026E-17	3.798194E-18
1.132939E+04	7.189964E-17	3.763594E-18
1.136939E+04	7.068027E-17	3.724606E-18
1.140939E+04	6.960330E-17	3.682582E-18
1.144939E+04	6.867104E-17	3.638770E-18
1.148939E+04	6.788679E-17	3.594301E-18
1.152939E+04	6.725474E-17	3.550158E-18
1.156939E+04	6.677984E-17	3.507137E-18
1.160939E+04	6.646777E-17	3.465813E-18
1.164939E+04	6.632483E-17	3.426488E-18
1.168939E+04	6.635788E-17	3.389155E-18
1.172939E+04	6.657417E-17	3.353451E-18
1.176939E+04	6.698114E-17	3.318610E-18
1.180939E+04	6.758611E-17	3.283411E-18
1.184939E+04	6.839590E-17	3.246122E-18
1.188939E+04	6.941617E-17	3.204436E-18
1.192939E+04	7.065063E-17	3.155404E-18
1.196939E+04	7.209978E-17	3.095355E-18
1.200939E+04	7.375907E-17	3.019835E-18
1.204939E+04	7.561620E-17	2.923539E-18
1.208939E+04	7.764686E-17	2.800293E-18
1.212939E+04	7.980843E-17	2.643095E-18
1.216939E+04	8.203090E-17	2.444317E-18
1.220939E+04	8.420556E-17	2.196214E-18
1.224939E+04	8.617451E-17	1.892018E-18
1.228939E+04	8.773157E-17	1.528007E-18
1.232939E+04	8.865605E-17	1.107193E-18
1.236939E+04	8.880724E-17	6.480636E-19
1.240939E+04	8.827221E-17	2.682852E-19
1.244939E+04	8.731976E-17	5.093286E-19
1.248939E+04	8.579766E-17	9.466977E-19
1.252939E+04	8.358489E-17	1.345245E-18
1.256939E+04	8.081328E-17	1.680562E-18
1.260939E+04	7.771312E-17	1.950320E-18
1.264939E+04	7.450123E-17	2.159880E-18
1.268939E+04	7.133911E-17	2.317713E-18
1.272939E+04	6.833128E-17	2.433003E-18
1.276939E+04	6.553786E-17	2.514445E-18
1.280939E+04	6.298836E-17	2.569754E-18
1.284939E+04	6.069265E-17	2.605518E-18
1.288939E+04	5.864849E-17	2.627234E-18
1.292939E+04	5.684644E-17	2.639405E-18
1.296939E+04	5.527296E-17	2.645662E-18
1.300939E+04	5.391230E-17	2.648894E-18
1.304939E+04	5.274769E-17	2.651359E-18
1.308939E+04	5.176209E-17	2.654793E-18
1.312939E+04	5.093858E-17	2.660496E-18
1.316939E+04	5.026066E-17	2.669407E-18
1.320939E+04	4.971242E-17	2.682156E-18
1.324939E+04	4.927860E-17	2.699109E-18
1.328939E+04	4.894468E-17	2.720394E-18
1.332939E+04	4.869688E-17	2.745921E-18
1.336939E+04	4.852216E-17	2.775399E-18
1.340939E+04	4.840825E-17	2.808350E-18
1.344939E+04	4.834362E-17	2.844125E-18
1.348939E+04	4.831747E-17	2.881925E-18
1.352939E+04	4.831971E-17	2.920834E-18
1.356939E+04	4.834099E-17	2.959844E-18
1.360939E+04	4.837267E-17	2.997904E-18
1.364939E+04	4.840685E-17	3.033948E-18
1.368939E+04	4.843638E-17	3.066946E-18
1.372939E+04	4.845490E-17	3.095934E-18
1.376939E+04	4.845687E-17	3.120049E-18
1.380939E+04	4.843762E-17	3.138561E-18
1.384939E+04	4.839334E-17	3.150890E-18
1.388939E+04	4.832116E-17	3.156628E-18
1.392939E+04	4.821915E-17	3.155550E-18
1.396939E+04	4.808628E-17	3.147616E-18
1.400939E+04	4.792245E-17	3.132975E-18
1.404939E+04	4.772838E-17	3.111956E-18
1.408939E+04	4.750560E-17	3.085057E-18
1.412939E+04	4.725635E-17	3.052928E-18
1.416939E+04	4.698345E-17	3.016347E-18
1.420939E+04	4.669025E-17	2.976190E-18
1.424939E+04	4.638046E-17	2.933400E-18
1.428939E+04	4.605810E-17	2.888945E-18
1.432939E+04	4.572733E-17	2.843783E-18
1.436939E+04	4.539242E-17	2.798813E-18
1.440939E+04	4.505760E-17	2.754844E-18
1.444939E+04	4.472702E-17	2.712558E-18
1.448939E+04	4.440466E-17	2.672485E-18
1.452939E+04	4.409425E-17	2.634991E-18
1.456939E+04	4.379923E-17	2.600278E-18
1.460939E+04	4.352269E-17	2.568399E-18
1.464939E+04	4.326734E-17	2.539283E-18
1.468939E+04	4.303544E-17	2.512770E-18
1.472939E+04	4.282878E-17	2.488642E-18
1.476939E+04	4.264868E-17	2.466665E-18
1.480939E+04	4.249594E-17	2.446613E-18
1.484939E+04	4.237091E-17	2.428283E-18
1.488939E+04	4.227343E-17	2.411507E-18
1.492939E+04	4.220290E-17	2.396146E-18
1.496939E+04	4.215838E-17	2.382080E-18
1.500939E+04	4.213859E-17	2.369192E-18
1.504939E+04	4.214207E-17	2.357356E-18
1.508939E+04	4.216730E-17	2.346423E-18
1.512939E+04	4.221281E-17	2.336212E-18
1.516939E+04	4.227738E-17	2.326506E-18
1.520939E+04	4.236014E-17	2.317056E-18
1.524939E+04	4.246079E-17	2.307580E-18
1.528939E+04	4.257962E-17	2.297770E-18
1.532939E+04	4.271770E-17	2.287291E-18
1.536939E+04	4.287683E-17	2.275774E-18
1.540939E+04	4.305960E-17	2.262807E-18
1.544939E+04	4.326930E-17	2.247918E-18
1.548939E+04	4.350986E-17	2.230548E-18
1.552939E+04	4.378573E-17	2.210027E-18
1.556939E+04	4.410168E-17	2.185543E-18
1.560939E+04	4.446271E-17	2.156115E-18
1.564939E+04	4.487376E-17	2.120566E-18
1.568939E+04	4.533940E-17	2.077499E-18
1.572939E+04	4.586338E-17	2.025270E-18
1.576939E+04	4.644783E-17	1.961964E-18
1.580939E+04	4.709210E-17	1.885372E-18
1.584939E+04	4.779080E-17	1.792967E-18
1.588939E+04	4.853095E-17	1.681913E-18
1.592939E+04	4.928797E-17	1.549131E-18
1.596939E+04	5.002066E-17	1.391521E-18
1.600939E+04	5.066667E-17	1.206455E-18
1.604939E+04	5.114218E-17	9.927992E-19
1.608939E+04	5.135406E-17	7.529263E-19
1.612939E+04	5.123744E-17	4.978807E-19
1.616939E+04	5.082934E-17	2.752111E-19
1.620939E+04	5.033308E-17	2.868907E-19
1.624939E+04	4.973606E-17	5.046912E-19
1.628939E+04	4.886639E-17	7.367891E-19
1.632939E+04	4.772355E-17	9.442152E-19
1.636939E+04	4.639272E-17	1.119528E-18
1.640939E+04	4.497320E-17	1.263021E-18
1.644939E+04	4.354630E-17	1.377878E-18
1.648939E+04	4.216773E-17	1.468243E-18
1.652939E+04	4.087071E-17	1.538284E-18
1.656939E+04	3.967194E-17	1.591783E-18
1.660939E+04	3.857717E-17	1.631996E-18
1.664939E+04	3.758541E-17	1.661650E-18
1.668939E+04	3.669176E-17	1.682986E-18
1.672939E+04	3.588931E-17	1.697832E-18
1.676939E+04	3.517018E-17	1.707663E-18
1.680939E+04	3.452627E-17	1.713664E-18
1.684939E+04	3.394958E-17	1.716777E-18
1.688939E+04	3.343249E-17	1.717743E-18
1.692939E+04	3.296782E-17	1.717134E-18
1.696939E+04	3.254895E-17	1.715388E-18
1.700939E+04	3.216986E-17	1.712830E-18
1.704939E+04	3.182515E-17	1.709698E-18
1.708939E+04	3.151012E-17	1.706165E-18
1.712939E+04	3.122076E-17	1.702359E-18
1.716939E+04	3.095378E-17	1.698379E-18
1.720939E+04	3.070664E-17	1.694312E-18
1.724939E+04	3.047756E-17	1.690247E-18
1.728939E+04	3.026544E-17	1.686282E-18
1.732939E+04	3.006987E-17	1.682536E-18
1.736939E+04	2.989108E-17	1.679153E-18
1.740939E+04	2.972980E-17	1.676305E-18
1.744939E+04	2.958724E-17	1.674196E-18
1.748939E+04	2.946496E-17	1.673061E-18
1.752939E+04	2.936475E-17	1.673165E-18
1.756939E+04	2.928854E-17	1.674800E-18
1.760939E+04	2.923829E-17	1.678278E-18
1.764939E+04	2.921584E-17	1.683928E-18
1.768939E+04	2.922286E-17	1.692084E-18
1.772939E+04	2.926072E-17	1.703075E-18
1.776939E+04	2.933040E-17	1.717208E-18
1.780939E+04	2.943245E-17	1.734751E-18
1.784939E+04	2.956685E-17	1.755917E-18
1.788939E+04	2.973306E-17	1.780844E-18
1.792939E+04	2.992989E-17	1.809578E-18
1.796939E+04	3.015557E-17	1.842063E-18
1.800939E+04	3.040766E-17	1.878130E-18
1.804939E+04	3.068315E-17	1.917496E-18
1.808939E+04	3.097844E-17	1.959764E-18
1.812939E+04	3.128937E-17	2.004433E-18
1.816939E+04	3.161138E-17	2.050906E-18
1.820939E+04	3.193949E-17	2.098508E-18
1.824939E+04	3.226847E-17	2.146503E-18
1.828939E+04	3.259291E-17	2.194113E-18
1.832939E+04	3.290739E-17	2.240540E-18
1.836939E+04	3.320656E-17	2.284988E-18
1.840939E+04	3.348531E-17	2.326686E-18
1.844939E+04	3.373887E-17	2.364906E-18
1.848939E+04	3.396295E-17	2.398989E-18
1.852939E+04	3.415379E-17	2.428363E-18
1.856939E+04	3.430830E-17	2.452556E-18
1.860939E+04	3.442406E-17	2.471210E-18
1.864939E+04	3.449939E-17	2.484092E-18
1.868939E+04	3.453334E-17	2.491096E-18
1.872939E+04	3.452567E-17	2.492238E-18
1.876939E+04	3.447684E-17	2.487654E-18
1.880939E+04	3.438792E-17	2.477580E-18
1.884939E+04	3.426056E-17	2.462344E-18
1.888939E+04	3.409691E-17	2.442341E-18
1.892939E+04	3.389952E-17	2.418016E-18
1.896939E+04	3.367129E-17	2.389847E-18
1.900939E+04	3.341541E-17	2.358331E-18
1.904939E+04	3.313525E-17	2.323966E-18
1.908939E+04	3.283434E-17	2.287244E-18
1.912939E+04	3.251628E-17	2.248644E-18
1.916939E+04	3.218471E-17	2.208628E-18
1.920939E+04	3.184325E-17	2.167630E-18
1.924939E+04	3.149542E-17	2.126061E-18
1.928939E+04	3.114464E-17	2.084305E-18
1.932939E+04	3.079410E-17	2.042717E-18
1.936939E+04	3.044681E-17	2.001622E-18
1.940939E+04	3.010548E-17	1.961321E-18
1.944939E+04	2.977251E-17	1.922092E-18
1.948939E+04	2.944998E-17	1.884191E-18
1.952939E+04	2.913960E-17	1.847856E-18
1.956939E+04	2.884272E-17	1.813308E-18
1.960939E+04	2.856031E-17	1.780744E-18
1.964939E+04	2.829300E-17	1.750336E-18
1.968939E+04	2.804106E-17	1.722217E-18
1.972939E+04	2.780444E-17	1.696467E-18
1.976939E+04	2.758280E-17	1.673101E-18
1.980939E+04	2.737556E-17	1.652058E-18
1.984939E+04	2.718191E-17	1.633197E-18
1.988939E+04	2.700088E-17	1.616299E-18
1.992939E+04	2.683137E-17	1.601079E-18
1.996939E+04	2.667221E-17	1.587213E-18
2.000939E+04	2.652218E-17	1.574356E-18
2.004939E+04	2.638008E-17	1.562180E-18
2.008939E+04	2.624473E-17	1.550395E-18
2.012939E+04	2.611506E-17	1.538775E-18
2.016939E+04	2.599011E-17	1.527160E-18
2.020939E+04	2.586910E-17	1.515466E-18
2.024939E+04	2.575143E-17	1.503663E-18
2.028939E+04	2.563674E-17	1.491762E-18
2.032939E+04	2.552494E-17	1.479792E-18
2.036939E+04	2.541619E-17	1.467771E-18
2.040939E+04	2.531094E-17	1.455692E-18
2.044939E+04	2.520993E-17	1.443505E-18
2.048939E+04	2.511414E-17	1.431120E-18
2.052939E+04	2.502477E-17	1.418402E-18
2.056939E+04	2.494323E-17	1.405185E-18
2.060939E+04	2.487107E-17	1.391279E-18
2.064939E+04	2.480994E-17	1.376482E-18
2.068939E+04	2.476159E-17	1.360581E-18
2.072939E+04	2.472777E-17	1.343351E-18
2.076939E+04	2.471028E-17	1.324552E-18
2.080939E+04	2.471087E-17	1.303910E-18
2.084939E+04	2.473132E-17	1.281102E-18
2.088939E+04	2.477337E-17	1.255743E-18
2.092939E+04	2.483871E-17	1.227365E-18
2.096939E+04	2.492901E-17	1.195409E-18
2.100939E+04	2.504582E-17	1.159220E-18
2.104939E+04	2.519049E-17	1.118046E-18
2.108939E+04	2.536392E-17	1.071046E-18
2.112939E+04	2.556627E-17	1.017319E-18
2.116939E+04	2.579632E-17	9.559321E-19
2.120939E+04	2.605057E-17	8.860054E-19
2.124939E+04	2.632201E-17	8.068488E-19
2.128939E+04	2.659841E-17	7.182530E-19
2.132939E+04	2.686053E-17	6.210865E-19
2.136939E+04	2.708089E-17	5.185971E-19
2.140939E+04	2.722456E-17	4.193499E-19
2.144939E+04	2.725442E-17	3.430624E-19
2.148939E+04	2.714265E-17	3.221040E-19
2.152939E+04	2.688382E-17	3.685947E-19
2.156939E+04	2.649764E-17	4.534669E-19
2.160939E+04	2.601951E-17	5.486006E-19
2.164939E+04	2.548640E-17	6.403896E-19
2.168939E+04	2.492865E-17	7.234556E-19
2.172939E+04	2.436748E-17	7.960662E-19
2.176939E+04	2.381585E-17	8.580796E-19
2.180939E+04	2.328037E-17	9.100377E-19
2.184939E+04	2.276324E-17	9.527524E-19
2.188939E+04	2.226393E-17	9.871135E-19
2.192939E+04	2.178029E-17	1.014002E-18
2.196939E+04	2.130940E-17	1.034251E-18
2.200939E+04	2.084805E-17	1.048635E-18
2.204939E+04	2.039313E-17	1.057861E-18
2.208939E+04	1.994179E-17	1.062574E-18
2.212939E+04	1.949158E-17	1.063357E-18
2.216939E+04	1.904055E-17	1.060734E-18
2.220939E+04	1.858726E-17	1.055175E-18
2.224939E+04	1.813080E-17	1.047102E-18
2.228939E+04	1.767082E-17	1.036888E-18
2.232939E+04	1.720744E-17	1.024868E-18
2.236939E+04	1.674129E-17	1.011339E-18
2.240939E+04	1.627340E-17	9.965689E-19
2.244939E+04	1.580519E-17	9.807976E-19
2.248939E+04	1.533836E-17	9.642445E-19
2.252939E+04	1.487484E-17	9.471104E-19
2.256939E+04	1.441668E-17	9.295809E-19
2.260939E+04	1.396603E-17	9.118294E-19
2.264939E+04	1.352500E-17	8.940184E-19
2.268939E+04	1.309563E-17	8.763012E-19
2.272939E+04	1.267982E-17	8.588218E-19
2.276939E+04	1.227930E-17	8.417153E-19
2.280939E+04	1.189555E-17	8.251073E-19
2.284939E+04	1.152983E-17	8.091127E-19
2.288939E+04	1.118313E-17	7.938349E-19
2.292939E+04	1.085619E-17	7.793647E-19
2.296939E+04	1.054951E-17	7.657795E-19
2.300939E+04	1.026338E-17	7.531430E-19
2.304939E+04	9.997864E-18	7.415049E-19
2.308939E+04	9.752880E-18	7.309019E-19
2.312939E+04	9.528187E-18	7.213580E-19
2.316939E+04	9.323430E-18	7.128860E-19
2.320939E+04	9.138163E-18	7.054891E-19
2.324939E+04	8.971871E-18	6.991624E-19
2.328939E+04	8.823995E-18	6.938949E-19
2.332939E+04	8.693943E-18	6.896711E-19
2.336939E+04	8.581108E-18	6.864736E-19
2.340939E+04	8.484878E-18	6.842845E-19
2.344939E+04	8.404642E-18	6.830878E-19
2.348939E+04	8.339794E-18	6.828716E-19
2.352939E+04	8.289736E-18	6.836305E-19
2.356939E+04	8.253879E-18	6.853677E-19
2.360939E+04	8.231644E-18	6.880974E-19
2.364939E+04	8.222454E-18	6.918480E-19
2.368939E+04	8.225739E-18	6.966643E-19
2.372939E+04	8.240930E-18	7.026110E-19
2.376939E+04	8.267455E-18	7.097754E-19
2.380939E+04	8.304745E-18	7.182708E-19
2.384939E+04	8.352224E-18	7.282393E-19
2.388939E+04	8.409314E-18	7.398540E-19
2.392939E+04	8.475435E-18	7.533211E-19
2.396939E+04	8.550004E-18	7.688797E-19
2.400939E+04	8.632440E-18	7.868008E-19
2.404939E+04	8.722164E-18	8.073838E-19
2.408939E+04	8.818600E-18	8.309513E-19
2.412939E+04	8.921184E-18	8.578412E-19
2.416939E+04	9.029363E-18	8.883970E-19
2.420939E+04	9.142600E-18	9.229572E-19
2.424939E+04	9.260378E-18	9.618437E-19
2.428939E+04	9.382204E-18	1.005351E-18
2.432939E+04	9.507613E-18	1.053738E-18
2.436939E+04	9.636169E-18	1.107220E-18
2.440939E+04	9.767471E-18	1.165963E-18
2.444939E+04	9.901151E-18	1.230085E-18
2.448939E+04	1.003688E-17	1.299659E-18
