#wls	flux	fluxerr
3.289393E+03	1.410199E-17	1.671331E-18
3.329393E+03	1.334310E-17	1.507966E-18
3.369393E+03	1.266835E-17	1.366497E-18
3.409393E+03	1.206995E-17	1.244274E-18
3.449393E+03	1.154098E-17	1.138953E-18
3.489393E+03	1.107524E-17	1.048462E-18
3.529393E+03	1.066724E-17	9.709652E-19
3.569393E+03	1.031213E-17	9.048373E-19
3.609393E+03	1.000565E-17	8.486381E-19
3.649393E+03	9.744049E-18	8.010893E-19
3.689393E+03	9.524083E-18	7.610567E-19
3.729393E+03	9.342938E-18	7.275352E-19
3.769393E+03	9.198171E-18	6.996361E-19
3.809393E+03	9.087631E-18	6.765756E-19
3.849393E+03	9.009410E-18	6.576656E-19
3.889393E+03	8.961821E-18	6.423042E-19
3.929393E+03	8.943364E-18	6.299637E-19
3.969393E+03	8.952699E-18	6.201774E-19
4.009393E+03	8.988610E-18	6.125279E-19
4.049393E+03	9.049992E-18	6.066387E-19
4.089393E+03	9.135847E-18	6.021689E-19
4.129393E+03	9.245259E-18	5.988081E-19
4.169393E+03	9.377372E-18	5.962708E-19
4.209393E+03	9.531371E-18	5.942919E-19
4.249393E+03	9.706480E-18	5.926268E-19
4.289393E+03	9.901948E-18	5.910540E-19
4.329393E+03	1.011704E-17	5.893796E-19
4.369393E+03	1.035106E-17	5.874418E-19
4.409393E+03	1.060328E-17	5.851130E-19
4.449393E+03	1.087296E-17	5.823061E-19
4.489393E+03	1.115929E-17	5.789875E-19
4.529393E+03	1.146135E-17	5.751962E-19
4.569393E+03	1.177811E-17	5.710629E-19
4.609393E+03	1.210839E-17	5.668233E-19
4.649393E+03	1.245086E-17	5.628175E-19
4.689393E+03	1.280403E-17	5.594780E-19
4.729393E+03	1.316620E-17	5.573165E-19
4.769393E+03	1.353543E-17	5.569014E-19
4.809393E+03	1.390952E-17	5.588025E-19
4.849393E+03	1.428597E-17	5.634652E-19
4.889393E+03	1.466202E-17	5.709581E-19
4.929393E+03	1.503458E-17	5.809548E-19
4.969393E+03	1.540021E-17	5.929300E-19
5.009393E+03	1.575525E-17	6.062764E-19
5.049393E+03	1.609591E-17	6.204045E-19
5.089393E+03	1.641839E-17	6.348235E-19
5.129393E+03	1.671909E-17	6.491941E-19
5.169393E+03	1.699478E-17	6.633481E-19
5.209393E+03	1.724267E-17	6.772852E-19
5.249393E+03	1.746046E-17	6.911484E-19
5.289393E+03	1.764635E-17	7.051288E-19
5.329393E+03	1.779923E-17	7.193455E-19
5.369393E+03	1.791895E-17	7.338054E-19
5.409393E+03	1.800645E-17	7.483849E-19
5.449393E+03	1.806368E-17	7.628109E-19
5.489393E+03	1.809353E-17	7.766813E-19
5.529393E+03	1.809970E-17	7.895088E-19
5.569393E+03	1.808653E-17	8.007781E-19
5.609393E+03	1.805876E-17	8.100183E-19
5.649393E+03	1.802127E-17	8.168576E-19
5.689393E+03	1.797882E-17	8.210575E-19
5.729393E+03	1.793569E-17	8.224953E-19
5.769393E+03	1.789551E-17	8.211262E-19
5.809393E+03	1.786121E-17	8.169720E-19
5.849393E+03	1.783502E-17	8.101061E-19
5.889393E+03	1.781845E-17	8.006264E-19
5.929393E+03	1.781234E-17	7.886374E-19
5.969393E+03	1.781683E-17	7.742562E-19
6.009393E+03	1.783153E-17	7.576293E-19
6.049393E+03	1.785556E-17	7.389467E-19
6.089393E+03	1.788770E-17	7.184435E-19
6.129393E+03	1.792645E-17	6.964071E-19
6.169393E+03	1.797008E-17	6.732076E-19
6.209393E+03	1.801674E-17	6.493504E-19
6.249393E+03	1.806456E-17	6.255441E-19
6.289393E+03	1.811176E-17	6.027436E-19
6.329393E+03	1.815666E-17	5.821448E-19
6.369393E+03	1.819777E-17	5.651142E-19
6.409393E+03	1.823385E-17	5.530207E-19
6.449393E+03	1.826428E-17	5.468713E-19
6.489393E+03	1.829034E-17	5.466298E-19
6.529393E+03	1.831530E-17	5.511368E-19
6.569393E+03	1.834292E-17	5.588239E-19
6.609393E+03	1.837678E-17	5.681748E-19
6.649393E+03	1.842010E-17	5.779488E-19
6.689393E+03	1.847554E-17	5.872475E-19
6.729393E+03	1.854523E-17	5.954985E-19
6.769393E+03	1.863082E-17	6.023991E-19
6.809393E+03	1.873354E-17	6.078329E-19
6.849393E+03	1.885412E-17	6.117902E-19
6.889393E+03	1.899279E-17	6.143262E-19
6.929393E+03	1.914940E-17	6.155559E-19
6.969393E+03	1.932348E-17	6.156513E-19
7.009393E+03	1.951428E-17	6.148158E-19
7.049393E+03	1.972085E-17	6.132538E-19
7.089393E+03	1.994222E-17	6.111339E-19
7.129393E+03	2.017749E-17	6.085455E-19
7.169393E+03	2.042599E-17	6.054804E-19
7.209393E+03	2.068749E-17	6.018457E-19
7.249393E+03	2.096234E-17	5.974993E-19
7.289393E+03	2.125160E-17	5.922916E-19
7.329393E+03	2.155694E-17	5.860912E-19
7.369393E+03	2.188077E-17	5.787846E-19
7.409393E+03	2.222664E-17	5.702885E-19
7.449393E+03	2.259968E-17	5.605971E-19
7.489393E+03	2.300645E-17	5.498467E-19
7.529393E+03	2.345483E-17	5.384323E-19
7.569393E+03	2.395387E-17	5.271876E-19
7.609393E+03	2.451327E-17	5.175742E-19
7.649393E+03	2.514112E-17	5.117597E-19
7.689393E+03	2.583469E-17	5.117516E-19
7.729393E+03	2.656668E-17	5.178013E-19
7.769393E+03	2.729426E-17	5.294313E-19
7.809393E+03	2.796932E-17	5.464104E-19
7.849393E+03	2.854741E-17	5.684628E-19
7.889393E+03	2.900431E-17	5.941499E-19
7.929393E+03	2.933788E-17	6.209874E-19
7.969393E+03	2.955675E-17	6.466145E-19
8.009393E+03	2.967540E-17	6.693793E-19
8.049393E+03	2.971156E-17	6.884661E-19
8.089393E+03	2.968424E-17	7.037375E-19
8.129393E+03	2.961222E-17	7.154543E-19
8.169393E+03	2.951310E-17	7.240529E-19
8.209393E+03	2.940276E-17	7.300238E-19
8.249393E+03	2.929518E-17	7.338585E-19
8.289393E+03	2.920264E-17	7.360337E-19
8.329393E+03	2.913588E-17	7.370390E-19
8.369393E+03	2.910386E-17	7.373964E-19
8.409393E+03	2.911326E-17	7.375896E-19
8.449393E+03	2.916827E-17	7.380074E-19
8.489393E+03	2.927075E-17	7.389270E-19
8.529393E+03	2.942071E-17	7.404962E-19
8.569393E+03	2.961671E-17	7.426948E-19
8.609393E+03	2.985633E-17	7.453090E-19
8.649393E+03	3.013635E-17	7.479194E-19
8.689393E+03	3.045302E-17	7.499416E-19
8.729393E+03	3.080228E-17	7.507084E-19
8.769393E+03	3.117997E-17	7.494855E-19
8.809393E+03	3.158198E-17	7.454995E-19
8.849393E+03	3.200442E-17	7.380315E-19
8.889393E+03	3.244413E-17	7.265091E-19
8.929393E+03	3.289908E-17	7.105734E-19
8.969393E+03	3.336820E-17	6.902195E-19
9.009393E+03	3.385072E-17	6.661217E-19
9.049393E+03	3.434613E-17	6.401668E-19
9.089393E+03	3.485469E-17	6.160880E-19
9.129393E+03	3.537790E-17	5.998168E-19
9.169393E+03	3.591827E-17	5.987294E-19
9.209393E+03	3.647783E-17	6.182790E-19
9.249393E+03	3.705545E-17	6.567241E-19
9.289393E+03	3.764739E-17	7.068887E-19
9.329393E+03	3.824854E-17	7.607821E-19
9.369393E+03	3.885228E-17	8.118246E-19
9.409393E+03	3.945028E-17	8.555269E-19
9.449393E+03	4.003279E-17	8.893723E-19
9.489393E+03	4.058916E-17	9.124426E-19
9.529393E+03	4.110911E-17	9.249838E-19
9.569393E+03	4.158445E-17	9.279643E-19
9.609393E+03	4.201035E-17	9.227191E-19
9.649393E+03	4.238631E-17	9.107109E-19
9.689393E+03	4.271700E-17	8.935064E-19
9.729393E+03	4.301306E-17	8.731272E-19
9.769393E+03	4.329274E-17	8.525485E-19
9.809393E+03	4.358278E-17	8.360298E-19
9.849393E+03	4.391804E-17	8.289219E-19
9.889393E+03	4.433826E-17	8.366350E-19
9.929393E+03	4.487716E-17	8.622583E-19
9.969393E+03	4.554650E-17	9.030415E-19
1.000939E+04	4.634153E-17	9.519411E-19
1.004939E+04	4.725285E-17	1.001145E-18
1.008939E+04	4.827120E-17	1.043681E-18
1.012939E+04	4.938907E-17	1.073948E-18
1.016939E+04	5.059967E-17	1.087829E-18
1.020939E+04	5.189347E-17	1.082846E-18
1.024939E+04	5.325383E-17	1.058778E-18
1.028939E+04	5.465331E-17	1.018875E-18
1.032939E+04	5.605182E-17	9.716667E-19
1.036939E+04	5.739868E-17	9.327367E-19
1.040939E+04	5.864010E-17	9.229480E-19
1.044939E+04	5.973797E-17	9.571050E-19
1.048939E+04	6.068722E-17	1.032376E-18
1.052939E+04	6.150146E-17	1.135932E-18
1.056939E+04	6.219657E-17	1.256479E-18
1.060939E+04	6.278389E-17	1.387578E-18
1.064939E+04	6.326804E-17	1.525930E-18
1.068939E+04	6.364875E-17	1.668724E-18
1.072939E+04	6.392423E-17	1.812557E-18
1.076939E+04	6.409362E-17	1.953898E-18
1.080939E+04	6.415763E-17	2.089633E-18
1.084939E+04	6.411821E-17	2.217268E-18
1.088939E+04	6.397827E-17	2.334926E-18
1.092939E+04	6.374162E-17	2.441282E-18
1.096939E+04	6.341300E-17	2.535485E-18
1.100939E+04	6.299796E-17	2.617078E-18
1.104939E+04	6.250292E-17	2.685917E-18
1.108939E+04	6.193513E-17	2.742110E-18
1.112939E+04	6.130260E-17	2.785961E-18
1.116939E+04	6.061403E-17	2.817942E-18
1.120939E+04	5.987868E-17	2.838655E-18
1.124939E+04	5.910624E-17	2.848819E-18
1.128939E+04	5.830652E-17	2.849244E-18
1.132939E+04	5.748935E-17	2.840808E-18
1.136939E+04	5.666436E-17	2.824434E-18
1.140939E+04	5.584095E-17	2.801060E-18
1.144939E+04	5.502806E-17	2.771610E-18
1.148939E+04	5.423409E-17	2.736960E-18
1.152939E+04	5.346674E-17	2.697909E-18
1.156939E+04	5.273291E-17	2.655152E-18
1.160939E+04	5.203868E-17	2.609257E-18
1.164939E+04	5.138919E-17	2.560638E-18
1.168939E+04	5.078852E-17	2.509537E-18
1.172939E+04	5.023966E-17	2.456013E-18
1.176939E+04	4.974441E-17	2.399932E-18
1.180939E+04	4.930326E-17	2.340972E-18
1.184939E+04	4.891530E-17	2.278626E-18
1.188939E+04	4.857812E-17	2.212223E-18
1.192939E+04	4.828775E-17	2.140951E-18
1.196939E+04	4.803859E-17	2.063904E-18
1.200939E+04	4.782337E-17	1.980137E-18
1.204939E+04	4.763322E-17	1.888748E-18
1.208939E+04	4.745765E-17	1.788988E-18
1.212939E+04	4.728469E-17	1.680408E-18
1.216939E+04	4.710126E-17	1.563066E-18
1.220939E+04	4.689376E-17	1.437815E-18
1.224939E+04	4.664860E-17	1.306718E-18
1.228939E+04	4.635289E-17	1.173655E-18
1.232939E+04	4.599543E-17	1.045218E-18
1.236939E+04	4.556765E-17	9.318701E-19
1.240939E+04	4.506423E-17	8.486418E-19
1.244939E+04	4.448327E-17	8.124226E-19
1.248939E+04	4.382697E-17	8.322996E-19
1.252939E+04	4.310248E-17	8.996270E-19
1.256939E+04	4.232103E-17	9.953330E-19
1.260939E+04	4.149636E-17	1.102103E-18
1.264939E+04	4.064360E-17	1.208275E-18
1.268939E+04	3.977831E-17	1.307087E-18
1.272939E+04	3.891570E-17	1.395125E-18
1.276939E+04	3.807012E-17	1.471112E-18
1.280939E+04	3.725455E-17	1.535105E-18
1.284939E+04	3.648039E-17	1.587978E-18
1.288939E+04	3.575727E-17	1.631083E-18
1.292939E+04	3.509301E-17	1.666017E-18
1.296939E+04	3.449365E-17	1.694467E-18
1.300939E+04	3.396357E-17	1.718101E-18
1.304939E+04	3.350561E-17	1.738499E-18
1.308939E+04	3.312119E-17	1.757104E-18
1.312939E+04	3.281047E-17	1.775190E-18
1.316939E+04	3.257249E-17	1.793844E-18
1.320939E+04	3.240525E-17	1.813954E-18
1.324939E+04	3.230588E-17	1.836201E-18
1.328939E+04	3.227066E-17	1.861055E-18
1.332939E+04	3.229516E-17	1.888776E-18
1.336939E+04	3.237421E-17	1.919417E-18
1.340939E+04	3.250208E-17	1.952830E-18
1.344939E+04	3.267246E-17	1.988684E-18
1.348939E+04	3.287859E-17	2.026480E-18
1.352939E+04	3.311332E-17	2.065579E-18
1.356939E+04	3.336922E-17	2.105226E-18
1.360939E+04	3.363870E-17	2.144588E-18
1.364939E+04	3.391419E-17	2.182792E-18
1.368939E+04	3.418831E-17	2.218962E-18
1.372939E+04	3.445398E-17	2.252258E-18
1.376939E+04	3.470460E-17	2.281904E-18
1.380939E+04	3.493416E-17	2.307214E-18
1.384939E+04	3.513737E-17	2.327619E-18
1.388939E+04	3.530975E-17	2.342688E-18
1.392939E+04	3.544775E-17	2.352142E-18
1.396939E+04	3.554866E-17	2.355853E-18
1.400939E+04	3.561075E-17	2.353854E-18
1.404939E+04	3.563331E-17	2.346330E-18
1.408939E+04	3.561661E-17	2.333617E-18
1.412939E+04	3.556188E-17	2.316176E-18
1.416939E+04	3.547118E-17	2.294576E-18
1.420939E+04	3.534733E-17	2.269465E-18
1.424939E+04	3.519381E-17	2.241541E-18
1.428939E+04	3.501467E-17	2.211527E-18
1.432939E+04	3.481445E-17	2.180141E-18
1.436939E+04	3.459799E-17	2.148074E-18
1.440939E+04	3.437040E-17	2.115968E-18
1.444939E+04	3.413691E-17	2.084399E-18
1.448939E+04	3.390278E-17	2.053865E-18
1.452939E+04	3.367319E-17	2.024780E-18
1.456939E+04	3.345312E-17	1.997475E-18
1.460939E+04	3.324729E-17	1.972195E-18
1.464939E+04	3.306001E-17	1.949112E-18
1.468939E+04	3.289518E-17	1.928328E-18
1.472939E+04	3.275619E-17	1.909893E-18
1.476939E+04	3.264595E-17	1.893808E-18
1.480939E+04	3.256681E-17	1.880039E-18
1.484939E+04	3.252053E-17	1.868521E-18
1.488939E+04	3.250833E-17	1.859168E-18
1.492939E+04	3.253084E-17	1.851870E-18
1.496939E+04	3.258815E-17	1.846496E-18
1.500939E+04	3.267979E-17	1.842896E-18
1.504939E+04	3.280480E-17	1.840895E-18
1.508939E+04	3.296171E-17	1.840290E-18
1.512939E+04	3.314863E-17	1.840849E-18
1.516939E+04	3.336321E-17	1.842303E-18
1.520939E+04	3.360276E-17	1.844340E-18
1.524939E+04	3.386424E-17	1.846603E-18
1.528939E+04	3.414431E-17	1.848679E-18
1.532939E+04	3.443935E-17	1.850097E-18
1.536939E+04	3.474551E-17	1.850324E-18
1.540939E+04	3.505871E-17	1.848761E-18
1.544939E+04	3.537467E-17	1.844746E-18
1.548939E+04	3.568892E-17	1.837558E-18
1.552939E+04	3.599679E-17	1.826422E-18
1.556939E+04	3.629344E-17	1.810524E-18
1.560939E+04	3.657384E-17	1.789028E-18
1.564939E+04	3.683279E-17	1.761098E-18
1.568939E+04	3.706497E-17	1.725926E-18
1.572939E+04	3.726498E-17	1.682773E-18
1.576939E+04	3.742745E-17	1.631007E-18
1.580939E+04	3.754706E-17	1.570169E-18
1.584939E+04	3.761870E-17	1.500036E-18
1.588939E+04	3.763760E-17	1.420708E-18
1.592939E+04	3.759944E-17	1.332724E-18
1.596939E+04	3.750056E-17	1.237207E-18
1.600939E+04	3.733808E-17	1.136077E-18
1.604939E+04	3.711026E-17	1.032361E-18
1.608939E+04	3.681672E-17	9.306396E-19
1.612939E+04	3.645865E-17	8.376216E-19
1.616939E+04	3.603889E-17	7.625610E-19
1.620939E+04	3.556222E-17	7.164390E-19
1.624939E+04	3.503512E-17	7.080800E-19
1.628939E+04	3.446492E-17	7.374353E-19
1.632939E+04	3.385906E-17	7.942467E-19
1.636939E+04	3.322514E-17	8.656558E-19
1.640939E+04	3.257084E-17	9.413708E-19
1.644939E+04	3.190367E-17	1.014634E-18
1.648939E+04	3.123075E-17	1.081516E-18
1.652939E+04	3.055869E-17	1.140016E-18
1.656939E+04	2.989337E-17	1.189377E-18
1.660939E+04	2.923985E-17	1.229623E-18
1.664939E+04	2.860233E-17	1.261249E-18
1.668939E+04	2.798417E-17	1.285021E-18
1.672939E+04	2.738789E-17	1.301839E-18
1.676939E+04	2.681530E-17	1.312648E-18
1.680939E+04	2.626762E-17	1.318380E-18
1.684939E+04	2.574554E-17	1.319918E-18
1.688939E+04	2.524934E-17	1.318070E-18
1.692939E+04	2.477899E-17	1.313558E-18
1.696939E+04	2.433423E-17	1.307017E-18
1.700939E+04	2.391463E-17	1.298994E-18
1.704939E+04	2.351971E-17	1.289953E-18
1.708939E+04	2.314898E-17	1.280288E-18
1.712939E+04	2.280199E-17	1.270328E-18
1.716939E+04	2.247838E-17	1.260351E-18
1.720939E+04	2.217791E-17	1.250594E-18
1.724939E+04	2.190050E-17	1.241262E-18
1.728939E+04	2.164617E-17	1.232539E-18
1.732939E+04	2.141513E-17	1.224597E-18
1.736939E+04	2.120771E-17	1.217600E-18
1.740939E+04	2.102439E-17	1.211716E-18
1.744939E+04	2.086578E-17	1.207118E-18
1.748939E+04	2.073260E-17	1.203986E-18
1.752939E+04	2.062565E-17	1.202513E-18
1.756939E+04	2.054582E-17	1.202904E-18
1.760939E+04	2.049402E-17	1.205373E-18
1.764939E+04	2.047120E-17	1.210146E-18
1.768939E+04	2.047825E-17	1.217453E-18
1.772939E+04	2.051600E-17	1.227528E-18
1.776939E+04	2.058516E-17	1.240596E-18
1.780939E+04	2.068626E-17	1.256874E-18
1.784939E+04	2.081961E-17	1.276551E-18
1.788939E+04	2.098526E-17	1.299787E-18
1.792939E+04	2.118292E-17	1.326694E-18
1.796939E+04	2.141193E-17	1.357327E-18
1.800939E+04	2.167121E-17	1.391670E-18
1.804939E+04	2.195920E-17	1.429629E-18
1.808939E+04	2.227386E-17	1.471019E-18
1.812939E+04	2.261257E-17	1.515560E-18
1.816939E+04	2.297220E-17	1.562873E-18
1.820939E+04	2.334907E-17	1.612486E-18
1.824939E+04	2.373903E-17	1.663833E-18
1.828939E+04	2.413743E-17	1.716268E-18
1.832939E+04	2.453928E-17	1.769078E-18
1.836939E+04	2.493933E-17	1.821501E-18
1.840939E+04	2.533218E-17	1.872749E-18
1.844939E+04	2.571245E-17	1.922034E-18
1.848939E+04	2.607492E-17	1.968600E-18
1.852939E+04	2.641469E-17	2.011732E-18
1.856939E+04	2.672724E-17	2.050782E-18
1.860939E+04	2.700850E-17	2.085175E-18
1.864939E+04	2.725500E-17	2.114424E-18
1.868939E+04	2.746389E-17	2.138148E-18
1.872939E+04	2.763304E-17	2.156085E-18
1.876939E+04	2.776116E-17	2.168105E-18
1.880939E+04	2.784783E-17	2.174217E-18
1.884939E+04	2.789335E-17	2.174540E-18
1.888939E+04	2.789868E-17	2.169295E-18
1.892939E+04	2.786542E-17	2.158780E-18
1.896939E+04	2.779568E-17	2.143359E-18
1.900939E+04	2.769213E-17	2.123456E-18
1.904939E+04	2.755787E-17	2.099553E-18
1.908939E+04	2.739644E-17	2.072180E-18
1.912939E+04	2.721168E-17	2.041902E-18
1.916939E+04	2.700761E-17	2.009300E-18
1.920939E+04	2.678828E-17	1.974952E-18
1.924939E+04	2.655769E-17	1.939425E-18
1.928939E+04	2.631971E-17	1.903261E-18
1.932939E+04	2.607799E-17	1.866969E-18
1.936939E+04	2.583590E-17	1.831013E-18
1.940939E+04	2.559650E-17	1.795811E-18
1.944939E+04	2.536249E-17	1.761725E-18
1.948939E+04	2.513617E-17	1.729062E-18
1.952939E+04	2.491945E-17	1.698070E-18
1.956939E+04	2.471380E-17	1.668940E-18
1.960939E+04	2.452027E-17	1.641808E-18
1.964939E+04	2.433952E-17	1.616754E-18
1.968939E+04	2.417181E-17	1.593808E-18
1.972939E+04	2.401704E-17	1.572949E-18
1.976939E+04	2.387475E-17	1.554106E-18
1.980939E+04	2.374422E-17	1.537163E-18
1.984939E+04	2.362443E-17	1.521962E-18
1.988939E+04	2.351415E-17	1.508310E-18
1.992939E+04	2.341195E-17	1.495986E-18
1.996939E+04	2.331625E-17	1.484749E-18
2.000939E+04	2.322534E-17	1.474349E-18
2.004939E+04	2.313744E-17	1.464539E-18
2.008939E+04	2.305067E-17	1.455083E-18
2.012939E+04	2.296312E-17	1.445763E-18
2.016939E+04	2.287287E-17	1.436381E-18
2.020939E+04	2.277805E-17	1.426769E-18
2.024939E+04	2.267686E-17	1.416779E-18
2.028939E+04	2.256769E-17	1.406290E-18
2.032939E+04	2.244907E-17	1.395195E-18
2.036939E+04	2.231979E-17	1.383403E-18
2.040939E+04	2.217887E-17	1.370832E-18
2.044939E+04	2.202559E-17	1.357406E-18
2.048939E+04	2.185952E-17	1.343057E-18
2.052939E+04	2.168047E-17	1.327719E-18
2.056939E+04	2.148848E-17	1.311338E-18
2.060939E+04	2.128385E-17	1.293868E-18
2.064939E+04	2.106709E-17	1.275277E-18
2.068939E+04	2.083888E-17	1.255546E-18
2.072939E+04	2.060010E-17	1.234675E-18
2.076939E+04	2.035178E-17	1.212678E-18
2.080939E+04	2.009506E-17	1.189589E-18
2.084939E+04	1.983125E-17	1.165459E-18
2.088939E+04	1.956176E-17	1.140362E-18
2.092939E+04	1.928812E-17	1.114393E-18
2.096939E+04	1.901198E-17	1.087680E-18
2.100939E+04	1.873505E-17	1.060382E-18
2.104939E+04	1.845914E-17	1.032696E-18
2.108939E+04	1.818612E-17	1.004871E-18
2.112939E+04	1.791788E-17	9.772010E-19
2.116939E+04	1.765635E-17	9.500399E-19
2.120939E+04	1.740343E-17	9.237957E-19
2.124939E+04	1.716101E-17	8.989296E-19
2.128939E+04	1.693087E-17	8.759470E-19
2.132939E+04	1.671471E-17	8.553816E-19
2.136939E+04	1.651405E-17	8.377713E-19
2.140939E+04	1.633020E-17	8.236212E-19
2.144939E+04	1.616415E-17	8.133511E-19
2.148939E+04	1.601639E-17	8.072150E-19
2.152939E+04	1.588646E-17	8.051615E-19
2.156939E+04	1.577270E-17	8.067753E-19
2.160939E+04	1.567287E-17	8.114480E-19
2.164939E+04	1.558447E-17	8.185038E-19
2.168939E+04	1.550492E-17	8.272717E-19
2.172939E+04	1.543172E-17	8.371313E-19
2.176939E+04	1.536245E-17	8.475375E-19
2.180939E+04	1.529490E-17	8.580325E-19
2.184939E+04	1.522706E-17	8.682471E-19
2.188939E+04	1.515717E-17	8.778972E-19
2.192939E+04	1.508374E-17	8.867767E-19
2.196939E+04	1.500552E-17	8.947484E-19
2.200939E+04	1.492159E-17	9.017343E-19
2.204939E+04	1.483126E-17	9.077057E-19
2.208939E+04	1.473411E-17	9.126735E-19
2.212939E+04	1.462996E-17	9.166802E-19
2.216939E+04	1.451889E-17	9.197926E-19
2.220939E+04	1.440120E-17	9.220950E-19
2.224939E+04	1.427741E-17	9.236832E-19
2.228939E+04	1.414820E-17	9.246582E-19
2.232939E+04	1.401440E-17	9.251226E-19
2.236939E+04	1.387697E-17	9.251763E-19
2.240939E+04	1.373693E-17	9.249143E-19
2.244939E+04	1.359538E-17	9.244249E-19
2.248939E+04	1.345342E-17	9.237888E-19
2.252939E+04	1.331217E-17	9.230787E-19
2.256939E+04	1.317273E-17	9.223600E-19
2.260939E+04	1.303616E-17	9.216915E-19
2.264939E+04	1.290346E-17	9.211258E-19
2.268939E+04	1.277556E-17	9.207109E-19
2.272939E+04	1.265330E-17	9.204912E-19
2.276939E+04	1.253745E-17	9.205084E-19
2.280939E+04	1.242865E-17	9.208019E-19
2.284939E+04	1.232749E-17	9.214098E-19
2.288939E+04	1.223445E-17	9.223690E-19
2.292939E+04	1.214993E-17	9.237152E-19
2.296939E+04	1.207426E-17	9.254823E-19
2.300939E+04	1.200770E-17	9.277022E-19
2.304939E+04	1.195043E-17	9.304043E-19
2.308939E+04	1.190258E-17	9.336154E-19
2.312939E+04	1.186422E-17	9.373594E-19
2.316939E+04	1.183539E-17	9.416579E-19
2.320939E+04	1.181607E-17	9.465307E-19
2.324939E+04	1.180621E-17	9.519956E-19
2.328939E+04	1.180574E-17	9.580691E-19
2.332939E+04	1.181455E-17	9.647679E-19
2.336939E+04	1.183252E-17	9.721095E-19
2.340939E+04	1.185951E-17	9.801133E-19
2.344939E+04	1.189538E-17	9.888031E-19
2.348939E+04	1.193998E-17	9.982074E-19
2.352939E+04	1.199311E-17	1.008362E-18
2.356939E+04	1.205457E-17	1.019312E-18
2.360939E+04	1.212416E-17	1.031116E-18
2.364939E+04	1.220163E-17	1.043849E-18
2.368939E+04	1.228675E-17	1.057607E-18
2.372939E+04	1.237927E-17	1.072514E-18
2.376939E+04	1.247893E-17	1.088720E-18
2.380939E+04	1.258541E-17	1.106410E-18
2.384939E+04	1.269837E-17	1.125803E-18
2.388939E+04	1.281748E-17	1.147156E-18
2.392939E+04	1.294237E-17	1.170767E-18
2.396939E+04	1.307268E-17	1.196974E-18
2.400939E+04	1.320805E-17	1.226150E-18
2.404939E+04	1.334813E-17	1.258701E-18
2.408939E+04	1.349256E-17	1.295054E-18
2.412939E+04	1.364097E-17	1.335647E-18
2.416939E+04	1.379299E-17	1.380917E-18
2.420939E+04	1.394823E-17	1.431286E-18
2.424939E+04	1.410627E-17	1.487147E-18
2.428939E+04	1.426671E-17	1.548848E-18
2.432939E+04	1.442911E-17	1.616684E-18
2.436939E+04	1.459301E-17	1.690886E-18
2.440939E+04	1.475797E-17	1.771611E-18
2.444939E+04	1.492351E-17	1.858943E-18
2.448939E+04	1.508919E-17	1.952890E-18
