#wls	flux	fluxerr
1.600000E+03	1.542550E-17	1.493390E-17
1.640000E+03	1.596661E-17	1.524708E-17
1.680000E+03	1.653169E-17	1.556323E-17
1.720000E+03	1.712691E-17	1.588653E-17
1.760000E+03	1.775032E-17	1.621332E-17
1.800000E+03	1.840284E-17	1.654259E-17
1.840000E+03	1.908664E-17	1.687431E-17
1.880000E+03	1.980037E-17	1.720523E-17
1.920000E+03	2.054389E-17	1.753313E-17
1.960000E+03	2.131662E-17	1.785543E-17
2.000000E+03	2.211442E-17	1.816655E-17
2.040000E+03	2.293740E-17	1.846462E-17
2.080000E+03	2.377743E-17	1.874121E-17
2.120000E+03	2.462611E-17	1.898822E-17
2.160000E+03	2.547631E-17	1.919911E-17
2.200000E+03	2.631621E-17	1.936437E-17
2.240000E+03	2.712960E-17	1.947228E-17
2.280000E+03	2.791243E-17	1.952087E-17
2.320000E+03	2.865770E-17	1.950656E-17
2.360000E+03	2.936986E-17	1.943401E-17
2.400000E+03	3.005418E-17	1.930817E-17
2.440000E+03	3.071515E-17	1.913325E-17
2.480000E+03	3.135773E-17	1.891354E-17
2.520000E+03	3.198073E-17	1.864943E-17
2.560000E+03	3.258743E-17	1.834412E-17
2.600000E+03	3.317394E-17	1.799674E-17
2.640000E+03	3.373718E-17	1.760735E-17
2.680000E+03	3.427128E-17	1.717508E-17
2.720000E+03	3.477141E-17	1.670019E-17
2.760000E+03	3.523040E-17	1.618254E-17
2.800000E+03	3.564023E-17	1.562242E-17
2.840000E+03	3.599537E-17	1.502214E-17
2.880000E+03	3.628953E-17	1.438444E-17
2.920000E+03	3.651964E-17	1.371411E-17
2.960000E+03	3.668441E-17	1.301714E-17
3.000000E+03	3.678400E-17	1.230046E-17
3.010000E+03	3.679857E-17	1.211901E-17
3.020000E+03	3.680919E-17	1.193693E-17
3.030000E+03	3.681571E-17	1.175430E-17
3.040000E+03	3.681880E-17	1.157145E-17
3.050000E+03	3.681753E-17	1.138819E-17
3.060000E+03	3.681177E-17	1.120462E-17
3.070000E+03	3.680295E-17	1.102129E-17
3.080000E+03	3.678938E-17	1.083782E-17
3.090000E+03	3.677244E-17	1.065475E-17
3.100000E+03	3.675124E-17	1.047193E-17
3.110000E+03	3.672564E-17	1.028946E-17
3.120000E+03	3.669697E-17	1.010785E-17
3.130000E+03	3.666362E-17	9.926766E-18
3.140000E+03	3.662618E-17	9.746516E-18
3.150000E+03	3.658451E-17	9.567194E-18
3.160000E+03	3.653915E-17	9.389078E-18
3.170000E+03	3.648928E-17	9.212085E-18
3.180000E+03	3.643543E-17	9.036492E-18
3.190000E+03	3.637745E-17	8.862395E-18
3.200000E+03	3.631455E-17	8.689740E-18
3.210000E+03	3.624726E-17	8.518798E-18
3.220000E+03	3.617607E-17	8.349819E-18
3.230000E+03	3.609959E-17	8.182618E-18
3.240000E+03	3.601894E-17	8.017592E-18
3.250000E+03	3.593279E-17	7.854577E-18
3.260000E+03	3.584282E-17	7.694078E-18
3.270000E+03	3.574712E-17	7.535816E-18
3.280000E+03	3.564621E-17	7.380034E-18
3.290000E+03	3.554056E-17	7.226955E-18
3.300000E+03	3.542950E-17	7.076565E-18
3.310000E+03	3.531350E-17	6.929077E-18
3.320000E+03	3.519141E-17	6.784375E-18
3.330000E+03	3.506372E-17	6.642666E-18
3.340000E+03	3.493038E-17	6.504042E-18
3.350000E+03	3.479136E-17	6.368586E-18
3.360000E+03	3.464663E-17	6.236379E-18
3.370000E+03	3.449568E-17	6.107403E-18
3.380000E+03	3.433855E-17	5.981730E-18
3.390000E+03	3.417527E-17	5.859423E-18
3.400000E+03	3.400588E-17	5.740531E-18
3.410000E+03	3.383001E-17	5.625022E-18
3.420000E+03	3.364776E-17	5.512932E-18
3.430000E+03	3.345925E-17	5.404288E-18
3.440000E+03	3.326421E-17	5.299036E-18
3.450000E+03	3.306280E-17	5.197182E-18
3.460000E+03	3.285525E-17	5.098724E-18
3.470000E+03	3.264097E-17	5.003520E-18
3.480000E+03	3.242064E-17	4.911615E-18
3.490000E+03	3.219418E-17	4.822913E-18
3.500000E+03	3.196154E-17	4.737318E-18
3.510000E+03	3.172309E-17	4.654782E-18
3.520000E+03	3.147850E-17	4.575139E-18
3.530000E+03	3.122824E-17	4.498332E-18
3.540000E+03	3.097243E-17	4.424242E-18
3.550000E+03	3.071125E-17	4.352747E-18
3.560000E+03	3.044492E-17	4.283725E-18
3.570000E+03	3.017368E-17	4.217050E-18
3.580000E+03	2.989751E-17	4.152552E-18
3.590000E+03	2.961707E-17	4.090155E-18
3.600000E+03	2.933240E-17	4.029691E-18
3.610000E+03	2.904419E-17	3.971085E-18
3.620000E+03	2.875225E-17	3.914136E-18
3.630000E+03	2.845761E-17	3.858815E-18
3.640000E+03	2.815983E-17	3.804892E-18
3.650000E+03	2.785968E-17	3.752308E-18
3.660000E+03	2.755736E-17	3.700929E-18
3.670000E+03	2.725363E-17	3.650703E-18
3.680000E+03	2.694840E-17	3.601473E-18
3.690000E+03	2.664245E-17	3.553199E-18
3.700000E+03	2.633596E-17	3.505776E-18
3.710000E+03	2.602967E-17	3.459171E-18
3.720000E+03	2.572374E-17	3.413294E-18
3.730000E+03	2.541909E-17	3.368154E-18
3.740000E+03	2.511562E-17	3.323637E-18
3.750000E+03	2.481418E-17	3.279763E-18
3.760000E+03	2.451511E-17	3.236489E-18
3.770000E+03	2.421893E-17	3.193809E-18
3.780000E+03	2.392592E-17	3.151688E-18
3.790000E+03	2.363677E-17	3.110152E-18
3.800000E+03	2.335146E-17	3.069144E-18
3.810000E+03	2.307061E-17	3.028694E-18
3.820000E+03	2.279457E-17	2.988802E-18
3.830000E+03	2.252366E-17	2.949473E-18
3.840000E+03	2.225817E-17	2.910709E-18
3.850000E+03	2.199817E-17	2.872487E-18
3.860000E+03	2.174425E-17	2.834865E-18
3.870000E+03	2.149663E-17	2.797843E-18
3.880000E+03	2.125528E-17	2.761400E-18
3.890000E+03	2.102052E-17	2.725565E-18
3.900000E+03	2.079248E-17	2.690338E-18
3.910000E+03	2.057143E-17	2.655746E-18
3.920000E+03	2.035728E-17	2.621766E-18
3.930000E+03	2.015041E-17	2.588443E-18
3.940000E+03	1.995071E-17	2.555754E-18
3.950000E+03	1.975853E-17	2.523742E-18
3.960000E+03	1.957371E-17	2.492382E-18
3.970000E+03	1.939625E-17	2.461673E-18
3.980000E+03	1.922646E-17	2.431652E-18
3.990000E+03	1.906416E-17	2.402295E-18
4.000000E+03	1.890946E-17	2.373619E-18
4.010000E+03	1.876234E-17	2.345618E-18
4.020000E+03	1.862291E-17	2.318308E-18
4.030000E+03	1.849111E-17	2.291683E-18
4.040000E+03	1.836690E-17	2.265738E-18
4.050000E+03	1.825038E-17	2.240488E-18
4.060000E+03	1.814164E-17	2.215946E-18
4.070000E+03	1.804032E-17	2.192072E-18
4.080000E+03	1.794683E-17	2.168915E-18
4.090000E+03	1.786081E-17	2.146438E-18
4.100000E+03	1.778252E-17	2.124672E-18
4.110000E+03	1.771175E-17	2.103599E-18
4.120000E+03	1.764862E-17	2.083236E-18
4.130000E+03	1.759308E-17	2.063582E-18
4.140000E+03	1.754510E-17	2.044641E-18
4.150000E+03	1.750466E-17	2.026413E-18
4.160000E+03	1.747173E-17	2.008904E-18
4.170000E+03	1.744644E-17	1.992135E-18
4.180000E+03	1.742877E-17	1.976114E-18
4.190000E+03	1.741858E-17	1.960831E-18
4.200000E+03	1.741586E-17	1.946298E-18
4.210000E+03	1.742062E-17	1.932524E-18
4.220000E+03	1.743301E-17	1.919539E-18
4.230000E+03	1.745290E-17	1.907341E-18
4.240000E+03	1.748031E-17	1.895943E-18
4.250000E+03	1.751511E-17	1.885346E-18
4.260000E+03	1.755746E-17	1.875581E-18
4.270000E+03	1.760725E-17	1.866651E-18
4.280000E+03	1.766451E-17	1.858572E-18
4.290000E+03	1.772924E-17	1.851361E-18
4.300000E+03	1.780119E-17	1.845003E-18
4.310000E+03	1.788066E-17	1.839545E-18
4.320000E+03	1.796737E-17	1.834968E-18
4.330000E+03	1.806133E-17	1.831286E-18
4.340000E+03	1.816237E-17	1.828491E-18
4.350000E+03	1.827078E-17	1.826620E-18
4.360000E+03	1.838609E-17	1.825631E-18
4.370000E+03	1.850856E-17	1.825553E-18
4.380000E+03	1.863814E-17	1.826379E-18
4.390000E+03	1.877492E-17	1.828115E-18
4.400000E+03	1.891913E-17	1.830777E-18
4.410000E+03	1.907086E-17	1.834360E-18
4.420000E+03	1.923048E-17	1.838885E-18
4.430000E+03	1.939774E-17	1.844308E-18
4.440000E+03	1.957298E-17	1.850640E-18
4.450000E+03	1.975608E-17	1.857842E-18
4.460000E+03	1.994705E-17	1.865885E-18
4.470000E+03	2.014623E-17	1.874771E-18
4.480000E+03	2.035308E-17	1.884415E-18
4.490000E+03	2.056810E-17	1.894827E-18
4.500000E+03	2.079071E-17	1.905917E-18
4.510000E+03	2.102120E-17	1.917675E-18
4.520000E+03	2.125929E-17	1.930041E-18
4.530000E+03	2.150491E-17	1.942971E-18
4.540000E+03	2.175792E-17	1.956421E-18
4.550000E+03	2.201781E-17	1.970314E-18
4.560000E+03	2.228481E-17	1.984644E-18
4.570000E+03	2.255836E-17	1.999338E-18
4.580000E+03	2.283826E-17	2.014362E-18
4.590000E+03	2.312431E-17	2.029685E-18
4.600000E+03	2.341629E-17	2.045284E-18
4.610000E+03	2.371375E-17	2.061119E-18
4.620000E+03	2.401624E-17	2.077159E-18
4.630000E+03	2.432348E-17	2.093397E-18
4.640000E+03	2.463522E-17	2.109832E-18
4.650000E+03	2.495116E-17	2.126472E-18
4.660000E+03	2.527057E-17	2.143292E-18
4.670000E+03	2.559338E-17	2.160331E-18
4.680000E+03	2.591907E-17	2.177596E-18
4.690000E+03	2.624711E-17	2.195101E-18
4.700000E+03	2.657719E-17	2.212882E-18
4.710000E+03	2.690877E-17	2.230961E-18
4.720000E+03	2.724132E-17	2.249361E-18
4.730000E+03	2.757428E-17	2.268107E-18
4.740000E+03	2.790710E-17	2.287222E-18
4.750000E+03	2.823925E-17	2.306728E-18
4.760000E+03	2.857016E-17	2.326643E-18
4.770000E+03	2.889932E-17	2.346981E-18
4.780000E+03	2.922589E-17	2.367724E-18
4.790000E+03	2.954962E-17	2.388891E-18
4.800000E+03	2.986939E-17	2.410420E-18
4.810000E+03	3.018524E-17	2.432332E-18
4.820000E+03	3.049605E-17	2.454544E-18
4.830000E+03	3.080163E-17	2.477038E-18
4.840000E+03	3.110149E-17	2.499760E-18
4.850000E+03	3.139458E-17	2.522604E-18
4.860000E+03	3.168109E-17	2.545554E-18
4.870000E+03	3.196032E-17	2.568513E-18
4.880000E+03	3.223227E-17	2.591436E-18
4.890000E+03	3.249567E-17	2.614169E-18
4.900000E+03	3.275124E-17	2.636713E-18
4.910000E+03	3.299811E-17	2.658938E-18
4.920000E+03	3.323646E-17	2.680795E-18
4.930000E+03	3.346585E-17	2.702184E-18
4.940000E+03	3.368654E-17	2.723061E-18
4.950000E+03	3.389785E-17	2.743307E-18
4.960000E+03	3.410013E-17	2.762886E-18
4.970000E+03	3.429381E-17	2.781770E-18
4.980000E+03	3.447831E-17	2.799854E-18
4.990000E+03	3.465381E-17	2.817093E-18
5.000000E+03	3.482083E-17	2.833477E-18
5.010000E+03	3.497962E-17	2.848977E-18
5.020000E+03	3.512975E-17	2.863513E-18
5.030000E+03	3.527186E-17	2.877097E-18
5.040000E+03	3.540627E-17	2.889720E-18
5.050000E+03	3.553334E-17	2.901380E-18
5.060000E+03	3.565309E-17	2.912055E-18
5.070000E+03	3.576589E-17	2.921756E-18
5.080000E+03	3.587250E-17	2.930531E-18
5.090000E+03	3.597262E-17	2.938349E-18
5.100000E+03	3.606700E-17	2.945269E-18
5.110000E+03	3.615572E-17	2.951300E-18
5.120000E+03	3.623917E-17	2.956485E-18
5.130000E+03	3.631777E-17	2.960871E-18
5.140000E+03	3.639190E-17	2.964511E-18
5.150000E+03	3.646158E-17	2.967429E-18
5.160000E+03	3.652755E-17	2.969715E-18
5.170000E+03	3.658943E-17	2.971370E-18
5.180000E+03	3.664789E-17	2.972486E-18
5.190000E+03	3.670287E-17	2.973098E-18
5.200000E+03	3.675464E-17	2.973269E-18
5.210000E+03	3.680344E-17	2.973063E-18
5.220000E+03	3.684947E-17	2.972541E-18
5.230000E+03	3.689218E-17	2.971705E-18
5.240000E+03	3.693243E-17	2.970671E-18
5.250000E+03	3.696922E-17	2.969405E-18
5.260000E+03	3.700335E-17	2.968016E-18
5.270000E+03	3.703413E-17	2.966491E-18
5.280000E+03	3.706190E-17	2.964902E-18
5.290000E+03	3.708628E-17	2.963255E-18
5.300000E+03	3.710682E-17	2.961552E-18
5.310000E+03	3.712379E-17	2.959849E-18
5.320000E+03	3.713634E-17	2.958108E-18
5.330000E+03	3.714469E-17	2.956374E-18
5.340000E+03	3.714831E-17	2.954629E-18
5.350000E+03	3.714666E-17	2.952848E-18
5.360000E+03	3.713956E-17	2.951036E-18
5.370000E+03	3.712683E-17	2.949190E-18
5.380000E+03	3.710828E-17	2.947306E-18
5.390000E+03	3.708302E-17	2.945318E-18
5.400000E+03	3.705124E-17	2.943248E-18
5.410000E+03	3.701244E-17	2.941057E-18
5.420000E+03	3.696689E-17	2.938762E-18
5.430000E+03	3.691376E-17	2.936296E-18
5.440000E+03	3.685411E-17	2.933738E-18
5.450000E+03	3.678830E-17	2.931108E-18
5.460000E+03	3.671856E-17	2.928576E-18
5.470000E+03	3.664423E-17	2.926078E-18
5.480000E+03	3.656285E-17	2.923407E-18
5.490000E+03	3.647277E-17	2.920418E-18
5.500000E+03	3.637351E-17	2.917053E-18
5.510000E+03	3.626609E-17	2.913379E-18
5.520000E+03	3.614975E-17	2.909315E-18
5.530000E+03	3.602598E-17	2.904958E-18
5.540000E+03	3.589451E-17	2.900265E-18
5.550000E+03	3.575618E-17	2.895277E-18
5.560000E+03	3.561188E-17	2.890041E-18
5.570000E+03	3.546254E-17	2.884602E-18
5.580000E+03	3.530839E-17	2.878951E-18
5.590000E+03	3.515042E-17	2.873136E-18
5.600000E+03	3.498962E-17	2.867205E-18
5.610000E+03	3.482667E-17	2.861179E-18
5.620000E+03	3.466223E-17	2.855078E-18
5.630000E+03	3.449770E-17	2.848980E-18
5.640000E+03	3.433339E-17	2.842876E-18
5.650000E+03	3.417033E-17	2.836814E-18
5.660000E+03	3.400920E-17	2.830814E-18
5.670000E+03	3.385101E-17	2.824922E-18
5.680000E+03	3.369639E-17	2.819156E-18
5.690000E+03	3.354598E-17	2.813533E-18
5.700000E+03	3.340072E-17	2.808099E-18
5.710000E+03	3.326156E-17	2.802898E-18
5.720000E+03	3.312869E-17	2.797916E-18
5.730000E+03	3.300302E-17	2.793195E-18
5.740000E+03	3.288506E-17	2.788749E-18
5.750000E+03	3.277529E-17	2.784590E-18
5.760000E+03	3.267490E-17	2.780789E-18
5.770000E+03	3.258363E-17	2.777296E-18
5.780000E+03	3.250261E-17	2.774181E-18
5.790000E+03	3.243192E-17	2.771424E-18
5.800000E+03	3.237232E-17	2.769061E-18
5.810000E+03	3.232418E-17	2.767102E-18
5.820000E+03	3.228790E-17	2.765551E-18
5.830000E+03	3.226421E-17	2.764446E-18
5.840000E+03	3.225312E-17	2.763761E-18
5.850000E+03	3.225537E-17	2.763532E-18
5.860000E+03	3.227133E-17	2.763763E-18
5.870000E+03	3.230102E-17	2.764428E-18
5.880000E+03	3.234555E-17	2.765591E-18
5.890000E+03	3.240459E-17	2.767195E-18
5.900000E+03	3.247926E-17	2.769306E-18
5.910000E+03	3.256963E-17	2.771898E-18
5.920000E+03	3.267613E-17	2.774976E-18
5.930000E+03	3.279959E-17	2.778577E-18
5.940000E+03	3.293973E-17	2.782648E-18
5.950000E+03	3.309742E-17	2.787230E-18
5.960000E+03	3.327355E-17	2.792366E-18
5.970000E+03	3.346791E-17	2.798011E-18
5.980000E+03	3.368142E-17	2.804214E-18
5.990000E+03	3.391470E-17	2.811002E-18
6.000000E+03	3.416798E-17	2.818371E-18
6.010000E+03	3.444188E-17	2.826357E-18
6.020000E+03	3.473710E-17	2.835006E-18
6.030000E+03	3.505392E-17	2.844335E-18
6.040000E+03	3.539308E-17	2.854407E-18
6.050000E+03	3.575576E-17	2.865329E-18
6.060000E+03	3.614149E-17	2.877085E-18
6.070000E+03	3.655194E-17	2.889841E-18
6.080000E+03	3.698666E-17	2.903609E-18
6.090000E+03	3.744739E-17	2.918585E-18
6.100000E+03	3.793368E-17	2.934813E-18
6.110000E+03	3.844688E-17	2.952488E-18
6.120000E+03	3.898698E-17	2.971722E-18
6.130000E+03	3.955536E-17	2.992748E-18
6.140000E+03	4.015198E-17	3.015709E-18
6.150000E+03	4.077723E-17	3.040801E-18
6.160000E+03	4.143250E-17	3.068306E-18
6.170000E+03	4.211760E-17	3.098407E-18
6.180000E+03	4.283386E-17	3.131407E-18
6.190000E+03	4.358205E-17	3.167578E-18
6.200000E+03	4.436286E-17	3.207190E-18
6.210000E+03	4.517691E-17	3.250507E-18
6.220000E+03	4.602589E-17	3.297859E-18
6.230000E+03	4.691022E-17	3.349477E-18
6.240000E+03	4.783079E-17	3.405602E-18
6.250000E+03	4.878830E-17	3.466430E-18
6.260000E+03	4.978449E-17	3.532194E-18
6.270000E+03	5.081841E-17	3.602906E-18
6.280000E+03	5.189014E-17	3.678619E-18
6.290000E+03	5.300027E-17	3.759394E-18
6.300000E+03	5.414857E-17	3.845209E-18
6.310000E+03	5.533385E-17	3.935952E-18
6.320000E+03	5.655466E-17	4.031471E-18
6.330000E+03	5.781084E-17	4.131693E-18
6.340000E+03	5.909968E-17	4.236349E-18
6.350000E+03	6.041973E-17	4.345254E-18
6.360000E+03	6.176850E-17	4.458144E-18
6.370000E+03	6.314320E-17	4.574728E-18
6.380000E+03	6.454073E-17	4.694701E-18
6.390000E+03	6.595771E-17	4.817735E-18
6.400000E+03	6.739048E-17	4.943494E-18
6.410000E+03	6.883411E-17	5.071556E-18
6.420000E+03	7.028537E-17	5.201634E-18
6.430000E+03	7.173989E-17	5.333367E-18
6.440000E+03	7.319415E-17	5.466475E-18
6.450000E+03	7.464463E-17	5.600687E-18
6.460000E+03	7.608555E-17	5.735577E-18
6.470000E+03	7.751443E-17	5.870976E-18
6.480000E+03	7.892663E-17	6.006567E-18
6.490000E+03	8.031875E-17	6.142130E-18
6.500000E+03	8.168511E-17	6.277280E-18
6.510000E+03	8.302386E-17	6.411925E-18
6.520000E+03	8.432962E-17	6.545704E-18
6.530000E+03	8.559981E-17	6.678465E-18
6.540000E+03	8.682947E-17	6.809869E-18
6.550000E+03	8.801658E-17	6.939795E-18
6.560000E+03	8.915959E-17	7.068145E-18
6.570000E+03	9.025302E-17	7.194501E-18
6.580000E+03	9.129599E-17	7.318789E-18
6.590000E+03	9.228806E-17	7.440955E-18
6.600000E+03	9.322474E-17	7.560599E-18
6.610000E+03	9.410787E-17	7.677815E-18
6.620000E+03	9.493363E-17	7.792215E-18
6.630000E+03	9.570468E-17	7.903924E-18
6.640000E+03	9.641783E-17	8.012567E-18
6.650000E+03	9.707491E-17	8.118167E-18
6.660000E+03	9.767652E-17	8.220630E-18
6.670000E+03	9.822186E-17	8.319732E-18
6.680000E+03	9.871372E-17	8.415538E-18
6.690000E+03	9.915179E-17	8.507846E-18
6.700000E+03	9.953764E-17	8.596602E-18
6.710000E+03	9.987472E-17	8.681915E-18
6.720000E+03	1.001633E-16	8.763611E-18
6.730000E+03	1.004036E-16	8.841520E-18
6.740000E+03	1.006013E-16	8.915944E-18
6.750000E+03	1.007551E-16	8.986582E-18
6.760000E+03	1.008691E-16	9.053607E-18
6.770000E+03	1.009457E-16	9.117049E-18
6.780000E+03	1.009854E-16	9.176786E-18
6.790000E+03	1.009906E-16	9.232863E-18
6.800000E+03	1.009636E-16	9.285336E-18
6.810000E+03	1.009086E-16	9.334436E-18
6.820000E+03	1.008261E-16	9.380070E-18
6.830000E+03	1.007165E-16	9.422142E-18
6.840000E+03	1.005837E-16	9.460906E-18
6.850000E+03	1.004299E-16	9.496450E-18
6.860000E+03	1.002573E-16	9.528867E-18
6.870000E+03	1.000658E-16	9.558076E-18
6.880000E+03	9.985744E-17	9.584170E-18
6.890000E+03	9.963585E-17	9.607425E-18
6.900000E+03	9.940090E-17	9.627760E-18
6.910000E+03	9.915423E-17	9.645271E-18
6.920000E+03	9.889742E-17	9.660054E-18
6.930000E+03	9.863194E-17	9.672203E-18
6.940000E+03	9.835919E-17	9.681809E-18
6.950000E+03	9.808048E-17	9.688960E-18
6.960000E+03	9.779516E-17	9.693557E-18
6.970000E+03	9.750438E-17	9.695677E-18
6.980000E+03	9.721111E-17	9.695584E-18
6.990000E+03	9.691636E-17	9.693351E-18
7.000000E+03	9.661728E-17	9.688666E-18
7.010000E+03	9.631851E-17	9.681969E-18
7.020000E+03	9.601897E-17	9.673125E-18
7.030000E+03	9.571940E-17	9.662187E-18
7.040000E+03	9.541859E-17	9.649007E-18
7.050000E+03	9.511904E-17	9.633816E-18
7.060000E+03	9.482131E-17	9.616648E-18
7.070000E+03	9.452592E-17	9.597533E-18
7.080000E+03	9.423144E-17	9.576305E-18
7.090000E+03	9.393828E-17	9.552982E-18
7.100000E+03	9.364869E-17	9.527773E-18
7.110000E+03	9.336110E-17	9.500498E-18
7.120000E+03	9.307392E-17	9.470976E-18
7.130000E+03	9.279112E-17	9.439593E-18
7.140000E+03	9.251103E-17	9.406163E-18
7.150000E+03	9.223381E-17	9.370688E-18
7.160000E+03	9.195770E-17	9.332977E-18
7.170000E+03	9.168465E-17	9.293223E-18
7.180000E+03	9.141473E-17	9.251424E-18
7.190000E+03	9.114607E-17	9.207393E-18
7.200000E+03	9.087868E-17	9.161132E-18
7.210000E+03	9.061438E-17	9.112835E-18
7.220000E+03	9.035124E-17	9.062321E-18
7.230000E+03	9.008919E-17	9.009602E-18
7.240000E+03	8.982812E-17	8.954695E-18
7.250000E+03	8.956791E-17	8.897619E-18
7.260000E+03	8.930656E-17	8.838219E-18
7.270000E+03	8.904767E-17	8.776896E-18
7.280000E+03	8.878923E-17	8.713509E-18
7.290000E+03	8.852735E-17	8.647740E-18
7.300000E+03	8.826749E-17	8.580199E-18
7.310000E+03	8.800393E-17	8.510411E-18
7.320000E+03	8.774027E-17	8.438818E-18
7.330000E+03	8.747455E-17	8.365334E-18
7.340000E+03	8.720669E-17	8.290065E-18
7.350000E+03	8.693480E-17	8.212956E-18
7.360000E+03	8.665885E-17	8.134143E-18
7.370000E+03	8.637890E-17	8.053778E-18
7.380000E+03	8.609501E-17	7.972030E-18
7.390000E+03	8.580361E-17	7.888740E-18
7.400000E+03	8.550674E-17	7.804285E-18
7.410000E+03	8.520095E-17	7.718550E-18
7.420000E+03	8.488471E-17	7.631615E-18
7.430000E+03	8.455656E-17	7.543581E-18
7.440000E+03	8.421880E-17	7.454900E-18
7.450000E+03	8.387193E-17	7.365869E-18
7.460000E+03	8.352022E-17	7.277125E-18
7.470000E+03	8.316797E-17	7.189304E-18
7.480000E+03	8.281403E-17	7.102575E-18
7.490000E+03	8.246099E-17	7.017435E-18
7.500000E+03	8.211330E-17	6.934541E-18
7.510000E+03	8.176814E-17	6.853936E-18
7.520000E+03	8.143006E-17	6.776286E-18
7.530000E+03	8.109999E-17	6.701953E-18
7.540000E+03	8.077889E-17	6.631298E-18
7.550000E+03	8.046774E-17	6.564682E-18
7.560000E+03	8.016754E-17	6.502461E-18
7.570000E+03	7.988113E-17	6.445129E-18
7.580000E+03	7.960771E-17	6.392871E-18
7.590000E+03	7.935010E-17	6.346147E-18
7.600000E+03	7.910747E-17	6.305106E-18
7.610000E+03	7.888262E-17	6.270157E-18
7.620000E+03	7.867648E-17	6.241535E-18
7.630000E+03	7.848812E-17	6.219289E-18
7.640000E+03	7.832018E-17	6.203719E-18
7.650000E+03	7.817344E-17	6.194933E-18
7.660000E+03	7.804675E-17	6.192841E-18
7.670000E+03	7.794250E-17	6.197581E-18
7.680000E+03	7.785935E-17	6.208949E-18
7.690000E+03	7.780137E-17	6.227135E-18
7.700000E+03	7.776520E-17	6.251699E-18
7.710000E+03	7.775296E-17	6.282610E-18
7.720000E+03	7.776299E-17	6.319507E-18
7.730000E+03	7.779726E-17	6.362304E-18
7.740000E+03	7.785588E-17	6.410747E-18
7.750000E+03	7.793887E-17	6.464565E-18
7.760000E+03	7.804433E-17	6.523321E-18
7.770000E+03	7.817407E-17	6.586880E-18
7.780000E+03	7.832800E-17	6.654951E-18
7.790000E+03	7.850404E-17	6.727078E-18
7.800000E+03	7.870393E-17	6.803132E-18
7.810000E+03	7.892552E-17	6.882659E-18
7.820000E+03	7.917049E-17	6.965546E-18
7.830000E+03	7.943465E-17	7.051175E-18
7.840000E+03	7.972355E-17	7.139801E-18
7.850000E+03	8.003099E-17	7.230643E-18
7.860000E+03	8.035854E-17	7.323628E-18
7.870000E+03	8.070383E-17	7.418333E-18
7.880000E+03	8.106843E-17	7.514714E-18
7.890000E+03	8.144991E-17	7.612364E-18
7.900000E+03	8.184575E-17	7.710877E-18
7.910000E+03	8.225544E-17	7.810043E-18
7.920000E+03	8.267846E-17	7.909662E-18
7.930000E+03	8.311219E-17	8.009340E-18
7.940000E+03	8.355393E-17	8.108682E-18
7.950000E+03	8.400091E-17	8.207288E-18
7.960000E+03	8.445245E-17	8.304969E-18
7.970000E+03	8.490351E-17	8.401112E-18
7.980000E+03	8.535988E-17	8.496179E-18
7.990000E+03	8.582093E-17	8.590013E-18
8.000000E+03	8.628603E-17	8.682464E-18
8.010000E+03	8.675909E-17	8.773845E-18
8.020000E+03	8.723962E-17	8.864039E-18
8.030000E+03	8.773175E-17	8.953404E-18
8.040000E+03	8.823052E-17	9.041378E-18
8.050000E+03	8.874253E-17	9.128583E-18
8.060000E+03	8.926519E-17	9.214708E-18
8.070000E+03	8.979827E-17	9.299682E-18
8.080000E+03	9.034391E-17	9.383687E-18
8.090000E+03	9.090200E-17	9.466666E-18
8.100000E+03	9.146994E-17	9.548312E-18
8.110000E+03	9.205005E-17	9.628826E-18
8.120000E+03	9.264224E-17	9.708160E-18
8.130000E+03	9.324896E-17	9.786534E-18
8.140000E+03	9.386516E-17	9.863379E-18
8.150000E+03	9.449328E-17	9.938915E-18
8.160000E+03	9.513330E-17	1.001310E-17
8.170000E+03	9.578521E-17	1.008590E-17
8.180000E+03	9.644899E-17	1.015728E-17
8.190000E+03	9.712464E-17	1.022719E-17
8.200000E+03	9.780946E-17	1.029532E-17
8.210000E+03	9.850607E-17	1.036192E-17
8.220000E+03	9.921448E-17	1.042694E-17
8.230000E+03	9.993465E-17	1.049036E-17
8.240000E+03	1.006637E-16	1.055186E-17
8.250000E+03	1.014016E-16	1.061139E-17
8.260000E+03	1.021510E-16	1.066921E-17
8.270000E+03	1.029090E-16	1.072501E-17
8.280000E+03	1.036753E-16	1.077875E-17
8.290000E+03	1.044526E-16	1.083071E-17
8.300000E+03	1.052349E-16	1.088026E-17
8.310000E+03	1.060279E-16	1.092799E-17
8.320000E+03	1.068281E-16	1.097357E-17
8.330000E+03	1.076323E-16	1.101669E-17
8.340000E+03	1.084461E-16	1.105797E-17
8.350000E+03	1.092630E-16	1.109678E-17
8.360000E+03	1.100855E-16	1.113345E-17
8.370000E+03	1.109131E-16	1.116799E-17
8.380000E+03	1.117420E-16	1.120010E-17
8.390000E+03	1.125749E-16	1.123016E-17
8.400000E+03	1.134077E-16	1.125788E-17
8.410000E+03	1.142397E-16	1.128332E-17
8.420000E+03	1.150734E-16	1.130688E-17
8.430000E+03	1.159047E-16	1.132833E-17
8.440000E+03	1.167326E-16	1.134776E-17
8.450000E+03	1.175596E-16	1.136563E-17
8.460000E+03	1.183779E-16	1.138141E-17
8.470000E+03	1.191899E-16	1.139558E-17
8.480000E+03	1.199947E-16	1.140831E-17
8.490000E+03	1.207910E-16	1.141980E-17
8.500000E+03	1.215743E-16	1.142991E-17
8.510000E+03	1.223471E-16	1.143921E-17
8.520000E+03	1.231082E-16	1.144792E-17
8.530000E+03	1.238530E-16	1.145598E-17
8.540000E+03	1.245803E-16	1.146364E-17
8.550000E+03	1.252928E-16	1.147153E-17
8.560000E+03	1.259857E-16	1.147960E-17
8.570000E+03	1.266580E-16	1.148814E-17
8.580000E+03	1.273088E-16	1.149746E-17
8.590000E+03	1.279371E-16	1.150784E-17
8.600000E+03	1.285382E-16	1.151925E-17
8.610000E+03	1.291191E-16	1.153266E-17
8.620000E+03	1.296714E-16	1.154766E-17
8.630000E+03	1.301944E-16	1.156449E-17
8.640000E+03	1.306916E-16	1.158376E-17
8.650000E+03	1.311586E-16	1.160531E-17
8.660000E+03	1.315951E-16	1.162934E-17
8.670000E+03	1.320009E-16	1.165600E-17
8.680000E+03	1.323759E-16	1.168541E-17
8.690000E+03	1.327202E-16	1.171766E-17
8.700000E+03	1.330297E-16	1.175242E-17
8.710000E+03	1.333048E-16	1.178971E-17
8.720000E+03	1.335499E-16	1.182987E-17
8.730000E+03	1.337614E-16	1.187247E-17
8.740000E+03	1.339399E-16	1.191741E-17
8.750000E+03	1.340817E-16	1.196419E-17
8.760000E+03	1.341919E-16	1.201303E-17
8.770000E+03	1.342671E-16	1.206336E-17
8.780000E+03	1.343080E-16	1.211498E-17
8.790000E+03	1.343115E-16	1.216727E-17
8.800000E+03	1.342828E-16	1.222039E-17
8.810000E+03	1.342230E-16	1.227410E-17
8.820000E+03	1.341244E-16	1.232733E-17
8.830000E+03	1.339971E-16	1.238064E-17
8.840000E+03	1.338332E-16	1.243295E-17
8.850000E+03	1.336384E-16	1.248443E-17
8.860000E+03	1.334138E-16	1.253483E-17
8.870000E+03	1.331606E-16	1.258392E-17
8.880000E+03	1.328846E-16	1.263190E-17
8.890000E+03	1.325868E-16	1.267859E-17
8.900000E+03	1.322685E-16	1.272380E-17
8.910000E+03	1.319352E-16	1.276782E-17
8.920000E+03	1.315929E-16	1.281094E-17
8.930000E+03	1.312379E-16	1.285262E-17
8.940000E+03	1.308712E-16	1.289272E-17
8.950000E+03	1.305032E-16	1.293208E-17
8.960000E+03	1.301301E-16	1.297018E-17
8.970000E+03	1.297528E-16	1.300695E-17
8.980000E+03	1.293817E-16	1.304330E-17
8.990000E+03	1.290079E-16	1.307825E-17
9.000000E+03	1.286418E-16	1.311274E-17
9.040000E+03	1.272384E-16	1.324314E-17
9.080000E+03	1.259931E-16	1.336586E-17
9.120000E+03	1.249725E-16	1.348717E-17
9.160000E+03	1.242130E-16	1.361179E-17
9.200000E+03	1.237376E-16	1.374386E-17
9.240000E+03	1.235567E-16	1.388671E-17
9.280000E+03	1.236803E-16	1.404402E-17
9.320000E+03	1.240957E-16	1.421720E-17
9.360000E+03	1.247959E-16	1.440867E-17
9.400000E+03	1.257431E-16	1.461760E-17
9.440000E+03	1.269054E-16	1.484413E-17
9.480000E+03	1.282468E-16	1.508806E-17
9.520000E+03	1.297134E-16	1.534708E-17
9.560000E+03	1.312641E-16	1.562022E-17
9.600000E+03	1.328422E-16	1.590435E-17
9.640000E+03	1.343822E-16	1.619507E-17
9.680000E+03	1.358457E-16	1.649132E-17
9.720000E+03	1.371806E-16	1.679110E-17
9.760000E+03	1.383281E-16	1.709312E-17
9.800000E+03	1.392526E-16	1.740136E-17
9.840000E+03	1.399138E-16	1.772261E-17
9.880000E+03	1.402766E-16	1.806819E-17
9.920000E+03	1.403109E-16	1.845394E-17
9.960000E+03	1.399924E-16	1.889915E-17
1.000000E+04	1.393023E-16	1.942437E-17
1.004000E+04	1.382290E-16	2.004821E-17
1.008000E+04	1.367806E-16	2.078556E-17
1.012000E+04	1.349621E-16	2.164105E-17
1.016000E+04	1.327739E-16	2.260662E-17
1.020000E+04	1.302503E-16	2.366785E-17
1.024000E+04	1.274329E-16	2.480247E-17
1.028000E+04	1.243431E-16	2.597819E-17
1.032000E+04	1.210311E-16	2.716569E-17
