#wls	flux	fluxerr
3.289393E+03	2.615070E-16	8.947064E-18
3.329393E+03	2.685663E-16	7.433996E-18
3.369393E+03	2.759016E-16	6.017607E-18
3.409393E+03	2.834152E-16	4.791952E-18
3.449393E+03	2.909671E-16	3.928266E-18
3.489393E+03	2.983925E-16	3.627921E-18
3.529393E+03	3.056453E-16	3.856813E-18
3.569393E+03	3.128906E-16	4.297172E-18
3.609393E+03	3.203215E-16	4.678459E-18
3.649393E+03	3.280839E-16	4.869551E-18
3.689393E+03	3.362494E-16	4.835476E-18
3.729393E+03	3.447950E-16	4.613276E-18
3.769393E+03	3.535891E-16	4.318390E-18
3.809393E+03	3.623898E-16	4.151154E-18
3.849393E+03	3.708881E-16	4.305340E-18
3.889393E+03	3.788265E-16	4.764495E-18
3.929393E+03	3.859830E-16	5.366289E-18
3.969393E+03	3.921490E-16	5.970539E-18
4.009393E+03	3.971600E-16	6.499629E-18
4.049393E+03	4.009210E-16	6.919831E-18
4.089393E+03	4.034125E-16	7.219598E-18
4.129393E+03	4.046908E-16	7.398931E-18
4.169393E+03	4.049043E-16	7.466271E-18
4.209393E+03	4.043209E-16	7.437373E-18
4.249393E+03	4.033396E-16	7.334142E-18
4.289393E+03	4.024699E-16	7.183616E-18
4.329393E+03	4.022893E-16	7.016923E-18
4.369393E+03	4.033797E-16	6.866065E-18
4.409393E+03	4.062274E-16	6.755537E-18
4.449393E+03	4.110935E-16	6.690374E-18
4.489393E+03	4.179512E-16	6.650373E-18
4.529393E+03	4.265516E-16	6.596846E-18
4.569393E+03	4.365342E-16	6.485985E-18
4.609393E+03	4.474794E-16	6.281464E-18
4.649393E+03	4.588938E-16	5.964052E-18
4.689393E+03	4.701511E-16	5.540821E-18
4.729393E+03	4.804172E-16	5.060042E-18
4.769393E+03	4.886063E-16	4.629382E-18
4.809393E+03	4.934656E-16	4.398797E-18
4.849393E+03	4.939256E-16	4.489040E-18
4.889393E+03	4.899400E-16	4.828197E-18
4.929393E+03	4.824339E-16	5.219158E-18
4.969393E+03	4.725512E-16	5.534545E-18
5.009393E+03	4.613582E-16	5.731461E-18
5.049393E+03	4.497399E-16	5.814315E-18
5.089393E+03	4.383716E-16	5.807500E-18
5.129393E+03	4.277265E-16	5.739980E-18
5.169393E+03	4.181012E-16	5.637516E-18
5.209393E+03	4.096501E-16	5.519830E-18
5.249393E+03	4.024285E-16	5.399851E-18
5.289393E+03	3.964457E-16	5.284522E-18
5.329393E+03	3.917154E-16	5.178776E-18
5.369393E+03	3.882720E-16	5.088536E-18
5.409393E+03	3.861204E-16	5.015314E-18
5.449393E+03	3.851609E-16	4.952033E-18
5.489393E+03	3.852192E-16	4.898600E-18
5.529393E+03	3.861271E-16	4.877262E-18
5.569393E+03	3.877095E-16	4.914250E-18
5.609393E+03	3.897177E-16	5.003326E-18
5.649393E+03	3.918585E-16	5.108764E-18
5.689393E+03	3.939069E-16	5.198528E-18
5.729393E+03	3.957606E-16	5.257370E-18
5.769393E+03	3.974060E-16	5.281825E-18
5.809393E+03	3.988546E-16	5.273701E-18
5.849393E+03	4.001023E-16	5.236250E-18
5.889393E+03	4.010973E-16	5.170219E-18
5.929393E+03	4.017182E-16	5.068366E-18
5.969393E+03	4.017955E-16	4.914228E-18
6.009393E+03	4.011680E-16	4.687430E-18
6.049393E+03	3.997380E-16	4.368550E-18
6.089393E+03	3.975222E-16	3.941391E-18
6.129393E+03	3.947055E-16	3.401990E-18
6.169393E+03	3.917038E-16	2.788702E-18
6.209393E+03	3.891916E-16	2.256492E-18
6.249393E+03	3.879629E-16	2.126091E-18
6.289393E+03	3.882133E-16	2.421838E-18
6.329393E+03	3.891677E-16	2.760186E-18
6.369393E+03	3.898524E-16	2.956831E-18
6.409393E+03	3.893512E-16	3.050144E-18
6.449393E+03	3.869637E-16	3.187015E-18
6.489393E+03	3.827553E-16	3.435250E-18
6.529393E+03	3.775468E-16	3.729371E-18
6.569393E+03	3.721730E-16	4.004216E-18
6.609393E+03	3.672173E-16	4.233562E-18
6.649393E+03	3.629823E-16	4.416482E-18
6.689393E+03	3.595297E-16	4.561111E-18
6.729393E+03	3.567342E-16	4.676610E-18
6.769393E+03	3.543488E-16	4.770014E-18
6.809393E+03	3.520909E-16	4.843584E-18
6.849393E+03	3.497262E-16	4.893278E-18
6.889393E+03	3.470956E-16	4.911500E-18
6.929393E+03	3.440666E-16	4.893759E-18
6.969393E+03	3.404808E-16	4.842772E-18
7.009393E+03	3.361634E-16	4.765871E-18
7.049393E+03	3.309735E-16	4.670525E-18
7.089393E+03	3.248492E-16	4.562135E-18
7.129393E+03	3.178288E-16	4.442840E-18
7.169393E+03	3.100420E-16	4.310818E-18
7.209393E+03	3.016676E-16	4.161368E-18
7.249393E+03	2.928734E-16	3.989961E-18
7.289393E+03	2.837725E-16	3.795697E-18
7.329393E+03	2.744279E-16	3.582652E-18
7.369393E+03	2.649233E-16	3.358044E-18
7.409393E+03	2.554681E-16	3.128868E-18
7.449393E+03	2.464794E-16	2.899462E-18
7.489393E+03	2.386060E-16	2.670519E-18
7.529393E+03	2.326650E-16	2.440953E-18
7.569393E+03	2.294749E-16	2.215562E-18
7.609393E+03	2.296865E-16	2.019672E-18
7.649393E+03	2.336890E-16	1.909874E-18
7.689393E+03	2.413710E-16	1.925040E-18
7.729393E+03	2.516713E-16	2.002023E-18
7.769393E+03	2.626829E-16	2.067536E-18
7.809393E+03	2.718585E-16	2.134266E-18
7.849393E+03	2.766783E-16	2.288481E-18
7.889393E+03	2.764727E-16	2.539774E-18
7.929393E+03	2.725005E-16	2.805820E-18
7.969393E+03	2.664320E-16	3.027499E-18
8.009393E+03	2.596805E-16	3.188826E-18
8.049393E+03	2.532200E-16	3.298336E-18
8.089393E+03	2.476206E-16	3.373093E-18
8.129393E+03	2.431414E-16	3.429063E-18
8.169393E+03	2.398224E-16	3.476325E-18
8.209393E+03	2.375702E-16	3.518649E-18
8.249393E+03	2.362268E-16	3.555834E-18
8.289393E+03	2.356145E-16	3.586630E-18
8.329393E+03	2.355598E-16	3.610819E-18
8.369393E+03	2.359023E-16	3.629579E-18
8.409393E+03	2.364919E-16	3.644352E-18
8.449393E+03	2.371826E-16	3.655849E-18
8.489393E+03	2.378266E-16	3.664315E-18
8.529393E+03	2.382752E-16	3.669740E-18
8.569393E+03	2.383909E-16	3.671129E-18
8.609393E+03	2.380686E-16	3.666061E-18
8.649393E+03	2.372523E-16	3.651489E-18
8.689393E+03	2.359491E-16	3.624953E-18
8.729393E+03	2.342341E-16	3.585170E-18
8.769393E+03	2.322395E-16	3.531983E-18
8.809393E+03	2.301250E-16	3.465285E-18
8.849393E+03	2.280393E-16	3.383168E-18
8.889393E+03	2.260907E-16	3.280995E-18
8.929393E+03	2.243363E-16	3.152019E-18
8.969393E+03	2.227882E-16	2.988302E-18
9.009393E+03	2.214260E-16	2.781861E-18
9.049393E+03	2.202030E-16	2.528532E-18
9.089393E+03	2.190431E-16	2.238703E-18
9.129393E+03	2.178390E-16	1.960551E-18
9.169393E+03	2.164662E-16	1.808038E-18
9.209393E+03	2.148357E-16	1.903549E-18
9.249393E+03	2.129953E-16	2.199210E-18
9.289393E+03	2.110532E-16	2.556867E-18
9.329393E+03	2.090765E-16	2.884737E-18
9.369393E+03	2.070820E-16	3.139811E-18
9.409393E+03	2.050610E-16	3.308069E-18
9.449393E+03	2.029989E-16	3.392041E-18
9.489393E+03	2.008836E-16	3.403361E-18
9.529393E+03	1.987107E-16	3.357402E-18
9.569393E+03	1.964876E-16	3.268496E-18
9.609393E+03	1.942354E-16	3.146600E-18
9.649393E+03	1.919864E-16	2.995724E-18
9.689393E+03	1.897775E-16	2.813495E-18
9.729393E+03	1.876445E-16	2.592895E-18
9.769393E+03	1.856177E-16	2.327979E-18
9.809393E+03	1.837164E-16	2.026387E-18
9.849393E+03	1.819334E-16	1.733151E-18
9.889393E+03	1.802214E-16	1.559740E-18
9.929393E+03	1.785151E-16	1.633001E-18
9.969393E+03	1.768036E-16	1.914474E-18
1.000939E+04	1.750973E-16	2.273152E-18
1.004939E+04	1.733735E-16	2.626238E-18
1.008939E+04	1.715760E-16	2.937253E-18
1.012939E+04	1.696335E-16	3.191091E-18
1.016939E+04	1.674836E-16	3.380737E-18
1.020939E+04	1.650927E-16	3.501879E-18
1.024939E+04	1.624633E-16	3.551396E-18
1.028939E+04	1.596306E-16	3.527475E-18
1.032939E+04	1.566545E-16	3.430512E-18
1.036939E+04	1.536047E-16	3.265651E-18
1.040939E+04	1.505425E-16	3.047489E-18
1.044939E+04	1.475048E-16	2.807278E-18
1.048939E+04	1.444961E-16	2.601137E-18
1.052939E+04	1.415010E-16	2.507840E-18
1.056939E+04	1.385152E-16	2.593791E-18
1.060939E+04	1.355739E-16	2.861966E-18
1.064939E+04	1.327494E-16	3.256626E-18
1.068939E+04	1.301202E-16	3.713587E-18
1.072939E+04	1.277421E-16	4.187968E-18
1.076939E+04	1.256368E-16	4.654132E-18
1.080939E+04	1.237971E-16	5.098518E-18
1.084939E+04	1.221973E-16	5.514069E-18
1.088939E+04	1.208032E-16	5.897081E-18
1.092939E+04	1.195793E-16	6.245597E-18
1.096939E+04	1.184922E-16	6.558634E-18
1.100939E+04	1.175131E-16	6.835797E-18
1.104939E+04	1.166176E-16	7.077083E-18
1.108939E+04	1.157856E-16	7.282761E-18
1.112939E+04	1.150009E-16	7.453304E-18
1.116939E+04	1.142506E-16	7.589338E-18
1.120939E+04	1.135245E-16	7.691621E-18
1.124939E+04	1.128146E-16	7.761033E-18
1.128939E+04	1.121149E-16	7.798567E-18
1.132939E+04	1.114208E-16	7.805316E-18
1.136939E+04	1.107285E-16	7.782454E-18
1.140939E+04	1.100354E-16	7.731214E-18
1.144939E+04	1.093392E-16	7.652876E-18
1.148939E+04	1.086384E-16	7.548745E-18
1.152939E+04	1.079317E-16	7.420137E-18
1.156939E+04	1.072182E-16	7.268350E-18
1.160939E+04	1.064972E-16	7.094625E-18
1.164939E+04	1.057682E-16	6.900123E-18
1.168939E+04	1.050310E-16	6.685911E-18
1.172939E+04	1.042856E-16	6.452969E-18
1.176939E+04	1.035324E-16	6.202195E-18
1.180939E+04	1.027721E-16	5.934419E-18
1.184939E+04	1.020061E-16	5.650405E-18
1.188939E+04	1.012363E-16	5.350874E-18
1.192939E+04	1.004653E-16	5.036510E-18
1.196939E+04	9.969688E-17	4.707977E-18
1.200939E+04	9.893601E-17	4.365917E-18
1.204939E+04	9.818908E-17	4.010946E-18
1.208939E+04	9.746390E-17	3.643619E-18
1.212939E+04	9.676926E-17	3.264366E-18
1.216939E+04	9.611349E-17	2.873393E-18
1.220939E+04	9.550124E-17	2.470576E-18
1.224939E+04	9.492854E-17	2.055428E-18
1.228939E+04	9.437731E-17	1.627490E-18
1.232939E+04	9.381174E-17	1.188945E-18
1.236939E+04	9.318217E-17	7.598326E-19
1.240939E+04	9.244342E-17	4.773704E-19
1.244939E+04	9.158282E-17	6.692574E-19
1.248939E+04	9.062595E-17	1.100738E-18
1.252939E+04	8.963396E-17	1.556997E-18
1.256939E+04	8.867622E-17	1.996365E-18
1.260939E+04	8.780476E-17	2.409796E-18
1.264939E+04	8.704754E-17	2.795733E-18
1.268939E+04	8.641256E-17	3.154814E-18
1.272939E+04	8.589503E-17	3.488379E-18
1.276939E+04	8.548380E-17	3.798023E-18
1.280939E+04	8.516565E-17	4.085446E-18
1.284939E+04	8.492755E-17	4.352371E-18
1.288939E+04	8.475774E-17	4.600483E-18
1.292939E+04	8.464609E-17	4.831401E-18
1.296939E+04	8.458400E-17	5.046670E-18
1.300939E+04	8.456408E-17	5.247750E-18
1.304939E+04	8.457980E-17	5.436001E-18
1.308939E+04	8.462519E-17	5.612672E-18
1.312939E+04	8.469459E-17	5.778888E-18
1.316939E+04	8.478255E-17	5.935633E-18
1.320939E+04	8.488368E-17	6.083745E-18
1.324939E+04	8.499266E-17	6.223908E-18
1.328939E+04	8.510427E-17	6.356652E-18
1.332939E+04	8.521343E-17	6.482354E-18
1.336939E+04	8.531519E-17	6.601234E-18
1.340939E+04	8.540473E-17	6.713359E-18
1.344939E+04	8.547733E-17	6.818640E-18
1.348939E+04	8.552838E-17	6.916841E-18
1.352939E+04	8.555334E-17	7.007596E-18
1.356939E+04	8.554782E-17	7.090439E-18
1.360939E+04	8.550773E-17	7.164850E-18
1.364939E+04	8.542947E-17	7.230317E-18
1.368939E+04	8.531009E-17	7.286384E-18
1.372939E+04	8.514711E-17	7.332635E-18
1.376939E+04	8.493839E-17	7.368647E-18
1.380939E+04	8.468213E-17	7.393991E-18
1.384939E+04	8.437704E-17	7.408303E-18
1.388939E+04	8.402253E-17	7.411371E-18
1.392939E+04	8.361882E-17	7.403178E-18
1.396939E+04	8.316702E-17	7.383889E-18
1.400939E+04	8.266900E-17	7.353840E-18
1.404939E+04	8.212735E-17	7.313520E-18
1.408939E+04	8.154522E-17	7.263547E-18
1.412939E+04	8.092636E-17	7.204652E-18
1.416939E+04	8.027498E-17	7.137678E-18
1.420939E+04	7.959560E-17	7.063567E-18
1.424939E+04	7.889273E-17	6.983304E-18
1.428939E+04	7.817072E-17	6.897858E-18
1.432939E+04	7.743375E-17	6.808145E-18
1.436939E+04	7.668576E-17	6.715031E-18
1.440939E+04	7.593041E-17	6.619334E-18
1.444939E+04	7.517096E-17	6.521798E-18
1.448939E+04	7.441015E-17	6.423062E-18
1.452939E+04	7.365027E-17	6.323625E-18
1.456939E+04	7.289312E-17	6.223850E-18
1.460939E+04	7.214008E-17	6.123960E-18
1.464939E+04	7.139213E-17	6.024039E-18
1.468939E+04	7.064995E-17	5.924061E-18
1.472939E+04	6.991400E-17	5.823918E-18
1.476939E+04	6.918453E-17	5.723461E-18
1.480939E+04	6.846149E-17	5.622503E-18
1.484939E+04	6.774457E-17	5.520837E-18
1.488939E+04	6.703318E-17	5.418237E-18
1.492939E+04	6.632653E-17	5.314460E-18
1.496939E+04	6.562371E-17	5.209241E-18
1.500939E+04	6.492377E-17	5.102296E-18
1.504939E+04	6.422573E-17	4.993319E-18
1.508939E+04	6.352866E-17	4.881988E-18
1.512939E+04	6.283172E-17	4.767971E-18
1.516939E+04	6.213424E-17	4.650942E-18
1.520939E+04	6.143581E-17	4.530581E-18
1.524939E+04	6.073634E-17	4.406592E-18
1.528939E+04	6.003615E-17	4.278705E-18
1.532939E+04	5.933600E-17	4.146690E-18
1.536939E+04	5.863712E-17	4.010356E-18
1.540939E+04	5.794116E-17	3.869549E-18
1.544939E+04	5.725018E-17	3.724150E-18
1.548939E+04	5.656655E-17	3.574070E-18
1.552939E+04	5.589298E-17	3.419241E-18
1.556939E+04	5.523242E-17	3.259611E-18
1.560939E+04	5.458805E-17	3.095137E-18
1.564939E+04	5.396324E-17	2.925780E-18
1.568939E+04	5.336149E-17	2.751503E-18
1.572939E+04	5.278645E-17	2.572270E-18
1.576939E+04	5.224192E-17	2.388047E-18
1.580939E+04	5.173189E-17	2.198821E-18
1.584939E+04	5.126047E-17	2.004612E-18
1.588939E+04	5.083154E-17	1.805455E-18
1.592939E+04	5.044802E-17	1.601315E-18
1.596939E+04	5.011093E-17	1.391939E-18
1.600939E+04	4.981774E-17	1.176734E-18
1.604939E+04	4.955964E-17	9.549600E-19
1.608939E+04	4.931834E-17	7.270142E-19
1.612939E+04	4.906499E-17	5.003598E-19
1.616939E+04	4.876556E-17	3.204506E-19
1.620939E+04	4.839699E-17	3.377942E-19
1.624939E+04	4.796490E-17	5.375672E-19
1.628939E+04	4.750103E-17	7.771794E-19
1.632939E+04	4.704314E-17	1.014800E-18
1.636939E+04	4.661976E-17	1.240697E-18
1.640939E+04	4.624669E-17	1.452519E-18
1.644939E+04	4.592944E-17	1.650059E-18
1.648939E+04	4.566696E-17	1.833784E-18
1.652939E+04	4.545473E-17	2.004357E-18
1.656939E+04	4.528682E-17	2.162468E-18
1.660939E+04	4.515709E-17	2.308789E-18
1.664939E+04	4.505980E-17	2.443962E-18
1.668939E+04	4.498975E-17	2.568607E-18
1.672939E+04	4.494235E-17	2.683324E-18
1.676939E+04	4.491350E-17	2.788697E-18
1.680939E+04	4.489958E-17	2.885296E-18
1.684939E+04	4.489738E-17	2.973676E-18
1.688939E+04	4.490409E-17	3.054379E-18
1.692939E+04	4.491726E-17	3.127935E-18
1.696939E+04	4.493481E-17	3.194861E-18
1.700939E+04	4.495503E-17	3.255666E-18
1.704939E+04	4.497657E-17	3.310848E-18
1.708939E+04	4.499848E-17	3.360906E-18
1.712939E+04	4.502016E-17	3.406334E-18
1.716939E+04	4.504146E-17	3.447624E-18
1.720939E+04	4.506255E-17	3.485273E-18
1.724939E+04	4.508403E-17	3.519779E-18
1.728939E+04	4.510683E-17	3.551643E-18
1.732939E+04	4.513218E-17	3.581364E-18
1.736939E+04	4.516151E-17	3.609434E-18
1.740939E+04	4.519639E-17	3.636336E-18
1.744939E+04	4.523850E-17	3.662539E-18
1.748939E+04	4.528959E-17	3.688495E-18
1.752939E+04	4.535135E-17	3.714629E-18
1.756939E+04	4.542542E-17	3.741336E-18
1.760939E+04	4.551328E-17	3.768975E-18
1.764939E+04	4.561624E-17	3.797868E-18
1.768939E+04	4.573534E-17	3.828297E-18
1.772939E+04	4.587120E-17	3.860498E-18
1.776939E+04	4.602407E-17	3.894650E-18
1.780939E+04	4.619377E-17	3.930860E-18
1.784939E+04	4.637971E-17	3.969153E-18
1.788939E+04	4.658086E-17	4.009464E-18
1.792939E+04	4.679579E-17	4.051636E-18
1.796939E+04	4.702262E-17	4.095421E-18
1.800939E+04	4.725907E-17	4.140483E-18
1.804939E+04	4.750246E-17	4.186421E-18
1.808939E+04	4.774974E-17	4.232780E-18
1.812939E+04	4.799751E-17	4.279061E-18
1.816939E+04	4.824193E-17	4.324711E-18
1.820939E+04	4.847883E-17	4.369128E-18
1.824939E+04	4.870377E-17	4.411680E-18
1.828939E+04	4.891210E-17	4.451739E-18
1.832939E+04	4.909914E-17	4.488716E-18
1.836939E+04	4.926041E-17	4.522080E-18
1.840939E+04	4.939184E-17	4.551362E-18
1.844939E+04	4.948994E-17	4.576144E-18
1.848939E+04	4.955175E-17	4.596054E-18
1.852939E+04	4.957496E-17	4.610770E-18
1.856939E+04	4.955780E-17	4.620038E-18
1.860939E+04	4.949896E-17	4.623667E-18
1.864939E+04	4.939754E-17	4.621540E-18
1.868939E+04	4.925315E-17	4.613635E-18
1.872939E+04	4.906620E-17	4.600049E-18
1.876939E+04	4.883814E-17	4.581024E-18
1.880939E+04	4.857136E-17	4.556913E-18
1.884939E+04	4.826887E-17	4.528139E-18
1.888939E+04	4.793390E-17	4.495135E-18
1.892939E+04	4.756967E-17	4.458298E-18
1.896939E+04	4.717927E-17	4.417965E-18
1.900939E+04	4.676570E-17	4.374421E-18
1.904939E+04	4.633196E-17	4.327926E-18
1.908939E+04	4.588100E-17	4.278732E-18
1.912939E+04	4.541567E-17	4.227085E-18
1.916939E+04	4.493867E-17	4.173222E-18
1.920939E+04	4.445266E-17	4.117400E-18
1.924939E+04	4.396032E-17	4.059913E-18
1.928939E+04	4.346442E-17	4.001110E-18
1.932939E+04	4.296772E-17	3.941391E-18
1.936939E+04	4.247275E-17	3.881171E-18
1.940939E+04	4.198165E-17	3.820839E-18
1.944939E+04	4.149616E-17	3.760734E-18
1.948939E+04	4.101767E-17	3.701124E-18
1.952939E+04	4.054729E-17	3.642207E-18
1.956939E+04	4.008589E-17	3.584116E-18
1.960939E+04	3.963416E-17	3.526944E-18
1.964939E+04	3.919263E-17	3.470754E-18
1.968939E+04	3.876162E-17	3.415582E-18
1.972939E+04	3.834118E-17	3.361430E-18
1.976939E+04	3.793111E-17	3.308247E-18
1.980939E+04	3.753094E-17	3.255907E-18
1.984939E+04	3.713991E-17	3.204198E-18
1.988939E+04	3.675697E-17	3.152815E-18
1.992939E+04	3.638092E-17	3.101373E-18
1.996939E+04	3.601041E-17	3.049426E-18
2.000939E+04	3.564404E-17	2.996500E-18
2.004939E+04	3.528049E-17	2.942140E-18
2.008939E+04	3.491856E-17	2.885966E-18
2.012939E+04	3.455724E-17	2.827707E-18
2.016939E+04	3.419569E-17	2.767200E-18
2.020939E+04	3.383325E-17	2.704379E-18
2.024939E+04	3.346941E-17	2.639254E-18
2.028939E+04	3.310381E-17	2.571873E-18
2.032939E+04	3.273622E-17	2.502291E-18
2.036939E+04	3.236655E-17	2.430555E-18
2.040939E+04	3.199484E-17	2.356698E-18
2.044939E+04	3.162130E-17	2.280742E-18
2.048939E+04	3.124625E-17	2.202709E-18
2.052939E+04	3.087015E-17	2.122635E-18
2.056939E+04	3.049349E-17	2.040609E-18
2.060939E+04	3.011684E-17	1.956801E-18
2.064939E+04	2.974075E-17	1.871479E-18
2.068939E+04	2.936575E-17	1.785007E-18
2.072939E+04	2.899239E-17	1.697848E-18
2.076939E+04	2.862126E-17	1.610549E-18
2.080939E+04	2.825292E-17	1.523708E-18
2.084939E+04	2.788788E-17	1.437936E-18
2.088939E+04	2.752653E-17	1.353816E-18
2.092939E+04	2.716919E-17	1.271864E-18
2.096939E+04	2.681610E-17	1.192459E-18
2.100939E+04	2.646756E-17	1.115777E-18
2.104939E+04	2.612395E-17	1.041700E-18
2.108939E+04	2.578564E-17	9.697600E-19
2.112939E+04	2.545295E-17	8.991117E-19
2.116939E+04	2.512606E-17	8.285620E-19
2.120939E+04	2.480519E-17	7.566657E-19
2.124939E+04	2.449105E-17	6.818980E-19
2.128939E+04	2.418505E-17	6.029958E-19
2.132939E+04	2.388907E-17	5.195969E-19
2.136939E+04	2.360434E-17	4.334485E-19
2.140939E+04	2.333018E-17	3.510253E-19
2.144939E+04	2.306291E-17	2.888981E-19
2.148939E+04	2.279674E-17	2.755277E-19
2.152939E+04	2.252999E-17	3.225516E-19
2.156939E+04	2.226892E-17	4.065330E-19
2.160939E+04	2.201927E-17	5.042517E-19
2.164939E+04	2.178315E-17	6.041994E-19
2.168939E+04	2.155948E-17	7.012893E-19
2.172939E+04	2.134515E-17	7.931777E-19
2.176939E+04	2.113611E-17	8.787225E-19
2.180939E+04	2.092809E-17	9.573531E-19
2.184939E+04	2.071693E-17	1.028799E-18
2.188939E+04	2.049879E-17	1.092963E-18
2.192939E+04	2.027026E-17	1.149861E-18
2.196939E+04	2.002838E-17	1.199590E-18
2.200939E+04	1.977068E-17	1.242314E-18
2.204939E+04	1.949513E-17	1.278246E-18
2.208939E+04	1.920015E-17	1.307650E-18
2.212939E+04	1.888467E-17	1.330827E-18
2.216939E+04	1.854814E-17	1.348116E-18
2.220939E+04	1.819056E-17	1.359881E-18
2.224939E+04	1.781245E-17	1.366512E-18
2.228939E+04	1.741489E-17	1.368415E-18
2.232939E+04	1.699945E-17	1.366010E-18
2.236939E+04	1.656816E-17	1.359726E-18
2.240939E+04	1.612346E-17	1.349996E-18
2.244939E+04	1.566813E-17	1.337250E-18
2.248939E+04	1.520526E-17	1.321912E-18
2.252939E+04	1.473807E-17	1.304396E-18
2.256939E+04	1.426994E-17	1.285100E-18
2.260939E+04	1.380427E-17	1.264407E-18
2.264939E+04	1.334446E-17	1.242684E-18
2.268939E+04	1.289386E-17	1.220283E-18
2.272939E+04	1.245568E-17	1.197541E-18
2.276939E+04	1.203291E-17	1.174778E-18
2.280939E+04	1.162821E-17	1.152303E-18
2.284939E+04	1.124384E-17	1.130399E-18
2.288939E+04	1.088153E-17	1.109322E-18
2.292939E+04	1.054258E-17	1.089290E-18
2.296939E+04	1.022783E-17	1.070491E-18
2.300939E+04	9.937784E-18	1.053085E-18
2.304939E+04	9.672710E-18	1.037212E-18
2.308939E+04	9.432619E-18	1.022992E-18
2.312939E+04	9.217300E-18	1.010525E-18
2.316939E+04	9.026341E-18	9.998864E-19
2.320939E+04	8.859168E-18	9.911270E-19
2.324939E+04	8.715091E-18	9.842774E-19
2.328939E+04	8.593372E-18	9.793540E-19
2.332939E+04	8.493278E-18	9.763671E-19
2.336939E+04	8.414138E-18	9.753275E-19
2.340939E+04	8.355352E-18	9.762543E-19
2.344939E+04	8.316396E-18	9.791803E-19
2.348939E+04	8.296815E-18	9.841577E-19
2.352939E+04	8.296203E-18	9.912590E-19
2.356939E+04	8.314187E-18	1.000578E-18
2.360939E+04	8.350412E-18	1.012227E-18
2.364939E+04	8.404528E-18	1.026344E-18
2.368939E+04	8.476186E-18	1.043088E-18
2.372939E+04	8.565031E-18	1.062648E-18
2.376939E+04	8.670695E-18	1.085244E-18
2.380939E+04	8.792790E-18	1.111134E-18
2.384939E+04	8.930910E-18	1.140610E-18
2.388939E+04	9.084634E-18	1.174010E-18
2.392939E+04	9.253537E-18	1.211716E-18
2.396939E+04	9.437207E-18	1.254156E-18
2.400939E+04	9.635258E-18	1.301801E-18
2.404939E+04	9.847329E-18	1.355157E-18
2.408939E+04	1.007308E-17	1.414763E-18
2.412939E+04	1.031217E-17	1.481179E-18
2.416939E+04	1.056430E-17	1.554981E-18
2.420939E+04	1.082919E-17	1.636751E-18
2.424939E+04	1.110656E-17	1.727063E-18
2.428939E+04	1.139611E-17	1.826468E-18
2.432939E+04	1.169749E-17	1.935472E-18
2.436939E+04	1.201033E-17	2.054525E-18
2.440939E+04	1.233428E-17	2.184014E-18
2.444939E+04	1.266899E-17	2.324264E-18
2.448939E+04	1.301418E-17	2.475539E-18
