#wls	flux	fluxerr
3.289393E+03	1.249419E-17	1.809555E-18
3.329393E+03	1.200380E-17	1.661039E-18
3.369393E+03	1.154879E-17	1.527477E-18
3.409393E+03	1.112693E-17	1.407693E-18
3.449393E+03	1.073631E-17	1.300591E-18
3.489393E+03	1.037526E-17	1.205146E-18
3.529393E+03	1.004234E-17	1.120389E-18
3.569393E+03	9.736302E-18	1.045408E-18
3.609393E+03	9.456000E-18	9.793343E-19
3.649393E+03	9.200370E-18	9.213417E-19
3.689393E+03	8.968391E-18	8.706426E-19
3.729393E+03	8.759071E-18	8.264869E-19
3.769393E+03	8.571444E-18	7.881643E-19
3.809393E+03	8.404586E-18	7.550104E-19
3.849393E+03	8.257634E-18	7.264122E-19
3.889393E+03	8.129798E-18	7.018112E-19
3.929393E+03	8.020351E-18	6.807036E-19
3.969393E+03	7.928616E-18	6.626374E-19
4.009393E+03	7.853943E-18	6.472094E-19
4.049393E+03	7.795702E-18	6.340616E-19
4.089393E+03	7.753286E-18	6.228778E-19
4.129393E+03	7.726119E-18	6.133813E-19
4.169393E+03	7.713662E-18	6.053314E-19
4.209393E+03	7.715414E-18	5.985218E-19
4.249393E+03	7.730912E-18	5.927767E-19
4.289393E+03	7.759727E-18	5.879486E-19
4.329393E+03	7.801451E-18	5.839160E-19
4.369393E+03	7.855691E-18	5.805820E-19
4.409393E+03	7.922059E-18	5.778751E-19
4.449393E+03	8.000172E-18	5.757498E-19
4.489393E+03	8.089660E-18	5.741881E-19
4.529393E+03	8.190179E-18	5.731993E-19
4.569393E+03	8.301424E-18	5.728204E-19
4.609393E+03	8.423144E-18	5.731183E-19
4.649393E+03	8.555143E-18	5.741905E-19
4.689393E+03	8.697265E-18	5.761649E-19
4.729393E+03	8.849396E-18	5.791953E-19
4.769393E+03	9.011445E-18	5.834509E-19
4.809393E+03	9.183318E-18	5.890985E-19
4.849393E+03	9.364801E-18	5.962647E-19
4.889393E+03	9.555272E-18	6.049623E-19
4.929393E+03	9.753692E-18	6.150858E-19
4.969393E+03	9.958831E-18	6.264688E-19
5.009393E+03	1.016935E-17	6.389117E-19
5.049393E+03	1.038384E-17	6.521980E-19
5.089393E+03	1.060081E-17	6.661056E-19
5.129393E+03	1.081874E-17	6.804145E-19
5.169393E+03	1.103609E-17	6.949125E-19
5.209393E+03	1.125137E-17	7.093978E-19
5.249393E+03	1.146314E-17	7.236790E-19
5.289393E+03	1.167007E-17	7.375712E-19
5.329393E+03	1.187092E-17	7.508901E-19
5.369393E+03	1.206460E-17	7.634456E-19
5.409393E+03	1.225011E-17	7.750369E-19
5.449393E+03	1.242664E-17	7.854521E-19
5.489393E+03	1.259356E-17	7.944696E-19
5.529393E+03	1.275045E-17	8.018626E-19
5.569393E+03	1.289711E-17	8.074052E-19
5.609393E+03	1.303352E-17	8.108832E-19
5.649393E+03	1.315985E-17	8.121068E-19
5.689393E+03	1.327639E-17	8.109184E-19
5.729393E+03	1.338351E-17	8.071933E-19
5.769393E+03	1.348164E-17	8.008360E-19
5.809393E+03	1.357117E-17	7.917774E-19
5.849393E+03	1.365251E-17	7.799719E-19
5.889393E+03	1.372599E-17	7.653950E-19
5.929393E+03	1.379190E-17	7.480439E-19
5.969393E+03	1.385046E-17	7.279438E-19
6.009393E+03	1.390178E-17	7.051598E-19
6.049393E+03	1.394581E-17	6.798113E-19
6.089393E+03	1.398236E-17	6.520913E-19
6.129393E+03	1.401110E-17	6.222940E-19
6.169393E+03	1.403150E-17	5.908560E-19
6.209393E+03	1.404295E-17	5.584117E-19
6.249393E+03	1.404470E-17	5.258554E-19
6.289393E+03	1.403597E-17	4.943987E-19
6.329393E+03	1.401595E-17	4.655918E-19
6.369393E+03	1.398393E-17	4.412484E-19
6.409393E+03	1.393950E-17	4.231663E-19
6.449393E+03	1.388303E-17	4.125428E-19
6.489393E+03	1.381648E-17	4.091816E-19
6.529393E+03	1.374352E-17	4.114749E-19
6.569393E+03	1.366853E-17	4.172869E-19
6.609393E+03	1.359610E-17	4.246402E-19
6.649393E+03	1.353067E-17	4.320329E-19
6.689393E+03	1.347639E-17	4.384937E-19
6.729393E+03	1.343689E-17	4.435011E-19
6.769393E+03	1.341509E-17	4.468610E-19
6.809393E+03	1.341305E-17	4.485929E-19
6.849393E+03	1.343203E-17	4.488508E-19
6.889393E+03	1.347244E-17	4.478803E-19
6.929393E+03	1.353393E-17	4.459993E-19
6.969393E+03	1.361553E-17	4.435831E-19
7.009393E+03	1.371577E-17	4.410424E-19
7.049393E+03	1.383287E-17	4.387843E-19
7.089393E+03	1.396483E-17	4.371547E-19
7.129393E+03	1.410953E-17	4.363729E-19
7.169393E+03	1.426496E-17	4.364930E-19
7.209393E+03	1.442926E-17	4.374076E-19
7.249393E+03	1.460065E-17	4.388807E-19
7.289393E+03	1.477725E-17	4.405937E-19
7.329393E+03	1.495701E-17	4.421968E-19
7.369393E+03	1.513791E-17	4.433401E-19
7.409393E+03	1.531819E-17	4.436628E-19
7.449393E+03	1.549657E-17	4.427680E-19
7.489393E+03	1.567246E-17	4.402267E-19
7.529393E+03	1.584612E-17	4.356294E-19
7.569393E+03	1.601865E-17	4.286826E-19
7.609393E+03	1.619196E-17	4.193280E-19
7.649393E+03	1.636846E-17	4.078652E-19
7.689393E+03	1.655022E-17	3.950362E-19
7.729393E+03	1.673793E-17	3.820616E-19
7.769393E+03	1.693167E-17	3.706833E-19
7.809393E+03	1.713142E-17	3.629540E-19
7.849393E+03	1.733636E-17	3.605462E-19
7.889393E+03	1.754357E-17	3.637303E-19
7.929393E+03	1.774786E-17	3.713602E-19
7.969393E+03	1.794280E-17	3.817859E-19
8.009393E+03	1.812200E-17	3.935083E-19
8.049393E+03	1.828000E-17	4.054509E-19
8.089393E+03	1.841282E-17	4.169644E-19
8.129393E+03	1.851827E-17	4.276919E-19
8.169393E+03	1.859596E-17	4.374052E-19
8.209393E+03	1.864730E-17	4.459004E-19
8.249393E+03	1.867530E-17	4.529821E-19
8.289393E+03	1.868433E-17	4.585069E-19
8.329393E+03	1.867962E-17	4.624507E-19
8.369393E+03	1.866679E-17	4.649536E-19
8.409393E+03	1.865121E-17	4.663048E-19
8.449393E+03	1.863772E-17	4.668819E-19
8.489393E+03	1.863030E-17	4.670685E-19
8.529393E+03	1.863198E-17	4.671527E-19
8.569393E+03	1.864486E-17	4.672368E-19
8.609393E+03	1.867013E-17	4.671991E-19
8.649393E+03	1.870819E-17	4.667309E-19
8.689393E+03	1.875879E-17	4.654319E-19
8.729393E+03	1.882111E-17	4.629092E-19
8.769393E+03	1.889376E-17	4.588366E-19
8.809393E+03	1.897502E-17	4.529665E-19
8.849393E+03	1.906312E-17	4.451149E-19
8.889393E+03	1.915646E-17	4.351521E-19
8.929393E+03	1.925366E-17	4.230365E-19
8.969393E+03	1.935349E-17	4.089021E-19
9.009393E+03	1.945484E-17	3.932132E-19
9.049393E+03	1.955676E-17	3.770247E-19
9.089393E+03	1.965842E-17	3.623060E-19
9.129393E+03	1.975921E-17	3.520892E-19
9.169393E+03	1.985893E-17	3.499282E-19
9.209393E+03	1.995843E-17	3.580740E-19
9.249393E+03	2.006067E-17	3.751904E-19
9.289393E+03	2.016991E-17	3.974764E-19
9.329393E+03	2.029052E-17	4.210881E-19
9.369393E+03	2.042638E-17	4.432138E-19
9.409393E+03	2.058068E-17	4.621963E-19
9.449393E+03	2.075593E-17	4.772593E-19
9.489393E+03	2.095384E-17	4.881404E-19
9.529393E+03	2.117514E-17	4.947805E-19
9.569393E+03	2.141947E-17	4.971061E-19
9.609393E+03	2.168532E-17	4.949062E-19
9.649393E+03	2.197012E-17	4.878448E-19
9.689393E+03	2.227018E-17	4.756806E-19
9.729393E+03	2.258053E-17	4.587083E-19
9.769393E+03	2.289497E-17	4.383880E-19
9.809393E+03	2.320622E-17	4.181156E-19
9.849393E+03	2.350636E-17	4.038668E-19
9.889393E+03	2.378755E-17	4.036365E-19
9.929393E+03	2.404326E-17	4.236678E-19
9.969393E+03	2.427089E-17	4.627307E-19
1.000939E+04	2.447125E-17	5.139640E-19
1.004939E+04	2.464688E-17	5.700358E-19
1.008939E+04	2.480118E-17	6.252594E-19
1.012939E+04	2.493792E-17	6.757748E-19
1.016939E+04	2.506101E-17	7.192021E-19
1.020939E+04	2.517446E-17	7.543064E-19
1.024939E+04	2.528244E-17	7.807632E-19
1.028939E+04	2.538923E-17	7.989895E-19
1.032939E+04	2.549916E-17	8.099955E-19
1.036939E+04	2.561647E-17	8.152242E-19
1.040939E+04	2.574510E-17	8.163621E-19
1.044939E+04	2.588840E-17	8.151148E-19
1.048939E+04	2.604859E-17	8.129613E-19
1.052939E+04	2.622632E-17	8.109756E-19
1.056939E+04	2.642059E-17	8.098160E-19
1.060939E+04	2.662885E-17	8.098401E-19
1.064939E+04	2.684724E-17	8.112313E-19
1.068939E+04	2.707082E-17	8.141123E-19
1.072939E+04	2.729390E-17	8.186628E-19
1.076939E+04	2.751070E-17	8.251902E-19
1.080939E+04	2.771593E-17	8.340904E-19
1.084939E+04	2.790522E-17	8.457334E-19
1.088939E+04	2.807525E-17	8.603597E-19
1.092939E+04	2.822353E-17	8.780061E-19
1.096939E+04	2.834815E-17	8.984405E-19
1.100939E+04	2.844760E-17	9.211090E-19
1.104939E+04	2.852077E-17	9.451280E-19
1.108939E+04	2.856703E-17	9.693418E-19
1.112939E+04	2.858631E-17	9.924372E-19
1.116939E+04	2.857919E-17	1.013079E-18
1.120939E+04	2.854683E-17	1.030041E-18
1.124939E+04	2.849084E-17	1.042322E-18
1.128939E+04	2.841309E-17	1.049230E-18
1.132939E+04	2.831565E-17	1.050420E-18
1.136939E+04	2.820063E-17	1.045901E-18
1.140939E+04	2.807015E-17	1.036021E-18
1.144939E+04	2.792615E-17	1.021421E-18
1.148939E+04	2.777042E-17	1.002998E-18
1.152939E+04	2.760456E-17	9.818566E-19
1.156939E+04	2.743007E-17	9.592437E-19
1.160939E+04	2.724854E-17	9.364251E-19
1.164939E+04	2.706188E-17	9.145217E-19
1.168939E+04	2.687257E-17	8.943582E-19
1.172939E+04	2.668359E-17	8.763828E-19
1.176939E+04	2.649828E-17	8.606551E-19
1.180939E+04	2.632011E-17	8.468702E-19
1.184939E+04	2.615250E-17	8.344193E-19
1.188939E+04	2.599851E-17	8.224808E-19
1.192939E+04	2.586060E-17	8.101119E-19
1.196939E+04	2.574031E-17	7.963106E-19
1.200939E+04	2.563818E-17	7.800443E-19
1.204939E+04	2.555370E-17	7.602636E-19
1.208939E+04	2.548524E-17	7.359060E-19
1.212939E+04	2.543000E-17	7.059093E-19
1.216939E+04	2.538402E-17	6.692697E-19
1.220939E+04	2.534242E-17	6.251746E-19
1.224939E+04	2.529967E-17	5.732235E-19
1.228939E+04	2.525002E-17	5.137933E-19
1.232939E+04	2.518794E-17	4.487350E-19
1.236939E+04	2.510849E-17	3.827627E-19
1.240939E+04	2.500761E-17	3.259791E-19
1.244939E+04	2.488232E-17	2.958041E-19
1.248939E+04	2.473070E-17	3.077782E-19
1.252939E+04	2.455225E-17	3.551527E-19
1.256939E+04	2.434784E-17	4.185408E-19
1.260939E+04	2.411946E-17	4.837913E-19
1.264939E+04	2.387029E-17	5.434720E-19
1.268939E+04	2.360443E-17	5.941352E-19
1.272939E+04	2.332674E-17	6.345247E-19
1.276939E+04	2.304256E-17	6.646858E-19
1.280939E+04	2.275754E-17	6.855065E-19
1.284939E+04	2.247749E-17	6.984287E-19
1.288939E+04	2.220829E-17	7.052179E-19
1.292939E+04	2.195579E-17	7.077618E-19
1.296939E+04	2.172570E-17	7.079145E-19
1.300939E+04	2.152335E-17	7.073910E-19
1.304939E+04	2.135339E-17	7.076992E-19
1.308939E+04	2.121954E-17	7.100790E-19
1.312939E+04	2.112445E-17	7.154647E-19
1.316939E+04	2.106976E-17	7.245107E-19
1.320939E+04	2.105608E-17	7.376608E-19
1.324939E+04	2.108310E-17	7.552008E-19
1.328939E+04	2.114962E-17	7.772686E-19
1.332939E+04	2.125369E-17	8.038325E-19
1.336939E+04	2.139257E-17	8.346583E-19
1.340939E+04	2.156285E-17	8.692818E-19
1.344939E+04	2.176044E-17	9.070058E-19
1.348939E+04	2.198072E-17	9.469472E-19
1.352939E+04	2.221863E-17	9.881229E-19
1.356939E+04	2.246873E-17	1.029538E-18
1.360939E+04	2.272528E-17	1.070242E-18
1.364939E+04	2.298243E-17	1.109366E-18
1.368939E+04	2.323442E-17	1.146130E-18
1.372939E+04	2.347590E-17	1.179848E-18
1.376939E+04	2.370208E-17	1.209922E-18
1.380939E+04	2.390881E-17	1.235836E-18
1.384939E+04	2.409261E-17	1.257160E-18
1.388939E+04	2.425068E-17	1.273571E-18
1.392939E+04	2.438095E-17	1.284864E-18
1.396939E+04	2.448213E-17	1.290962E-18
1.400939E+04	2.455371E-17	1.291919E-18
1.404939E+04	2.459590E-17	1.287910E-18
1.408939E+04	2.460947E-17	1.279223E-18
1.412939E+04	2.459564E-17	1.266252E-18
1.416939E+04	2.455596E-17	1.249487E-18
1.420939E+04	2.449220E-17	1.229498E-18
1.424939E+04	2.440631E-17	1.206923E-18
1.428939E+04	2.430049E-17	1.182440E-18
1.432939E+04	2.417710E-17	1.156754E-18
1.436939E+04	2.403875E-17	1.130597E-18
1.440939E+04	2.388820E-17	1.104698E-18
1.444939E+04	2.372835E-17	1.079743E-18
1.448939E+04	2.356225E-17	1.056305E-18
1.452939E+04	2.339305E-17	1.034799E-18
1.456939E+04	2.322396E-17	1.015448E-18
1.460939E+04	2.305818E-17	9.982739E-19
1.464939E+04	2.289890E-17	9.830865E-19
1.468939E+04	2.274926E-17	9.695359E-19
1.472939E+04	2.261225E-17	9.572055E-19
1.476939E+04	2.249060E-17	9.457144E-19
1.480939E+04	2.238663E-17	9.347890E-19
1.484939E+04	2.230215E-17	9.242927E-19
1.488939E+04	2.223841E-17	9.142186E-19
1.492939E+04	2.219607E-17	9.046572E-19
1.496939E+04	2.217524E-17	8.957541E-19
1.500939E+04	2.217554E-17	8.876676E-19
1.504939E+04	2.219625E-17	8.805412E-19
1.508939E+04	2.223639E-17	8.745026E-19
1.512939E+04	2.229476E-17	8.696737E-19
1.516939E+04	2.236992E-17	8.661733E-19
1.520939E+04	2.246016E-17	8.641033E-19
1.524939E+04	2.256355E-17	8.635259E-19
1.528939E+04	2.267787E-17	8.644446E-19
1.532939E+04	2.280071E-17	8.667900E-19
1.536939E+04	2.292946E-17	8.704103E-19
1.540939E+04	2.306132E-17	8.750704E-19
1.544939E+04	2.319336E-17	8.804632E-19
1.548939E+04	2.332259E-17	8.862252E-19
1.552939E+04	2.344603E-17	8.919554E-19
1.556939E+04	2.356072E-17	8.972353E-19
1.560939E+04	2.366369E-17	9.016412E-19
1.564939E+04	2.375205E-17	9.047429E-19
1.568939E+04	2.382295E-17	9.060989E-19
1.572939E+04	2.387368E-17	9.052658E-19
1.576939E+04	2.390178E-17	9.018305E-19
1.580939E+04	2.390505E-17	8.954622E-19
1.584939E+04	2.388173E-17	8.859632E-19
1.588939E+04	2.383044E-17	8.733044E-19
1.592939E+04	2.375023E-17	8.576464E-19
1.596939E+04	2.364063E-17	8.393577E-19
1.600939E+04	2.350172E-17	8.190357E-19
1.604939E+04	2.333414E-17	7.975220E-19
1.608939E+04	2.313916E-17	7.759023E-19
1.612939E+04	2.291855E-17	7.554698E-19
1.616939E+04	2.267456E-17	7.376263E-19
1.620939E+04	2.240973E-17	7.236964E-19
1.624939E+04	2.212686E-17	7.146413E-19
1.628939E+04	2.182888E-17	7.106081E-19
1.632939E+04	2.151879E-17	7.107464E-19
1.636939E+04	2.119965E-17	7.137606E-19
1.640939E+04	2.087450E-17	7.183207E-19
1.644939E+04	2.054625E-17	7.232815E-19
1.648939E+04	2.021761E-17	7.277723E-19
1.652939E+04	1.989103E-17	7.312038E-19
1.656939E+04	1.956868E-17	7.332319E-19
1.660939E+04	1.925235E-17	7.337073E-19
1.664939E+04	1.894352E-17	7.326286E-19
1.668939E+04	1.864336E-17	7.301045E-19
1.672939E+04	1.835270E-17	7.263253E-19
1.676939E+04	1.807211E-17	7.215380E-19
1.680939E+04	1.780192E-17	7.160169E-19
1.684939E+04	1.754230E-17	7.100335E-19
1.688939E+04	1.729332E-17	7.038331E-19
1.692939E+04	1.705497E-17	6.976219E-19
1.696939E+04	1.682722E-17	6.915619E-19
1.700939E+04	1.661004E-17	6.857728E-19
1.704939E+04	1.640340E-17	6.803371E-19
1.708939E+04	1.620734E-17	6.753072E-19
1.712939E+04	1.602195E-17	6.707126E-19
1.716939E+04	1.584744E-17	6.665667E-19
1.720939E+04	1.568413E-17	6.628729E-19
1.724939E+04	1.553249E-17	6.596327E-19
1.728939E+04	1.539311E-17	6.568535E-19
1.732939E+04	1.526670E-17	6.545571E-19
1.736939E+04	1.515408E-17	6.527861E-19
1.740939E+04	1.505616E-17	6.516121E-19
1.744939E+04	1.497392E-17	6.511415E-19
1.748939E+04	1.490842E-17	6.515182E-19
1.752939E+04	1.486079E-17	6.529194E-19
1.756939E+04	1.483220E-17	6.555500E-19
1.760939E+04	1.482386E-17	6.596351E-19
1.764939E+04	1.483706E-17	6.654153E-19
1.768939E+04	1.487310E-17	6.731449E-19
1.772939E+04	1.493331E-17	6.830922E-19
1.776939E+04	1.501897E-17	6.955328E-19
1.780939E+04	1.513126E-17	7.107379E-19
1.784939E+04	1.527115E-17	7.289585E-19
1.788939E+04	1.543935E-17	7.504072E-19
1.792939E+04	1.563616E-17	7.752388E-19
1.796939E+04	1.586142E-17	8.035326E-19
1.800939E+04	1.611438E-17	8.352796E-19
1.804939E+04	1.639362E-17	8.703802E-19
1.808939E+04	1.669706E-17	9.086428E-19
1.812939E+04	1.702192E-17	9.497789E-19
1.816939E+04	1.736464E-17	9.933897E-19
1.820939E+04	1.772088E-17	1.038954E-18
1.824939E+04	1.808550E-17	1.085828E-18
1.828939E+04	1.845271E-17	1.133250E-18
1.832939E+04	1.881619E-17	1.180366E-18
1.836939E+04	1.916937E-17	1.226257E-18
1.840939E+04	1.950574E-17	1.269994E-18
1.844939E+04	1.981922E-17	1.310686E-18
1.848939E+04	2.010435E-17	1.347531E-18
1.852939E+04	2.035647E-17	1.379850E-18
1.856939E+04	2.057178E-17	1.407104E-18
1.860939E+04	2.074743E-17	1.428901E-18
1.864939E+04	2.088159E-17	1.444988E-18
1.868939E+04	2.097341E-17	1.455248E-18
1.872939E+04	2.102308E-17	1.459700E-18
1.876939E+04	2.103175E-17	1.458515E-18
1.880939E+04	2.100157E-17	1.452013E-18
1.884939E+04	2.093540E-17	1.440646E-18
1.888939E+04	2.083663E-17	1.424955E-18
1.892939E+04	2.070892E-17	1.405516E-18
1.896939E+04	2.055606E-17	1.382904E-18
1.900939E+04	2.038192E-17	1.357682E-18
1.904939E+04	2.019043E-17	1.330396E-18
1.908939E+04	1.998556E-17	1.301579E-18
1.912939E+04	1.977124E-17	1.271746E-18
1.916939E+04	1.955124E-17	1.241382E-18
1.920939E+04	1.932913E-17	1.210939E-18
1.924939E+04	1.910827E-17	1.180837E-18
1.928939E+04	1.889183E-17	1.151462E-18
1.932939E+04	1.868274E-17	1.123155E-18
1.936939E+04	1.848360E-17	1.096197E-18
1.940939E+04	1.829664E-17	1.070807E-18
1.944939E+04	1.812360E-17	1.047145E-18
1.948939E+04	1.796579E-17	1.025309E-18
1.952939E+04	1.782410E-17	1.005349E-18
1.956939E+04	1.769907E-17	9.872838E-19
1.960939E+04	1.759097E-17	9.711191E-19
1.964939E+04	1.749987E-17	9.568614E-19
1.968939E+04	1.742554E-17	9.445199E-19
1.972939E+04	1.736757E-17	9.341018E-19
1.976939E+04	1.732533E-17	9.255988E-19
1.980939E+04	1.729801E-17	9.189678E-19
1.984939E+04	1.728466E-17	9.141109E-19
1.988939E+04	1.728419E-17	9.108629E-19
1.992939E+04	1.729538E-17	9.089880E-19
1.996939E+04	1.731690E-17	9.081926E-19
2.000939E+04	1.734735E-17	9.081526E-19
2.004939E+04	1.738531E-17	9.085536E-19
2.008939E+04	1.742931E-17	9.091297E-19
2.012939E+04	1.747785E-17	9.096877E-19
2.016939E+04	1.752932E-17	9.101117E-19
2.020939E+04	1.758208E-17	9.103518E-19
2.024939E+04	1.763445E-17	9.104068E-19
2.028939E+04	1.768474E-17	9.103019E-19
2.032939E+04	1.773136E-17	9.100640E-19
2.036939E+04	1.777285E-17	9.096977E-19
2.040939E+04	1.780794E-17	9.091698E-19
2.044939E+04	1.783550E-17	9.084043E-19
2.048939E+04	1.785463E-17	9.072883E-19
2.052939E+04	1.786456E-17	9.056890E-19
2.056939E+04	1.786469E-17	9.034768E-19
2.060939E+04	1.785453E-17	9.005476E-19
2.064939E+04	1.783369E-17	8.968368E-19
2.068939E+04	1.780189E-17	8.923243E-19
2.072939E+04	1.775893E-17	8.870333E-19
2.076939E+04	1.770472E-17	8.810223E-19
2.080939E+04	1.763928E-17	8.743704E-19
2.084939E+04	1.756273E-17	8.671615E-19
2.088939E+04	1.747536E-17	8.594714E-19
2.092939E+04	1.737757E-17	8.513610E-19
2.096939E+04	1.726988E-17	8.428744E-19
2.100939E+04	1.715289E-17	8.340421E-19
2.104939E+04	1.702734E-17	8.248891E-19
2.108939E+04	1.689404E-17	8.154453E-19
2.112939E+04	1.675391E-17	8.057558E-19
2.116939E+04	1.660795E-17	7.958878E-19
2.120939E+04	1.645728E-17	7.859337E-19
2.124939E+04	1.630308E-17	7.760115E-19
2.128939E+04	1.614663E-17	7.662625E-19
2.132939E+04	1.598929E-17	7.568458E-19
2.136939E+04	1.583245E-17	7.479306E-19
2.140939E+04	1.567749E-17	7.396844E-19
2.144939E+04	1.552569E-17	7.322557E-19
2.148939E+04	1.537806E-17	7.257506E-19
2.152939E+04	1.523499E-17	7.201877E-19
2.156939E+04	1.509606E-17	7.154779E-19
2.160939E+04	1.496043E-17	7.114802E-19
2.164939E+04	1.482715E-17	7.080365E-19
2.168939E+04	1.469516E-17	7.049910E-19
2.172939E+04	1.456344E-17	7.022010E-19
2.176939E+04	1.443107E-17	6.995437E-19
2.180939E+04	1.429725E-17	6.969188E-19
2.184939E+04	1.416135E-17	6.942506E-19
2.188939E+04	1.402294E-17	6.914864E-19
2.192939E+04	1.388173E-17	6.885943E-19
2.196939E+04	1.373757E-17	6.855590E-19
2.200939E+04	1.359042E-17	6.823786E-19
2.204939E+04	1.344032E-17	6.790601E-19
2.208939E+04	1.328740E-17	6.756160E-19
2.212939E+04	1.313191E-17	6.720612E-19
2.216939E+04	1.297419E-17	6.684108E-19
2.220939E+04	1.281468E-17	6.646781E-19
2.224939E+04	1.265388E-17	6.608743E-19
2.228939E+04	1.249240E-17	6.570100E-19
2.232939E+04	1.233085E-17	6.530959E-19
2.236939E+04	1.216991E-17	6.491430E-19
2.240939E+04	1.201028E-17	6.451607E-19
2.244939E+04	1.185263E-17	6.411562E-19
2.248939E+04	1.169759E-17	6.371336E-19
2.252939E+04	1.154575E-17	6.330960E-19
2.256939E+04	1.139762E-17	6.290477E-19
2.260939E+04	1.125367E-17	6.249970E-19
2.264939E+04	1.111431E-17	6.209573E-19
2.268939E+04	1.097984E-17	6.169484E-19
2.272939E+04	1.085050E-17	6.129964E-19
2.276939E+04	1.072639E-17	6.091352E-19
2.280939E+04	1.060758E-17	6.054076E-19
2.284939E+04	1.049404E-17	6.018627E-19
2.288939E+04	1.038576E-17	5.985506E-19
2.292939E+04	1.028269E-17	5.955172E-19
2.296939E+04	1.018479E-17	5.928018E-19
2.300939E+04	1.009204E-17	5.904364E-19
2.304939E+04	1.000440E-17	5.884463E-19
2.308939E+04	9.921845E-18	5.868501E-19
2.312939E+04	9.844351E-18	5.856600E-19
2.316939E+04	9.771927E-18	5.848829E-19
2.320939E+04	9.704616E-18	5.845230E-19
2.324939E+04	9.642481E-18	5.845857E-19
2.328939E+04	9.585607E-18	5.850784E-19
2.332939E+04	9.534112E-18	5.860091E-19
2.336939E+04	9.488165E-18	5.873850E-19
2.340939E+04	9.447974E-18	5.892109E-19
2.344939E+04	9.413779E-18	5.914909E-19
2.348939E+04	9.385825E-18	5.942318E-19
2.352939E+04	9.364344E-18	5.974476E-19
2.356939E+04	9.349539E-18	6.011639E-19
2.360939E+04	9.341578E-18	6.054216E-19
2.364939E+04	9.340599E-18	6.102796E-19
2.368939E+04	9.346724E-18	6.158160E-19
2.372939E+04	9.360051E-18	6.221313E-19
2.376939E+04	9.380647E-18	6.293510E-19
2.380939E+04	9.408534E-18	6.376305E-19
2.384939E+04	9.443707E-18	6.471599E-19
2.388939E+04	9.486146E-18	6.581693E-19
2.392939E+04	9.535818E-18	6.709314E-19
2.396939E+04	9.592667E-18	6.857621E-19
2.400939E+04	9.656606E-18	7.030174E-19
2.404939E+04	9.727508E-18	7.230851E-19
2.408939E+04	9.805216E-18	7.463749E-19
2.412939E+04	9.889545E-18	7.733067E-19
2.416939E+04	9.980305E-18	8.042989E-19
2.420939E+04	1.007731E-17	8.397556E-19
2.424939E+04	1.018041E-17	8.800541E-19
2.428939E+04	1.028944E-17	9.255320E-19
2.432939E+04	1.040424E-17	9.764757E-19
2.436939E+04	1.052465E-17	1.033110E-18
2.440939E+04	1.065047E-17	1.095594E-18
2.444939E+04	1.078147E-17	1.164016E-18
2.448939E+04	1.091738E-17	1.238401E-18
