#wls	flux	fluxerr
3.289393E+03	4.851063E-18	2.089783E-19
3.329393E+03	5.115688E-18	1.914805E-19
3.369393E+03	5.398357E-18	1.757262E-19
3.409393E+03	5.700522E-18	1.631090E-19
3.449393E+03	6.023915E-18	1.551766E-19
3.489393E+03	6.370317E-18	1.530474E-19
3.529393E+03	6.740806E-18	1.565599E-19
3.569393E+03	7.135257E-18	1.640894E-19
3.609393E+03	7.552938E-18	1.734646E-19
3.649393E+03	7.993058E-18	1.829134E-19
3.689393E+03	8.455109E-18	1.916193E-19
3.729393E+03	8.939135E-18	2.000314E-19
3.769393E+03	9.445928E-18	2.099987E-19
3.809393E+03	9.977059E-18	2.244966E-19
3.849393E+03	1.053421E-17	2.464862E-19
3.889393E+03	1.111774E-17	2.772410E-19
3.929393E+03	1.172703E-17	3.161357E-19
3.969393E+03	1.236147E-17	3.615250E-19
4.009393E+03	1.302085E-17	4.114608E-19
4.049393E+03	1.370545E-17	4.640641E-19
4.089393E+03	1.441609E-17	5.176527E-19
4.129393E+03	1.515404E-17	5.707557E-19
4.169393E+03	1.592097E-17	6.220872E-19
4.209393E+03	1.671881E-17	6.705073E-19
4.249393E+03	1.754959E-17	7.149815E-19
4.289393E+03	1.841527E-17	7.545383E-19
4.329393E+03	1.931748E-17	7.882260E-19
4.369393E+03	2.025730E-17	8.150752E-19
4.409393E+03	2.123505E-17	8.340711E-19
4.449393E+03	2.225009E-17	8.441544E-19
4.489393E+03	2.330079E-17	8.442651E-19
4.529393E+03	2.438459E-17	8.334514E-19
4.569393E+03	2.549819E-17	8.110688E-19
4.609393E+03	2.663787E-17	7.771067E-19
4.649393E+03	2.779976E-17	7.327126E-19
4.689393E+03	2.897976E-17	6.810302E-19
4.729393E+03	3.017266E-17	6.284676E-19
4.769393E+03	3.137013E-17	5.861143E-19
4.809393E+03	3.255758E-17	5.693507E-19
4.849393E+03	3.371325E-17	5.913437E-19
4.889393E+03	3.481840E-17	6.517426E-19
4.929393E+03	3.586316E-17	7.376462E-19
4.969393E+03	3.684330E-17	8.345973E-19
5.009393E+03	3.775774E-17	9.318698E-19
5.049393E+03	3.860658E-17	1.022760E-18
5.089393E+03	3.938950E-17	1.103568E-18
5.129393E+03	4.010470E-17	1.172659E-18
5.169393E+03	4.074824E-17	1.229806E-18
5.209393E+03	4.131409E-17	1.275730E-18
5.249393E+03	4.179448E-17	1.311745E-18
5.289393E+03	4.218089E-17	1.339443E-18
5.329393E+03	4.246524E-17	1.360408E-18
5.369393E+03	4.264143E-17	1.375985E-18
5.409393E+03	4.270671E-17	1.387138E-18
5.449393E+03	4.266284E-17	1.394405E-18
5.489393E+03	4.251666E-17	1.397949E-18
5.529393E+03	4.228006E-17	1.397650E-18
5.569393E+03	4.196920E-17	1.393243E-18
5.609393E+03	4.160338E-17	1.384445E-18
5.649393E+03	4.120354E-17	1.371053E-18
5.689393E+03	4.079068E-17	1.352981E-18
5.729393E+03	4.038484E-17	1.330254E-18
5.769393E+03	4.000484E-17	1.302984E-18
5.809393E+03	3.966878E-17	1.271363E-18
5.849393E+03	3.939499E-17	1.235652E-18
5.889393E+03	3.920310E-17	1.196177E-18
5.929393E+03	3.911518E-17	1.153349E-18
5.969393E+03	3.915695E-17	1.107698E-18
6.009393E+03	3.935885E-17	1.059927E-18
6.049393E+03	3.975712E-17	1.010983E-18
6.089393E+03	4.039445E-17	9.621286E-19
6.129393E+03	4.131980E-17	9.150446E-19
6.169393E+03	4.258624E-17	8.718690E-19
6.209393E+03	4.424435E-17	8.349798E-19
6.249393E+03	4.632558E-17	8.060983E-19
6.289393E+03	4.880198E-17	7.841283E-19
6.329393E+03	5.155736E-17	7.661131E-19
6.369393E+03	5.440694E-17	7.544671E-19
6.409393E+03	5.712234E-17	7.629912E-19
6.449393E+03	5.947675E-17	8.123294E-19
6.489393E+03	6.132719E-17	9.071903E-19
6.529393E+03	6.265137E-17	1.028901E-18
6.569393E+03	6.350358E-17	1.154985E-18
6.609393E+03	6.397714E-17	1.269884E-18
6.649393E+03	6.417800E-17	1.365852E-18
6.689393E+03	6.420715E-17	1.440810E-18
6.729393E+03	6.415026E-17	1.496035E-18
6.769393E+03	6.407239E-17	1.534370E-18
6.809393E+03	6.401650E-17	1.559002E-18
6.849393E+03	6.400430E-17	1.572795E-18
6.889393E+03	6.403905E-17	1.578088E-18
6.929393E+03	6.410949E-17	1.576800E-18
6.969393E+03	6.419425E-17	1.570581E-18
7.009393E+03	6.426577E-17	1.560835E-18
7.049393E+03	6.429380E-17	1.548575E-18
7.089393E+03	6.424845E-17	1.534230E-18
7.129393E+03	6.410295E-17	1.517519E-18
7.169393E+03	6.383618E-17	1.497484E-18
7.209393E+03	6.343509E-17	1.472721E-18
7.249393E+03	6.289676E-17	1.441745E-18
7.289393E+03	6.223049E-17	1.403380E-18
7.329393E+03	6.146009E-17	1.357041E-18
7.369393E+03	6.062646E-17	1.302803E-18
7.409393E+03	5.979006E-17	1.241315E-18
7.449393E+03	5.903211E-17	1.173740E-18
7.489393E+03	5.845366E-17	1.101903E-18
7.529393E+03	5.817189E-17	1.028638E-18
7.569393E+03	5.831299E-17	9.581343E-19
7.609393E+03	5.899923E-17	8.958800E-19
7.649393E+03	6.032551E-17	8.474178E-19
7.689393E+03	6.231534E-17	8.145620E-19
7.729393E+03	6.486984E-17	7.928405E-19
7.769393E+03	6.778320E-17	7.819974E-19
7.809393E+03	7.078082E-17	7.976382E-19
7.849393E+03	7.357636E-17	8.653804E-19
7.889393E+03	7.596373E-17	9.870513E-19
7.929393E+03	7.785129E-17	1.136341E-18
7.969393E+03	7.922884E-17	1.286260E-18
8.009393E+03	8.013972E-17	1.419962E-18
8.049393E+03	8.065823E-17	1.530200E-18
8.089393E+03	8.087191E-17	1.616170E-18
8.129393E+03	8.086813E-17	1.680547E-18
8.169393E+03	8.072470E-17	1.727290E-18
8.209393E+03	8.050428E-17	1.760267E-18
8.249393E+03	8.025210E-17	1.782597E-18
8.289393E+03	7.999663E-17	1.796592E-18
8.329393E+03	7.975184E-17	1.804049E-18
8.369393E+03	7.951983E-17	1.806586E-18
8.409393E+03	7.929310E-17	1.805792E-18
8.449393E+03	7.905680E-17	1.803169E-18
8.489393E+03	7.879172E-17	1.799937E-18
8.529393E+03	7.847766E-17	1.796769E-18
8.569393E+03	7.809681E-17	1.793526E-18
8.609393E+03	7.763649E-17	1.789104E-18
8.649393E+03	7.709097E-17	1.781502E-18
8.689393E+03	7.646239E-17	1.768129E-18
8.729393E+03	7.576095E-17	1.746236E-18
8.769393E+03	7.500422E-17	1.713361E-18
8.809393E+03	7.421573E-17	1.667642E-18
8.849393E+03	7.342304E-17	1.607893E-18
8.889393E+03	7.265549E-17	1.533350E-18
8.929393E+03	7.194179E-17	1.443283E-18
8.969393E+03	7.130767E-17	1.336860E-18
9.009393E+03	7.077375E-17	1.213741E-18
9.049393E+03	7.035371E-17	1.075951E-18
9.089393E+03	7.005286E-17	9.319742E-19
9.129393E+03	6.986749E-17	8.042947E-19
9.169393E+03	6.978601E-17	7.362247E-19
9.209393E+03	6.979100E-17	7.691011E-19
9.249393E+03	6.985772E-17	8.857683E-19
9.289393E+03	6.995850E-17	1.036086E-18
9.329393E+03	7.006620E-17	1.184099E-18
9.369393E+03	7.015464E-17	1.311389E-18
9.409393E+03	7.019958E-17	1.409960E-18
9.449393E+03	7.018013E-17	1.477517E-18
9.489393E+03	7.008038E-17	1.514844E-18
9.529393E+03	6.989098E-17	1.524090E-18
9.569393E+03	6.961058E-17	1.507383E-18
9.609393E+03	6.924713E-17	1.465854E-18
9.649393E+03	6.881891E-17	1.399352E-18
9.689393E+03	6.835539E-17	1.307060E-18
9.729393E+03	6.789742E-17	1.188967E-18
9.769393E+03	6.749651E-17	1.048196E-18
9.809393E+03	6.721263E-17	8.950214E-19
9.849393E+03	6.710949E-17	7.547000E-19
9.889393E+03	6.724603E-17	6.770973E-19
9.929393E+03	6.766030E-17	7.137990E-19
9.969393E+03	6.834520E-17	8.475601E-19
1.000939E+04	6.925709E-17	1.021380E-18
1.004939E+04	7.033699E-17	1.195370E-18
1.008939E+04	7.152236E-17	1.347984E-18
1.012939E+04	7.275460E-17	1.467384E-18
1.016939E+04	7.398373E-17	1.547303E-18
1.020939E+04	7.517086E-17	1.586004E-18
1.024939E+04	7.628924E-17	1.586659E-18
1.028939E+04	7.732440E-17	1.558270E-18
1.032939E+04	7.827360E-17	1.516229E-18
1.036939E+04	7.914386E-17	1.480997E-18
1.040939E+04	7.994783E-17	1.472897E-18
1.044939E+04	8.069748E-17	1.503768E-18
1.048939E+04	8.139889E-17	1.571973E-18
1.052939E+04	8.205057E-17	1.665969E-18
1.056939E+04	8.264506E-17	1.772102E-18
1.060939E+04	8.317153E-17	1.879780E-18
1.064939E+04	8.361774E-17	1.982640E-18
1.068939E+04	8.397129E-17	2.077677E-18
1.072939E+04	8.422057E-17	2.164056E-18
1.076939E+04	8.435563E-17	2.242252E-18
1.080939E+04	8.436916E-17	2.313395E-18
1.084939E+04	8.425719E-17	2.378700E-18
1.088939E+04	8.401963E-17	2.439049E-18
1.092939E+04	8.366033E-17	2.494790E-18
1.096939E+04	8.318678E-17	2.545684E-18
1.100939E+04	8.260939E-17	2.590937E-18
1.104939E+04	8.194056E-17	2.629257E-18
1.108939E+04	8.119378E-17	2.658978E-18
1.112939E+04	8.038278E-17	2.678252E-18
1.116939E+04	7.952074E-17	2.685286E-18
1.120939E+04	7.861945E-17	2.678600E-18
1.124939E+04	7.768865E-17	2.657281E-18
1.128939E+04	7.673564E-17	2.621187E-18
1.132939E+04	7.576514E-17	2.571092E-18
1.136939E+04	7.477940E-17	2.508763E-18
1.140939E+04	7.377847E-17	2.436977E-18
1.144939E+04	7.276064E-17	2.359484E-18
1.148939E+04	7.172332E-17	2.280887E-18
1.152939E+04	7.066412E-17	2.206320E-18
1.156939E+04	6.958204E-17	2.140829E-18
1.160939E+04	6.847868E-17	2.088470E-18
1.164939E+04	6.735900E-17	2.051356E-18
1.168939E+04	6.623158E-17	2.029124E-18
1.172939E+04	6.510800E-17	2.019137E-18
1.176939E+04	6.400167E-17	2.017304E-18
1.180939E+04	6.292628E-17	2.019064E-18
1.184939E+04	6.189447E-17	2.020120E-18
1.188939E+04	6.091688E-17	2.016820E-18
1.192939E+04	6.000151E-17	2.006228E-18
1.196939E+04	5.915342E-17	1.986041E-18
1.200939E+04	5.837458E-17	1.954452E-18
1.204939E+04	5.766391E-17	1.910031E-18
1.208939E+04	5.701730E-17	1.851658E-18
1.212939E+04	5.642770E-17	1.778541E-18
1.216939E+04	5.588530E-17	1.690377E-18
1.220939E+04	5.537778E-17	1.587685E-18
1.224939E+04	5.489051E-17	1.472345E-18
1.228939E+04	5.440686E-17	1.348424E-18
1.232939E+04	5.390862E-17	1.223312E-18
1.236939E+04	5.337703E-17	1.108945E-18
1.240939E+04	5.279465E-17	1.021870E-18
1.244939E+04	5.214831E-17	9.793302E-19
1.248939E+04	5.143264E-17	9.901223E-19
1.252939E+04	5.065198E-17	1.047693E-18
1.256939E+04	4.981952E-17	1.134629E-18
1.260939E+04	4.895408E-17	1.232740E-18
1.264939E+04	4.807668E-17	1.328716E-18
1.268939E+04	4.720816E-17	1.414703E-18
1.272939E+04	4.636776E-17	1.487007E-18
1.276939E+04	4.557245E-17	1.544697E-18
1.280939E+04	4.483654E-17	1.588560E-18
1.284939E+04	4.417159E-17	1.620371E-18
1.288939E+04	4.358639E-17	1.642385E-18
1.292939E+04	4.308707E-17	1.657008E-18
1.296939E+04	4.267731E-17	1.666582E-18
1.300939E+04	4.235861E-17	1.673266E-18
1.304939E+04	4.213054E-17	1.678967E-18
1.308939E+04	4.199097E-17	1.685331E-18
1.312939E+04	4.193629E-17	1.693754E-18
1.316939E+04	4.196167E-17	1.705420E-18
1.320939E+04	4.206131E-17	1.721337E-18
1.324939E+04	4.222864E-17	1.742340E-18
1.328939E+04	4.245640E-17	1.769069E-18
1.332939E+04	4.273671E-17	1.801914E-18
1.336939E+04	4.306107E-17	1.840935E-18
1.340939E+04	4.342042E-17	1.885795E-18
1.344939E+04	4.380528E-17	1.935698E-18
1.348939E+04	4.420583E-17	1.989395E-18
1.352939E+04	4.461213E-17	2.045243E-18
1.356939E+04	4.501426E-17	2.101337E-18
1.360939E+04	4.540242E-17	2.155677E-18
1.364939E+04	4.576718E-17	2.206339E-18
1.368939E+04	4.609968E-17	2.251603E-18
1.372939E+04	4.639189E-17	2.290032E-18
1.376939E+04	4.663697E-17	2.320497E-18
1.380939E+04	4.682949E-17	2.342166E-18
1.384939E+04	4.696561E-17	2.354489E-18
1.388939E+04	4.704313E-17	2.357184E-18
1.392939E+04	4.706140E-17	2.350240E-18
1.396939E+04	4.702122E-17	2.333906E-18
1.400939E+04	4.692464E-17	2.308681E-18
1.404939E+04	4.677471E-17	2.275313E-18
1.408939E+04	4.657535E-17	2.234797E-18
1.412939E+04	4.633115E-17	2.188360E-18
1.416939E+04	4.604722E-17	2.137420E-18
1.420939E+04	4.572914E-17	2.083544E-18
1.424939E+04	4.538288E-17	2.028371E-18
1.428939E+04	4.501468E-17	1.973542E-18
1.432939E+04	4.463106E-17	1.920604E-18
1.436939E+04	4.423872E-17	1.870923E-18
1.440939E+04	4.384441E-17	1.825597E-18
1.444939E+04	4.345490E-17	1.785375E-18
1.448939E+04	4.307696E-17	1.750610E-18
1.452939E+04	4.271721E-17	1.721250E-18
1.456939E+04	4.238210E-17	1.696872E-18
1.460939E+04	4.207775E-17	1.676758E-18
1.464939E+04	4.180977E-17	1.660003E-18
1.468939E+04	4.158315E-17	1.645645E-18
1.472939E+04	4.140204E-17	1.632786E-18
1.476939E+04	4.126946E-17	1.620676E-18
1.480939E+04	4.118727E-17	1.608756E-18
1.484939E+04	4.115603E-17	1.596649E-18
1.488939E+04	4.117507E-17	1.584121E-18
1.492939E+04	4.124252E-17	1.571034E-18
1.496939E+04	4.135544E-17	1.557301E-18
1.500939E+04	4.151002E-17	1.542881E-18
1.504939E+04	4.170175E-17	1.527800E-18
1.508939E+04	4.192577E-17	1.512210E-18
1.512939E+04	4.217704E-17	1.496454E-18
1.516939E+04	4.245059E-17	1.481130E-18
1.520939E+04	4.274167E-17	1.467127E-18
1.524939E+04	4.304589E-17	1.455614E-18
1.528939E+04	4.335926E-17	1.447952E-18
1.532939E+04	4.367814E-17	1.445516E-18
1.536939E+04	4.399896E-17	1.449409E-18
1.540939E+04	4.431776E-17	1.460144E-18
1.544939E+04	4.462968E-17	1.477389E-18
1.548939E+04	4.492877E-17	1.499909E-18
1.552939E+04	4.520814E-17	1.525721E-18
1.556939E+04	4.546020E-17	1.552367E-18
1.560939E+04	4.567704E-17	1.577193E-18
1.564939E+04	4.585068E-17	1.597548E-18
1.568939E+04	4.597342E-17	1.610921E-18
1.572939E+04	4.603821E-17	1.615027E-18
1.576939E+04	4.603902E-17	1.607886E-18
1.580939E+04	4.597118E-17	1.587901E-18
1.584939E+04	4.583173E-17	1.553954E-18
1.588939E+04	4.561967E-17	1.505488E-18
1.592939E+04	4.533603E-17	1.442604E-18
1.596939E+04	4.498394E-17	1.366173E-18
1.600939E+04	4.456862E-17	1.278032E-18
1.604939E+04	4.409738E-17	1.181323E-18
1.608939E+04	4.357964E-17	1.081023E-18
1.612939E+04	4.302670E-17	9.845724E-19
1.616939E+04	4.245122E-17	9.021525E-19
1.620939E+04	4.186581E-17	8.454553E-19
1.624939E+04	4.128096E-17	8.235921E-19
1.628939E+04	4.070283E-17	8.377149E-19
1.632939E+04	4.013291E-17	8.798870E-19
1.636939E+04	3.956967E-17	9.379131E-19
1.640939E+04	3.901091E-17	1.000762E-18
1.644939E+04	3.845515E-17	1.060814E-18
1.648939E+04	3.790200E-17	1.113713E-18
1.652939E+04	3.735197E-17	1.157469E-18
1.656939E+04	3.680617E-17	1.191613E-18
1.660939E+04	3.626601E-17	1.216571E-18
1.664939E+04	3.573293E-17	1.233260E-18
1.668939E+04	3.520833E-17	1.242823E-18
1.672939E+04	3.469341E-17	1.246477E-18
1.676939E+04	3.418926E-17	1.245420E-18
1.680939E+04	3.369687E-17	1.240769E-18
1.684939E+04	3.321724E-17	1.233516E-18
1.688939E+04	3.275138E-17	1.224508E-18
1.692939E+04	3.230022E-17	1.214436E-18
1.696939E+04	3.186462E-17	1.203838E-18
1.700939E+04	3.144517E-17	1.193120E-18
1.704939E+04	3.104216E-17	1.182565E-18
1.708939E+04	3.065550E-17	1.172350E-18
1.712939E+04	3.028472E-17	1.162564E-18
1.716939E+04	2.992899E-17	1.153219E-18
1.720939E+04	2.958730E-17	1.144270E-18
1.724939E+04	2.925858E-17	1.135636E-18
1.728939E+04	2.894188E-17	1.127225E-18
1.732939E+04	2.863656E-17	1.118976E-18
1.736939E+04	2.834238E-17	1.110878E-18
1.740939E+04	2.805965E-17	1.102995E-18
1.744939E+04	2.778930E-17	1.095457E-18
1.748939E+04	2.753287E-17	1.088444E-18
1.752939E+04	2.729245E-17	1.082164E-18
1.756939E+04	2.707062E-17	1.076847E-18
1.760939E+04	2.687030E-17	1.072742E-18
1.764939E+04	2.669461E-17	1.070115E-18
1.768939E+04	2.654673E-17	1.069273E-18
1.772939E+04	2.642977E-17	1.070575E-18
1.776939E+04	2.634656E-17	1.074445E-18
1.780939E+04	2.629950E-17	1.081354E-18
1.784939E+04	2.629041E-17	1.091790E-18
1.788939E+04	2.632042E-17	1.106220E-18
1.792939E+04	2.638987E-17	1.125042E-18
1.796939E+04	2.649828E-17	1.148523E-18
1.800939E+04	2.664434E-17	1.176751E-18
1.804939E+04	2.682599E-17	1.209619E-18
1.808939E+04	2.704048E-17	1.246813E-18
1.812939E+04	2.728449E-17	1.287840E-18
1.816939E+04	2.755416E-17	1.332038E-18
1.820939E+04	2.784518E-17	1.378607E-18
1.824939E+04	2.815286E-17	1.426636E-18
1.828939E+04	2.847221E-17	1.475149E-18
1.832939E+04	2.879806E-17	1.523140E-18
1.836939E+04	2.912515E-17	1.569621E-18
1.840939E+04	2.944835E-17	1.613660E-18
1.844939E+04	2.976275E-17	1.654426E-18
1.848939E+04	3.006383E-17	1.691212E-18
1.852939E+04	3.034753E-17	1.723462E-18
1.856939E+04	3.061026E-17	1.750771E-18
1.860939E+04	3.084883E-17	1.772876E-18
1.864939E+04	3.106047E-17	1.789642E-18
1.868939E+04	3.124277E-17	1.801047E-18
1.872939E+04	3.139384E-17	1.807189E-18
1.876939E+04	3.151233E-17	1.808277E-18
1.880939E+04	3.159747E-17	1.804619E-18
1.884939E+04	3.164902E-17	1.796586E-18
1.888939E+04	3.166723E-17	1.784555E-18
1.892939E+04	3.165279E-17	1.768876E-18
1.896939E+04	3.160694E-17	1.749878E-18
1.900939E+04	3.153146E-17	1.727898E-18
1.904939E+04	3.142885E-17	1.703318E-18
1.908939E+04	3.130226E-17	1.676594E-18
1.912939E+04	3.115557E-17	1.648250E-18
1.916939E+04	3.099318E-17	1.618849E-18
1.920939E+04	3.081985E-17	1.588948E-18
1.924939E+04	3.064052E-17	1.559066E-18
1.928939E+04	3.046010E-17	1.529658E-18
1.932939E+04	3.028335E-17	1.501111E-18
1.936939E+04	3.011468E-17	1.473732E-18
1.940939E+04	2.995796E-17	1.447738E-18
1.944939E+04	2.981646E-17	1.423253E-18
1.948939E+04	2.969268E-17	1.400317E-18
1.952939E+04	2.958840E-17	1.378922E-18
1.956939E+04	2.950463E-17	1.359073E-18
1.960939E+04	2.944169E-17	1.340836E-18
1.964939E+04	2.939915E-17	1.324365E-18
1.968939E+04	2.937590E-17	1.309888E-18
1.972939E+04	2.937017E-17	1.297668E-18
1.976939E+04	2.937967E-17	1.287945E-18
1.980939E+04	2.940180E-17	1.280861E-18
1.984939E+04	2.943380E-17	1.276378E-18
1.988939E+04	2.947296E-17	1.274211E-18
1.992939E+04	2.951675E-17	1.273805E-18
1.996939E+04	2.956286E-17	1.274376E-18
2.000939E+04	2.960922E-17	1.275012E-18
2.004939E+04	2.965388E-17	1.274819E-18
2.008939E+04	2.969493E-17	1.273067E-18
2.012939E+04	2.973038E-17	1.269315E-18
2.016939E+04	2.975814E-17	1.263476E-18
2.020939E+04	2.977594E-17	1.255827E-18
2.024939E+04	2.978147E-17	1.246932E-18
2.028939E+04	2.977246E-17	1.237512E-18
2.032939E+04	2.974692E-17	1.228278E-18
2.036939E+04	2.970337E-17	1.219767E-18
2.040939E+04	2.964105E-17	1.212239E-18
2.044939E+04	2.955998E-17	1.205630E-18
2.048939E+04	2.946101E-17	1.199587E-18
2.052939E+04	2.934565E-17	1.193564E-18
2.056939E+04	2.921585E-17	1.186947E-18
2.060939E+04	2.907372E-17	1.179189E-18
2.064939E+04	2.892129E-17	1.169898E-18
2.068939E+04	2.876027E-17	1.158883E-18
2.072939E+04	2.859195E-17	1.146155E-18
2.076939E+04	2.841708E-17	1.131882E-18
2.080939E+04	2.823587E-17	1.116320E-18
2.084939E+04	2.804808E-17	1.099732E-18
2.088939E+04	2.785316E-17	1.082316E-18
2.092939E+04	2.765032E-17	1.064159E-18
2.096939E+04	2.743875E-17	1.045204E-18
2.100939E+04	2.721770E-17	1.025264E-18
2.104939E+04	2.698664E-17	1.004058E-18
2.108939E+04	2.674536E-17	9.812968E-19
2.112939E+04	2.649410E-17	9.567838E-19
2.116939E+04	2.623371E-17	9.305088E-19
2.120939E+04	2.596580E-17	9.027161E-19
2.124939E+04	2.569293E-17	8.739556E-19
2.128939E+04	2.541876E-17	8.451259E-19
2.132939E+04	2.514826E-17	8.175046E-19
2.136939E+04	2.488759E-17	7.927376E-19
2.140939E+04	2.464393E-17	7.727372E-19
2.144939E+04	2.442470E-17	7.594328E-19
2.148939E+04	2.423613E-17	7.543131E-19
2.152939E+04	2.407967E-17	7.576291E-19
2.156939E+04	2.395003E-17	7.680479E-19
2.160939E+04	2.383933E-17	7.835488E-19
2.164939E+04	2.373949E-17	8.020656E-19
2.168939E+04	2.364311E-17	8.218047E-19
2.172939E+04	2.354392E-17	8.413689E-19
2.176939E+04	2.343680E-17	8.597665E-19
2.180939E+04	2.331779E-17	8.763635E-19
2.184939E+04	2.318396E-17	8.908134E-19
2.188939E+04	2.303330E-17	9.029826E-19
2.192939E+04	2.286452E-17	9.128864E-19
2.196939E+04	2.267695E-17	9.206452E-19
2.200939E+04	2.247035E-17	9.264617E-19
2.204939E+04	2.224483E-17	9.306099E-19
2.208939E+04	2.200083E-17	9.334218E-19
2.212939E+04	2.173909E-17	9.352600E-19
2.216939E+04	2.146074E-17	9.364814E-19
2.220939E+04	2.116727E-17	9.374012E-19
2.224939E+04	2.086049E-17	9.382713E-19
2.228939E+04	2.054251E-17	9.392784E-19
2.232939E+04	2.021574E-17	9.405572E-19
2.236939E+04	1.988276E-17	9.422043E-19
2.240939E+04	1.954633E-17	9.442832E-19
2.244939E+04	1.920924E-17	9.468226E-19
2.248939E+04	1.887432E-17	9.498173E-19
2.252939E+04	1.854433E-17	9.532322E-19
2.256939E+04	1.822198E-17	9.570086E-19
2.260939E+04	1.790982E-17	9.610700E-19
2.264939E+04	1.761024E-17	9.653329E-19
2.268939E+04	1.732540E-17	9.697203E-19
2.272939E+04	1.705716E-17	9.741744E-19
2.276939E+04	1.680709E-17	9.786664E-19
2.280939E+04	1.657640E-17	9.832004E-19
2.284939E+04	1.636590E-17	9.878125E-19
2.288939E+04	1.617601E-17	9.925638E-19
2.292939E+04	1.600677E-17	9.975345E-19
2.296939E+04	1.585795E-17	1.002816E-18
2.300939E+04	1.572909E-17	1.008500E-18
2.304939E+04	1.561952E-17	1.014667E-18
2.308939E+04	1.552839E-17	1.021376E-18
2.312939E+04	1.545473E-17	1.028668E-18
2.316939E+04	1.539752E-17	1.036568E-18
2.320939E+04	1.535580E-17	1.045094E-18
2.324939E+04	1.532866E-17	1.054261E-18
2.328939E+04	1.531530E-17	1.064080E-18
2.332939E+04	1.531502E-17	1.074560E-18
2.336939E+04	1.532717E-17	1.085708E-18
2.340939E+04	1.535115E-17	1.097530E-18
2.344939E+04	1.538638E-17	1.110027E-18
2.348939E+04	1.543221E-17	1.123195E-18
2.352939E+04	1.548796E-17	1.137025E-18
2.356939E+04	1.555287E-17	1.151502E-18
2.360939E+04	1.562613E-17	1.166614E-18
2.364939E+04	1.570687E-17	1.182362E-18
2.368939E+04	1.579425E-17	1.198771E-18
2.372939E+04	1.588738E-17	1.215903E-18
2.376939E+04	1.598540E-17	1.233869E-18
2.380939E+04	1.608744E-17	1.252840E-18
2.384939E+04	1.619261E-17	1.273057E-18
2.388939E+04	1.630000E-17	1.294841E-18
2.392939E+04	1.640869E-17	1.318603E-18
2.396939E+04	1.651770E-17	1.344839E-18
2.400939E+04	1.662604E-17	1.374136E-18
2.404939E+04	1.673267E-17	1.407152E-18
2.408939E+04	1.683655E-17	1.444602E-18
2.412939E+04	1.693666E-17	1.487220E-18
2.416939E+04	1.703202E-17	1.535721E-18
2.420939E+04	1.712176E-17	1.590758E-18
2.424939E+04	1.720513E-17	1.652876E-18
2.428939E+04	1.728159E-17	1.722484E-18
2.432939E+04	1.735075E-17	1.799834E-18
2.436939E+04	1.741246E-17	1.885018E-18
2.440939E+04	1.746670E-17	1.977972E-18
2.444939E+04	1.751364E-17	2.078494E-18
2.448939E+04	1.755359E-17	2.186270E-18
