#wls	flux	fluxerr
1.600000E+03	6.112440E-18	6.036073E-18
1.640000E+03	6.179163E-18	6.022015E-18
1.680000E+03	6.247367E-18	6.005576E-18
1.720000E+03	6.317905E-18	5.987413E-18
1.760000E+03	6.389062E-18	5.965739E-18
1.800000E+03	6.462687E-18	5.942135E-18
1.840000E+03	6.536910E-18	5.914711E-18
1.880000E+03	6.612709E-18	5.884222E-18
1.920000E+03	6.689750E-18	5.850213E-18
1.960000E+03	6.766526E-18	5.811246E-18
2.000000E+03	6.843612E-18	5.767737E-18
2.040000E+03	6.919868E-18	5.718649E-18
2.080000E+03	6.994129E-18	5.663007E-18
2.120000E+03	7.065219E-18	5.599916E-18
2.160000E+03	7.131056E-18	5.527873E-18
2.200000E+03	7.187950E-18	5.444317E-18
2.240000E+03	7.231362E-18	5.346350E-18
2.280000E+03	7.258599E-18	5.232766E-18
2.320000E+03	7.270533E-18	5.105102E-18
2.360000E+03	7.272083E-18	4.967638E-18
2.400000E+03	7.266329E-18	4.823094E-18
2.440000E+03	7.255795E-18	4.673622E-18
2.480000E+03	7.240839E-18	4.519848E-18
2.520000E+03	7.222248E-18	4.362657E-18
2.560000E+03	7.199632E-18	4.202203E-18
2.600000E+03	7.173079E-18	4.038973E-18
2.640000E+03	7.141711E-18	3.872944E-18
2.680000E+03	7.104677E-18	3.704215E-18
2.720000E+03	7.061179E-18	3.533011E-18
2.760000E+03	7.009819E-18	3.359369E-18
2.800000E+03	6.949443E-18	3.183592E-18
2.840000E+03	6.878952E-18	3.006139E-18
2.880000E+03	6.797913E-18	2.827867E-18
2.920000E+03	6.706778E-18	2.650053E-18
2.960000E+03	6.606659E-18	2.474206E-18
3.000000E+03	6.499427E-18	2.302033E-18
3.010000E+03	6.471743E-18	2.259757E-18
3.020000E+03	6.443646E-18	2.217794E-18
3.030000E+03	6.415412E-18	2.176250E-18
3.040000E+03	6.386734E-18	2.135035E-18
3.050000E+03	6.357878E-18	2.094251E-18
3.060000E+03	6.328822E-18	2.053902E-18
3.070000E+03	6.299680E-18	2.014036E-18
3.080000E+03	6.270163E-18	1.974571E-18
3.090000E+03	6.240646E-18	1.935639E-18
3.100000E+03	6.210848E-18	1.897162E-18
3.110000E+03	6.181004E-18	1.859223E-18
3.120000E+03	6.151088E-18	1.821824E-18
3.130000E+03	6.120957E-18	1.784933E-18
3.140000E+03	6.090830E-18	1.748625E-18
3.150000E+03	6.060568E-18	1.712869E-18
3.160000E+03	6.030266E-18	1.677701E-18
3.170000E+03	5.999902E-18	1.643124E-18
3.180000E+03	5.969458E-18	1.609143E-18
3.190000E+03	5.939022E-18	1.575790E-18
3.200000E+03	5.908575E-18	1.543067E-18
3.210000E+03	5.877996E-18	1.510952E-18
3.220000E+03	5.847476E-18	1.479502E-18
3.230000E+03	5.816897E-18	1.448693E-18
3.240000E+03	5.786345E-18	1.418553E-18
3.250000E+03	5.755806E-18	1.389085E-18
3.260000E+03	5.725176E-18	1.360271E-18
3.270000E+03	5.694635E-18	1.332156E-18
3.280000E+03	5.663993E-18	1.304701E-18
3.290000E+03	5.633426E-18	1.277951E-18
3.300000E+03	5.602929E-18	1.251906E-18
3.310000E+03	5.572332E-18	1.226530E-18
3.320000E+03	5.541809E-18	1.201862E-18
3.330000E+03	5.511364E-18	1.177902E-18
3.340000E+03	5.480922E-18	1.154632E-18
3.350000E+03	5.450497E-18	1.132054E-18
3.360000E+03	5.420104E-18	1.110166E-18
3.370000E+03	5.389761E-18	1.088967E-18
3.380000E+03	5.359487E-18	1.068455E-18
3.390000E+03	5.329305E-18	1.048627E-18
3.400000E+03	5.299168E-18	1.029466E-18
3.410000E+03	5.269039E-18	1.010953E-18
3.420000E+03	5.239086E-18	9.931117E-19
3.430000E+03	5.209141E-18	9.758973E-19
3.440000E+03	5.179309E-18	9.593170E-19
3.450000E+03	5.149567E-18	9.433522E-19
3.460000E+03	5.119956E-18	9.279960E-19
3.470000E+03	5.090400E-18	9.132186E-19
3.480000E+03	5.060890E-18	8.990026E-19
3.490000E+03	5.031479E-18	8.853404E-19
3.500000E+03	5.002107E-18	8.722042E-19
3.510000E+03	4.972834E-18	8.595862E-19
3.520000E+03	4.943501E-18	8.474407E-19
3.530000E+03	4.914177E-18	8.357614E-19
3.540000E+03	4.884773E-18	8.245145E-19
3.550000E+03	4.855262E-18	8.136769E-19
3.560000E+03	4.825623E-18	8.032261E-19
3.570000E+03	4.795739E-18	7.931246E-19
3.580000E+03	4.765699E-18	7.833686E-19
3.590000E+03	4.735447E-18	7.739304E-19
3.600000E+03	4.704932E-18	7.647838E-19
3.610000E+03	4.674248E-18	7.559261E-19
3.620000E+03	4.643303E-18	7.473249E-19
3.630000E+03	4.612103E-18	7.389640E-19
3.640000E+03	4.580654E-18	7.308279E-19
3.650000E+03	4.548964E-18	7.229013E-19
3.660000E+03	4.517040E-18	7.151699E-19
3.670000E+03	4.484890E-18	7.076197E-19
3.680000E+03	4.452563E-18	7.002436E-19
3.690000E+03	4.420103E-18	6.930345E-19
3.700000E+03	4.387513E-18	6.859795E-19
3.710000E+03	4.354949E-18	6.790898E-19
3.720000E+03	4.322368E-18	6.723464E-19
3.730000E+03	4.289876E-18	6.657542E-19
3.740000E+03	4.257500E-18	6.593061E-19
3.750000E+03	4.225298E-18	6.530007E-19
3.760000E+03	4.193397E-18	6.468477E-19
3.770000E+03	4.161738E-18	6.408286E-19
3.780000E+03	4.130437E-18	6.349528E-19
3.790000E+03	4.099567E-18	6.292234E-19
3.800000E+03	4.069097E-18	6.236278E-19
3.810000E+03	4.039126E-18	6.181743E-19
3.820000E+03	4.009715E-18	6.128658E-19
3.830000E+03	3.980853E-18	6.076946E-19
3.840000E+03	3.952563E-18	6.026586E-19
3.850000E+03	3.924957E-18	5.977700E-19
3.860000E+03	3.897986E-18	5.930164E-19
3.870000E+03	3.871724E-18	5.884049E-19
3.880000E+03	3.846178E-18	5.839327E-19
3.890000E+03	3.821384E-18	5.796018E-19
3.900000E+03	3.797376E-18	5.754140E-19
3.910000E+03	3.774125E-18	5.713618E-19
3.920000E+03	3.751658E-18	5.674470E-19
3.930000E+03	3.730032E-18	5.636755E-19
3.940000E+03	3.709241E-18	5.600444E-19
3.950000E+03	3.689277E-18	5.565506E-19
3.960000E+03	3.670162E-18	5.531954E-19
3.970000E+03	3.651884E-18	5.499757E-19
3.980000E+03	3.634462E-18	5.468927E-19
3.990000E+03	3.617911E-18	5.439475E-19
4.000000E+03	3.602246E-18	5.411411E-19
4.010000E+03	3.587423E-18	5.384660E-19
4.020000E+03	3.573456E-18	5.359232E-19
4.030000E+03	3.560357E-18	5.335136E-19
4.040000E+03	3.548134E-18	5.312381E-19
4.050000E+03	3.536772E-18	5.290934E-19
4.060000E+03	3.526253E-18	5.270761E-19
4.070000E+03	3.516585E-18	5.251873E-19
4.080000E+03	3.507750E-18	5.234235E-19
4.090000E+03	3.499757E-18	5.217855E-19
4.100000E+03	3.492585E-18	5.202702E-19
4.110000E+03	3.486243E-18	5.188784E-19
4.120000E+03	3.480712E-18	5.176067E-19
4.130000E+03	3.475972E-18	5.164521E-19
4.140000E+03	3.472030E-18	5.154152E-19
4.150000E+03	3.468866E-18	5.144931E-19
4.160000E+03	3.466489E-18	5.136864E-19
4.170000E+03	3.464851E-18	5.129882E-19
4.180000E+03	3.463959E-18	5.123991E-19
4.190000E+03	3.463768E-18	5.119123E-19
4.200000E+03	3.464310E-18	5.115325E-19
4.210000E+03	3.465540E-18	5.112528E-19
4.220000E+03	3.467465E-18	5.110739E-19
4.230000E+03	3.470012E-18	5.109850E-19
4.240000E+03	3.473213E-18	5.109909E-19
4.250000E+03	3.476997E-18	5.110806E-19
4.260000E+03	3.481396E-18	5.112590E-19
4.270000E+03	3.486336E-18	5.115152E-19
4.280000E+03	3.491771E-18	5.118419E-19
4.290000E+03	3.497732E-18	5.122442E-19
4.300000E+03	3.504117E-18	5.127067E-19
4.310000E+03	3.510960E-18	5.132343E-19
4.320000E+03	3.518155E-18	5.138117E-19
4.330000E+03	3.525735E-18	5.144436E-19
4.340000E+03	3.533649E-18	5.151225E-19
4.350000E+03	3.541846E-18	5.158409E-19
4.360000E+03	3.550329E-18	5.165993E-19
4.370000E+03	3.559073E-18	5.173943E-19
4.380000E+03	3.568111E-18	5.182303E-19
4.390000E+03	3.577388E-18	5.190996E-19
4.400000E+03	3.586966E-18	5.200112E-19
4.410000E+03	3.596849E-18	5.209656E-19
4.420000E+03	3.607042E-18	5.219634E-19
4.430000E+03	3.617550E-18	5.230055E-19
4.440000E+03	3.628409E-18	5.240969E-19
4.450000E+03	3.639595E-18	5.252342E-19
4.460000E+03	3.651145E-18	5.264228E-19
4.470000E+03	3.663068E-18	5.276637E-19
4.480000E+03	3.675373E-18	5.289583E-19
4.490000E+03	3.688040E-18	5.303034E-19
4.500000E+03	3.701079E-18	5.317006E-19
4.510000E+03	3.714470E-18	5.331470E-19
4.520000E+03	3.728257E-18	5.346486E-19
4.530000E+03	3.742390E-18	5.361982E-19
4.540000E+03	3.756883E-18	5.377977E-19
4.550000E+03	3.771750E-18	5.394492E-19
4.560000E+03	3.786943E-18	5.411454E-19
4.570000E+03	3.802510E-18	5.428932E-19
4.580000E+03	3.818403E-18	5.446857E-19
4.590000E+03	3.834640E-18	5.465251E-19
4.600000E+03	3.851174E-18	5.484046E-19
4.610000E+03	3.868055E-18	5.503313E-19
4.620000E+03	3.885272E-18	5.523033E-19
4.630000E+03	3.902777E-18	5.543136E-19
4.640000E+03	3.920591E-18	5.563652E-19
4.650000E+03	3.938737E-18	5.584608E-19
4.660000E+03	3.957203E-18	5.605988E-19
4.670000E+03	3.975943E-18	5.627722E-19
4.680000E+03	3.995052E-18	5.649943E-19
4.690000E+03	4.014557E-18	5.672685E-19
4.700000E+03	4.034413E-18	5.695884E-19
4.710000E+03	4.054649E-18	5.719575E-19
4.720000E+03	4.075293E-18	5.743798E-19
4.730000E+03	4.096267E-18	5.768436E-19
4.740000E+03	4.117598E-18	5.793527E-19
4.750000E+03	4.139243E-18	5.819005E-19
4.760000E+03	4.161232E-18	5.844912E-19
4.770000E+03	4.183558E-18	5.871234E-19
4.780000E+03	4.206175E-18	5.897906E-19
4.790000E+03	4.229116E-18	5.924970E-19
4.800000E+03	4.252335E-18	5.952360E-19
4.810000E+03	4.275862E-18	5.980121E-19
4.820000E+03	4.299654E-18	6.008187E-19
4.830000E+03	4.323701E-18	6.036548E-19
4.840000E+03	4.347996E-18	6.065193E-19
4.850000E+03	4.372573E-18	6.094169E-19
4.860000E+03	4.397384E-18	6.123413E-19
4.870000E+03	4.422422E-18	6.152915E-19
4.880000E+03	4.447636E-18	6.182610E-19
4.890000E+03	4.473102E-18	6.212605E-19
4.900000E+03	4.498772E-18	6.242835E-19
4.910000E+03	4.524636E-18	6.273295E-19
4.920000E+03	4.550644E-18	6.303917E-19
4.930000E+03	4.576829E-18	6.334755E-19
4.940000E+03	4.603140E-18	6.365742E-19
4.950000E+03	4.629566E-18	6.396871E-19
4.960000E+03	4.656143E-18	6.428196E-19
4.970000E+03	4.682817E-18	6.459651E-19
4.980000E+03	4.709576E-18	6.491229E-19
4.990000E+03	4.736366E-18	6.522860E-19
5.000000E+03	4.763221E-18	6.554600E-19
5.010000E+03	4.790129E-18	6.586442E-19
5.020000E+03	4.817035E-18	6.618316E-19
5.030000E+03	4.843924E-18	6.650214E-19
5.040000E+03	4.870786E-18	6.682129E-19
5.050000E+03	4.897560E-18	6.713988E-19
5.060000E+03	4.924281E-18	6.745848E-19
5.070000E+03	4.950936E-18	6.777702E-19
5.080000E+03	4.977416E-18	6.809410E-19
5.090000E+03	5.003756E-18	6.841030E-19
5.100000E+03	5.029941E-18	6.872555E-19
5.110000E+03	5.055910E-18	6.903910E-19
5.120000E+03	5.081648E-18	6.935087E-19
5.130000E+03	5.107142E-18	6.966079E-19
5.140000E+03	5.132377E-18	6.996879E-19
5.150000E+03	5.157290E-18	7.027413E-19
5.160000E+03	5.181917E-18	7.057742E-19
5.170000E+03	5.206144E-18	7.087722E-19
5.180000E+03	5.230008E-18	7.117416E-19
5.190000E+03	5.253445E-18	7.146749E-19
5.200000E+03	5.276442E-18	7.175716E-19
5.210000E+03	5.298987E-18	7.204309E-19
5.220000E+03	5.321067E-18	7.232525E-19
5.230000E+03	5.342568E-18	7.260215E-19
5.240000E+03	5.363582E-18	7.287516E-19
5.250000E+03	5.384048E-18	7.314352E-19
5.260000E+03	5.403955E-18	7.340717E-19
5.270000E+03	5.423242E-18	7.366532E-19
5.280000E+03	5.441901E-18	7.391792E-19
5.290000E+03	5.459925E-18	7.416488E-19
5.300000E+03	5.477307E-18	7.440614E-19
5.310000E+03	5.494041E-18	7.464163E-19
5.320000E+03	5.510071E-18	7.487051E-19
5.330000E+03	5.525500E-18	7.509419E-19
5.340000E+03	5.540219E-18	7.531110E-19
5.350000E+03	5.554226E-18	7.552112E-19
5.360000E+03	5.567632E-18	7.572567E-19
5.370000E+03	5.580329E-18	7.592313E-19
5.380000E+03	5.592429E-18	7.611490E-19
5.390000E+03	5.603883E-18	7.630012E-19
5.400000E+03	5.614752E-18	7.647944E-19
5.410000E+03	5.624988E-18	7.665199E-19
5.420000E+03	5.634711E-18	7.681918E-19
5.430000E+03	5.643877E-18	7.698015E-19
5.440000E+03	5.652552E-18	7.713556E-19
5.450000E+03	5.660638E-18	7.728377E-19
5.460000E+03	5.668205E-18	7.742544E-19
5.470000E+03	5.675212E-18	7.755972E-19
5.480000E+03	5.681620E-18	7.768574E-19
5.490000E+03	5.687503E-18	7.780419E-19
5.500000E+03	5.692766E-18	7.791345E-19
5.510000E+03	5.697373E-18	7.801268E-19
5.520000E+03	5.701344E-18	7.810184E-19
5.530000E+03	5.704589E-18	7.817933E-19
5.540000E+03	5.707187E-18	7.824593E-19
5.550000E+03	5.708992E-18	7.829929E-19
5.560000E+03	5.710142E-18	7.834104E-19
5.570000E+03	5.710609E-18	7.837045E-19
5.580000E+03	5.710360E-18	7.838684E-19
5.590000E+03	5.709424E-18	7.839033E-19
5.600000E+03	5.707830E-18	7.838108E-19
5.610000E+03	5.705548E-18	7.835849E-19
5.620000E+03	5.702724E-18	7.832437E-19
5.630000E+03	5.699272E-18	7.827738E-19
5.640000E+03	5.695336E-18	7.821939E-19
5.650000E+03	5.690830E-18	7.814911E-19
5.660000E+03	5.685899E-18	7.806846E-19
5.670000E+03	5.680571E-18	7.797781E-19
5.680000E+03	5.674817E-18	7.787670E-19
5.690000E+03	5.668721E-18	7.776633E-19
5.700000E+03	5.662310E-18	7.764707E-19
5.710000E+03	5.655668E-18	7.752015E-19
5.720000E+03	5.648820E-18	7.738597E-19
5.730000E+03	5.641731E-18	7.724413E-19
5.740000E+03	5.634540E-18	7.709666E-19
5.750000E+03	5.627269E-18	7.694397E-19
5.760000E+03	5.619880E-18	7.678567E-19
5.770000E+03	5.612450E-18	7.662296E-19
5.780000E+03	5.605057E-18	7.645706E-19
5.790000E+03	5.597718E-18	7.628836E-19
5.800000E+03	5.590389E-18	7.611641E-19
5.810000E+03	5.583144E-18	7.594240E-19
5.820000E+03	5.576055E-18	7.576751E-19
5.830000E+03	5.569135E-18	7.559206E-19
5.840000E+03	5.562335E-18	7.541556E-19
5.850000E+03	5.555723E-18	7.523914E-19
5.860000E+03	5.549310E-18	7.506309E-19
5.870000E+03	5.543161E-18	7.488849E-19
5.880000E+03	5.537284E-18	7.471559E-19
5.890000E+03	5.531622E-18	7.454381E-19
5.900000E+03	5.526239E-18	7.437418E-19
5.910000E+03	5.521078E-18	7.420605E-19
5.920000E+03	5.516322E-18	7.404210E-19
5.930000E+03	5.511788E-18	7.387997E-19
5.940000E+03	5.507537E-18	7.372062E-19
5.950000E+03	5.503627E-18	7.356500E-19
5.960000E+03	5.499995E-18	7.341236E-19
5.970000E+03	5.496634E-18	7.326277E-19
5.980000E+03	5.493602E-18	7.311711E-19
5.990000E+03	5.490829E-18	7.297457E-19
6.000000E+03	5.488372E-18	7.283598E-19
6.010000E+03	5.486095E-18	7.269967E-19
6.020000E+03	5.484113E-18	7.256726E-19
6.030000E+03	5.482290E-18	7.243702E-19
6.040000E+03	5.480740E-18	7.231055E-19
6.050000E+03	5.479258E-18	7.218521E-19
6.060000E+03	5.477958E-18	7.206257E-19
6.070000E+03	5.476760E-18	7.194165E-19
6.080000E+03	5.475647E-18	7.182227E-19
6.090000E+03	5.474470E-18	7.170253E-19
6.100000E+03	5.473342E-18	7.158394E-19
6.110000E+03	5.472045E-18	7.146368E-19
6.120000E+03	5.470690E-18	7.134324E-19
6.130000E+03	5.469054E-18	7.121975E-19
6.140000E+03	5.467113E-18	7.109291E-19
6.150000E+03	5.464774E-18	7.096155E-19
6.160000E+03	5.462012E-18	7.082533E-19
6.170000E+03	5.458593E-18	7.068129E-19
6.180000E+03	5.454489E-18	7.052905E-19
6.190000E+03	5.449600E-18	7.036735E-19
6.200000E+03	5.443893E-18	7.019581E-19
6.210000E+03	5.437336E-18	7.001403E-19
6.220000E+03	5.430038E-18	6.982342E-19
6.230000E+03	5.422176E-18	6.962630E-19
6.240000E+03	5.413796E-18	6.942324E-19
6.250000E+03	5.405012E-18	6.921572E-19
6.260000E+03	5.395945E-18	6.900526E-19
6.270000E+03	5.386644E-18	6.879251E-19
6.280000E+03	5.377235E-18	6.857904E-19
6.290000E+03	5.367774E-18	6.836555E-19
6.300000E+03	5.358320E-18	6.815279E-19
6.310000E+03	5.349007E-18	6.794241E-19
6.320000E+03	5.339826E-18	6.773430E-19
6.330000E+03	5.330917E-18	6.753021E-19
6.340000E+03	5.322202E-18	6.732911E-19
6.350000E+03	5.313751E-18	6.713187E-19
6.360000E+03	5.305564E-18	6.693848E-19
6.370000E+03	5.297715E-18	6.674984E-19
6.380000E+03	5.290133E-18	6.656503E-19
6.390000E+03	5.282819E-18	6.638407E-19
6.400000E+03	5.275704E-18	6.620608E-19
6.410000E+03	5.268639E-18	6.602919E-19
6.420000E+03	5.261553E-18	6.585251E-19
6.430000E+03	5.254451E-18	6.567613E-19
6.440000E+03	5.247342E-18	6.550017E-19
6.450000E+03	5.240234E-18	6.532475E-19
6.460000E+03	5.233216E-18	6.515100E-19
6.470000E+03	5.226382E-18	6.498010E-19
6.480000E+03	5.219748E-18	6.481228E-19
6.490000E+03	5.213253E-18	6.464679E-19
6.500000E+03	5.207076E-18	6.448588E-19
6.510000E+03	5.201241E-18	6.432985E-19
6.520000E+03	5.195691E-18	6.417802E-19
6.530000E+03	5.190533E-18	6.403171E-19
6.540000E+03	5.185794E-18	6.389130E-19
6.550000E+03	5.181422E-18	6.375615E-19
6.560000E+03	5.177445E-18	6.362663E-19
6.570000E+03	5.174061E-18	6.350516E-19
6.580000E+03	5.171053E-18	6.338913E-19
6.590000E+03	5.168621E-18	6.328096E-19
6.600000E+03	5.166798E-18	6.318111E-19
6.610000E+03	5.165452E-18	6.308795E-19
6.620000E+03	5.164785E-18	6.300398E-19
6.630000E+03	5.164665E-18	6.292757E-19
6.640000E+03	5.165297E-18	6.286123E-19
6.650000E+03	5.166546E-18	6.280334E-19
6.660000E+03	5.168535E-18	6.275537E-19
6.670000E+03	5.171299E-18	6.271777E-19
6.680000E+03	5.174788E-18	6.268991E-19
6.690000E+03	5.179036E-18	6.267221E-19
6.700000E+03	5.184168E-18	6.266616E-19
6.710000E+03	5.190128E-18	6.267109E-19
6.720000E+03	5.196952E-18	6.268739E-19
6.730000E+03	5.204672E-18	6.271545E-19
6.740000E+03	5.213320E-18	6.275563E-19
6.750000E+03	5.222928E-18	6.280829E-19
6.760000E+03	5.233527E-18	6.287375E-19
6.770000E+03	5.245052E-18	6.295124E-19
6.780000E+03	5.257623E-18	6.304216E-19
6.790000E+03	5.271268E-18	6.314679E-19
6.800000E+03	5.285917E-18	6.326426E-19
6.810000E+03	5.301687E-18	6.339595E-19
6.820000E+03	5.318505E-18	6.354094E-19
6.830000E+03	5.336390E-18	6.369942E-19
6.840000E+03	5.355359E-18	6.387155E-19
6.850000E+03	5.375426E-18	6.405750E-19
6.860000E+03	5.396705E-18	6.425856E-19
6.870000E+03	5.419010E-18	6.447250E-19
6.880000E+03	5.442449E-18	6.470058E-19
6.890000E+03	5.467030E-18	6.494289E-19
6.900000E+03	5.492656E-18	6.519827E-19
6.910000E+03	5.519434E-18	6.546795E-19
6.920000E+03	5.547366E-18	6.575198E-19
6.930000E+03	5.576348E-18	6.604911E-19
6.940000E+03	5.606377E-18	6.635933E-19
6.950000E+03	5.637555E-18	6.668385E-19
6.960000E+03	5.669770E-18	6.702137E-19
6.970000E+03	5.703014E-18	6.737183E-19
6.980000E+03	5.737279E-18	6.773515E-19
6.990000E+03	5.772554E-18	6.811124E-19
7.000000E+03	5.808715E-18	6.849867E-19
7.010000E+03	5.845973E-18	6.889997E-19
7.020000E+03	5.884088E-18	6.931235E-19
7.030000E+03	5.923158E-18	6.973701E-19
7.040000E+03	5.963051E-18	7.017243E-19
7.050000E+03	6.003747E-18	7.061841E-19
7.060000E+03	6.045346E-18	7.107617E-19
7.070000E+03	6.087710E-18	7.154410E-19
7.080000E+03	6.130694E-18	7.202055E-19
7.090000E+03	6.174522E-18	7.250815E-19
7.100000E+03	6.219050E-18	7.300523E-19
7.110000E+03	6.264128E-18	7.351005E-19
7.120000E+03	6.309858E-18	7.402380E-19
7.130000E+03	6.356088E-18	7.454469E-19
7.140000E+03	6.402922E-18	7.507392E-19
7.150000E+03	6.450203E-18	7.560964E-19
7.160000E+03	6.498038E-18	7.615307E-19
7.170000E+03	6.546132E-18	7.670073E-19
7.180000E+03	6.594589E-18	7.725380E-19
7.190000E+03	6.643520E-18	7.781352E-19
7.200000E+03	6.692619E-18	7.837628E-19
7.210000E+03	6.741852E-18	7.894163E-19
7.220000E+03	6.791330E-18	7.951080E-19
7.230000E+03	6.841021E-18	8.008338E-19
7.240000E+03	6.890750E-18	8.065724E-19
7.250000E+03	6.940628E-18	8.123366E-19
7.260000E+03	6.990476E-18	8.181046E-19
7.270000E+03	7.040257E-18	8.238718E-19
7.280000E+03	7.090088E-18	8.296513E-19
7.290000E+03	7.139784E-18	8.354209E-19
7.300000E+03	7.189463E-18	8.411941E-19
7.310000E+03	7.238936E-18	8.469484E-19
7.320000E+03	7.288167E-18	8.526790E-19
7.330000E+03	7.337442E-18	8.584191E-19
7.340000E+03	7.386408E-18	8.641272E-19
7.350000E+03	7.435360E-18	8.698373E-19
7.360000E+03	7.484106E-18	8.755266E-19
7.370000E+03	7.532786E-18	8.812111E-19
7.380000E+03	7.581546E-18	8.869075E-19
7.390000E+03	7.630196E-18	8.925934E-19
7.400000E+03	7.679064E-18	8.983064E-19
7.410000E+03	7.728141E-18	9.040450E-19
7.420000E+03	7.777595E-18	9.098284E-19
7.430000E+03	7.827425E-18	9.156558E-19
7.440000E+03	7.877631E-18	9.215264E-19
7.450000E+03	7.928396E-18	9.274610E-19
7.460000E+03	7.979359E-18	9.334163E-19
7.470000E+03	8.030517E-18	9.393912E-19
7.480000E+03	8.081681E-18	9.453624E-19
7.490000E+03	8.133035E-18	9.513506E-19
7.500000E+03	8.184389E-18	9.573322E-19
7.510000E+03	8.235545E-18	9.632831E-19
7.520000E+03	8.286495E-18	9.692009E-19
7.530000E+03	8.337232E-18	9.750837E-19
7.540000E+03	8.387547E-18	9.809060E-19
7.550000E+03	8.437632E-18	9.866888E-19
7.560000E+03	8.487072E-18	9.923824E-19
7.570000E+03	8.536261E-18	9.980320E-19
7.580000E+03	8.584984E-18	1.003611E-18
7.590000E+03	8.633229E-18	1.009118E-18
7.600000E+03	8.680770E-18	1.014525E-18
7.610000E+03	8.727801E-18	1.019854E-18
7.620000E+03	8.774306E-18	1.025102E-18
7.630000E+03	8.820268E-18	1.030268E-18
7.640000E+03	8.865449E-18	1.035323E-18
7.650000E+03	8.910044E-18	1.040291E-18
7.660000E+03	8.953808E-18	1.045141E-18
7.670000E+03	8.997160E-18	1.049925E-18
7.680000E+03	9.039399E-18	1.054559E-18
7.690000E+03	9.081170E-18	1.059120E-18
7.700000E+03	9.122217E-18	1.063580E-18
7.710000E+03	9.162272E-18	1.067907E-18
7.720000E+03	9.201529E-18	1.072125E-18
7.730000E+03	9.239949E-18	1.076230E-18
7.740000E+03	9.277489E-18	1.080220E-18
7.750000E+03	9.314106E-18	1.084090E-18
7.760000E+03	9.349998E-18	1.087865E-18
7.770000E+03	9.384633E-18	1.091484E-18
7.780000E+03	9.418449E-18	1.095001E-18
7.790000E+03	9.451401E-18	1.098410E-18
7.800000E+03	9.482944E-18	1.101652E-18
7.810000E+03	9.513774E-18	1.104808E-18
7.820000E+03	9.543596E-18	1.107845E-18
7.830000E+03	9.572109E-18	1.110732E-18
7.840000E+03	9.599773E-18	1.113523E-18
7.850000E+03	9.626289E-18	1.116184E-18
7.860000E+03	9.651873E-18	1.118744E-18
7.870000E+03	9.676487E-18	1.121198E-18
7.880000E+03	9.700358E-18	1.123576E-18
7.890000E+03	9.723194E-18	1.125844E-18
7.900000E+03	9.745230E-18	1.128032E-18
7.910000E+03	9.766712E-18	1.130169E-18
7.920000E+03	9.787356E-18	1.132223E-18
7.930000E+03	9.807689E-18	1.134258E-18
7.940000E+03	9.827709E-18	1.136273E-18
7.950000E+03	9.847691E-18	1.138301E-18
7.960000E+03	9.867920E-18	1.140377E-18
7.970000E+03	9.887866E-18	1.142439E-18
7.980000E+03	9.908097E-18	1.144553E-18
7.990000E+03	9.928365E-18	1.146692E-18
8.000000E+03	9.948699E-18	1.148859E-18
8.010000E+03	9.968576E-18	1.150993E-18
8.020000E+03	9.988028E-18	1.153098E-18
8.030000E+03	1.000710E-17	1.155178E-18
8.040000E+03	1.002554E-17	1.157207E-18
8.050000E+03	1.004341E-17	1.159188E-18
8.060000E+03	1.006076E-17	1.161128E-18
8.070000E+03	1.007707E-17	1.162966E-18
8.080000E+03	1.009297E-17	1.164774E-18
8.090000E+03	1.010797E-17	1.166494E-18
8.100000E+03	1.012242E-17	1.168165E-18
8.110000E+03	1.013609E-17	1.169761E-18
8.120000E+03	1.014908E-17	1.171290E-18
8.130000E+03	1.016117E-17	1.172727E-18
8.140000E+03	1.017302E-17	1.174147E-18
8.150000E+03	1.018414E-17	1.175491E-18
8.160000E+03	1.019491E-17	1.176801E-18
8.170000E+03	1.020512E-17	1.178054E-18
8.180000E+03	1.021488E-17	1.179258E-18
8.190000E+03	1.022455E-17	1.180456E-18
8.200000E+03	1.023395E-17	1.181624E-18
8.210000E+03	1.024287E-17	1.182738E-18
8.220000E+03	1.025199E-17	1.183874E-18
8.230000E+03	1.026112E-17	1.185009E-18
8.240000E+03	1.027033E-17	1.186151E-18
8.250000E+03	1.027943E-17	1.187277E-18
8.260000E+03	1.028879E-17	1.188429E-18
8.270000E+03	1.029851E-17	1.189617E-18
8.280000E+03	1.030836E-17	1.190815E-18
8.290000E+03	1.031874E-17	1.192068E-18
8.300000E+03	1.032971E-17	1.193383E-18
8.310000E+03	1.034106E-17	1.194735E-18
8.320000E+03	1.035285E-17	1.196133E-18
8.330000E+03	1.036545E-17	1.197618E-18
8.340000E+03	1.037863E-17	1.199164E-18
8.350000E+03	1.039276E-17	1.200814E-18
8.360000E+03	1.040759E-17	1.202539E-18
8.370000E+03	1.042317E-17	1.204347E-18
8.380000E+03	1.043956E-17	1.206243E-18
8.390000E+03	1.045680E-17	1.208235E-18
8.400000E+03	1.047494E-17	1.210326E-18
8.410000E+03	1.049433E-17	1.212560E-18
8.420000E+03	1.051438E-17	1.214867E-18
8.430000E+03	1.053543E-17	1.217290E-18
8.440000E+03	1.055752E-17	1.219830E-18
8.450000E+03	1.058066E-17	1.222492E-18
8.460000E+03	1.060489E-17	1.225278E-18
8.470000E+03	1.063021E-17	1.228191E-18
8.480000E+03	1.065631E-17	1.231195E-18
8.490000E+03	1.068354E-17	1.234328E-18
8.500000E+03	1.071156E-17	1.237554E-18
8.510000E+03	1.074070E-17	1.240908E-18
8.520000E+03	1.077063E-17	1.244354E-18
8.530000E+03	1.080166E-17	1.247928E-18
8.540000E+03	1.083346E-17	1.251589E-18
8.550000E+03	1.086602E-17	1.255336E-18
8.560000E+03	1.089962E-17	1.259204E-18
8.570000E+03	1.093360E-17	1.263112E-18
8.580000E+03	1.096858E-17	1.267135E-18
8.590000E+03	1.100420E-17	1.271228E-18
8.600000E+03	1.104043E-17	1.275388E-18
8.610000E+03	1.107688E-17	1.279570E-18
8.620000E+03	1.111419E-17	1.283847E-18
8.630000E+03	1.115164E-17	1.288136E-18
8.640000E+03	1.118951E-17	1.292470E-18
8.650000E+03	1.122742E-17	1.296802E-18
8.660000E+03	1.126601E-17	1.301208E-18
8.670000E+03	1.130417E-17	1.305561E-18
8.680000E+03	1.134256E-17	1.309935E-18
8.690000E+03	1.138076E-17	1.314283E-18
8.700000E+03	1.141909E-17	1.318641E-18
8.710000E+03	1.145676E-17	1.322920E-18
8.720000E+03	1.149445E-17	1.327197E-18
8.730000E+03	1.153174E-17	1.331427E-18
8.740000E+03	1.156858E-17	1.335603E-18
8.750000E+03	1.160456E-17	1.339677E-18
8.760000E+03	1.164000E-17	1.343688E-18
8.770000E+03	1.167485E-17	1.347632E-18
8.780000E+03	1.170869E-17	1.351462E-18
8.790000E+03	1.174187E-17	1.355216E-18
8.800000E+03	1.177398E-17	1.358849E-18
8.810000E+03	1.180536E-17	1.362402E-18
8.820000E+03	1.183521E-17	1.365781E-18
8.830000E+03	1.186428E-17	1.369075E-18
8.840000E+03	1.189176E-17	1.372191E-18
8.850000E+03	1.191842E-17	1.375219E-18
8.860000E+03	1.194345E-17	1.378064E-18
8.870000E+03	1.196804E-17	1.380867E-18
8.880000E+03	1.199138E-17	1.383531E-18
8.890000E+03	1.201387E-17	1.386106E-18
8.900000E+03	1.203551E-17	1.388590E-18
8.910000E+03	1.205672E-17	1.391034E-18
8.920000E+03	1.207750E-17	1.393439E-18
8.930000E+03	1.209746E-17	1.395758E-18
8.940000E+03	1.211744E-17	1.398090E-18
8.950000E+03	1.213660E-17	1.400339E-18
8.960000E+03	1.215583E-17	1.402606E-18
8.970000E+03	1.217469E-17	1.404844E-18
8.980000E+03	1.219365E-17	1.407105E-18
8.990000E+03	1.221228E-17	1.409342E-18
9.000000E+03	1.223150E-17	1.411659E-18
9.040000E+03	1.230781E-17	1.421016E-18
9.080000E+03	1.239068E-17	1.431387E-18
9.120000E+03	1.248417E-17	1.443245E-18
9.160000E+03	1.259380E-17	1.457194E-18
9.200000E+03	1.272454E-17	1.473729E-18
9.240000E+03	1.288154E-17	1.493322E-18
9.280000E+03	1.306910E-17	1.516326E-18
9.320000E+03	1.328944E-17	1.542868E-18
9.360000E+03	1.354458E-17	1.573110E-18
9.400000E+03	1.383217E-17	1.606795E-18
9.440000E+03	1.414993E-17	1.643789E-18
9.480000E+03	1.449086E-17	1.683526E-18
9.520000E+03	1.484883E-17	1.725636E-18
9.560000E+03	1.521462E-17	1.769453E-18
9.600000E+03	1.557986E-17	1.814454E-18
9.640000E+03	1.593707E-17	1.860258E-18
9.680000E+03	1.628037E-17	1.906740E-18
9.720000E+03	1.660470E-17	1.954021E-18
9.760000E+03	1.690801E-17	2.002837E-18
9.800000E+03	1.718775E-17	2.054251E-18
9.840000E+03	1.744533E-17	2.110308E-18
9.880000E+03	1.768363E-17	2.173844E-18
9.920000E+03	1.790246E-17	2.247928E-18
9.960000E+03	1.810758E-17	2.336875E-18
1.000000E+04	1.830222E-17	2.444965E-18
1.004000E+04	1.848765E-17	2.576100E-18
1.008000E+04	1.866740E-17	2.733944E-18
1.012000E+04	1.884242E-17	2.920905E-18
1.016000E+04	1.901427E-17	3.138392E-18
1.020000E+04	1.918006E-17	3.385993E-18
1.024000E+04	1.933789E-17	3.662438E-18
1.028000E+04	1.948943E-17	3.966398E-18
1.032000E+04	1.963265E-17	4.295383E-18
