#wls	flux	fluxerr
3.289393E+03	1.619168E-18	1.002921E-19
3.329393E+03	1.695273E-18	9.598662E-20
3.369393E+03	1.776768E-18	9.216186E-20
3.409393E+03	1.863982E-18	8.899329E-20
3.449393E+03	1.957242E-18	8.665652E-20
3.489393E+03	2.056863E-18	8.529123E-20
3.529393E+03	2.163131E-18	8.495429E-20
3.569393E+03	2.276294E-18	8.560421E-20
3.609393E+03	2.396561E-18	8.714637E-20
3.649393E+03	2.524104E-18	8.950495E-20
3.689393E+03	2.659066E-18	9.268893E-20
3.729393E+03	2.801565E-18	9.683486E-20
3.769393E+03	2.951711E-18	1.022104E-19
3.809393E+03	3.109627E-18	1.091608E-19
3.849393E+03	3.275479E-18	1.179883E-19
3.889393E+03	3.449512E-18	1.288226E-19
3.929393E+03	3.632066E-18	1.415911E-19
3.969393E+03	3.823573E-18	1.560743E-19
4.009393E+03	4.024559E-18	1.719661E-19
4.049393E+03	4.235636E-18	1.889159E-19
4.089393E+03	4.457492E-18	2.065541E-19
4.129393E+03	4.690888E-18	2.245051E-19
4.169393E+03	4.936649E-18	2.423923E-19
4.209393E+03	5.195653E-18	2.598381E-19
4.249393E+03	5.468822E-18	2.764632E-19
4.289393E+03	5.757111E-18	2.918840E-19
4.329393E+03	6.061492E-18	3.057131E-19
4.369393E+03	6.382933E-18	3.175616E-19
4.409393E+03	6.722375E-18	3.270461E-19
4.449393E+03	7.080708E-18	3.338041E-19
4.489393E+03	7.458735E-18	3.375189E-19
4.529393E+03	7.857151E-18	3.379621E-19
4.569393E+03	8.276505E-18	3.350603E-19
4.609393E+03	8.717172E-18	3.289974E-19
4.649393E+03	9.179323E-18	3.203673E-19
4.689393E+03	9.662899E-18	3.103835E-19
4.729393E+03	1.016759E-17	3.011230E-19
4.769393E+03	1.069280E-17	2.956695E-19
4.809393E+03	1.123765E-17	2.978191E-19
4.849393E+03	1.180082E-17	3.109432E-19
4.889393E+03	1.238051E-17	3.363716E-19
4.929393E+03	1.297433E-17	3.729664E-19
4.969393E+03	1.357937E-17	4.181924E-19
5.009393E+03	1.419224E-17	4.692670E-19
5.049393E+03	1.480907E-17	5.237477E-19
5.089393E+03	1.542557E-17	5.796897E-19
5.129393E+03	1.603707E-17	6.356219E-19
5.169393E+03	1.663864E-17	6.904736E-19
5.209393E+03	1.722516E-17	7.434970E-19
5.249393E+03	1.779157E-17	7.941957E-19
5.289393E+03	1.833303E-17	8.422563E-19
5.329393E+03	1.884518E-17	8.874821E-19
5.369393E+03	1.932432E-17	9.297328E-19
5.409393E+03	1.976768E-17	9.688735E-19
5.449393E+03	2.017355E-17	1.004739E-18
5.489393E+03	2.054140E-17	1.037117E-18
5.529393E+03	2.087187E-17	1.065748E-18
5.569393E+03	2.116674E-17	1.090342E-18
5.609393E+03	2.142875E-17	1.110602E-18
5.649393E+03	2.166139E-17	1.126245E-18
5.689393E+03	2.186867E-17	1.137022E-18
5.729393E+03	2.205484E-17	1.142723E-18
5.769393E+03	2.222412E-17	1.143173E-18
5.809393E+03	2.238052E-17	1.138227E-18
5.849393E+03	2.252765E-17	1.127751E-18
5.889393E+03	2.266857E-17	1.111613E-18
5.929393E+03	2.280570E-17	1.089666E-18
5.969393E+03	2.294078E-17	1.061751E-18
6.009393E+03	2.307481E-17	1.027703E-18
6.049393E+03	2.320813E-17	9.873779E-19
6.089393E+03	2.334042E-17	9.406953E-19
6.129393E+03	2.347086E-17	8.877228E-19
6.169393E+03	2.359822E-17	8.288043E-19
6.209393E+03	2.372103E-17	7.647623E-19
6.249393E+03	2.383785E-17	6.972075E-19
6.289393E+03	2.394745E-17	6.290024E-19
6.329393E+03	2.404904E-17	5.648914E-19
6.369393E+03	2.414249E-17	5.120639E-19
6.409393E+03	2.422840E-17	4.796179E-19
6.449393E+03	2.430800E-17	4.749709E-19
6.489393E+03	2.438262E-17	4.977899E-19
6.529393E+03	2.445363E-17	5.397777E-19
6.569393E+03	2.452278E-17	5.910163E-19
6.609393E+03	2.459226E-17	6.439043E-19
6.649393E+03	2.466459E-17	6.937047E-19
6.689393E+03	2.474240E-17	7.378681E-19
6.729393E+03	2.482819E-17	7.752920E-19
6.769393E+03	2.492415E-17	8.057783E-19
6.809393E+03	2.503194E-17	8.296693E-19
6.849393E+03	2.515260E-17	8.476128E-19
6.889393E+03	2.528636E-17	8.604111E-19
6.929393E+03	2.543270E-17	8.689273E-19
6.969393E+03	2.559036E-17	8.740222E-19
7.009393E+03	2.575747E-17	8.765049E-19
7.049393E+03	2.593181E-17	8.770862E-19
7.089393E+03	2.611108E-17	8.763354E-19
7.129393E+03	2.629326E-17	8.746472E-19
7.169393E+03	2.647697E-17	8.722304E-19
7.209393E+03	2.666183E-17	8.691205E-19
7.249393E+03	2.684889E-17	8.652096E-19
7.289393E+03	2.704091E-17	8.602788E-19
7.329393E+03	2.724274E-17	8.540146E-19
7.369393E+03	2.746153E-17	8.460030E-19
7.409393E+03	2.770681E-17	8.357071E-19
7.449393E+03	2.799022E-17	8.224446E-19
7.489393E+03	2.832491E-17	8.053925E-19
7.529393E+03	2.872425E-17	7.836350E-19
7.569393E+03	2.919991E-17	7.562782E-19
7.609393E+03	2.975918E-17	7.226684E-19
7.649393E+03	3.040187E-17	6.827961E-19
7.689393E+03	3.111681E-17	6.380158E-19
7.729393E+03	3.187944E-17	5.922593E-19
7.769393E+03	3.265382E-17	5.536483E-19
7.809393E+03	3.339736E-17	5.346905E-19
7.849393E+03	3.406758E-17	5.469578E-19
7.889393E+03	3.463181E-17	5.900884E-19
7.929393E+03	3.507102E-17	6.521145E-19
7.969393E+03	3.537776E-17	7.198731E-19
8.009393E+03	3.555465E-17	7.840779E-19
8.049393E+03	3.561235E-17	8.396392E-19
8.089393E+03	3.556725E-17	8.845589E-19
8.129393E+03	3.543921E-17	9.187896E-19
8.169393E+03	3.524955E-17	9.433545E-19
8.209393E+03	3.501946E-17	9.597441E-19
8.249393E+03	3.476891E-17	9.695549E-19
8.289393E+03	3.451585E-17	9.743180E-19
8.329393E+03	3.427573E-17	9.754475E-19
8.369393E+03	3.406126E-17	9.742367E-19
8.409393E+03	3.388224E-17	9.718457E-19
8.449393E+03	3.374569E-17	9.692524E-19
8.489393E+03	3.365596E-17	9.671729E-19
8.529393E+03	3.361511E-17	9.659785E-19
8.569393E+03	3.362318E-17	9.656434E-19
8.609393E+03	3.367868E-17	9.657462E-19
8.649393E+03	3.377890E-17	9.655204E-19
8.689393E+03	3.392031E-17	9.639345E-19
8.729393E+03	3.409883E-17	9.597707E-19
8.769393E+03	3.431005E-17	9.516843E-19
8.809393E+03	3.454937E-17	9.382416E-19
8.849393E+03	3.481200E-17	9.179533E-19
8.889393E+03	3.509289E-17	8.893328E-19
8.929393E+03	3.538653E-17	8.510366E-19
8.969393E+03	3.568673E-17	8.021699E-19
9.009393E+03	3.598641E-17	7.428873E-19
9.049393E+03	3.627752E-17	6.754826E-19
9.089393E+03	3.655115E-17	6.062187E-19
9.129393E+03	3.679800E-17	5.477407E-19
9.169393E+03	3.700948E-17	5.192698E-19
9.209393E+03	3.717978E-17	5.364038E-19
9.249393E+03	3.730892E-17	5.936436E-19
9.289393E+03	3.740139E-17	6.716194E-19
9.329393E+03	3.746323E-17	7.533028E-19
9.369393E+03	3.750063E-17	8.280179E-19
9.409393E+03	3.751922E-17	8.899053E-19
9.449393E+03	3.752390E-17	9.360324E-19
9.489393E+03	3.751896E-17	9.651248E-19
9.529393E+03	3.750840E-17	9.767851E-19
9.569393E+03	3.749628E-17	9.710234E-19
9.609393E+03	3.748708E-17	9.480208E-19
9.649393E+03	3.748601E-17	9.081081E-19
9.689393E+03	3.749922E-17	8.519897E-19
9.729393E+03	3.753394E-17	7.813000E-19
9.769393E+03	3.759840E-17	6.996989E-19
9.809393E+03	3.770158E-17	6.149219E-19
9.849393E+03	3.785263E-17	5.420780E-19
9.889393E+03	3.806005E-17	5.054170E-19
9.929393E+03	3.833056E-17	5.264710E-19
9.969393E+03	3.866780E-17	5.996138E-19
1.000939E+04	3.907230E-17	7.011249E-19
1.004939E+04	3.954202E-17	8.111143E-19
1.008939E+04	4.007274E-17	9.177040E-19
1.012939E+04	4.065822E-17	1.014476E-18
1.016939E+04	4.129024E-17	1.098253E-18
1.020939E+04	4.195864E-17	1.167940E-18
1.024939E+04	4.265141E-17	1.223973E-18
1.028939E+04	4.335506E-17	1.268029E-18
1.032939E+04	4.405539E-17	1.302789E-18
1.036939E+04	4.473881E-17	1.331627E-18
1.040939E+04	4.539386E-17	1.358169E-18
1.044939E+04	4.601254E-17	1.385786E-18
1.048939E+04	4.659111E-17	1.417138E-18
1.052939E+04	4.712993E-17	1.453905E-18
1.056939E+04	4.763268E-17	1.496766E-18
1.060939E+04	4.810513E-17	1.545557E-18
1.064939E+04	4.855398E-17	1.599517E-18
1.068939E+04	4.898602E-17	1.657510E-18
1.072939E+04	4.940753E-17	1.718205E-18
1.076939E+04	4.982404E-17	1.780210E-18
1.080939E+04	5.024022E-17	1.842150E-18
1.084939E+04	5.065980E-17	1.902701E-18
1.088939E+04	5.108556E-17	1.960585E-18
1.092939E+04	5.151922E-17	2.014522E-18
1.096939E+04	5.196134E-17	2.063160E-18
1.100939E+04	5.241117E-17	2.105003E-18
1.104939E+04	5.286645E-17	2.138349E-18
1.108939E+04	5.332330E-17	2.161269E-18
1.112939E+04	5.377619E-17	2.171635E-18
1.116939E+04	5.421799E-17	2.167223E-18
1.120939E+04	5.464015E-17	2.145872E-18
1.124939E+04	5.503296E-17	2.105696E-18
1.128939E+04	5.538574E-17	2.045338E-18
1.132939E+04	5.568720E-17	1.964260E-18
1.136939E+04	5.592560E-17	1.863109E-18
1.140939E+04	5.608910E-17	1.744182E-18
1.144939E+04	5.616593E-17	1.612065E-18
1.148939E+04	5.614475E-17	1.474475E-18
1.152939E+04	5.601504E-17	1.343185E-18
1.156939E+04	5.576781E-17	1.234302E-18
1.160939E+04	5.539671E-17	1.165870E-18
1.164939E+04	5.490059E-17	1.150028E-18
1.168939E+04	5.428823E-17	1.182270E-18
1.172939E+04	5.357645E-17	1.244952E-18
1.176939E+04	5.278491E-17	1.319350E-18
1.180939E+04	5.193372E-17	1.391554E-18
1.184939E+04	5.104210E-17	1.453085E-18
1.188939E+04	5.012759E-17	1.499547E-18
1.192939E+04	4.920550E-17	1.529125E-18
1.196939E+04	4.828856E-17	1.541466E-18
1.200939E+04	4.738675E-17	1.536943E-18
1.204939E+04	4.650731E-17	1.516237E-18
1.208939E+04	4.565477E-17	1.480146E-18
1.212939E+04	4.483116E-17	1.429558E-18
1.216939E+04	4.403630E-17	1.365565E-18
1.220939E+04	4.326820E-17	1.289691E-18
1.224939E+04	4.252351E-17	1.204252E-18
1.228939E+04	4.179803E-17	1.112893E-18
1.232939E+04	4.108717E-17	1.021307E-18
1.236939E+04	4.038653E-17	9.379991E-19
1.240939E+04	3.969231E-17	8.744658E-19
1.244939E+04	3.900185E-17	8.431798E-19
1.248939E+04	3.831437E-17	8.516835E-19
1.252939E+04	3.763195E-17	8.958443E-19
1.256939E+04	3.695891E-17	9.635646E-19
1.260939E+04	3.630055E-17	1.042463E-18
1.264939E+04	3.566259E-17	1.123234E-18
1.268939E+04	3.505082E-17	1.199945E-18
1.272939E+04	3.447078E-17	1.269302E-18
1.276939E+04	3.392766E-17	1.329852E-18
1.280939E+04	3.342618E-17	1.381376E-18
1.284939E+04	3.297054E-17	1.424466E-18
1.288939E+04	3.256439E-17	1.460218E-18
1.292939E+04	3.221081E-17	1.490023E-18
1.296939E+04	3.191228E-17	1.515414E-18
1.300939E+04	3.167066E-17	1.537966E-18
1.304939E+04	3.148719E-17	1.559226E-18
1.308939E+04	3.136243E-17	1.580668E-18
1.312939E+04	3.129629E-17	1.603658E-18
1.316939E+04	3.128794E-17	1.629410E-18
1.320939E+04	3.133580E-17	1.658950E-18
1.324939E+04	3.143752E-17	1.693062E-18
1.328939E+04	3.158993E-17	1.732243E-18
1.332939E+04	3.178909E-17	1.776671E-18
1.336939E+04	3.203026E-17	1.826188E-18
1.340939E+04	3.230800E-17	1.880300E-18
1.344939E+04	3.261614E-17	1.938204E-18
1.348939E+04	3.294790E-17	1.998830E-18
1.352939E+04	3.329598E-17	2.060906E-18
1.356939E+04	3.365268E-17	2.123031E-18
1.360939E+04	3.401017E-17	2.183748E-18
1.364939E+04	3.436062E-17	2.241613E-18
1.368939E+04	3.469643E-17	2.295257E-18
1.372939E+04	3.501043E-17	2.343431E-18
1.376939E+04	3.529600E-17	2.385044E-18
1.380939E+04	3.554722E-17	2.419188E-18
1.384939E+04	3.575895E-17	2.445156E-18
1.388939E+04	3.592691E-17	2.462459E-18
1.392939E+04	3.604777E-17	2.470826E-18
1.396939E+04	3.611924E-17	2.470206E-18
1.400939E+04	3.614008E-17	2.460767E-18
1.404939E+04	3.611015E-17	2.442883E-18
1.408939E+04	3.603037E-17	2.417125E-18
1.412939E+04	3.590262E-17	2.384230E-18
1.416939E+04	3.572965E-17	2.345077E-18
1.420939E+04	3.551494E-17	2.300642E-18
1.424939E+04	3.526259E-17	2.251960E-18
1.428939E+04	3.497720E-17	2.200080E-18
1.432939E+04	3.466378E-17	2.146021E-18
1.436939E+04	3.432763E-17	2.090736E-18
1.440939E+04	3.397429E-17	2.035075E-18
1.444939E+04	3.360942E-17	1.979759E-18
1.448939E+04	3.323875E-17	1.925351E-18
1.452939E+04	3.286794E-17	1.872249E-18
1.456939E+04	3.250255E-17	1.820675E-18
1.460939E+04	3.214788E-17	1.770673E-18
1.464939E+04	3.180890E-17	1.722121E-18
1.468939E+04	3.149012E-17	1.674742E-18
1.472939E+04	3.119557E-17	1.628131E-18
1.476939E+04	3.092865E-17	1.581787E-18
1.480939E+04	3.069220E-17	1.535143E-18
1.484939E+04	3.048841E-17	1.487596E-18
1.488939E+04	3.031884E-17	1.438528E-18
1.492939E+04	3.018446E-17	1.387333E-18
1.496939E+04	3.008564E-17	1.333439E-18
1.500939E+04	3.002224E-17	1.276345E-18
1.504939E+04	2.999371E-17	1.215687E-18
1.508939E+04	2.999916E-17	1.151331E-18
1.512939E+04	3.003751E-17	1.083531E-18
1.516939E+04	3.010764E-17	1.013145E-18
1.520939E+04	3.020848E-17	9.419428E-19
1.524939E+04	3.033912E-17	8.730219E-19
1.528939E+04	3.049895E-17	8.112446E-19
1.532939E+04	3.068756E-17	7.634122E-19
1.536939E+04	3.090462E-17	7.374328E-19
1.540939E+04	3.114924E-17	7.395458E-19
1.544939E+04	3.141824E-17	7.698095E-19
1.548939E+04	3.170577E-17	8.216059E-19
1.552939E+04	3.200483E-17	8.861065E-19
1.556939E+04	3.230790E-17	9.552985E-19
1.560939E+04	3.260724E-17	1.022968E-18
1.564939E+04	3.289502E-17	1.084617E-18
1.568939E+04	3.316346E-17	1.137076E-18
1.572939E+04	3.340502E-17	1.178154E-18
1.576939E+04	3.361248E-17	1.206386E-18
1.580939E+04	3.377919E-17	1.220883E-18
1.584939E+04	3.389921E-17	1.221246E-18
1.588939E+04	3.396743E-17	1.207552E-18
1.592939E+04	3.397972E-17	1.180372E-18
1.596939E+04	3.393306E-17	1.140858E-18
1.600939E+04	3.382561E-17	1.090884E-18
1.604939E+04	3.365690E-17	1.033262E-18
1.608939E+04	3.342783E-17	9.720166E-19
1.612939E+04	3.314079E-17	9.126478E-19
1.616939E+04	3.279956E-17	8.621370E-19
1.620939E+04	3.240918E-17	8.281950E-19
1.624939E+04	3.197561E-17	8.171529E-19
1.628939E+04	3.150523E-17	8.304276E-19
1.632939E+04	3.100438E-17	8.632320E-19
1.636939E+04	3.047943E-17	9.082078E-19
1.640939E+04	2.993669E-17	9.584361E-19
1.644939E+04	2.938225E-17	1.008669E-18
1.648939E+04	2.882188E-17	1.055447E-18
1.652939E+04	2.826083E-17	1.096777E-18
1.656939E+04	2.770385E-17	1.131729E-18
1.660939E+04	2.715504E-17	1.160091E-18
1.664939E+04	2.661790E-17	1.182113E-18
1.668939E+04	2.609525E-17	1.198313E-18
1.672939E+04	2.558933E-17	1.209357E-18
1.676939E+04	2.510179E-17	1.215968E-18
1.680939E+04	2.463383E-17	1.218871E-18
1.684939E+04	2.418620E-17	1.218758E-18
1.688939E+04	2.375939E-17	1.216263E-18
1.692939E+04	2.335362E-17	1.211953E-18
1.696939E+04	2.296900E-17	1.206321E-18
1.700939E+04	2.260552E-17	1.199790E-18
1.704939E+04	2.226319E-17	1.192714E-18
1.708939E+04	2.194204E-17	1.185395E-18
1.712939E+04	2.164215E-17	1.178082E-18
1.716939E+04	2.136374E-17	1.170987E-18
1.720939E+04	2.110715E-17	1.164292E-18
1.724939E+04	2.087283E-17	1.158161E-18
1.728939E+04	2.066139E-17	1.152745E-18
1.732939E+04	2.047353E-17	1.148195E-18
1.736939E+04	2.031011E-17	1.144673E-18
1.740939E+04	2.017208E-17	1.142355E-18
1.744939E+04	2.006054E-17	1.141439E-18
1.748939E+04	1.997667E-17	1.142154E-18
1.752939E+04	1.992183E-17	1.144753E-18
1.756939E+04	1.989744E-17	1.149521E-18
1.760939E+04	1.990506E-17	1.156772E-18
1.764939E+04	1.994632E-17	1.166847E-18
1.768939E+04	2.002287E-17	1.180113E-18
1.772939E+04	2.013636E-17	1.196959E-18
1.776939E+04	2.028835E-17	1.217790E-18
1.780939E+04	2.048028E-17	1.243019E-18
1.784939E+04	2.071335E-17	1.273050E-18
1.788939E+04	2.098843E-17	1.308261E-18
1.792939E+04	2.130597E-17	1.348978E-18
1.796939E+04	2.166585E-17	1.395450E-18
1.800939E+04	2.206731E-17	1.447811E-18
1.804939E+04	2.250876E-17	1.506057E-18
1.808939E+04	2.298775E-17	1.570019E-18
1.812939E+04	2.350081E-17	1.639345E-18
1.816939E+04	2.404349E-17	1.713492E-18
1.820939E+04	2.461024E-17	1.791721E-18
1.824939E+04	2.519451E-17	1.873113E-18
1.828939E+04	2.578883E-17	1.956576E-18
1.832939E+04	2.638495E-17	2.040881E-18
1.836939E+04	2.697409E-17	2.124690E-18
1.840939E+04	2.754724E-17	2.206603E-18
1.844939E+04	2.809543E-17	2.285205E-18
1.848939E+04	2.861005E-17	2.359117E-18
1.852939E+04	2.908313E-17	2.427038E-18
1.856939E+04	2.950753E-17	2.487795E-18
1.860939E+04	2.987718E-17	2.540376E-18
1.864939E+04	3.018721E-17	2.583962E-18
1.868939E+04	3.043407E-17	2.617952E-18
1.872939E+04	3.061562E-17	2.641975E-18
1.876939E+04	3.073116E-17	2.655900E-18
1.880939E+04	3.078132E-17	2.659820E-18
1.884939E+04	3.076800E-17	2.654039E-18
1.888939E+04	3.069418E-17	2.639039E-18
1.892939E+04	3.056370E-17	2.615447E-18
1.896939E+04	3.038108E-17	2.583998E-18
1.900939E+04	3.015134E-17	2.545504E-18
1.904939E+04	2.987983E-17	2.500836E-18
1.908939E+04	2.957213E-17	2.450905E-18
1.912939E+04	2.923396E-17	2.396654E-18
1.916939E+04	2.887107E-17	2.339051E-18
1.920939E+04	2.848920E-17	2.279073E-18
1.924939E+04	2.809401E-17	2.217692E-18
1.928939E+04	2.769097E-17	2.155853E-18
1.932939E+04	2.728529E-17	2.094445E-18
1.936939E+04	2.688178E-17	2.034270E-18
1.940939E+04	2.648478E-17	1.976020E-18
1.944939E+04	2.609803E-17	1.920260E-18
1.948939E+04	2.572465E-17	1.867419E-18
1.952939E+04	2.536713E-17	1.817805E-18
1.956939E+04	2.502732E-17	1.771619E-18
1.960939E+04	2.470653E-17	1.728974E-18
1.964939E+04	2.440554E-17	1.689918E-18
1.968939E+04	2.412467E-17	1.654439E-18
1.972939E+04	2.386385E-17	1.622472E-18
1.976939E+04	2.362261E-17	1.593900E-18
1.980939E+04	2.340018E-17	1.568544E-18
1.984939E+04	2.319546E-17	1.546161E-18
1.988939E+04	2.300709E-17	1.526448E-18
1.992939E+04	2.283346E-17	1.509048E-18
1.996939E+04	2.267276E-17	1.493568E-18
2.000939E+04	2.252301E-17	1.479596E-18
2.004939E+04	2.238214E-17	1.466730E-18
2.008939E+04	2.224799E-17	1.454599E-18
2.012939E+04	2.211839E-17	1.442881E-18
2.016939E+04	2.199121E-17	1.431312E-18
2.020939E+04	2.186436E-17	1.419688E-18
2.024939E+04	2.173586E-17	1.407862E-18
2.028939E+04	2.160385E-17	1.395724E-18
2.032939E+04	2.146664E-17	1.383192E-18
2.036939E+04	2.132275E-17	1.370192E-18
2.040939E+04	2.117087E-17	1.356653E-18
2.044939E+04	2.100996E-17	1.342497E-18
2.048939E+04	2.083920E-17	1.327640E-18
2.052939E+04	2.065804E-17	1.312001E-18
2.056939E+04	2.046617E-17	1.295503E-18
2.060939E+04	2.026352E-17	1.278089E-18
2.064939E+04	2.005028E-17	1.259719E-18
2.068939E+04	1.982683E-17	1.240378E-18
2.072939E+04	1.959378E-17	1.220073E-18
2.076939E+04	1.935193E-17	1.198825E-18
2.080939E+04	1.910225E-17	1.176670E-18
2.084939E+04	1.884590E-17	1.153651E-18
2.088939E+04	1.858418E-17	1.129818E-18
2.092939E+04	1.831855E-17	1.105231E-18
2.096939E+04	1.805060E-17	1.079965E-18
2.100939E+04	1.778203E-17	1.054122E-18
2.104939E+04	1.751468E-17	1.027840E-18
2.108939E+04	1.725045E-17	1.001306E-18
2.112939E+04	1.699131E-17	9.747660E-19
2.116939E+04	1.673926E-17	9.485335E-19
2.120939E+04	1.649626E-17	9.229897E-19
2.124939E+04	1.626425E-17	8.985812E-19
2.128939E+04	1.604505E-17	8.758093E-19
2.132939E+04	1.584039E-17	8.552119E-19
2.136939E+04	1.565184E-17	8.373354E-19
2.140939E+04	1.548080E-17	8.226955E-19
2.144939E+04	1.532835E-17	8.117240E-19
2.148939E+04	1.519507E-17	8.046948E-19
2.152939E+04	1.508056E-17	8.015991E-19
2.156939E+04	1.498323E-17	8.020926E-19
2.160939E+04	1.490087E-17	8.056478E-19
2.164939E+04	1.483103E-17	8.116647E-19
2.168939E+04	1.477122E-17	8.195361E-19
2.172939E+04	1.471899E-17	8.286893E-19
2.176939E+04	1.467201E-17	8.386112E-19
2.180939E+04	1.462812E-17	8.488601E-19
2.184939E+04	1.458534E-17	8.590693E-19
2.188939E+04	1.454191E-17	8.689450E-19
2.192939E+04	1.449628E-17	8.782611E-19
2.196939E+04	1.444714E-17	8.868520E-19
2.200939E+04	1.439342E-17	8.946049E-19
2.204939E+04	1.433428E-17	9.014523E-19
2.208939E+04	1.426911E-17	9.073638E-19
2.212939E+04	1.419758E-17	9.123391E-19
2.216939E+04	1.411955E-17	9.164014E-19
2.220939E+04	1.403513E-17	9.195912E-19
2.224939E+04	1.394463E-17	9.219621E-19
2.228939E+04	1.384852E-17	9.235765E-19
2.232939E+04	1.374744E-17	9.245025E-19
2.236939E+04	1.364213E-17	9.248115E-19
2.240939E+04	1.353344E-17	9.245761E-19
2.244939E+04	1.342228E-17	9.238677E-19
2.248939E+04	1.330956E-17	9.227554E-19
2.252939E+04	1.319622E-17	9.213045E-19
2.256939E+04	1.308314E-17	9.195766E-19
2.260939E+04	1.297118E-17	9.176303E-19
2.264939E+04	1.286110E-17	9.155228E-19
2.268939E+04	1.275360E-17	9.133127E-19
2.272939E+04	1.264934E-17	9.110620E-19
2.276939E+04	1.254887E-17	9.088381E-19
2.280939E+04	1.245270E-17	9.067144E-19
2.284939E+04	1.236131E-17	9.047690E-19
2.288939E+04	1.227510E-17	9.030819E-19
2.292939E+04	1.219443E-17	9.017312E-19
2.296939E+04	1.211965E-17	9.007897E-19
2.300939E+04	1.205106E-17	9.003218E-19
2.304939E+04	1.198894E-17	9.003815E-19
2.308939E+04	1.193357E-17	9.010123E-19
2.312939E+04	1.188518E-17	9.022481E-19
2.316939E+04	1.184400E-17	9.041147E-19
2.320939E+04	1.181024E-17	9.066324E-19
2.324939E+04	1.178405E-17	9.098177E-19
2.328939E+04	1.176559E-17	9.136853E-19
2.332939E+04	1.175496E-17	9.182492E-19
2.336939E+04	1.175225E-17	9.235235E-19
2.340939E+04	1.175753E-17	9.295244E-19
2.344939E+04	1.177084E-17	9.362711E-19
2.348939E+04	1.179224E-17	9.437891E-19
2.352939E+04	1.182173E-17	9.521130E-19
2.356939E+04	1.185936E-17	9.612901E-19
2.360939E+04	1.190512E-17	9.713849E-19
2.364939E+04	1.195904E-17	9.824828E-19
2.368939E+04	1.202113E-17	9.946943E-19
2.372939E+04	1.209135E-17	1.008160E-18
2.376939E+04	1.216970E-17	1.023054E-18
2.380939E+04	1.225611E-17	1.039588E-18
2.384939E+04	1.235051E-17	1.058020E-18
2.388939E+04	1.245279E-17	1.078649E-18
2.392939E+04	1.256280E-17	1.101824E-18
2.396939E+04	1.268038E-17	1.127942E-18
2.400939E+04	1.280534E-17	1.157443E-18
2.404939E+04	1.293746E-17	1.190811E-18
2.408939E+04	1.307652E-17	1.228556E-18
2.412939E+04	1.322226E-17	1.271211E-18
2.416939E+04	1.337440E-17	1.319315E-18
2.420939E+04	1.353266E-17	1.373397E-18
2.424939E+04	1.369673E-17	1.433956E-18
2.428939E+04	1.386625E-17	1.501449E-18
2.432939E+04	1.404087E-17	1.576268E-18
2.436939E+04	1.422019E-17	1.658732E-18
2.440939E+04	1.440376E-17	1.749073E-18
2.444939E+04	1.459114E-17	1.847436E-18
2.448939E+04	1.478186E-17	1.953881E-18
