#wls	flux	fluxerr
1.600000E+03	4.114081E-18	4.027101E-18
1.640000E+03	4.224424E-18	4.085209E-18
1.680000E+03	4.342072E-18	4.146339E-18
1.720000E+03	4.468010E-18	4.211025E-18
1.760000E+03	4.601926E-18	4.278530E-18
1.800000E+03	4.744719E-18	4.349229E-18
1.840000E+03	4.896408E-18	4.422634E-18
1.880000E+03	5.057783E-18	4.498928E-18
1.920000E+03	5.229159E-18	4.577812E-18
1.960000E+03	5.410780E-18	4.658893E-18
2.000000E+03	5.602013E-18	4.740998E-18
2.040000E+03	5.802966E-18	4.823594E-18
2.080000E+03	6.013267E-18	4.905726E-18
2.120000E+03	6.231279E-18	4.985440E-18
2.160000E+03	6.455322E-18	5.060836E-18
2.200000E+03	6.682515E-18	5.129191E-18
2.240000E+03	6.909598E-18	5.187688E-18
2.280000E+03	7.134868E-18	5.234875E-18
2.320000E+03	7.357353E-18	5.269954E-18
2.360000E+03	7.579749E-18	5.294774E-18
2.400000E+03	7.804146E-18	5.310596E-18
2.440000E+03	8.032039E-18	5.318151E-18
2.480000E+03	8.265396E-18	5.318378E-18
2.520000E+03	8.504840E-18	5.311246E-18
2.560000E+03	8.750059E-18	5.296127E-18
2.600000E+03	9.001553E-18	5.272913E-18
2.640000E+03	9.257875E-18	5.240389E-18
2.680000E+03	9.518075E-18	5.197758E-18
2.720000E+03	9.779729E-18	5.143570E-18
2.760000E+03	1.004127E-17	5.077065E-18
2.800000E+03	1.029977E-17	4.997022E-18
2.840000E+03	1.055291E-17	4.902820E-18
2.880000E+03	1.079863E-17	4.794249E-18
2.920000E+03	1.103540E-17	4.671611E-18
2.960000E+03	1.126246E-17	4.535772E-18
3.000000E+03	1.147973E-17	4.388072E-18
3.010000E+03	1.153243E-17	4.349441E-18
3.020000E+03	1.158465E-17	4.310239E-18
3.030000E+03	1.163608E-17	4.270377E-18
3.040000E+03	1.168717E-17	4.230053E-18
3.050000E+03	1.173762E-17	4.189180E-18
3.060000E+03	1.178737E-17	4.147770E-18
3.070000E+03	1.183637E-17	4.105837E-18
3.080000E+03	1.188507E-17	4.063566E-18
3.090000E+03	1.193292E-17	4.020801E-18
3.100000E+03	1.198036E-17	3.977722E-18
3.110000E+03	1.202708E-17	3.934264E-18
3.120000E+03	1.207327E-17	3.890525E-18
3.130000E+03	1.211888E-17	3.846522E-18
3.140000E+03	1.216386E-17	3.802275E-18
3.150000E+03	1.220815E-17	3.757808E-18
3.160000E+03	1.225192E-17	3.713215E-18
3.170000E+03	1.229490E-17	3.668453E-18
3.180000E+03	1.233727E-17	3.623619E-18
3.190000E+03	1.237896E-17	3.578740E-18
3.200000E+03	1.241994E-17	3.533848E-18
3.210000E+03	1.246037E-17	3.489038E-18
3.220000E+03	1.249977E-17	3.444224E-18
3.230000E+03	1.253874E-17	3.399622E-18
3.240000E+03	1.257659E-17	3.355095E-18
3.250000E+03	1.261393E-17	3.310856E-18
3.260000E+03	1.265028E-17	3.266834E-18
3.270000E+03	1.268583E-17	3.223129E-18
3.280000E+03	1.272055E-17	3.179784E-18
3.290000E+03	1.275419E-17	3.136797E-18
3.300000E+03	1.278715E-17	3.094313E-18
3.310000E+03	1.281899E-17	3.052283E-18
3.320000E+03	1.284972E-17	3.010759E-18
3.330000E+03	1.287971E-17	2.969878E-18
3.340000E+03	1.290858E-17	2.929600E-18
3.350000E+03	1.293634E-17	2.889973E-18
3.360000E+03	1.296299E-17	2.851046E-18
3.370000E+03	1.298875E-17	2.812904E-18
3.380000E+03	1.301327E-17	2.775512E-18
3.390000E+03	1.303660E-17	2.738915E-18
3.400000E+03	1.305896E-17	2.703192E-18
3.410000E+03	1.308021E-17	2.668342E-18
3.420000E+03	1.310041E-17	2.634403E-18
3.430000E+03	1.311930E-17	2.601339E-18
3.440000E+03	1.313711E-17	2.569217E-18
3.450000E+03	1.315393E-17	2.538066E-18
3.460000E+03	1.316952E-17	2.507846E-18
3.470000E+03	1.318399E-17	2.478584E-18
3.480000E+03	1.319727E-17	2.450269E-18
3.490000E+03	1.320965E-17	2.422951E-18
3.500000E+03	1.322079E-17	2.396558E-18
3.510000E+03	1.323096E-17	2.371133E-18
3.520000E+03	1.324001E-17	2.346632E-18
3.530000E+03	1.324794E-17	2.323039E-18
3.540000E+03	1.325475E-17	2.300337E-18
3.550000E+03	1.326033E-17	2.278481E-18
3.560000E+03	1.326484E-17	2.257478E-18
3.570000E+03	1.326804E-17	2.237259E-18
3.580000E+03	1.326998E-17	2.217803E-18
3.590000E+03	1.327086E-17	2.199115E-18
3.600000E+03	1.327058E-17	2.181148E-18
3.610000E+03	1.326922E-17	2.163880E-18
3.620000E+03	1.326671E-17	2.147267E-18
3.630000E+03	1.326299E-17	2.131264E-18
3.640000E+03	1.325815E-17	2.115849E-18
3.650000E+03	1.325200E-17	2.100959E-18
3.660000E+03	1.324477E-17	2.086593E-18
3.670000E+03	1.323628E-17	2.072688E-18
3.680000E+03	1.322664E-17	2.059225E-18
3.690000E+03	1.321606E-17	2.046201E-18
3.700000E+03	1.320437E-17	2.033556E-18
3.710000E+03	1.319167E-17	2.021270E-18
3.720000E+03	1.317828E-17	2.009360E-18
3.730000E+03	1.316417E-17	1.997785E-18
3.740000E+03	1.314940E-17	1.986524E-18
3.750000E+03	1.313428E-17	1.975591E-18
3.760000E+03	1.311875E-17	1.964948E-18
3.770000E+03	1.310298E-17	1.954590E-18
3.780000E+03	1.308726E-17	1.944531E-18
3.790000E+03	1.307163E-17	1.934749E-18
3.800000E+03	1.305622E-17	1.925239E-18
3.810000E+03	1.304119E-17	1.915996E-18
3.820000E+03	1.302665E-17	1.907016E-18
3.830000E+03	1.301286E-17	1.898309E-18
3.840000E+03	1.299980E-17	1.889854E-18
3.850000E+03	1.298769E-17	1.881662E-18
3.860000E+03	1.297675E-17	1.873742E-18
3.870000E+03	1.296695E-17	1.866073E-18
3.880000E+03	1.295838E-17	1.858647E-18
3.890000E+03	1.295131E-17	1.851491E-18
3.900000E+03	1.294583E-17	1.844595E-18
3.910000E+03	1.294186E-17	1.837939E-18
3.920000E+03	1.293969E-17	1.831544E-18
3.930000E+03	1.293944E-17	1.825418E-18
3.940000E+03	1.294095E-17	1.819521E-18
3.950000E+03	1.294445E-17	1.813875E-18
3.960000E+03	1.295007E-17	1.808486E-18
3.970000E+03	1.295780E-17	1.803344E-18
3.980000E+03	1.296757E-17	1.798425E-18
3.990000E+03	1.297967E-17	1.793761E-18
4.000000E+03	1.299401E-17	1.789327E-18
4.010000E+03	1.301057E-17	1.785113E-18
4.020000E+03	1.302954E-17	1.781137E-18
4.030000E+03	1.305080E-17	1.777371E-18
4.040000E+03	1.307453E-17	1.773834E-18
4.050000E+03	1.310051E-17	1.770486E-18
4.060000E+03	1.312900E-17	1.767355E-18
4.070000E+03	1.315989E-17	1.764418E-18
4.080000E+03	1.319313E-17	1.761660E-18
4.090000E+03	1.322889E-17	1.759098E-18
4.100000E+03	1.326692E-17	1.756692E-18
4.110000E+03	1.330750E-17	1.754470E-18
4.120000E+03	1.335037E-17	1.752393E-18
4.130000E+03	1.339559E-17	1.750460E-18
4.140000E+03	1.344322E-17	1.748673E-18
4.150000E+03	1.349310E-17	1.747003E-18
4.160000E+03	1.354528E-17	1.745451E-18
4.170000E+03	1.359971E-17	1.744002E-18
4.180000E+03	1.365622E-17	1.742628E-18
4.190000E+03	1.371496E-17	1.741341E-18
4.200000E+03	1.377565E-17	1.740098E-18
4.210000E+03	1.383845E-17	1.738911E-18
4.220000E+03	1.390307E-17	1.737737E-18
4.230000E+03	1.396954E-17	1.736571E-18
4.240000E+03	1.403779E-17	1.735399E-18
4.250000E+03	1.410751E-17	1.734176E-18
4.260000E+03	1.417885E-17	1.732912E-18
4.270000E+03	1.425160E-17	1.731576E-18
4.280000E+03	1.432557E-17	1.730138E-18
4.290000E+03	1.440053E-17	1.728565E-18
4.300000E+03	1.447650E-17	1.726854E-18
4.310000E+03	1.455337E-17	1.724986E-18
4.320000E+03	1.463068E-17	1.722902E-18
4.330000E+03	1.470855E-17	1.720610E-18
4.340000E+03	1.478649E-17	1.718049E-18
4.350000E+03	1.486461E-17	1.715228E-18
4.360000E+03	1.494253E-17	1.712098E-18
4.370000E+03	1.502025E-17	1.708653E-18
4.380000E+03	1.509773E-17	1.704886E-18
4.390000E+03	1.517497E-17	1.700790E-18
4.400000E+03	1.525195E-17	1.696357E-18
4.410000E+03	1.532880E-17	1.691594E-18
4.420000E+03	1.540563E-17	1.686508E-18
4.430000E+03	1.548244E-17	1.681091E-18
4.440000E+03	1.555939E-17	1.675352E-18
4.450000E+03	1.563636E-17	1.669269E-18
4.460000E+03	1.571364E-17	1.662868E-18
4.470000E+03	1.579112E-17	1.656130E-18
4.480000E+03	1.586885E-17	1.649054E-18
4.490000E+03	1.594687E-17	1.641639E-18
4.500000E+03	1.602524E-17	1.633889E-18
4.510000E+03	1.610403E-17	1.625809E-18
4.520000E+03	1.618330E-17	1.617407E-18
4.530000E+03	1.626287E-17	1.608668E-18
4.540000E+03	1.634310E-17	1.599636E-18
4.550000E+03	1.642382E-17	1.590304E-18
4.560000E+03	1.650513E-17	1.580700E-18
4.570000E+03	1.658702E-17	1.570841E-18
4.580000E+03	1.666979E-17	1.560780E-18
4.590000E+03	1.675343E-17	1.550548E-18
4.600000E+03	1.683781E-17	1.540171E-18
4.610000E+03	1.692344E-17	1.529735E-18
4.620000E+03	1.701019E-17	1.519283E-18
4.630000E+03	1.709815E-17	1.508878E-18
4.640000E+03	1.718769E-17	1.498618E-18
4.650000E+03	1.727907E-17	1.488597E-18
4.660000E+03	1.737210E-17	1.478880E-18
4.670000E+03	1.746737E-17	1.469604E-18
4.680000E+03	1.756503E-17	1.460875E-18
4.690000E+03	1.766522E-17	1.452808E-18
4.700000E+03	1.776828E-17	1.445534E-18
4.710000E+03	1.787436E-17	1.439177E-18
4.720000E+03	1.798380E-17	1.433875E-18
4.730000E+03	1.809643E-17	1.429720E-18
4.740000E+03	1.821256E-17	1.426842E-18
4.750000E+03	1.833250E-17	1.425355E-18
4.760000E+03	1.845581E-17	1.425304E-18
4.770000E+03	1.858293E-17	1.426778E-18
4.780000E+03	1.871369E-17	1.429799E-18
4.790000E+03	1.884790E-17	1.434358E-18
4.800000E+03	1.898583E-17	1.440454E-18
4.810000E+03	1.912683E-17	1.447991E-18
4.820000E+03	1.927127E-17	1.456926E-18
4.830000E+03	1.941840E-17	1.467113E-18
4.840000E+03	1.956834E-17	1.478457E-18
4.850000E+03	1.972043E-17	1.490795E-18
4.860000E+03	1.987477E-17	1.504015E-18
4.870000E+03	2.003066E-17	1.517944E-18
4.880000E+03	2.018795E-17	1.532451E-18
4.890000E+03	2.034631E-17	1.547398E-18
4.900000E+03	2.050519E-17	1.562632E-18
4.910000E+03	2.066425E-17	1.578024E-18
4.920000E+03	2.082311E-17	1.593452E-18
4.930000E+03	2.098165E-17	1.608817E-18
4.940000E+03	2.113908E-17	1.623980E-18
4.950000E+03	2.129549E-17	1.638874E-18
4.960000E+03	2.145011E-17	1.653376E-18
4.970000E+03	2.160280E-17	1.667417E-18
4.980000E+03	2.175302E-17	1.680904E-18
4.990000E+03	2.190045E-17	1.693768E-18
5.000000E+03	2.204475E-17	1.705946E-18
5.010000E+03	2.218584E-17	1.717397E-18
5.020000E+03	2.232296E-17	1.728039E-18
5.030000E+03	2.245604E-17	1.737845E-18
5.040000E+03	2.258457E-17	1.746761E-18
5.050000E+03	2.270849E-17	1.754773E-18
5.060000E+03	2.282732E-17	1.761838E-18
5.070000E+03	2.294056E-17	1.767921E-18
5.080000E+03	2.304821E-17	1.773023E-18
5.090000E+03	2.315004E-17	1.777138E-18
5.100000E+03	2.324561E-17	1.780245E-18
5.110000E+03	2.333452E-17	1.782329E-18
5.120000E+03	2.341705E-17	1.783435E-18
5.130000E+03	2.349259E-17	1.783539E-18
5.140000E+03	2.356104E-17	1.782663E-18
5.150000E+03	2.362229E-17	1.780832E-18
5.160000E+03	2.367627E-17	1.778077E-18
5.170000E+03	2.372271E-17	1.774418E-18
5.180000E+03	2.376182E-17	1.769915E-18
5.190000E+03	2.379314E-17	1.764583E-18
5.200000E+03	2.381693E-17	1.758493E-18
5.210000E+03	2.383279E-17	1.751670E-18
5.220000E+03	2.384127E-17	1.744213E-18
5.230000E+03	2.384199E-17	1.736154E-18
5.240000E+03	2.383533E-17	1.727581E-18
5.250000E+03	2.382096E-17	1.718530E-18
5.260000E+03	2.379927E-17	1.709091E-18
5.270000E+03	2.377045E-17	1.699332E-18
5.280000E+03	2.373421E-17	1.689289E-18
5.290000E+03	2.369076E-17	1.679023E-18
5.300000E+03	2.364051E-17	1.668611E-18
5.310000E+03	2.358345E-17	1.658088E-18
5.320000E+03	2.351952E-17	1.647482E-18
5.330000E+03	2.344893E-17	1.636830E-18
5.340000E+03	2.337188E-17	1.626166E-18
5.350000E+03	2.328857E-17	1.615512E-18
5.360000E+03	2.319897E-17	1.604870E-18
5.370000E+03	2.310353E-17	1.594271E-18
5.380000E+03	2.300226E-17	1.583706E-18
5.390000E+03	2.289563E-17	1.573196E-18
5.400000E+03	2.278369E-17	1.562728E-18
5.410000E+03	2.266718E-17	1.552335E-18
5.420000E+03	2.254666E-17	1.542032E-18
5.430000E+03	2.242226E-17	1.531802E-18
5.440000E+03	2.229501E-17	1.521693E-18
5.450000E+03	2.216532E-17	1.511703E-18
5.460000E+03	2.203274E-17	1.501775E-18
5.470000E+03	2.189839E-17	1.491956E-18
5.480000E+03	2.176231E-17	1.482219E-18
5.490000E+03	2.162458E-17	1.472541E-18
5.500000E+03	2.148550E-17	1.462913E-18
5.510000E+03	2.134520E-17	1.453314E-18
5.520000E+03	2.120381E-17	1.443724E-18
5.530000E+03	2.106193E-17	1.434157E-18
5.540000E+03	2.091972E-17	1.424595E-18
5.550000E+03	2.077801E-17	1.415071E-18
5.560000E+03	2.063741E-17	1.405600E-18
5.570000E+03	2.049832E-17	1.396189E-18
5.580000E+03	2.036156E-17	1.386872E-18
5.590000E+03	2.022772E-17	1.377670E-18
5.600000E+03	2.009740E-17	1.368606E-18
5.610000E+03	1.997134E-17	1.359716E-18
5.620000E+03	1.985008E-17	1.351023E-18
5.630000E+03	1.973412E-17	1.342548E-18
5.640000E+03	1.962412E-17	1.334326E-18
5.650000E+03	1.952047E-17	1.326374E-18
5.660000E+03	1.942375E-17	1.318722E-18
5.670000E+03	1.933427E-17	1.311385E-18
5.680000E+03	1.925230E-17	1.304373E-18
5.690000E+03	1.917826E-17	1.297708E-18
5.700000E+03	1.911234E-17	1.291396E-18
5.710000E+03	1.905468E-17	1.285440E-18
5.720000E+03	1.900558E-17	1.279854E-18
5.730000E+03	1.896513E-17	1.274638E-18
5.740000E+03	1.893358E-17	1.269804E-18
5.750000E+03	1.891077E-17	1.265333E-18
5.760000E+03	1.889712E-17	1.261250E-18
5.770000E+03	1.889242E-17	1.257535E-18
5.780000E+03	1.889668E-17	1.254181E-18
5.790000E+03	1.891027E-17	1.251209E-18
5.800000E+03	1.893280E-17	1.248584E-18
5.810000E+03	1.896462E-17	1.246323E-18
5.820000E+03	1.900573E-17	1.244416E-18
5.830000E+03	1.905611E-17	1.242850E-18
5.840000E+03	1.911552E-17	1.241599E-18
5.850000E+03	1.918435E-17	1.240673E-18
5.860000E+03	1.926238E-17	1.240041E-18
5.870000E+03	1.934978E-17	1.239697E-18
5.880000E+03	1.944652E-17	1.239620E-18
5.890000E+03	1.955236E-17	1.239773E-18
5.900000E+03	1.966745E-17	1.240145E-18
5.910000E+03	1.979195E-17	1.240722E-18
5.920000E+03	1.992535E-17	1.241452E-18
5.930000E+03	2.006778E-17	1.242319E-18
5.940000E+03	2.021912E-17	1.243296E-18
5.950000E+03	2.037945E-17	1.244368E-18
5.960000E+03	2.054817E-17	1.245480E-18
5.970000E+03	2.072553E-17	1.246631E-18
5.980000E+03	2.091086E-17	1.247766E-18
5.990000E+03	2.110413E-17	1.248872E-18
6.000000E+03	2.130504E-17	1.249922E-18
6.010000E+03	2.151302E-17	1.250875E-18
6.020000E+03	2.172792E-17	1.251721E-18
6.030000E+03	2.194882E-17	1.252404E-18
6.040000E+03	2.217572E-17	1.252930E-18
6.050000E+03	2.240732E-17	1.253232E-18
6.060000E+03	2.264350E-17	1.253320E-18
6.070000E+03	2.288307E-17	1.253148E-18
6.080000E+03	2.312552E-17	1.252720E-18
6.090000E+03	2.336948E-17	1.252003E-18
6.100000E+03	2.361403E-17	1.251005E-18
6.110000E+03	2.385788E-17	1.249730E-18
6.120000E+03	2.409996E-17	1.248214E-18
6.130000E+03	2.433852E-17	1.246481E-18
6.140000E+03	2.457203E-17	1.244589E-18
6.150000E+03	2.479919E-17	1.242635E-18
6.160000E+03	2.501837E-17	1.240721E-18
6.170000E+03	2.522726E-17	1.238939E-18
6.180000E+03	2.542447E-17	1.237444E-18
6.190000E+03	2.560831E-17	1.236389E-18
6.200000E+03	2.577748E-17	1.235941E-18
6.210000E+03	2.593111E-17	1.236279E-18
6.220000E+03	2.606846E-17	1.237565E-18
6.230000E+03	2.618935E-17	1.239942E-18
6.240000E+03	2.629450E-17	1.243542E-18
6.250000E+03	2.638401E-17	1.248365E-18
6.260000E+03	2.645799E-17	1.254307E-18
6.270000E+03	2.651817E-17	1.261282E-18
6.280000E+03	2.656545E-17	1.269120E-18
6.290000E+03	2.660019E-17	1.277599E-18
6.300000E+03	2.662461E-17	1.286572E-18
6.310000E+03	2.663891E-17	1.295795E-18
6.320000E+03	2.664512E-17	1.305119E-18
6.330000E+03	2.664386E-17	1.314348E-18
6.340000E+03	2.663646E-17	1.323339E-18
6.350000E+03	2.662391E-17	1.331959E-18
6.360000E+03	2.660713E-17	1.340102E-18
6.370000E+03	2.658705E-17	1.347687E-18
6.380000E+03	2.656414E-17	1.354637E-18
6.390000E+03	2.653887E-17	1.360900E-18
6.400000E+03	2.651237E-17	1.366482E-18
6.410000E+03	2.648459E-17	1.371348E-18
6.420000E+03	2.645659E-17	1.375538E-18
6.430000E+03	2.642858E-17	1.379067E-18
6.440000E+03	2.640114E-17	1.381979E-18
6.450000E+03	2.637515E-17	1.384347E-18
6.460000E+03	2.635186E-17	1.386273E-18
6.470000E+03	2.633170E-17	1.387822E-18
6.480000E+03	2.631545E-17	1.389081E-18
6.490000E+03	2.630386E-17	1.390139E-18
6.500000E+03	2.629683E-17	1.391042E-18
6.510000E+03	2.629545E-17	1.391896E-18
6.520000E+03	2.629997E-17	1.392763E-18
6.530000E+03	2.631018E-17	1.393677E-18
6.540000E+03	2.632710E-17	1.394733E-18
6.550000E+03	2.635049E-17	1.395956E-18
6.560000E+03	2.638007E-17	1.397363E-18
6.570000E+03	2.641679E-17	1.399031E-18
6.580000E+03	2.646034E-17	1.400965E-18
6.590000E+03	2.651078E-17	1.403186E-18
6.600000E+03	2.656861E-17	1.405732E-18
6.610000E+03	2.663301E-17	1.408567E-18
6.620000E+03	2.670398E-17	1.411695E-18
6.630000E+03	2.678239E-17	1.415162E-18
6.640000E+03	2.686734E-17	1.418920E-18
6.650000E+03	2.695879E-17	1.422964E-18
6.660000E+03	2.705711E-17	1.427314E-18
6.670000E+03	2.716179E-17	1.431940E-18
6.680000E+03	2.727274E-17	1.436839E-18
6.690000E+03	2.739034E-17	1.442034E-18
6.700000E+03	2.751354E-17	1.447477E-18
6.710000E+03	2.764223E-17	1.453171E-18
6.720000E+03	2.777728E-17	1.459171E-18
6.730000E+03	2.791762E-17	1.465433E-18
6.740000E+03	2.806317E-17	1.471963E-18
6.750000E+03	2.821432E-17	1.478791E-18
6.760000E+03	2.837054E-17	1.485893E-18
6.770000E+03	2.853174E-17	1.493266E-18
6.780000E+03	2.869788E-17	1.500900E-18
6.790000E+03	2.886892E-17	1.508781E-18
6.800000E+03	2.904429E-17	1.516858E-18
6.810000E+03	2.922447E-17	1.525127E-18
6.820000E+03	2.940941E-17	1.533552E-18
6.830000E+03	2.959852E-17	1.542061E-18
6.840000E+03	2.979227E-17	1.550636E-18
6.850000E+03	2.999001E-17	1.559200E-18
6.860000E+03	3.019161E-17	1.567704E-18
6.870000E+03	3.039693E-17	1.576102E-18
6.880000E+03	3.060521E-17	1.584325E-18
6.890000E+03	3.081738E-17	1.592397E-18
6.900000E+03	3.103265E-17	1.600265E-18
6.910000E+03	3.125018E-17	1.607886E-18
6.920000E+03	3.147029E-17	1.615287E-18
6.930000E+03	3.169210E-17	1.622446E-18
6.940000E+03	3.191533E-17	1.629383E-18
6.950000E+03	3.214032E-17	1.636160E-18
6.960000E+03	3.236619E-17	1.642786E-18
6.970000E+03	3.259268E-17	1.649307E-18
6.980000E+03	3.281957E-17	1.655776E-18
6.990000E+03	3.304664E-17	1.662249E-18
7.000000E+03	3.327304E-17	1.668750E-18
7.010000E+03	3.349989E-17	1.675401E-18
7.020000E+03	3.372573E-17	1.682187E-18
7.030000E+03	3.395037E-17	1.689156E-18
7.040000E+03	3.417433E-17	1.696377E-18
7.050000E+03	3.439680E-17	1.703846E-18
7.060000E+03	3.461764E-17	1.711585E-18
7.070000E+03	3.483674E-17	1.719600E-18
7.080000E+03	3.505399E-17	1.727893E-18
7.090000E+03	3.527004E-17	1.736487E-18
7.100000E+03	3.548348E-17	1.745294E-18
7.110000E+03	3.569429E-17	1.754284E-18
7.120000E+03	3.590326E-17	1.763454E-18
7.130000E+03	3.611052E-17	1.772760E-18
7.140000E+03	3.631548E-17	1.782111E-18
7.150000E+03	3.651911E-17	1.791482E-18
7.160000E+03	3.672015E-17	1.800735E-18
7.170000E+03	3.692037E-17	1.809868E-18
7.180000E+03	3.711933E-17	1.818769E-18
7.190000E+03	3.731731E-17	1.827357E-18
7.200000E+03	3.751384E-17	1.835514E-18
7.210000E+03	3.771073E-17	1.843237E-18
7.220000E+03	3.790666E-17	1.850374E-18
7.230000E+03	3.810260E-17	1.856890E-18
7.240000E+03	3.829788E-17	1.862683E-18
7.250000E+03	3.849336E-17	1.867735E-18
7.260000E+03	3.868824E-17	1.871959E-18
7.270000E+03	3.888241E-17	1.875317E-18
7.280000E+03	3.907654E-17	1.877823E-18
7.290000E+03	3.926957E-17	1.879419E-18
7.300000E+03	3.946202E-17	1.880138E-18
7.310000E+03	3.965185E-17	1.879898E-18
7.320000E+03	3.983945E-17	1.878747E-18
7.330000E+03	4.002521E-17	1.876735E-18
7.340000E+03	4.020689E-17	1.873795E-18
7.350000E+03	4.038482E-17	1.869979E-18
7.360000E+03	4.055757E-17	1.865256E-18
7.370000E+03	4.072548E-17	1.859671E-18
7.380000E+03	4.088713E-17	1.853181E-18
7.390000E+03	4.104203E-17	1.845775E-18
7.400000E+03	4.118972E-17	1.837432E-18
7.410000E+03	4.132889E-17	1.828084E-18
7.420000E+03	4.145920E-17	1.817696E-18
7.430000E+03	4.158041E-17	1.806226E-18
7.440000E+03	4.169238E-17	1.793631E-18
7.450000E+03	4.179599E-17	1.779907E-18
7.460000E+03	4.189042E-17	1.764976E-18
7.470000E+03	4.197776E-17	1.748886E-18
7.480000E+03	4.205838E-17	1.731617E-18
7.490000E+03	4.213277E-17	1.713167E-18
7.500000E+03	4.220154E-17	1.693556E-18
7.510000E+03	4.226539E-17	1.672829E-18
7.520000E+03	4.232704E-17	1.651142E-18
7.530000E+03	4.238542E-17	1.628537E-18
7.540000E+03	4.244240E-17	1.605220E-18
7.550000E+03	4.249893E-17	1.581420E-18
7.560000E+03	4.255695E-17	1.557471E-18
7.570000E+03	4.261546E-17	1.533683E-18
7.580000E+03	4.267641E-17	1.510564E-18
7.590000E+03	4.274077E-17	1.488683E-18
7.600000E+03	4.281046E-17	1.468739E-18
7.610000E+03	4.288437E-17	1.451405E-18
7.620000E+03	4.296535E-17	1.437544E-18
7.630000E+03	4.305311E-17	1.427925E-18
7.640000E+03	4.314723E-17	1.423262E-18
7.650000E+03	4.325018E-17	1.424233E-18
7.660000E+03	4.336115E-17	1.431132E-18
7.670000E+03	4.348001E-17	1.443783E-18
7.680000E+03	4.360639E-17	1.461702E-18
7.690000E+03	4.373976E-17	1.484243E-18
7.700000E+03	4.387948E-17	1.510675E-18
7.710000E+03	4.402587E-17	1.540281E-18
7.720000E+03	4.417600E-17	1.572254E-18
7.730000E+03	4.433119E-17	1.605994E-18
7.740000E+03	4.448952E-17	1.640860E-18
7.750000E+03	4.465013E-17	1.676331E-18
7.760000E+03	4.481217E-17	1.711965E-18
7.770000E+03	4.497590E-17	1.747437E-18
7.780000E+03	4.513939E-17	1.782402E-18
7.790000E+03	4.530178E-17	1.816612E-18
7.800000E+03	4.546225E-17	1.849862E-18
7.810000E+03	4.562111E-17	1.882027E-18
7.820000E+03	4.577641E-17	1.912921E-18
7.830000E+03	4.592731E-17	1.942423E-18
7.840000E+03	4.607417E-17	1.970484E-18
7.850000E+03	4.621384E-17	1.996926E-18
7.860000E+03	4.634788E-17	2.021788E-18
7.870000E+03	4.647431E-17	2.044977E-18
7.880000E+03	4.659238E-17	2.066471E-18
7.890000E+03	4.670133E-17	2.086266E-18
7.900000E+03	4.680045E-17	2.104375E-18
7.910000E+03	4.688788E-17	2.120775E-18
7.920000E+03	4.696297E-17	2.135513E-18
7.930000E+03	4.702640E-17	2.148701E-18
7.940000E+03	4.707522E-17	2.160297E-18
7.950000E+03	4.710904E-17	2.170376E-18
7.960000E+03	4.712876E-17	2.179078E-18
7.970000E+03	4.713297E-17	2.186428E-18
7.980000E+03	4.712031E-17	2.192453E-18
7.990000E+03	4.709456E-17	2.197413E-18
8.000000E+03	4.705461E-17	2.201333E-18
8.010000E+03	4.700073E-17	2.204298E-18
8.020000E+03	4.693456E-17	2.206447E-18
8.030000E+03	4.685781E-17	2.207920E-18
8.040000E+03	4.676855E-17	2.208675E-18
8.050000E+03	4.667117E-17	2.208964E-18
8.060000E+03	4.656259E-17	2.208677E-18
8.070000E+03	4.644735E-17	2.208057E-18
8.080000E+03	4.632372E-17	2.207040E-18
8.090000E+03	4.619505E-17	2.205796E-18
8.100000E+03	4.605967E-17	2.204248E-18
8.110000E+03	4.591847E-17	2.202431E-18
8.120000E+03	4.577486E-17	2.200496E-18
8.130000E+03	4.562722E-17	2.198349E-18
8.140000E+03	4.547770E-17	2.196073E-18
8.150000E+03	4.532592E-17	2.193630E-18
8.160000E+03	4.517399E-17	2.191098E-18
8.170000E+03	4.502147E-17	2.188434E-18
8.180000E+03	4.487035E-17	2.185715E-18
8.190000E+03	4.472009E-17	2.182894E-18
8.200000E+03	4.457134E-17	2.179984E-18
8.210000E+03	4.442591E-17	2.177053E-18
8.220000E+03	4.428185E-17	2.173985E-18
8.230000E+03	4.414211E-17	2.170908E-18
8.240000E+03	4.400466E-17	2.167700E-18
8.250000E+03	4.387238E-17	2.164485E-18
8.260000E+03	4.374321E-17	2.161142E-18
8.270000E+03	4.361999E-17	2.157799E-18
8.280000E+03	4.350065E-17	2.154339E-18
8.290000E+03	4.338557E-17	2.150776E-18
8.300000E+03	4.327638E-17	2.147189E-18
8.310000E+03	4.317347E-17	2.143603E-18
8.320000E+03	4.307599E-17	2.139984E-18
8.330000E+03	4.298554E-17	2.136426E-18
8.340000E+03	4.290120E-17	2.132901E-18
8.350000E+03	4.282328E-17	2.129444E-18
8.360000E+03	4.275325E-17	2.126149E-18
8.370000E+03	4.269006E-17	2.122985E-18
8.380000E+03	4.263381E-17	2.119980E-18
8.390000E+03	4.258455E-17	2.117156E-18
8.400000E+03	4.254099E-17	2.114474E-18
8.410000E+03	4.250551E-17	2.112075E-18
8.420000E+03	4.247669E-17	2.109915E-18
8.430000E+03	4.245430E-17	2.108010E-18
8.440000E+03	4.243678E-17	2.106314E-18
8.450000E+03	4.242505E-17	2.104906E-18
8.460000E+03	4.241748E-17	2.103741E-18
8.470000E+03	4.241493E-17	2.102903E-18
8.480000E+03	4.241701E-17	2.102412E-18
8.490000E+03	4.242206E-17	2.102228E-18
8.500000E+03	4.242968E-17	2.102375E-18
8.510000E+03	4.244079E-17	2.102937E-18
8.520000E+03	4.245251E-17	2.103811E-18
8.530000E+03	4.246707E-17	2.105141E-18
8.540000E+03	4.248293E-17	2.106883E-18
8.550000E+03	4.249986E-17	2.109049E-18
8.560000E+03	4.251763E-17	2.111647E-18
8.570000E+03	4.253606E-17	2.114682E-18
8.580000E+03	4.255372E-17	2.118086E-18
8.590000E+03	4.257175E-17	2.121915E-18
8.600000E+03	4.259007E-17	2.126155E-18
8.610000E+03	4.260730E-17	2.130719E-18
8.620000E+03	4.262340E-17	2.135578E-18
8.630000E+03	4.263967E-17	2.140761E-18
8.640000E+03	4.265482E-17	2.146162E-18
8.650000E+03	4.266892E-17	2.151732E-18
8.660000E+03	4.268205E-17	2.157419E-18
8.670000E+03	4.269432E-17	2.163163E-18
8.680000E+03	4.270454E-17	2.168836E-18
8.690000E+03	4.271556E-17	2.174507E-18
8.700000E+03	4.272354E-17	2.179901E-18
8.710000E+03	4.273273E-17	2.185152E-18
8.720000E+03	4.273933E-17	2.189976E-18
8.730000E+03	4.274492E-17	2.194369E-18
8.740000E+03	4.275114E-17	2.198327E-18
8.750000E+03	4.275553E-17	2.201643E-18
8.760000E+03	4.275974E-17	2.204331E-18
8.770000E+03	4.276268E-17	2.206274E-18
8.780000E+03	4.276460E-17	2.207446E-18
8.790000E+03	4.276578E-17	2.207837E-18
8.800000E+03	4.276507E-17	2.207387E-18
8.810000E+03	4.276411E-17	2.206201E-18
8.820000E+03	4.276169E-17	2.204261E-18
8.830000E+03	4.275802E-17	2.201637E-18
8.840000E+03	4.275184E-17	2.198340E-18
8.850000E+03	4.274326E-17	2.194466E-18
8.860000E+03	4.273383E-17	2.190190E-18
8.870000E+03	4.272363E-17	2.185618E-18
8.880000E+03	4.271419E-17	2.180926E-18
8.890000E+03	4.270556E-17	2.176215E-18
8.900000E+03	4.269924E-17	2.171650E-18
8.910000E+03	4.269525E-17	2.167314E-18
8.920000E+03	4.269358E-17	2.163276E-18
8.930000E+03	4.269422E-17	2.159593E-18
8.940000E+03	4.270014E-17	2.156463E-18
8.950000E+03	4.270831E-17	2.153768E-18
8.960000E+03	4.272172E-17	2.151684E-18
8.970000E+03	4.274037E-17	2.150230E-18
8.980000E+03	4.276424E-17	2.149413E-18
8.990000E+03	4.279172E-17	2.149160E-18
9.000000E+03	4.282594E-17	2.149632E-18
9.040000E+03	4.301859E-17	2.158226E-18
9.080000E+03	4.331255E-17	2.178238E-18
9.120000E+03	4.370694E-17	2.209614E-18
9.160000E+03	4.419360E-17	2.251908E-18
9.200000E+03	4.475917E-17	2.304793E-18
9.240000E+03	4.538403E-17	2.367476E-18
9.280000E+03	4.606804E-17	2.438035E-18
9.320000E+03	4.680694E-17	2.510542E-18
9.360000E+03	4.760472E-17	2.577374E-18
9.400000E+03	4.845510E-17	2.632461E-18
9.440000E+03	4.935215E-17	2.674410E-18
9.480000E+03	5.028383E-17	2.706494E-18
9.520000E+03	5.123842E-17	2.736573E-18
9.560000E+03	5.221865E-17	2.775090E-18
9.600000E+03	5.322012E-17	2.828774E-18
9.640000E+03	5.424094E-17	2.897972E-18
9.680000E+03	5.528000E-17	2.978433E-18
9.720000E+03	5.632235E-17	3.065604E-18
9.760000E+03	5.734774E-17	3.157880E-18
9.800000E+03	5.835070E-17	3.255465E-18
9.840000E+03	5.932830E-17	3.356643E-18
9.880000E+03	6.029828E-17	3.459238E-18
9.920000E+03	6.126492E-17	3.562163E-18
9.960000E+03	6.222882E-17	3.671258E-18
1.000000E+04	6.318375E-17	3.804691E-18
1.004000E+04	6.410112E-17	3.993653E-18
1.008000E+04	6.494921E-17	4.277971E-18
1.012000E+04	6.570569E-17	4.695475E-18
1.016000E+04	6.632689E-17	5.266798E-18
1.020000E+04	6.679325E-17	5.991364E-18
1.024000E+04	6.709458E-17	6.850014E-18
1.028000E+04	6.722329E-17	7.813540E-18
1.032000E+04	6.717861E-17	8.851291E-18
