#wls	flux	fluxerr
1.600000E+03	1.324275E-17	1.282284E-17
1.640000E+03	1.361864E-17	1.300750E-17
1.680000E+03	1.400863E-17	1.319108E-17
1.720000E+03	1.441461E-17	1.337436E-17
1.760000E+03	1.483414E-17	1.355403E-17
1.800000E+03	1.526855E-17	1.373027E-17
1.840000E+03	1.571617E-17	1.390050E-17
1.880000E+03	1.617761E-17	1.406423E-17
1.920000E+03	1.665182E-17	1.421946E-17
1.960000E+03	1.713733E-17	1.436391E-17
2.000000E+03	1.762972E-17	1.449294E-17
2.040000E+03	1.812685E-17	1.460404E-17
2.080000E+03	1.862493E-17	1.469352E-17
2.120000E+03	1.911626E-17	1.475497E-17
2.160000E+03	1.959316E-17	1.478253E-17
2.200000E+03	2.004454E-17	1.476842E-17
2.240000E+03	2.045871E-17	1.470526E-17
2.280000E+03	2.082916E-17	1.459027E-17
2.320000E+03	2.115199E-17	1.442300E-17
2.360000E+03	2.143408E-17	1.421059E-17
2.400000E+03	2.168038E-17	1.395849E-17
2.440000E+03	2.189398E-17	1.367076E-17
2.480000E+03	2.207917E-17	1.335201E-17
2.520000E+03	2.223645E-17	1.300443E-17
2.560000E+03	2.236401E-17	1.262893E-17
2.600000E+03	2.246233E-17	1.222793E-17
2.640000E+03	2.252726E-17	1.180149E-17
2.680000E+03	2.255641E-17	1.135098E-17
2.720000E+03	2.254450E-17	1.087670E-17
2.760000E+03	2.248905E-17	1.038080E-17
2.800000E+03	2.238533E-17	9.864730E-18
2.840000E+03	2.223090E-17	9.331441E-18
2.880000E+03	2.202478E-17	8.784744E-18
2.920000E+03	2.176783E-17	8.229340E-18
2.960000E+03	2.146303E-17	7.670685E-18
3.000000E+03	2.111502E-17	7.114620E-18
3.010000E+03	2.102171E-17	6.976628E-18
3.020000E+03	2.092633E-17	6.839316E-18
3.030000E+03	2.082839E-17	6.702582E-18
3.040000E+03	2.072880E-17	6.566778E-18
3.050000E+03	2.062710E-17	6.431802E-18
3.060000E+03	2.052327E-17	6.297710E-18
3.070000E+03	2.041732E-17	6.164559E-18
3.080000E+03	2.031009E-17	6.032655E-18
3.090000E+03	2.020073E-17	5.901794E-18
3.100000E+03	2.009007E-17	5.772270E-18
3.110000E+03	1.997770E-17	5.644011E-18
3.120000E+03	1.986400E-17	5.517179E-18
3.130000E+03	1.974899E-17	5.391818E-18
3.140000E+03	1.963265E-17	5.267974E-18
3.150000E+03	1.951501E-17	5.145696E-18
3.160000E+03	1.939643E-17	5.025127E-18
3.170000E+03	1.927656E-17	4.906219E-18
3.180000E+03	1.915578E-17	4.789111E-18
3.190000E+03	1.903411E-17	4.673848E-18
3.200000E+03	1.891156E-17	4.560478E-18
3.210000E+03	1.878849E-17	4.449124E-18
3.220000E+03	1.866428E-17	4.339679E-18
3.230000E+03	1.853993E-17	4.232415E-18
3.240000E+03	1.841453E-17	4.127162E-18
3.250000E+03	1.828906E-17	4.024175E-18
3.260000E+03	1.816296E-17	3.923366E-18
3.270000E+03	1.803658E-17	3.824848E-18
3.280000E+03	1.790998E-17	3.728664E-18
3.290000E+03	1.778296E-17	3.634804E-18
3.300000E+03	1.765614E-17	3.543427E-18
3.310000E+03	1.752904E-17	3.454464E-18
3.320000E+03	1.740177E-17	3.367952E-18
3.330000E+03	1.727491E-17	3.284022E-18
3.340000E+03	1.714805E-17	3.202599E-18
3.350000E+03	1.702128E-17	3.123704E-18
3.360000E+03	1.689471E-17	3.047351E-18
3.370000E+03	1.676868E-17	2.973595E-18
3.380000E+03	1.664283E-17	2.902352E-18
3.390000E+03	1.651727E-17	2.833624E-18
3.400000E+03	1.639235E-17	2.767445E-18
3.410000E+03	1.626796E-17	2.703759E-18
3.420000E+03	1.614421E-17	2.642545E-18
3.430000E+03	1.602080E-17	2.583714E-18
3.440000E+03	1.589807E-17	2.527267E-18
3.450000E+03	1.577612E-17	2.473168E-18
3.460000E+03	1.565469E-17	2.421316E-18
3.470000E+03	1.553392E-17	2.371670E-18
3.480000E+03	1.541377E-17	2.324157E-18
3.490000E+03	1.529457E-17	2.278758E-18
3.500000E+03	1.517593E-17	2.235341E-18
3.510000E+03	1.505821E-17	2.193881E-18
3.520000E+03	1.494123E-17	2.154277E-18
3.530000E+03	1.482502E-17	2.116451E-18
3.540000E+03	1.470958E-17	2.080327E-18
3.550000E+03	1.459482E-17	2.045809E-18
3.560000E+03	1.448092E-17	2.012845E-18
3.570000E+03	1.436764E-17	1.981317E-18
3.580000E+03	1.425503E-17	1.951160E-18
3.590000E+03	1.414332E-17	1.922323E-18
3.600000E+03	1.403242E-17	1.894718E-18
3.610000E+03	1.392241E-17	1.868283E-18
3.620000E+03	1.381321E-17	1.842934E-18
3.630000E+03	1.370479E-17	1.818593E-18
3.640000E+03	1.359722E-17	1.795205E-18
3.650000E+03	1.349034E-17	1.772680E-18
3.660000E+03	1.338437E-17	1.750986E-18
3.670000E+03	1.327918E-17	1.730044E-18
3.680000E+03	1.317486E-17	1.709810E-18
3.690000E+03	1.307163E-17	1.690258E-18
3.700000E+03	1.296937E-17	1.671319E-18
3.710000E+03	1.286815E-17	1.652955E-18
3.720000E+03	1.276830E-17	1.635162E-18
3.730000E+03	1.266980E-17	1.617891E-18
3.740000E+03	1.257269E-17	1.601109E-18
3.750000E+03	1.247726E-17	1.584814E-18
3.760000E+03	1.238345E-17	1.568963E-18
3.770000E+03	1.229141E-17	1.553542E-18
3.780000E+03	1.220139E-17	1.538553E-18
3.790000E+03	1.211341E-17	1.523973E-18
3.800000E+03	1.202759E-17	1.509789E-18
3.810000E+03	1.194404E-17	1.495994E-18
3.820000E+03	1.186288E-17	1.482580E-18
3.830000E+03	1.178430E-17	1.469551E-18
3.840000E+03	1.170829E-17	1.456888E-18
3.850000E+03	1.163504E-17	1.444598E-18
3.860000E+03	1.156471E-17	1.432686E-18
3.870000E+03	1.149728E-17	1.421135E-18
3.880000E+03	1.143280E-17	1.409940E-18
3.890000E+03	1.137151E-17	1.399119E-18
3.900000E+03	1.131345E-17	1.388664E-18
3.910000E+03	1.125854E-17	1.378560E-18
3.920000E+03	1.120700E-17	1.368822E-18
3.930000E+03	1.115892E-17	1.359456E-18
3.940000E+03	1.111413E-17	1.350433E-18
3.950000E+03	1.107282E-17	1.341769E-18
3.960000E+03	1.103507E-17	1.333468E-18
3.970000E+03	1.100088E-17	1.325525E-18
3.980000E+03	1.097014E-17	1.317921E-18
3.990000E+03	1.094310E-17	1.310681E-18
4.000000E+03	1.091965E-17	1.303789E-18
4.010000E+03	1.089978E-17	1.297235E-18
4.020000E+03	1.088361E-17	1.291032E-18
4.030000E+03	1.087105E-17	1.285163E-18
4.040000E+03	1.086224E-17	1.279640E-18
4.050000E+03	1.085696E-17	1.274434E-18
4.060000E+03	1.085545E-17	1.269570E-18
4.070000E+03	1.085761E-17	1.265028E-18
4.080000E+03	1.086339E-17	1.260801E-18
4.090000E+03	1.087296E-17	1.256904E-18
4.100000E+03	1.088612E-17	1.253309E-18
4.110000E+03	1.090310E-17	1.250041E-18
4.120000E+03	1.092370E-17	1.247073E-18
4.130000E+03	1.094800E-17	1.244410E-18
4.140000E+03	1.097606E-17	1.242054E-18
4.150000E+03	1.100777E-17	1.239990E-18
4.160000E+03	1.104318E-17	1.238221E-18
4.170000E+03	1.108228E-17	1.236736E-18
4.180000E+03	1.112496E-17	1.235521E-18
4.190000E+03	1.117136E-17	1.234583E-18
4.200000E+03	1.122128E-17	1.233894E-18
4.210000E+03	1.127487E-17	1.233467E-18
4.220000E+03	1.133194E-17	1.233269E-18
4.230000E+03	1.139254E-17	1.233301E-18
4.240000E+03	1.145665E-17	1.233554E-18
4.250000E+03	1.152405E-17	1.233998E-18
4.260000E+03	1.159490E-17	1.234640E-18
4.270000E+03	1.166907E-17	1.235464E-18
4.280000E+03	1.174642E-17	1.236446E-18
4.290000E+03	1.182683E-17	1.237567E-18
4.300000E+03	1.191034E-17	1.238827E-18
4.310000E+03	1.199688E-17	1.240212E-18
4.320000E+03	1.208612E-17	1.241681E-18
4.330000E+03	1.217817E-17	1.243243E-18
4.340000E+03	1.227265E-17	1.244851E-18
4.350000E+03	1.236966E-17	1.246513E-18
4.360000E+03	1.246890E-17	1.248194E-18
4.370000E+03	1.257036E-17	1.249886E-18
4.380000E+03	1.267401E-17	1.251581E-18
4.390000E+03	1.277984E-17	1.253273E-18
4.400000E+03	1.288783E-17	1.254948E-18
4.410000E+03	1.299806E-17	1.256605E-18
4.420000E+03	1.311063E-17	1.258245E-18
4.430000E+03	1.322552E-17	1.259853E-18
4.440000E+03	1.334283E-17	1.261426E-18
4.450000E+03	1.346244E-17	1.262944E-18
4.460000E+03	1.358456E-17	1.264413E-18
4.470000E+03	1.370907E-17	1.265810E-18
4.480000E+03	1.383597E-17	1.267126E-18
4.490000E+03	1.396525E-17	1.268346E-18
4.500000E+03	1.409688E-17	1.269459E-18
4.510000E+03	1.423085E-17	1.270456E-18
4.520000E+03	1.436714E-17	1.271325E-18
4.530000E+03	1.450549E-17	1.272034E-18
4.540000E+03	1.464611E-17	1.272599E-18
4.550000E+03	1.478874E-17	1.272992E-18
4.560000E+03	1.493334E-17	1.273211E-18
4.570000E+03	1.507976E-17	1.273248E-18
4.580000E+03	1.522811E-17	1.273120E-18
4.590000E+03	1.537824E-17	1.272825E-18
4.600000E+03	1.552986E-17	1.272358E-18
4.610000E+03	1.568325E-17	1.271759E-18
4.620000E+03	1.583811E-17	1.271026E-18
4.630000E+03	1.599430E-17	1.270181E-18
4.640000E+03	1.615196E-17	1.269263E-18
4.650000E+03	1.631112E-17	1.268309E-18
4.660000E+03	1.647134E-17	1.267328E-18
4.670000E+03	1.663296E-17	1.266388E-18
4.680000E+03	1.679584E-17	1.265527E-18
4.690000E+03	1.695989E-17	1.264796E-18
4.700000E+03	1.712515E-17	1.264253E-18
4.710000E+03	1.729150E-17	1.263955E-18
4.720000E+03	1.745899E-17	1.263979E-18
4.730000E+03	1.762720E-17	1.264365E-18
4.740000E+03	1.779616E-17	1.265196E-18
4.750000E+03	1.796593E-17	1.266560E-18
4.760000E+03	1.813588E-17	1.268490E-18
4.770000E+03	1.830624E-17	1.271078E-18
4.780000E+03	1.847672E-17	1.274373E-18
4.790000E+03	1.864700E-17	1.278380E-18
4.800000E+03	1.881732E-17	1.283088E-18
4.810000E+03	1.898701E-17	1.288411E-18
4.820000E+03	1.915645E-17	1.294319E-18
4.830000E+03	1.932499E-17	1.300712E-18
4.840000E+03	1.949284E-17	1.307551E-18
4.850000E+03	1.965952E-17	1.314744E-18
4.860000E+03	1.982525E-17	1.322255E-18
4.870000E+03	1.998956E-17	1.330009E-18
4.880000E+03	2.015253E-17	1.337961E-18
4.890000E+03	2.031405E-17	1.346067E-18
4.900000E+03	2.047385E-17	1.354276E-18
4.910000E+03	2.063183E-17	1.362541E-18
4.920000E+03	2.078791E-17	1.370825E-18
4.930000E+03	2.094221E-17	1.379111E-18
4.940000E+03	2.109422E-17	1.387322E-18
4.950000E+03	2.124427E-17	1.395441E-18
4.960000E+03	2.139185E-17	1.403408E-18
4.970000E+03	2.153708E-17	1.411181E-18
4.980000E+03	2.167966E-17	1.418704E-18
4.990000E+03	2.181951E-17	1.425938E-18
5.000000E+03	2.195651E-17	1.432833E-18
5.010000E+03	2.209080E-17	1.439360E-18
5.020000E+03	2.222185E-17	1.445459E-18
5.030000E+03	2.234980E-17	1.451101E-18
5.040000E+03	2.247433E-17	1.456239E-18
5.050000E+03	2.259559E-17	1.460865E-18
5.060000E+03	2.271327E-17	1.464931E-18
5.070000E+03	2.282706E-17	1.468400E-18
5.080000E+03	2.293709E-17	1.471277E-18
5.090000E+03	2.304327E-17	1.473533E-18
5.100000E+03	2.314529E-17	1.475141E-18
5.110000E+03	2.324282E-17	1.476083E-18
5.120000E+03	2.333627E-17	1.476374E-18
5.130000E+03	2.342513E-17	1.475982E-18
5.140000E+03	2.350936E-17	1.474918E-18
5.150000E+03	2.358897E-17	1.473177E-18
5.160000E+03	2.366397E-17	1.470768E-18
5.170000E+03	2.373414E-17	1.467700E-18
5.180000E+03	2.379976E-17	1.464008E-18
5.190000E+03	2.386038E-17	1.459697E-18
5.200000E+03	2.391629E-17	1.454837E-18
5.210000E+03	2.396707E-17	1.449446E-18
5.220000E+03	2.401327E-17	1.443616E-18
5.230000E+03	2.405450E-17	1.437399E-18
5.240000E+03	2.409107E-17	1.430878E-18
5.250000E+03	2.412262E-17	1.424108E-18
5.260000E+03	2.414948E-17	1.417199E-18
5.270000E+03	2.417176E-17	1.410228E-18
5.280000E+03	2.418911E-17	1.403250E-18
5.290000E+03	2.420162E-17	1.396358E-18
5.300000E+03	2.420963E-17	1.389631E-18
5.310000E+03	2.421296E-17	1.383122E-18
5.320000E+03	2.421143E-17	1.376885E-18
5.330000E+03	2.420508E-17	1.370958E-18
5.340000E+03	2.419393E-17	1.365380E-18
5.350000E+03	2.417799E-17	1.360190E-18
5.360000E+03	2.415702E-17	1.355383E-18
5.370000E+03	2.413126E-17	1.350986E-18
5.380000E+03	2.410045E-17	1.347002E-18
5.390000E+03	2.406485E-17	1.343436E-18
5.400000E+03	2.402427E-17	1.340272E-18
5.410000E+03	2.397919E-17	1.337544E-18
5.420000E+03	2.392997E-17	1.335251E-18
5.430000E+03	2.387648E-17	1.333377E-18
5.440000E+03	2.381956E-17	1.331968E-18
5.450000E+03	2.375943E-17	1.331017E-18
5.460000E+03	2.369536E-17	1.330471E-18
5.470000E+03	2.362828E-17	1.330379E-18
5.480000E+03	2.355802E-17	1.330698E-18
5.490000E+03	2.348440E-17	1.331391E-18
5.500000E+03	2.340747E-17	1.332438E-18
5.510000E+03	2.332709E-17	1.333784E-18
5.520000E+03	2.324311E-17	1.335377E-18
5.530000E+03	2.315586E-17	1.337203E-18
5.540000E+03	2.306526E-17	1.339202E-18
5.550000E+03	2.297191E-17	1.341367E-18
5.560000E+03	2.287624E-17	1.343684E-18
5.570000E+03	2.277854E-17	1.346110E-18
5.580000E+03	2.267958E-17	1.348635E-18
5.590000E+03	2.257993E-17	1.351246E-18
5.600000E+03	2.248023E-17	1.353928E-18
5.610000E+03	2.238134E-17	1.356685E-18
5.620000E+03	2.228387E-17	1.359517E-18
5.630000E+03	2.218842E-17	1.362404E-18
5.640000E+03	2.209576E-17	1.365347E-18
5.650000E+03	2.200636E-17	1.368338E-18
5.660000E+03	2.192086E-17	1.371376E-18
5.670000E+03	2.183958E-17	1.374446E-18
5.680000E+03	2.176281E-17	1.377541E-18
5.690000E+03	2.169097E-17	1.380653E-18
5.700000E+03	2.162424E-17	1.383761E-18
5.710000E+03	2.156275E-17	1.386852E-18
5.720000E+03	2.150683E-17	1.389911E-18
5.730000E+03	2.145656E-17	1.392914E-18
5.740000E+03	2.141224E-17	1.395859E-18
5.750000E+03	2.137371E-17	1.398703E-18
5.760000E+03	2.134145E-17	1.401457E-18
5.770000E+03	2.131531E-17	1.404092E-18
5.780000E+03	2.129532E-17	1.406589E-18
5.790000E+03	2.128198E-17	1.408965E-18
5.800000E+03	2.127489E-17	1.411184E-18
5.810000E+03	2.127456E-17	1.413258E-18
5.820000E+03	2.128104E-17	1.415176E-18
5.830000E+03	2.129440E-17	1.416934E-18
5.840000E+03	2.131449E-17	1.418500E-18
5.850000E+03	2.134186E-17	1.419897E-18
5.860000E+03	2.137638E-17	1.421104E-18
5.870000E+03	2.141840E-17	1.422121E-18
5.880000E+03	2.146802E-17	1.422939E-18
5.890000E+03	2.152515E-17	1.423532E-18
5.900000E+03	2.159012E-17	1.423899E-18
5.910000E+03	2.166330E-17	1.424039E-18
5.920000E+03	2.174431E-17	1.423908E-18
5.930000E+03	2.183349E-17	1.423502E-18
5.940000E+03	2.193094E-17	1.422803E-18
5.950000E+03	2.203702E-17	1.421813E-18
5.960000E+03	2.215133E-17	1.420479E-18
5.970000E+03	2.227447E-17	1.418816E-18
5.980000E+03	2.240603E-17	1.416779E-18
5.990000E+03	2.254635E-17	1.414367E-18
6.000000E+03	2.269553E-17	1.411571E-18
6.010000E+03	2.285339E-17	1.408370E-18
6.020000E+03	2.302029E-17	1.404774E-18
6.030000E+03	2.319576E-17	1.400753E-18
6.040000E+03	2.338042E-17	1.396349E-18
6.050000E+03	2.357356E-17	1.391519E-18
6.060000E+03	2.377579E-17	1.386313E-18
6.070000E+03	2.398664E-17	1.380726E-18
6.080000E+03	2.420647E-17	1.374798E-18
6.090000E+03	2.443476E-17	1.368537E-18
6.100000E+03	2.467157E-17	1.362002E-18
6.110000E+03	2.491663E-17	1.355237E-18
6.120000E+03	2.516993E-17	1.348329E-18
6.130000E+03	2.543085E-17	1.341356E-18
6.140000E+03	2.569902E-17	1.334425E-18
6.150000E+03	2.597436E-17	1.327690E-18
6.160000E+03	2.625647E-17	1.321317E-18
6.170000E+03	2.654424E-17	1.315455E-18
6.180000E+03	2.683753E-17	1.310328E-18
6.190000E+03	2.713584E-17	1.306167E-18
6.200000E+03	2.743901E-17	1.303221E-18
6.210000E+03	2.774721E-17	1.301772E-18
6.220000E+03	2.806060E-17	1.302113E-18
6.230000E+03	2.837967E-17	1.304539E-18
6.240000E+03	2.870563E-17	1.309361E-18
6.250000E+03	2.903882E-17	1.316725E-18
6.260000E+03	2.937927E-17	1.326564E-18
6.270000E+03	2.972852E-17	1.338843E-18
6.280000E+03	3.008694E-17	1.353462E-18
6.290000E+03	3.045400E-17	1.370235E-18
6.300000E+03	3.083109E-17	1.389071E-18
6.310000E+03	3.121711E-17	1.409779E-18
6.320000E+03	3.161290E-17	1.432231E-18
6.330000E+03	3.201755E-17	1.456244E-18
6.340000E+03	3.243091E-17	1.481697E-18
6.350000E+03	3.285232E-17	1.508411E-18
6.360000E+03	3.328098E-17	1.536234E-18
6.370000E+03	3.371606E-17	1.565040E-18
6.380000E+03	3.415610E-17	1.594655E-18
6.390000E+03	3.459955E-17	1.624931E-18
6.400000E+03	3.504570E-17	1.655791E-18
6.410000E+03	3.549223E-17	1.687054E-18
6.420000E+03	3.593815E-17	1.718630E-18
6.430000E+03	3.638139E-17	1.750407E-18
6.440000E+03	3.682017E-17	1.782273E-18
6.450000E+03	3.725316E-17	1.814163E-18
6.460000E+03	3.767951E-17	1.846065E-18
6.470000E+03	3.809715E-17	1.877892E-18
6.480000E+03	3.850446E-17	1.909604E-18
6.490000E+03	3.889975E-17	1.941178E-18
6.500000E+03	3.927999E-17	1.972500E-18
6.510000E+03	3.964398E-17	2.003557E-18
6.520000E+03	3.999116E-17	2.034327E-18
6.530000E+03	4.032184E-17	2.064750E-18
6.540000E+03	4.063836E-17	2.094885E-18
6.550000E+03	4.094122E-17	2.124716E-18
6.560000E+03	4.123086E-17	2.154204E-18
6.570000E+03	4.150970E-17	2.183429E-18
6.580000E+03	4.177819E-17	2.212386E-18
6.590000E+03	4.203740E-17	2.241076E-18
6.600000E+03	4.228904E-17	2.269549E-18
6.610000E+03	4.253273E-17	2.297748E-18
6.620000E+03	4.276934E-17	2.325654E-18
6.630000E+03	4.300110E-17	2.353329E-18
6.640000E+03	4.322736E-17	2.380677E-18
6.650000E+03	4.344876E-17	2.407646E-18
6.660000E+03	4.366662E-17	2.434219E-18
6.670000E+03	4.388073E-17	2.460310E-18
6.680000E+03	4.409153E-17	2.485840E-18
6.690000E+03	4.430018E-17	2.510788E-18
6.700000E+03	4.450554E-17	2.535017E-18
6.710000E+03	4.470792E-17	2.558457E-18
6.720000E+03	4.490919E-17	2.581145E-18
6.730000E+03	4.510811E-17	2.602962E-18
6.740000E+03	4.530496E-17	2.623863E-18
6.750000E+03	4.550080E-17	2.643870E-18
6.760000E+03	4.569513E-17	2.662934E-18
6.770000E+03	4.588818E-17	2.681035E-18
6.780000E+03	4.608022E-17	2.698176E-18
6.790000E+03	4.627148E-17	2.714376E-18
6.800000E+03	4.646135E-17	2.729593E-18
6.810000E+03	4.665085E-17	2.743903E-18
6.820000E+03	4.684018E-17	2.757350E-18
6.830000E+03	4.702863E-17	2.769913E-18
6.840000E+03	4.721716E-17	2.781691E-18
6.850000E+03	4.740497E-17	2.792693E-18
6.860000E+03	4.759208E-17	2.802969E-18
6.870000E+03	4.777842E-17	2.812578E-18
6.880000E+03	4.796301E-17	2.821540E-18
6.890000E+03	4.814747E-17	2.830017E-18
6.900000E+03	4.833071E-17	2.838026E-18
6.910000E+03	4.851160E-17	2.845596E-18
6.920000E+03	4.869076E-17	2.852848E-18
6.930000E+03	4.886703E-17	2.859811E-18
6.940000E+03	4.904015E-17	2.866583E-18
6.950000E+03	4.921084E-17	2.873302E-18
6.960000E+03	4.937797E-17	2.880010E-18
6.970000E+03	4.954143E-17	2.886814E-18
6.980000E+03	4.970112E-17	2.893800E-18
6.990000E+03	4.985699E-17	2.901059E-18
7.000000E+03	5.000806E-17	2.908627E-18
7.010000E+03	5.015624E-17	2.916682E-18
7.020000E+03	5.029955E-17	2.925167E-18
7.030000E+03	5.043795E-17	2.934129E-18
7.040000E+03	5.057232E-17	2.943628E-18
7.050000E+03	5.070152E-17	2.953594E-18
7.060000E+03	5.082541E-17	2.964004E-18
7.070000E+03	5.094378E-17	2.974793E-18
7.080000E+03	5.105645E-17	2.985892E-18
7.090000E+03	5.116428E-17	2.997284E-18
7.100000E+03	5.126510E-17	3.008739E-18
7.110000E+03	5.135886E-17	3.020142E-18
7.120000E+03	5.144658E-17	3.031442E-18
7.130000E+03	5.152833E-17	3.042498E-18
7.140000E+03	5.160323E-17	3.053112E-18
7.150000E+03	5.167255E-17	3.063212E-18
7.160000E+03	5.173446E-17	3.072515E-18
7.170000E+03	5.179144E-17	3.080996E-18
7.180000E+03	5.184283E-17	3.088457E-18
7.190000E+03	5.188904E-17	3.094750E-18
7.200000E+03	5.192941E-17	3.099685E-18
7.210000E+03	5.196650E-17	3.103291E-18
7.220000E+03	5.199853E-17	3.105332E-18
7.230000E+03	5.202688E-17	3.105799E-18
7.240000E+03	5.205080E-17	3.104581E-18
7.250000E+03	5.207158E-17	3.101693E-18
7.260000E+03	5.208835E-17	3.097051E-18
7.270000E+03	5.210128E-17	3.090661E-18
7.280000E+03	5.211155E-17	3.082582E-18
7.290000E+03	5.211813E-17	3.072764E-18
7.300000E+03	5.212217E-17	3.061310E-18
7.310000E+03	5.212145E-17	3.048108E-18
7.320000E+03	5.211705E-17	3.033263E-18
7.330000E+03	5.211010E-17	3.016890E-18
7.340000E+03	5.209835E-17	2.998891E-18
7.350000E+03	5.208295E-17	2.979372E-18
7.360000E+03	5.206283E-17	2.958324E-18
7.370000E+03	5.203922E-17	2.935840E-18
7.380000E+03	5.201112E-17	2.911897E-18
7.390000E+03	5.197871E-17	2.886550E-18
7.400000E+03	5.194220E-17	2.859827E-18
7.410000E+03	5.190072E-17	2.831712E-18
7.420000E+03	5.185461E-17	2.802266E-18
7.430000E+03	5.180423E-17	2.771532E-18
7.440000E+03	5.175003E-17	2.739578E-18
7.450000E+03	5.169369E-17	2.706556E-18
7.460000E+03	5.163465E-17	2.672483E-18
7.470000E+03	5.157589E-17	2.637589E-18
7.480000E+03	5.151823E-17	2.602010E-18
7.490000E+03	5.146253E-17	2.565871E-18
7.500000E+03	5.140974E-17	2.529330E-18
7.510000E+03	5.136091E-17	2.492581E-18
7.520000E+03	5.131943E-17	2.455914E-18
7.530000E+03	5.128403E-17	2.419434E-18
7.540000E+03	5.125700E-17	2.383450E-18
7.550000E+03	5.123934E-17	2.348200E-18
7.560000E+03	5.123329E-17	2.314021E-18
7.570000E+03	5.123748E-17	2.281148E-18
7.580000E+03	5.125409E-17	2.249975E-18
7.590000E+03	5.128412E-17	2.220915E-18
7.600000E+03	5.132985E-17	2.194510E-18
7.610000E+03	5.138995E-17	2.171173E-18
7.620000E+03	5.146799E-17	2.151598E-18
7.630000E+03	5.156403E-17	2.136401E-18
7.640000E+03	5.167807E-17	2.126206E-18
7.650000E+03	5.181388E-17	2.121822E-18
7.660000E+03	5.197129E-17	2.123766E-18
7.670000E+03	5.215015E-17	2.132007E-18
7.680000E+03	5.235001E-17	2.146339E-18
7.690000E+03	5.257046E-17	2.166521E-18
7.700000E+03	5.281095E-17	2.192169E-18
7.710000E+03	5.307228E-17	2.222952E-18
7.720000E+03	5.335146E-17	2.258391E-18
7.730000E+03	5.365060E-17	2.298119E-18
7.740000E+03	5.396797E-17	2.341636E-18
7.750000E+03	5.430316E-17	2.388544E-18
7.760000E+03	5.465563E-17	2.438387E-18
7.770000E+03	5.502622E-17	2.490821E-18
7.780000E+03	5.541302E-17	2.545434E-18
7.790000E+03	5.581532E-17	2.601830E-18
7.800000E+03	5.623241E-17	2.659660E-18
7.810000E+03	5.666493E-17	2.718694E-18
7.820000E+03	5.711061E-17	2.778540E-18
7.830000E+03	5.756852E-17	2.838914E-18
7.840000E+03	5.803918E-17	2.899659E-18
7.850000E+03	5.851860E-17	2.960385E-18
7.860000E+03	5.900869E-17	3.021042E-18
7.870000E+03	5.950685E-17	3.081406E-18
7.880000E+03	6.001192E-17	3.141314E-18
7.890000E+03	6.052271E-17	3.200645E-18
7.900000E+03	6.103802E-17	3.259315E-18
7.910000E+03	6.155505E-17	3.317139E-18
7.920000E+03	6.207255E-17	3.374046E-18
7.930000E+03	6.259096E-17	3.430086E-18
7.940000E+03	6.310585E-17	3.485029E-18
7.950000E+03	6.361603E-17	3.538844E-18
7.960000E+03	6.412206E-17	3.591626E-18
7.970000E+03	6.462122E-17	3.643264E-18
7.980000E+03	6.511080E-17	3.693665E-18
7.990000E+03	6.559507E-17	3.743148E-18
8.000000E+03	6.607160E-17	3.791623E-18
8.010000E+03	6.653978E-17	3.839111E-18
8.020000E+03	6.700088E-17	3.885758E-18
8.030000E+03	6.745633E-17	3.931690E-18
8.040000E+03	6.790224E-17	3.976737E-18
8.050000E+03	6.834383E-17	4.021268E-18
8.060000E+03	6.877546E-17	4.064982E-18
8.070000E+03	6.920257E-17	4.108228E-18
8.080000E+03	6.962139E-17	4.150810E-18
8.090000E+03	7.003571E-17	4.192932E-18
8.100000E+03	7.044178E-17	4.234341E-18
8.110000E+03	7.083970E-17	4.275001E-18
8.120000E+03	7.123358E-17	4.315074E-18
8.130000E+03	7.161984E-17	4.354250E-18
8.140000E+03	7.200085E-17	4.392581E-18
8.150000E+03	7.237508E-17	4.429845E-18
8.160000E+03	7.274506E-17	4.466077E-18
8.170000E+03	7.310932E-17	4.501085E-18
8.180000E+03	7.347044E-17	4.534903E-18
8.190000E+03	7.382689E-17	4.567339E-18
8.200000E+03	7.417916E-17	4.598354E-18
8.210000E+03	7.452975E-17	4.628020E-18
8.220000E+03	7.487485E-17	4.656050E-18
8.230000E+03	7.521901E-17	4.682704E-18
8.240000E+03	7.555825E-17	4.707703E-18
8.250000E+03	7.589707E-17	4.731321E-18
8.260000E+03	7.623143E-17	4.753327E-18
8.270000E+03	7.656581E-17	4.773999E-18
8.280000E+03	7.689609E-17	4.793097E-18
8.290000E+03	7.722242E-17	4.810668E-18
8.300000E+03	7.754724E-17	4.826870E-18
8.310000E+03	7.787078E-17	4.841742E-18
8.320000E+03	7.819110E-17	4.855202E-18
8.330000E+03	7.851068E-17	4.867420E-18
8.340000E+03	7.882758E-17	4.878309E-18
8.350000E+03	7.914205E-17	4.887950E-18
8.360000E+03	7.945665E-17	4.896549E-18
8.370000E+03	7.976936E-17	4.904064E-18
8.380000E+03	8.008041E-17	4.910628E-18
8.390000E+03	8.038999E-17	4.916355E-18
8.400000E+03	8.069589E-17	4.921251E-18
8.410000E+03	8.100294E-17	4.925779E-18
8.420000E+03	8.130885E-17	4.929942E-18
8.430000E+03	8.161363E-17	4.933913E-18
8.440000E+03	8.191483E-17	4.937735E-18
8.450000E+03	8.221476E-17	4.941705E-18
8.460000E+03	8.251087E-17	4.945840E-18
8.470000E+03	8.280543E-17	4.950460E-18
8.480000E+03	8.309829E-17	4.955688E-18
8.490000E+03	8.338682E-17	4.961506E-18
8.500000E+03	8.367082E-17	4.968047E-18
8.510000E+03	8.395266E-17	4.975542E-18
8.520000E+03	8.422720E-17	4.983784E-18
8.530000E+03	8.449936E-17	4.993168E-18
8.540000E+03	8.476652E-17	5.003589E-18
8.550000E+03	8.502858E-17	5.015103E-18
8.560000E+03	8.528542E-17	5.027780E-18
8.570000E+03	8.553694E-17	5.041641E-18
8.580000E+03	8.578040E-17	5.056576E-18
8.590000E+03	8.601830E-17	5.072798E-18
8.600000E+03	8.625056E-17	5.090323E-18
8.610000E+03	8.647451E-17	5.109023E-18
8.620000E+03	8.669012E-17	5.128933E-18
8.630000E+03	8.690017E-17	5.150179E-18
8.640000E+03	8.710209E-17	5.172571E-18
8.650000E+03	8.729603E-17	5.196077E-18
8.660000E+03	8.748212E-17	5.220595E-18
8.670000E+03	8.766049E-17	5.246028E-18
8.680000E+03	8.782848E-17	5.272129E-18
8.690000E+03	8.799165E-17	5.299093E-18
8.700000E+03	8.814184E-17	5.326301E-18
8.710000E+03	8.828773E-17	5.354090E-18
8.720000E+03	8.842158E-17	5.381723E-18
8.730000E+03	8.854675E-17	5.409171E-18
8.740000E+03	8.866664E-17	5.436448E-18
8.750000E+03	8.877620E-17	5.463017E-18
8.760000E+03	8.887884E-17	5.488900E-18
8.770000E+03	8.897225E-17	5.513814E-18
8.780000E+03	8.905692E-17	5.537637E-18
8.790000E+03	8.913333E-17	5.560289E-18
8.800000E+03	8.919899E-17	5.581553E-18
8.810000E+03	8.925717E-17	5.601551E-18
8.820000E+03	8.930526E-17	5.620080E-18
8.830000E+03	8.934347E-17	5.637155E-18
8.840000E+03	8.936906E-17	5.652562E-18
8.850000E+03	8.938215E-17	5.666311E-18
8.860000E+03	8.938579E-17	5.678637E-18
8.870000E+03	8.938008E-17	5.689558E-18
8.880000E+03	8.936808E-17	5.699325E-18
8.890000E+03	8.934980E-17	5.708038E-18
8.900000E+03	8.932832E-17	5.715963E-18
8.910000E+03	8.930364E-17	5.723211E-18
8.920000E+03	8.927572E-17	5.729932E-18
8.930000E+03	8.924454E-17	5.736245E-18
8.940000E+03	8.921640E-17	5.742708E-18
8.950000E+03	8.918495E-17	5.749089E-18
8.960000E+03	8.915658E-17	5.755928E-18
8.970000E+03	8.913131E-17	5.763370E-18
8.980000E+03	8.910915E-17	5.771570E-18
8.990000E+03	8.908678E-17	5.780419E-18
9.000000E+03	8.907071E-17	5.790451E-18
9.040000E+03	8.904425E-17	5.842672E-18
9.080000E+03	8.910180E-17	5.917846E-18
9.120000E+03	8.924860E-17	6.015279E-18
9.160000E+03	8.949396E-17	6.131217E-18
9.200000E+03	8.985616E-17	6.261345E-18
9.240000E+03	9.035181E-17	6.400609E-18
9.280000E+03	9.102978E-17	6.547930E-18
9.320000E+03	9.191097E-17	6.703222E-18
9.360000E+03	9.300866E-17	6.867321E-18
9.400000E+03	9.430051E-17	7.040988E-18
9.440000E+03	9.575529E-17	7.227544E-18
9.480000E+03	9.732044E-17	7.430656E-18
9.520000E+03	9.893626E-17	7.655892E-18
9.560000E+03	1.005622E-16	7.910861E-18
9.600000E+03	1.021447E-16	8.197267E-18
9.640000E+03	1.036488E-16	8.511536E-18
9.680000E+03	1.050511E-16	8.848515E-18
9.720000E+03	1.063087E-16	9.202964E-18
9.760000E+03	1.073746E-16	9.570482E-18
9.800000E+03	1.082301E-16	9.948752E-18
9.840000E+03	1.088554E-16	1.033661E-17
9.880000E+03	1.092595E-16	1.074156E-17
9.920000E+03	1.094276E-16	1.117688E-17
9.960000E+03	1.093511E-16	1.166335E-17
1.000000E+04	1.090274E-16	1.222689E-17
1.004000E+04	1.084335E-16	1.289106E-17
1.008000E+04	1.075592E-16	1.367434E-17
1.012000E+04	1.064205E-16	1.458720E-17
1.016000E+04	1.050030E-16	1.562154E-17
1.020000E+04	1.033326E-16	1.675930E-17
1.024000E+04	1.014465E-16	1.797202E-17
1.028000E+04	9.938148E-17	1.922516E-17
1.032000E+04	9.717159E-17	2.048733E-17
