#wls	flux	fluxerr
3.289393E+03	4.559842E-16	1.540464E-17
3.329393E+03	4.710164E-16	1.275989E-17
3.369393E+03	4.859038E-16	1.025413E-17
3.409393E+03	5.001910E-16	8.071816E-18
3.449393E+03	5.133087E-16	6.549740E-18
3.489393E+03	5.246671E-16	6.078741E-18
3.529393E+03	5.340296E-16	6.552387E-18
3.569393E+03	5.417296E-16	7.330679E-18
3.609393E+03	5.482586E-16	7.924913E-18
3.649393E+03	5.540591E-16	8.127629E-18
3.689393E+03	5.594519E-16	7.908398E-18
3.729393E+03	5.646087E-16	7.365611E-18
3.769393E+03	5.695435E-16	6.741818E-18
3.809393E+03	5.741245E-16	6.441393E-18
3.849393E+03	5.781493E-16	6.828544E-18
3.889393E+03	5.815196E-16	7.807678E-18
3.929393E+03	5.841879E-16	9.029160E-18
3.969393E+03	5.860872E-16	1.023139E-17
4.009393E+03	5.871508E-16	1.127982E-17
4.049393E+03	5.873459E-16	1.212156E-17
4.089393E+03	5.867031E-16	1.274902E-17
4.129393E+03	5.853378E-16	1.317867E-17
4.169393E+03	5.834590E-16	1.343869E-17
4.209393E+03	5.813678E-16	1.356192E-17
4.249393E+03	5.794404E-16	1.358145E-17
4.289393E+03	5.780982E-16	1.352755E-17
4.329393E+03	5.777675E-16	1.342501E-17
4.369393E+03	5.788332E-16	1.329043E-17
4.409393E+03	5.815945E-16	1.312962E-17
4.449393E+03	5.862286E-16	1.293581E-17
4.489393E+03	5.927672E-16	1.268926E-17
4.529393E+03	6.010853E-16	1.235889E-17
4.569393E+03	6.108935E-16	1.190642E-17
4.609393E+03	6.217273E-16	1.129339E-17
4.649393E+03	6.329296E-16	1.049335E-17
4.689393E+03	6.436347E-16	9.513005E-18
4.729393E+03	6.527749E-16	8.428999E-18
4.769393E+03	6.591408E-16	7.439448E-18
4.809393E+03	6.615388E-16	6.876220E-18
4.849393E+03	6.591177E-16	7.050958E-18
4.889393E+03	6.519786E-16	7.844025E-18
4.929393E+03	6.410882E-16	8.837372E-18
4.969393E+03	6.276687E-16	9.741594E-18
5.009393E+03	6.129052E-16	1.043960E-17
5.049393E+03	5.978086E-16	1.091457E-17
5.089393E+03	5.831654E-16	1.119524E-17
5.129393E+03	5.695371E-16	1.132554E-17
5.169393E+03	5.572863E-16	1.134951E-17
5.209393E+03	5.466124E-16	1.130479E-17
5.249393E+03	5.375892E-16	1.122074E-17
5.289393E+03	5.301969E-16	1.111897E-17
5.329393E+03	5.243484E-16	1.101473E-17
5.369393E+03	5.199064E-16	1.091844E-17
5.409393E+03	5.166944E-16	1.083697E-17
5.449393E+03	5.145063E-16	1.077478E-17
5.489393E+03	5.131168E-16	1.073471E-17
5.529393E+03	5.122949E-16	1.071760E-17
5.569393E+03	5.118192E-16	1.072093E-17
5.609393E+03	5.114960E-16	1.073762E-17
5.649393E+03	5.111821E-16	1.075648E-17
5.689393E+03	5.108073E-16	1.076450E-17
5.729393E+03	5.103890E-16	1.074916E-17
5.769393E+03	5.100322E-16	1.069951E-17
5.809393E+03	5.099120E-16	1.060541E-17
5.849393E+03	5.102418E-16	1.045552E-17
5.889393E+03	5.112296E-16	1.023481E-17
5.929393E+03	5.130245E-16	9.922093E-18
5.969393E+03	5.156569E-16	9.488556E-18
6.009393E+03	5.189749E-16	8.898390E-18
6.049393E+03	5.225860E-16	8.113165E-18
6.089393E+03	5.258242E-16	7.103177E-18
6.129393E+03	5.277754E-16	5.871842E-18
6.169393E+03	5.274068E-16	4.509015E-18
6.209393E+03	5.238306E-16	3.319526E-18
6.249393E+03	5.166554E-16	2.937288E-18
6.289393E+03	5.061221E-16	3.389692E-18
6.329393E+03	4.929498E-16	3.899584E-18
6.369393E+03	4.782834E-16	4.168210E-18
6.409393E+03	4.634061E-16	4.309792E-18
6.449393E+03	4.494586E-16	4.581349E-18
6.489393E+03	4.371809E-16	5.081895E-18
6.529393E+03	4.268970E-16	5.698529E-18
6.569393E+03	4.187141E-16	6.314044E-18
6.609393E+03	4.125973E-16	6.867034E-18
6.649393E+03	4.084010E-16	7.338084E-18
6.689393E+03	4.058926E-16	7.729438E-18
6.729393E+03	4.047741E-16	8.051535E-18
6.769393E+03	4.047037E-16	8.315634E-18
6.809393E+03	4.053134E-16	8.530340E-18
6.849393E+03	4.062239E-16	8.700485E-18
6.889393E+03	4.070537E-16	8.827431E-18
6.929393E+03	4.074264E-16	8.910075E-18
6.969393E+03	4.069814E-16	8.945978E-18
7.009393E+03	4.053914E-16	8.932245E-18
7.049393E+03	4.023843E-16	8.866045E-18
7.089393E+03	3.977640E-16	8.744873E-18
7.129393E+03	3.914219E-16	8.566691E-18
7.169393E+03	3.833385E-16	8.330121E-18
7.209393E+03	3.735790E-16	8.034792E-18
7.249393E+03	3.622913E-16	7.681827E-18
7.289393E+03	3.497124E-16	7.274344E-18
7.329393E+03	3.361839E-16	6.817763E-18
7.369393E+03	3.221687E-16	6.319825E-18
7.409393E+03	3.082562E-16	5.790428E-18
7.449393E+03	2.951433E-16	5.241559E-18
7.489393E+03	2.835908E-16	4.687850E-18
7.529393E+03	2.743628E-16	4.148487E-18
7.569393E+03	2.681636E-16	3.651155E-18
7.609393E+03	2.655739E-16	3.236860E-18
7.649393E+03	2.669517E-16	2.956181E-18
7.689393E+03	2.721389E-16	2.827457E-18
7.729393E+03	2.800259E-16	2.786900E-18
7.769393E+03	2.887935E-16	2.778032E-18
7.809393E+03	2.962714E-16	2.844971E-18
7.849393E+03	3.004843E-16	3.106511E-18
7.889393E+03	3.006886E-16	3.561250E-18
7.929393E+03	2.974497E-16	4.077945E-18
7.969393E+03	2.918466E-16	4.549902E-18
8.009393E+03	2.850121E-16	4.930380E-18
8.049393E+03	2.778965E-16	5.214019E-18
8.089393E+03	2.711818E-16	5.415431E-18
8.129393E+03	2.652869E-16	5.555165E-18
8.169393E+03	2.604141E-16	5.652372E-18
8.209393E+03	2.566067E-16	5.721913E-18
8.249393E+03	2.538019E-16	5.773966E-18
8.289393E+03	2.518716E-16	5.814782E-18
8.329393E+03	2.506523E-16	5.847721E-18
8.369393E+03	2.499650E-16	5.874144E-18
8.409393E+03	2.496273E-16	5.894040E-18
8.449393E+03	2.494623E-16	5.906406E-18
8.489393E+03	2.493052E-16	5.909527E-18
8.529393E+03	2.490102E-16	5.901193E-18
8.569393E+03	2.484586E-16	5.878923E-18
8.609393E+03	2.475663E-16	5.840178E-18
8.649393E+03	2.462900E-16	5.782527E-18
8.689393E+03	2.446285E-16	5.703691E-18
8.729393E+03	2.426201E-16	5.601364E-18
8.769393E+03	2.403327E-16	5.472823E-18
8.809393E+03	2.378505E-16	5.314415E-18
8.849393E+03	2.352586E-16	5.121099E-18
8.889393E+03	2.326281E-16	4.886317E-18
8.929393E+03	2.300056E-16	4.602457E-18
8.969393E+03	2.274060E-16	4.262313E-18
9.009393E+03	2.248107E-16	3.862238E-18
9.049393E+03	2.221687E-16	3.408434E-18
9.089393E+03	2.194040E-16	2.929165E-18
9.129393E+03	2.164292E-16	2.496464E-18
9.169393E+03	2.131686E-16	2.244571E-18
9.209393E+03	2.095949E-16	2.296208E-18
9.249393E+03	2.057705E-16	2.585295E-18
9.289393E+03	2.018165E-16	2.953047E-18
9.329393E+03	1.978607E-16	3.297170E-18
9.369393E+03	1.940126E-16	3.573801E-18
9.409393E+03	1.903544E-16	3.770505E-18
9.449393E+03	1.869420E-16	3.889370E-18
9.489393E+03	1.838106E-16	3.938167E-18
9.529393E+03	1.809802E-16	3.925460E-18
9.569393E+03	1.784607E-16	3.857761E-18
9.609393E+03	1.762538E-16	3.738054E-18
9.649393E+03	1.743530E-16	3.565569E-18
9.689393E+03	1.727415E-16	3.336904E-18
9.729393E+03	1.713889E-16	3.048890E-18
9.769393E+03	1.702470E-16	2.704197E-18
9.809393E+03	1.692466E-16	2.322284E-18
9.849393E+03	1.682964E-16	1.960854E-18
9.889393E+03	1.672914E-16	1.743716E-18
9.929393E+03	1.661420E-16	1.810225E-18
9.969393E+03	1.648342E-16	2.129584E-18
1.000939E+04	1.634011E-16	2.562489E-18
1.004939E+04	1.618726E-16	3.013129E-18
1.008939E+04	1.602631E-16	3.435919E-18
1.012939E+04	1.585720E-16	3.810985E-18
1.016939E+04	1.567897E-16	4.130186E-18
1.020939E+04	1.549042E-16	4.391085E-18
1.024939E+04	1.529065E-16	4.594665E-18
1.028939E+04	1.507931E-16	4.744791E-18
1.032939E+04	1.485660E-16	4.848431E-18
1.036939E+04	1.462315E-16	4.916104E-18
1.040939E+04	1.437981E-16	4.962025E-18
1.044939E+04	1.412754E-16	5.003440E-18
1.048939E+04	1.386752E-16	5.058690E-18
1.052939E+04	1.360135E-16	5.144062E-18
1.056939E+04	1.333134E-16	5.270326E-18
1.060939E+04	1.306062E-16	5.440540E-18
1.064939E+04	1.279294E-16	5.650255E-18
1.068939E+04	1.253228E-16	5.889860E-18
1.072939E+04	1.228230E-16	6.147671E-18
1.076939E+04	1.204593E-16	6.412420E-18
1.080939E+04	1.182512E-16	6.674611E-18
1.084939E+04	1.162084E-16	6.926916E-18
1.088939E+04	1.143320E-16	7.164002E-18
1.092939E+04	1.126167E-16	7.382151E-18
1.096939E+04	1.110526E-16	7.578854E-18
1.100939E+04	1.096275E-16	7.752482E-18
1.104939E+04	1.083279E-16	7.902029E-18
1.108939E+04	1.071405E-16	8.026934E-18
1.112939E+04	1.060526E-16	8.126954E-18
1.116939E+04	1.050525E-16	8.202082E-18
1.120939E+04	1.041296E-16	8.252487E-18
1.124939E+04	1.032748E-16	8.278472E-18
1.128939E+04	1.024800E-16	8.280447E-18
1.132939E+04	1.017382E-16	8.258902E-18
1.136939E+04	1.010434E-16	8.214389E-18
1.140939E+04	1.003904E-16	8.147506E-18
1.144939E+04	9.977454E-17	8.058875E-18
1.148939E+04	9.919203E-17	7.949129E-18
1.152939E+04	9.863939E-17	7.818897E-18
1.156939E+04	9.811362E-17	7.668787E-18
1.160939E+04	9.761208E-17	7.499374E-18
1.164939E+04	9.713247E-17	7.311188E-18
1.168939E+04	9.667283E-17	7.104706E-18
1.172939E+04	9.623148E-17	6.880346E-18
1.176939E+04	9.580704E-17	6.638464E-18
1.180939E+04	9.539840E-17	6.379351E-18
1.184939E+04	9.500462E-17	6.103230E-18
1.188939E+04	9.462484E-17	5.810246E-18
1.192939E+04	9.425818E-17	5.500461E-18
1.196939E+04	9.390341E-17	5.173835E-18
1.200939E+04	9.355868E-17	4.830211E-18
1.204939E+04	9.322101E-17	4.469291E-18
1.208939E+04	9.288573E-17	4.090628E-18
1.212939E+04	9.254579E-17	3.693640E-18
1.216939E+04	9.219112E-17	3.277707E-18
1.220939E+04	9.180828E-17	2.842465E-18
1.224939E+04	9.138076E-17	2.388593E-18
1.228939E+04	9.089046E-17	1.919910E-18
1.232939E+04	9.032044E-17	1.449558E-18
1.236939E+04	8.965888E-17	1.021325E-18
1.240939E+04	8.890252E-17	7.774226E-19
1.244939E+04	8.805700E-17	9.149146E-19
1.248939E+04	8.713345E-17	1.299812E-18
1.252939E+04	8.614979E-17	1.746417E-18
1.256939E+04	8.513047E-17	2.190729E-18
1.260939E+04	8.410239E-17	2.613133E-18
1.264939E+04	8.309060E-17	3.007455E-18
1.268939E+04	8.211535E-17	3.372390E-18
1.272939E+04	8.119097E-17	3.708664E-18
1.276939E+04	8.032605E-17	4.017886E-18
1.280939E+04	7.952438E-17	4.302017E-18
1.284939E+04	7.878618E-17	4.563105E-18
1.288939E+04	7.810923E-17	4.803157E-18
1.292939E+04	7.748978E-17	5.024068E-18
1.296939E+04	7.692324E-17	5.227597E-18
1.300939E+04	7.640463E-17	5.415348E-18
1.304939E+04	7.592887E-17	5.588775E-18
1.308939E+04	7.549090E-17	5.749181E-18
1.312939E+04	7.508582E-17	5.897717E-18
1.316939E+04	7.470889E-17	6.035392E-18
1.320939E+04	7.435554E-17	6.163071E-18
1.324939E+04	7.402140E-17	6.281480E-18
1.328939E+04	7.370226E-17	6.391210E-18
1.332939E+04	7.339410E-17	6.492724E-18
1.336939E+04	7.309307E-17	6.586359E-18
1.340939E+04	7.279549E-17	6.672338E-18
1.344939E+04	7.249782E-17	6.750776E-18
1.348939E+04	7.219670E-17	6.821692E-18
1.352939E+04	7.188897E-17	6.885028E-18
1.356939E+04	7.157163E-17	6.940666E-18
1.360939E+04	7.124196E-17	6.988448E-18
1.364939E+04	7.089750E-17	7.028196E-18
1.368939E+04	7.053610E-17	7.059731E-18
1.372939E+04	7.015592E-17	7.082884E-18
1.376939E+04	6.975546E-17	7.097512E-18
1.380939E+04	6.933360E-17	7.103510E-18
1.384939E+04	6.888959E-17	7.100832E-18
1.388939E+04	6.842311E-17	7.089504E-18
1.392939E+04	6.793430E-17	7.069643E-18
1.396939E+04	6.742377E-17	7.041458E-18
1.400939E+04	6.689257E-17	7.005257E-18
1.404939E+04	6.634217E-17	6.961436E-18
1.408939E+04	6.577441E-17	6.910476E-18
1.412939E+04	6.519145E-17	6.852926E-18
1.416939E+04	6.459568E-17	6.789390E-18
1.420939E+04	6.398964E-17	6.720513E-18
1.424939E+04	6.337595E-17	6.646955E-18
1.428939E+04	6.275721E-17	6.569377E-18
1.432939E+04	6.213596E-17	6.488419E-18
1.436939E+04	6.151458E-17	6.404687E-18
1.440939E+04	6.089531E-17	6.318741E-18
1.444939E+04	6.028015E-17	6.231079E-18
1.448939E+04	5.967086E-17	6.142129E-18
1.452939E+04	5.906896E-17	6.052244E-18
1.456939E+04	5.847571E-17	5.961693E-18
1.460939E+04	5.789213E-17	5.870665E-18
1.464939E+04	5.731902E-17	5.779273E-18
1.468939E+04	5.675696E-17	5.687561E-18
1.472939E+04	5.620639E-17	5.595513E-18
1.476939E+04	5.566752E-17	5.503068E-18
1.480939E+04	5.514045E-17	5.410120E-18
1.484939E+04	5.462512E-17	5.316536E-18
1.488939E+04	5.412133E-17	5.222150E-18
1.492939E+04	5.362880E-17	5.126775E-18
1.496939E+04	5.314716E-17	5.030204E-18
1.500939E+04	5.267600E-17	4.932209E-18
1.504939E+04	5.221490E-17	4.832547E-18
1.508939E+04	5.176346E-17	4.730964E-18
1.512939E+04	5.132135E-17	4.627194E-18
1.516939E+04	5.088833E-17	4.520971E-18
1.520939E+04	5.046429E-17	4.412026E-18
1.524939E+04	5.004930E-17	4.300098E-18
1.528939E+04	4.964362E-17	4.184931E-18
1.532939E+04	4.924770E-17	4.066281E-18
1.536939E+04	4.886226E-17	3.943918E-18
1.540939E+04	4.848818E-17	3.817619E-18
1.544939E+04	4.812657E-17	3.687172E-18
1.548939E+04	4.777870E-17	3.552368E-18
1.552939E+04	4.744596E-17	3.412999E-18
1.556939E+04	4.712984E-17	3.268853E-18
1.560939E+04	4.683181E-17	3.119703E-18
1.564939E+04	4.655329E-17	2.965310E-18
1.568939E+04	4.629553E-17	2.805407E-18
1.572939E+04	4.605944E-17	2.639702E-18
1.576939E+04	4.584539E-17	2.467867E-18
1.580939E+04	4.565303E-17	2.289534E-18
1.584939E+04	4.548088E-17	2.104296E-18
1.588939E+04	4.532600E-17	1.911719E-18
1.592939E+04	4.518359E-17	1.711402E-18
1.596939E+04	4.504658E-17	1.503132E-18
1.600939E+04	4.490556E-17	1.287314E-18
1.604939E+04	4.474905E-17	1.066012E-18
1.608939E+04	4.456449E-17	8.456331E-19
1.612939E+04	4.434007E-17	6.443195E-19
1.616939E+04	4.406712E-17	5.096593E-19
1.620939E+04	4.374223E-17	5.162117E-19
1.624939E+04	4.336810E-17	6.577196E-19
1.628939E+04	4.295314E-17	8.579210E-19
1.632939E+04	4.250986E-17	1.071863E-18
1.636939E+04	4.205233E-17	1.282039E-18
1.640939E+04	4.159378E-17	1.481751E-18
1.644939E+04	4.114510E-17	1.668531E-18
1.648939E+04	4.071419E-17	1.841724E-18
1.652939E+04	4.030611E-17	2.001512E-18
1.656939E+04	3.992350E-17	2.148452E-18
1.660939E+04	3.956718E-17	2.283266E-18
1.664939E+04	3.923672E-17	2.406725E-18
1.668939E+04	3.893085E-17	2.519599E-18
1.672939E+04	3.864784E-17	2.622633E-18
1.676939E+04	3.838573E-17	2.716540E-18
1.680939E+04	3.814250E-17	2.801992E-18
1.684939E+04	3.791619E-17	2.879627E-18
1.688939E+04	3.770495E-17	2.950052E-18
1.692939E+04	3.750712E-17	3.013840E-18
1.696939E+04	3.732125E-17	3.071541E-18
1.700939E+04	3.714611E-17	3.123679E-18
1.704939E+04	3.698070E-17	3.170761E-18
1.708939E+04	3.682428E-17	3.213273E-18
1.712939E+04	3.667632E-17	3.251688E-18
1.716939E+04	3.653657E-17	3.286468E-18
1.720939E+04	3.640496E-17	3.318061E-18
1.724939E+04	3.628167E-17	3.346904E-18
1.728939E+04	3.616702E-17	3.373426E-18
1.732939E+04	3.606152E-17	3.398043E-18
1.736939E+04	3.596577E-17	3.421155E-18
1.740939E+04	3.588046E-17	3.443149E-18
1.744939E+04	3.580634E-17	3.464393E-18
1.748939E+04	3.574413E-17	3.485233E-18
1.752939E+04	3.569454E-17	3.505989E-18
1.756939E+04	3.565822E-17	3.526956E-18
1.760939E+04	3.563569E-17	3.548396E-18
1.764939E+04	3.562733E-17	3.570535E-18
1.768939E+04	3.563336E-17	3.593561E-18
1.772939E+04	3.565375E-17	3.617621E-18
1.776939E+04	3.568828E-17	3.642811E-18
1.780939E+04	3.573645E-17	3.669179E-18
1.784939E+04	3.579753E-17	3.696715E-18
1.788939E+04	3.587052E-17	3.725355E-18
1.792939E+04	3.595414E-17	3.754975E-18
1.796939E+04	3.604687E-17	3.785396E-18
1.800939E+04	3.614695E-17	3.816389E-18
1.804939E+04	3.625235E-17	3.847674E-18
1.808939E+04	3.636086E-17	3.878931E-18
1.812939E+04	3.647002E-17	3.909805E-18
1.816939E+04	3.657723E-17	3.939912E-18
1.820939E+04	3.667971E-17	3.968847E-18
1.824939E+04	3.677463E-17	3.996198E-18
1.828939E+04	3.685911E-17	4.021555E-18
1.832939E+04	3.693034E-17	4.044520E-18
1.836939E+04	3.698563E-17	4.064723E-18
1.840939E+04	3.702251E-17	4.081822E-18
1.844939E+04	3.703878E-17	4.095517E-18
1.848939E+04	3.703256E-17	4.105549E-18
1.852939E+04	3.700232E-17	4.111707E-18
1.856939E+04	3.694690E-17	4.113832E-18
1.860939E+04	3.686552E-17	4.111820E-18
1.864939E+04	3.675780E-17	4.105625E-18
1.868939E+04	3.662375E-17	4.095268E-18
1.872939E+04	3.646386E-17	4.080830E-18
1.876939E+04	3.627899E-17	4.062456E-18
1.880939E+04	3.607040E-17	4.040339E-18
1.884939E+04	3.583965E-17	4.014710E-18
1.888939E+04	3.558854E-17	3.985822E-18
1.892939E+04	3.531898E-17	3.953934E-18
1.896939E+04	3.503296E-17	3.919300E-18
1.900939E+04	3.473252E-17	3.882167E-18
1.904939E+04	3.441965E-17	3.842774E-18
1.908939E+04	3.409637E-17	3.801351E-18
1.912939E+04	3.376461E-17	3.758125E-18
1.916939E+04	3.342629E-17	3.713326E-18
1.920939E+04	3.308328E-17	3.667186E-18
1.924939E+04	3.273740E-17	3.619947E-18
1.928939E+04	3.239039E-17	3.571855E-18
1.932939E+04	3.204391E-17	3.523162E-18
1.936939E+04	3.169950E-17	3.474113E-18
1.940939E+04	3.135852E-17	3.424937E-18
1.944939E+04	3.102220E-17	3.375842E-18
1.948939E+04	3.069156E-17	3.327007E-18
1.952939E+04	3.036746E-17	3.278575E-18
1.956939E+04	3.005061E-17	3.230659E-18
1.960939E+04	2.974153E-17	3.183335E-18
1.964939E+04	2.944062E-17	3.136648E-18
1.968939E+04	2.914811E-17	3.090610E-18
1.972939E+04	2.886407E-17	3.045194E-18
1.976939E+04	2.858844E-17	3.000337E-18
1.980939E+04	2.832098E-17	2.955935E-18
1.984939E+04	2.806132E-17	2.911839E-18
1.988939E+04	2.780898E-17	2.867864E-18
1.992939E+04	2.756336E-17	2.823792E-18
1.996939E+04	2.732380E-17	2.779384E-18
2.000939E+04	2.708961E-17	2.734394E-18
2.004939E+04	2.686012E-17	2.688582E-18
2.008939E+04	2.663466E-17	2.641735E-18
2.012939E+04	2.641266E-17	2.593668E-18
2.016939E+04	2.619358E-17	2.544236E-18
2.020939E+04	2.597697E-17	2.493332E-18
2.024939E+04	2.576249E-17	2.440882E-18
2.028939E+04	2.554984E-17	2.386835E-18
2.032939E+04	2.533881E-17	2.331161E-18
2.036939E+04	2.512927E-17	2.273840E-18
2.040939E+04	2.492117E-17	2.214862E-18
2.044939E+04	2.471448E-17	2.154228E-18
2.048939E+04	2.450927E-17	2.091948E-18
2.052939E+04	2.430562E-17	2.028056E-18
2.056939E+04	2.410365E-17	1.962609E-18
2.060939E+04	2.390347E-17	1.895696E-18
2.064939E+04	2.370521E-17	1.827446E-18
2.068939E+04	2.350900E-17	1.758021E-18
2.072939E+04	2.331492E-17	1.687616E-18
2.076939E+04	2.312303E-17	1.616446E-18
2.080939E+04	2.293339E-17	1.544736E-18
2.084939E+04	2.274596E-17	1.472693E-18
2.088939E+04	2.256070E-17	1.400491E-18
2.092939E+04	2.237747E-17	1.328240E-18
2.096939E+04	2.219610E-17	1.255962E-18
2.100939E+04	2.201636E-17	1.183565E-18
2.104939E+04	2.183793E-17	1.110823E-18
2.108939E+04	2.166041E-17	1.037374E-18
2.112939E+04	2.148330E-17	9.627392E-19
2.116939E+04	2.130594E-17	8.863727E-19
2.120939E+04	2.112751E-17	8.077635E-19
2.124939E+04	2.094698E-17	7.266132E-19
2.128939E+04	2.076302E-17	6.431391E-19
2.132939E+04	2.057381E-17	5.586090E-19
2.136939E+04	2.037697E-17	4.763196E-19
2.140939E+04	2.016950E-17	4.033308E-19
2.144939E+04	1.994804E-17	3.525214E-19
2.148939E+04	1.970974E-17	3.401462E-19
2.152939E+04	1.945438E-17	3.715489E-19
2.156939E+04	1.918534E-17	4.340333E-19
2.160939E+04	1.890695E-17	5.117280E-19
2.164939E+04	1.862287E-17	5.942321E-19
2.168939E+04	1.833561E-17	6.759038E-19
2.172939E+04	1.804646E-17	7.537915E-19
2.176939E+04	1.775570E-17	8.263514E-19
2.180939E+04	1.746285E-17	8.927895E-19
2.184939E+04	1.716696E-17	9.527284E-19
2.188939E+04	1.686681E-17	1.006035E-18
2.192939E+04	1.656116E-17	1.052727E-18
2.196939E+04	1.624882E-17	1.092921E-18
2.200939E+04	1.592875E-17	1.126806E-18
2.204939E+04	1.560016E-17	1.154619E-18
2.208939E+04	1.526255E-17	1.176640E-18
2.212939E+04	1.491568E-17	1.193180E-18
2.216939E+04	1.455966E-17	1.204575E-18
2.220939E+04	1.419491E-17	1.211184E-18
2.224939E+04	1.382215E-17	1.213378E-18
2.228939E+04	1.344241E-17	1.211542E-18
2.232939E+04	1.305698E-17	1.206067E-18
2.236939E+04	1.266740E-17	1.197349E-18
2.240939E+04	1.227540E-17	1.185780E-18
2.244939E+04	1.188287E-17	1.171750E-18
2.248939E+04	1.149179E-17	1.155642E-18
2.252939E+04	1.110422E-17	1.137827E-18
2.256939E+04	1.072224E-17	1.118662E-18
2.260939E+04	1.034789E-17	1.098491E-18
2.264939E+04	9.983147E-18	1.077642E-18
2.268939E+04	9.629867E-18	1.056422E-18
2.272939E+04	9.289767E-18	1.035122E-18
2.276939E+04	8.964373E-18	1.014011E-18
2.280939E+04	8.654993E-18	9.933371E-19
2.284939E+04	8.362699E-18	9.733225E-19
2.288939E+04	8.088316E-18	9.541666E-19
2.292939E+04	7.832429E-18	9.360436E-19
2.296939E+04	7.595399E-18	9.191031E-19
2.300939E+04	7.377390E-18	9.034725E-19
2.304939E+04	7.178392E-18	8.892582E-19
2.308939E+04	6.998252E-18	8.765479E-19
2.312939E+04	6.836700E-18	8.654119E-19
2.316939E+04	6.693371E-18	8.559058E-19
2.320939E+04	6.567832E-18	8.480723E-19
2.324939E+04	6.459610E-18	8.419444E-19
2.328939E+04	6.368211E-18	8.375486E-19
2.332939E+04	6.293147E-18	8.349090E-19
2.336939E+04	6.233949E-18	8.340505E-19
2.340939E+04	6.190183E-18	8.350030E-19
2.344939E+04	6.161452E-18	8.378041E-19
2.348939E+04	6.147396E-18	8.425019E-19
2.352939E+04	6.147696E-18	8.491571E-19
2.356939E+04	6.162063E-18	8.578447E-19
2.360939E+04	6.190234E-18	8.686554E-19
2.364939E+04	6.231968E-18	8.816975E-19
2.368939E+04	6.287038E-18	8.970980E-19
2.372939E+04	6.355228E-18	9.150051E-19
2.376939E+04	6.436327E-18	9.355897E-19
2.380939E+04	6.530132E-18	9.590476E-19
2.384939E+04	6.636438E-18	9.856013E-19
2.388939E+04	6.755047E-18	1.015501E-18
2.392939E+04	6.885764E-18	1.049026E-18
2.396939E+04	7.028401E-18	1.086485E-18
2.400939E+04	7.182780E-18	1.128214E-18
2.404939E+04	7.348730E-18	1.174574E-18
2.408939E+04	7.526092E-18	1.225950E-18
2.412939E+04	7.714713E-18	1.282745E-18
2.416939E+04	7.914448E-18	1.345373E-18
2.420939E+04	8.125158E-18	1.414257E-18
2.424939E+04	8.346702E-18	1.489819E-18
2.428939E+04	8.578937E-18	1.572473E-18
2.432939E+04	8.821719E-18	1.662618E-18
2.436939E+04	9.074899E-18	1.760632E-18
2.440939E+04	9.338335E-18	1.866870E-18
2.444939E+04	9.611888E-18	1.981659E-18
2.448939E+04	9.895434E-18	2.105299E-18
