#wls	flux	fluxerr
3.289393E+03	9.919683E-19	6.002816E-20
3.329393E+03	1.036894E-18	5.653273E-20
3.369393E+03	1.084537E-18	5.323207E-20
3.409393E+03	1.135030E-18	5.028802E-20
3.449393E+03	1.188508E-18	4.791085E-20
3.489393E+03	1.245113E-18	4.634583E-20
3.529393E+03	1.304984E-18	4.572588E-20
3.569393E+03	1.368241E-18	4.593856E-20
3.609393E+03	1.434999E-18	4.681297E-20
3.649393E+03	1.505353E-18	4.820535E-20
3.689393E+03	1.579379E-18	5.005871E-20
3.729393E+03	1.657122E-18	5.244372E-20
3.769393E+03	1.738589E-18	5.557538E-20
3.809393E+03	1.823749E-18	5.979602E-20
3.849393E+03	1.912563E-18	6.546170E-20
3.889393E+03	2.005141E-18	7.255879E-20
3.929393E+03	2.101682E-18	8.085219E-20
3.969393E+03	2.202398E-18	9.007772E-20
4.009393E+03	2.307500E-18	9.997544E-20
4.049393E+03	2.417193E-18	1.102995E-19
4.089393E+03	2.531683E-18	1.208175E-19
4.129393E+03	2.651176E-18	1.313061E-19
4.169393E+03	2.775884E-18	1.415462E-19
4.209393E+03	2.906023E-18	1.513190E-19
4.249393E+03	3.041814E-18	1.604038E-19
4.289393E+03	3.183480E-18	1.685747E-19
4.329393E+03	3.331240E-18	1.756001E-19
4.369393E+03	3.485297E-18	1.812434E-19
4.409393E+03	3.645818E-18	1.852657E-19
4.449393E+03	3.812935E-18	1.874331E-19
4.489393E+03	3.986742E-18	1.875273E-19
4.529393E+03	4.167284E-18	1.853627E-19
4.569393E+03	4.354573E-18	1.808151E-19
4.609393E+03	4.548607E-18	1.738746E-19
4.649393E+03	4.749356E-18	1.647386E-19
4.689393E+03	4.956712E-18	1.539761E-19
4.729393E+03	5.170488E-18	1.428099E-19
4.769393E+03	5.390407E-18	1.335254E-19
4.809393E+03	5.616089E-18	1.297497E-19
4.849393E+03	5.847073E-18	1.356062E-19
4.889393E+03	6.082915E-18	1.521218E-19
4.929393E+03	6.323185E-18	1.769266E-19
4.969393E+03	6.567377E-18	2.072385E-19
5.009393E+03	6.814861E-18	2.408976E-19
5.049393E+03	7.064867E-18	2.764132E-19
5.089393E+03	7.316481E-18	3.127600E-19
5.129393E+03	7.568644E-18	3.492033E-19
5.169393E+03	7.820170E-18	3.851867E-19
5.209393E+03	8.069819E-18	4.202700E-19
5.249393E+03	8.316352E-18	4.540950E-19
5.289393E+03	8.558511E-18	4.863566E-19
5.329393E+03	8.794998E-18	5.167870E-19
5.369393E+03	9.024514E-18	5.451406E-19
5.409393E+03	9.245788E-18	5.711785E-19
5.449393E+03	9.457549E-18	5.946703E-19
5.489393E+03	9.658620E-18	6.153927E-19
5.529393E+03	9.848015E-18	6.331302E-19
5.569393E+03	1.002492E-17	6.476704E-19
5.609393E+03	1.018869E-17	6.588143E-19
5.649393E+03	1.033889E-17	6.663982E-19
5.689393E+03	1.047525E-17	6.703108E-19
5.729393E+03	1.059772E-17	6.704818E-19
5.769393E+03	1.070638E-17	6.668664E-19
5.809393E+03	1.080145E-17	6.594492E-19
5.849393E+03	1.088333E-17	6.482410E-19
5.889393E+03	1.095255E-17	6.332692E-19
5.929393E+03	1.100984E-17	6.145694E-19
5.969393E+03	1.105610E-17	5.921875E-19
6.009393E+03	1.109230E-17	5.661966E-19
6.049393E+03	1.111952E-17	5.367037E-19
6.089393E+03	1.113884E-17	5.038513E-19
6.129393E+03	1.115135E-17	4.678362E-19
6.169393E+03	1.115821E-17	4.289484E-19
6.209393E+03	1.116055E-17	3.876504E-19
6.249393E+03	1.115950E-17	3.447133E-19
6.289393E+03	1.115625E-17	3.014382E-19
6.329393E+03	1.115195E-17	2.600630E-19
6.369393E+03	1.114769E-17	2.244403E-19
6.409393E+03	1.114441E-17	2.005993E-19
6.449393E+03	1.114295E-17	1.952040E-19
6.489393E+03	1.114484E-17	2.081879E-19
6.529393E+03	1.115244E-17	2.319338E-19
6.569393E+03	1.116808E-17	2.594411E-19
6.609393E+03	1.119405E-17	2.864406E-19
6.649393E+03	1.123253E-17	3.107537E-19
6.689393E+03	1.128563E-17	3.314482E-19
6.729393E+03	1.135525E-17	3.482956E-19
6.769393E+03	1.144259E-17	3.614239E-19
6.809393E+03	1.154817E-17	3.711345E-19
6.849393E+03	1.167192E-17	3.777963E-19
6.889393E+03	1.181309E-17	3.818205E-19
6.929393E+03	1.197008E-17	3.837023E-19
6.969393E+03	1.214058E-17	3.840254E-19
7.009393E+03	1.232194E-17	3.834460E-19
7.049393E+03	1.251157E-17	3.826739E-19
7.089393E+03	1.270684E-17	3.823808E-19
7.129393E+03	1.290497E-17	3.829897E-19
7.169393E+03	1.310373E-17	3.845794E-19
7.209393E+03	1.330177E-17	3.869390E-19
7.249393E+03	1.349834E-17	3.896787E-19
7.289393E+03	1.369206E-17	3.921979E-19
7.329393E+03	1.388111E-17	3.938712E-19
7.369393E+03	1.406392E-17	3.941818E-19
7.409393E+03	1.423945E-17	3.926364E-19
7.449393E+03	1.440748E-17	3.886131E-19
7.489393E+03	1.456896E-17	3.813289E-19
7.529393E+03	1.472592E-17	3.699337E-19
7.569393E+03	1.488168E-17	3.536435E-19
7.609393E+03	1.504090E-17	3.319101E-19
7.649393E+03	1.520895E-17	3.046117E-19
7.689393E+03	1.539041E-17	2.723239E-19
7.729393E+03	1.558546E-17	2.368061E-19
7.769393E+03	1.579275E-17	2.024221E-19
7.809393E+03	1.601111E-17	1.784746E-19
7.849393E+03	1.623967E-17	1.780276E-19
7.889393E+03	1.647218E-17	2.003938E-19
7.929393E+03	1.669731E-17	2.326418E-19
7.969393E+03	1.690374E-17	2.658062E-19
8.009393E+03	1.708286E-17	2.957324E-19
8.049393E+03	1.722910E-17	3.210990E-19
8.089393E+03	1.733954E-17	3.419886E-19
8.129393E+03	1.741371E-17	3.590741E-19
8.169393E+03	1.745353E-17	3.730113E-19
8.209393E+03	1.746279E-17	3.841578E-19
8.249393E+03	1.744680E-17	3.927006E-19
8.289393E+03	1.741232E-17	3.986995E-19
8.329393E+03	1.736695E-17	4.022661E-19
8.369393E+03	1.731820E-17	4.038555E-19
8.409393E+03	1.727271E-17	4.040606E-19
8.449393E+03	1.723589E-17	4.035016E-19
8.489393E+03	1.721170E-17	4.028428E-19
8.529393E+03	1.720284E-17	4.026013E-19
8.569393E+03	1.721099E-17	4.029486E-19
8.609393E+03	1.723688E-17	4.036343E-19
8.649393E+03	1.728051E-17	4.040427E-19
8.689393E+03	1.734182E-17	4.034396E-19
8.729393E+03	1.742009E-17	4.012187E-19
8.769393E+03	1.751361E-17	3.969194E-19
8.809393E+03	1.762006E-17	3.901830E-19
8.849393E+03	1.773712E-17	3.806629E-19
8.889393E+03	1.786329E-17	3.677864E-19
8.929393E+03	1.799765E-17	3.509021E-19
8.969393E+03	1.813959E-17	3.293917E-19
9.009393E+03	1.828884E-17	3.027009E-19
9.049393E+03	1.844529E-17	2.707221E-19
9.089393E+03	1.860857E-17	2.350963E-19
9.129393E+03	1.877788E-17	2.016230E-19
9.169393E+03	1.895173E-17	1.838604E-19
9.209393E+03	1.912875E-17	1.976327E-19
9.249393E+03	1.930838E-17	2.358574E-19
9.289393E+03	1.949029E-17	2.816922E-19
9.329393E+03	1.967336E-17	3.252925E-19
9.369393E+03	1.985534E-17	3.622427E-19
9.409393E+03	2.003307E-17	3.910436E-19
9.449393E+03	2.020267E-17	4.117401E-19
9.489393E+03	2.036017E-17	4.249110E-19
9.529393E+03	2.050131E-17	4.312401E-19
9.569393E+03	2.062068E-17	4.312754E-19
9.609393E+03	2.071263E-17	4.250774E-19
9.649393E+03	2.077457E-17	4.118479E-19
9.689393E+03	2.080681E-17	3.902811E-19
9.729393E+03	2.081076E-17	3.594670E-19
9.769393E+03	2.078881E-17	3.197284E-19
9.809393E+03	2.074444E-17	2.738791E-19
9.849393E+03	2.068390E-17	2.298297E-19
9.889393E+03	2.061558E-17	2.057074E-19
9.929393E+03	2.054746E-17	2.233256E-19
9.969393E+03	2.048441E-17	2.752542E-19
1.000939E+04	2.042924E-17	3.403445E-19
1.004939E+04	2.038472E-17	4.062170E-19
1.008939E+04	2.035320E-17	4.670625E-19
1.012939E+04	2.033684E-17	5.200979E-19
1.016939E+04	2.033792E-17	5.640310E-19
1.020939E+04	2.035856E-17	5.984756E-19
1.024939E+04	2.040072E-17	6.237271E-19
1.028939E+04	2.046648E-17	6.406865E-19
1.032939E+04	2.055812E-17	6.507723E-19
1.036939E+04	2.067814E-17	6.558550E-19
1.040939E+04	2.082914E-17	6.580676E-19
1.044939E+04	2.101377E-17	6.596513E-19
1.048939E+04	2.123401E-17	6.625839E-19
1.052939E+04	2.149020E-17	6.679001E-19
1.056939E+04	2.178093E-17	6.758917E-19
1.060939E+04	2.210390E-17	6.866425E-19
1.064939E+04	2.245606E-17	7.000698E-19
1.068939E+04	2.283335E-17	7.158918E-19
1.072939E+04	2.323103E-17	7.338341E-19
1.076939E+04	2.364411E-17	7.538565E-19
1.080939E+04	2.406815E-17	7.760898E-19
1.084939E+04	2.450015E-17	8.005306E-19
1.088939E+04	2.493799E-17	8.270043E-19
1.092939E+04	2.538024E-17	8.551320E-19
1.096939E+04	2.582548E-17	8.842792E-19
1.100939E+04	2.627177E-17	9.134555E-19
1.104939E+04	2.671678E-17	9.412748E-19
1.108939E+04	2.715782E-17	9.659655E-19
1.112939E+04	2.759166E-17	9.854911E-19
1.116939E+04	2.801469E-17	9.976470E-19
1.120939E+04	2.842302E-17	1.000158E-18
1.124939E+04	2.881201E-17	9.908717E-19
1.128939E+04	2.917608E-17	9.679104E-19
1.132939E+04	2.950884E-17	9.298070E-19
1.136939E+04	2.980335E-17	8.756847E-19
1.140939E+04	3.005186E-17	8.054988E-19
1.144939E+04	3.024592E-17	7.204081E-19
1.148939E+04	3.037675E-17	6.235272E-19
1.152939E+04	3.043564E-17	5.216346E-19
1.156939E+04	3.041482E-17	4.285722E-19
1.160939E+04	3.030884E-17	3.692068E-19
1.164939E+04	3.011651E-17	3.692906E-19
1.168939E+04	2.984509E-17	4.220302E-19
1.172939E+04	2.950856E-17	4.971793E-19
1.176939E+04	2.912313E-17	5.729782E-19
1.180939E+04	2.870503E-17	6.393141E-19
1.184939E+04	2.826935E-17	6.923648E-19
1.188939E+04	2.782959E-17	7.312230E-19
1.192939E+04	2.739689E-17	7.563259E-19
1.196939E+04	2.697951E-17	7.686803E-19
1.200939E+04	2.658307E-17	7.693379E-19
1.204939E+04	2.621108E-17	7.592821E-19
1.208939E+04	2.586480E-17	7.392405E-19
1.212939E+04	2.554334E-17	7.096176E-19
1.216939E+04	2.524380E-17	6.704279E-19
1.220939E+04	2.496163E-17	6.215381E-19
1.224939E+04	2.469151E-17	5.629663E-19
1.228939E+04	2.442803E-17	4.950234E-19
1.232939E+04	2.416654E-17	4.190102E-19
1.236939E+04	2.390329E-17	3.387020E-19
1.240939E+04	2.363601E-17	2.642403E-19
1.244939E+04	2.336469E-17	2.203120E-19
1.248939E+04	2.308992E-17	2.377094E-19
1.252939E+04	2.280937E-17	3.019591E-19
1.256939E+04	2.252022E-17	3.803973E-19
1.260939E+04	2.222162E-17	4.567404E-19
1.264939E+04	2.191437E-17	5.246232E-19
1.268939E+04	2.160044E-17	5.817144E-19
1.272939E+04	2.128283E-17	6.274997E-19
1.276939E+04	2.096533E-17	6.624989E-19
1.280939E+04	2.065209E-17	6.879067E-19
1.284939E+04	2.034748E-17	7.053927E-19
1.288939E+04	2.005627E-17	7.168783E-19
1.292939E+04	1.978340E-17	7.242428E-19
1.296939E+04	1.953363E-17	7.292310E-19
1.300939E+04	1.931163E-17	7.333445E-19
1.304939E+04	1.912144E-17	7.378850E-19
1.308939E+04	1.896600E-17	7.439318E-19
1.312939E+04	1.884724E-17	7.522355E-19
1.316939E+04	1.876622E-17	7.632898E-19
1.320939E+04	1.872317E-17	7.774303E-19
1.324939E+04	1.871757E-17	7.948783E-19
1.328939E+04	1.874815E-17	8.157448E-19
1.332939E+04	1.881307E-17	8.399924E-19
1.336939E+04	1.890992E-17	8.674418E-19
1.340939E+04	1.903560E-17	8.977347E-19
1.344939E+04	1.918639E-17	9.303088E-19
1.348939E+04	1.935813E-17	9.644258E-19
1.352939E+04	1.954635E-17	9.992793E-19
1.356939E+04	1.974627E-17	1.034078E-18
1.360939E+04	1.995286E-17	1.068089E-18
1.364939E+04	2.016092E-17	1.100629E-18
1.368939E+04	2.036535E-17	1.131101E-18
1.372939E+04	2.056152E-17	1.159001E-18
1.376939E+04	2.074557E-17	1.183888E-18
1.380939E+04	2.091412E-17	1.205361E-18
1.384939E+04	2.106419E-17	1.223069E-18
1.388939E+04	2.119338E-17	1.236752E-18
1.392939E+04	2.129992E-17	1.246248E-18
1.396939E+04	2.138265E-17	1.251511E-18
1.400939E+04	2.144121E-17	1.252609E-18
1.404939E+04	2.147594E-17	1.249703E-18
1.408939E+04	2.148767E-17	1.243034E-18
1.412939E+04	2.147746E-17	1.232922E-18
1.416939E+04	2.144666E-17	1.219754E-18
1.420939E+04	2.139680E-17	1.203982E-18
1.424939E+04	2.132946E-17	1.186106E-18
1.428939E+04	2.124638E-17	1.166626E-18
1.432939E+04	2.114955E-17	1.146026E-18
1.436939E+04	2.104126E-17	1.124815E-18
1.440939E+04	2.092391E-17	1.103522E-18
1.444939E+04	2.080003E-17	1.082646E-18
1.448939E+04	2.067221E-17	1.062582E-18
1.452939E+04	2.054313E-17	1.043567E-18
1.456939E+04	2.041542E-17	1.025704E-18
1.460939E+04	2.029157E-17	1.008979E-18
1.464939E+04	2.017395E-17	9.931847E-19
1.468939E+04	2.006484E-17	9.779491E-19
1.472939E+04	1.996646E-17	9.628302E-19
1.476939E+04	1.988095E-17	9.474210E-19
1.480939E+04	1.981015E-17	9.313852E-19
1.484939E+04	1.975557E-17	9.144905E-19
1.488939E+04	1.971843E-17	8.966013E-19
1.492939E+04	1.969944E-17	8.776278E-19
1.496939E+04	1.969884E-17	8.575374E-19
1.500939E+04	1.971646E-17	8.363184E-19
1.504939E+04	1.975188E-17	8.139856E-19
1.508939E+04	1.980463E-17	7.906418E-19
1.512939E+04	1.987416E-17	7.665731E-19
1.516939E+04	1.995981E-17	7.423247E-19
1.520939E+04	2.006071E-17	7.187492E-19
1.524939E+04	2.017576E-17	6.970358E-19
1.528939E+04	2.030361E-17	6.787266E-19
1.532939E+04	2.044277E-17	6.656310E-19
1.536939E+04	2.059146E-17	6.595571E-19
1.540939E+04	2.074750E-17	6.618147E-19
1.544939E+04	2.090812E-17	6.723649E-19
1.548939E+04	2.107008E-17	6.896738E-19
1.552939E+04	2.122998E-17	7.115581E-19
1.556939E+04	2.138444E-17	7.357605E-19
1.560939E+04	2.153003E-17	7.602631E-19
1.564939E+04	2.166326E-17	7.833875E-19
1.568939E+04	2.178077E-17	8.037862E-19
1.572939E+04	2.187932E-17	8.203859E-19
1.576939E+04	2.195580E-17	8.323716E-19
1.580939E+04	2.200754E-17	8.392164E-19
1.584939E+04	2.203259E-17	8.407036E-19
1.588939E+04	2.202950E-17	8.369319E-19
1.592939E+04	2.199723E-17	8.282530E-19
1.596939E+04	2.193525E-17	8.152648E-19
1.600939E+04	2.184366E-17	7.988436E-19
1.604939E+04	2.172326E-17	7.801392E-19
1.608939E+04	2.157552E-17	7.605844E-19
1.612939E+04	2.140252E-17	7.418746E-19
1.616939E+04	2.120681E-17	7.258440E-19
1.620939E+04	2.099110E-17	7.142358E-19
1.624939E+04	2.075812E-17	7.083585E-19
1.628939E+04	2.051056E-17	7.085168E-19
1.632939E+04	2.025115E-17	7.137377E-19
1.636939E+04	1.998267E-17	7.224783E-19
1.640939E+04	1.970783E-17	7.331531E-19
1.644939E+04	1.942913E-17	7.443998E-19
1.648939E+04	1.914889E-17	7.551671E-19
1.652939E+04	1.886930E-17	7.647368E-19
1.656939E+04	1.859222E-17	7.726719E-19
1.660939E+04	1.831919E-17	7.787561E-19
1.664939E+04	1.805151E-17	7.829441E-19
1.668939E+04	1.779027E-17	7.853146E-19
1.672939E+04	1.753625E-17	7.860408E-19
1.676939E+04	1.729004E-17	7.853787E-19
1.680939E+04	1.705202E-17	7.836238E-19
1.684939E+04	1.682248E-17	7.810703E-19
1.688939E+04	1.660166E-17	7.779864E-19
1.692939E+04	1.638975E-17	7.746014E-19
1.696939E+04	1.618691E-17	7.711062E-19
1.700939E+04	1.599330E-17	7.676518E-19
1.704939E+04	1.580915E-17	7.643526E-19
1.708939E+04	1.563467E-17	7.612946E-19
1.712939E+04	1.547011E-17	7.585426E-19
1.716939E+04	1.531583E-17	7.561440E-19
1.720939E+04	1.517232E-17	7.541365E-19
1.724939E+04	1.504021E-17	7.525540E-19
1.728939E+04	1.492016E-17	7.514350E-19
1.732939E+04	1.481298E-17	7.508304E-19
1.736939E+04	1.471956E-17	7.508075E-19
1.740939E+04	1.464085E-17	7.514519E-19
1.744939E+04	1.457784E-17	7.528818E-19
1.748939E+04	1.453159E-17	7.552482E-19
1.752939E+04	1.450321E-17	7.587293E-19
1.756939E+04	1.449379E-17	7.635257E-19
1.760939E+04	1.450444E-17	7.698549E-19
1.764939E+04	1.453628E-17	7.779437E-19
1.768939E+04	1.459042E-17	7.880277E-19
1.772939E+04	1.466800E-17	8.003588E-19
1.776939E+04	1.477015E-17	8.151967E-19
1.780939E+04	1.489781E-17	8.327923E-19
1.784939E+04	1.505178E-17	8.533759E-19
1.788939E+04	1.523254E-17	8.771418E-19
1.792939E+04	1.544029E-17	9.042325E-19
1.796939E+04	1.567474E-17	9.347181E-19
1.800939E+04	1.593505E-17	9.685764E-19
1.804939E+04	1.621973E-17	1.005690E-18
1.808939E+04	1.652658E-17	1.045860E-18
1.812939E+04	1.685286E-17	1.088792E-18
1.816939E+04	1.719519E-17	1.134085E-18
1.820939E+04	1.754928E-17	1.181194E-18
1.824939E+04	1.791000E-17	1.229432E-18
1.828939E+04	1.827161E-17	1.278008E-18
1.832939E+04	1.862783E-17	1.326009E-18
1.836939E+04	1.897194E-17	1.372444E-18
1.840939E+04	1.929725E-17	1.416325E-18
1.844939E+04	1.959779E-17	1.456709E-18
1.848939E+04	1.986832E-17	1.492771E-18
1.852939E+04	2.010438E-17	1.523839E-18
1.856939E+04	2.030242E-17	1.549416E-18
1.860939E+04	2.045985E-17	1.569151E-18
1.864939E+04	2.057500E-17	1.582848E-18
1.868939E+04	2.064721E-17	1.590429E-18
1.872939E+04	2.067661E-17	1.591917E-18
1.876939E+04	2.066449E-17	1.587506E-18
1.880939E+04	2.061329E-17	1.577594E-18
1.884939E+04	2.052636E-17	1.562751E-18
1.888939E+04	2.040747E-17	1.543643E-18
1.892939E+04	2.026045E-17	1.520944E-18
1.896939E+04	2.008924E-17	1.495308E-18
1.900939E+04	1.989779E-17	1.467351E-18
1.904939E+04	1.969009E-17	1.437668E-18
1.908939E+04	1.947031E-17	1.406859E-18
1.912939E+04	1.924269E-17	1.375496E-18
1.916939E+04	1.901112E-17	1.344084E-18
1.920939E+04	1.877908E-17	1.313063E-18
1.924939E+04	1.854982E-17	1.282825E-18
1.928939E+04	1.832642E-17	1.253737E-18
1.932939E+04	1.811180E-17	1.226107E-18
1.936939E+04	1.790851E-17	1.200168E-18
1.940939E+04	1.771864E-17	1.176084E-18
1.944939E+04	1.754375E-17	1.153958E-18
1.948939E+04	1.738491E-17	1.133835E-18
1.952939E+04	1.724277E-17	1.115699E-18
1.956939E+04	1.711765E-17	1.099503E-18
1.960939E+04	1.700971E-17	1.085199E-18
1.964939E+04	1.691895E-17	1.072741E-18
1.968939E+04	1.684507E-17	1.062076E-18
1.972939E+04	1.678753E-17	1.053155E-18
1.976939E+04	1.674559E-17	1.045919E-18
1.980939E+04	1.671836E-17	1.040287E-18
1.984939E+04	1.670481E-17	1.036140E-18
1.988939E+04	1.670377E-17	1.033318E-18
1.992939E+04	1.671392E-17	1.031615E-18
1.996939E+04	1.673376E-17	1.030784E-18
2.000939E+04	1.676177E-17	1.030549E-18
2.004939E+04	1.679643E-17	1.030644E-18
2.008939E+04	1.683624E-17	1.030857E-18
2.012939E+04	1.687967E-17	1.031041E-18
2.016939E+04	1.692518E-17	1.031109E-18
2.020939E+04	1.697118E-17	1.031017E-18
2.024939E+04	1.701599E-17	1.030740E-18
2.028939E+04	1.705801E-17	1.030276E-18
2.032939E+04	1.709575E-17	1.029621E-18
2.036939E+04	1.712777E-17	1.028752E-18
2.040939E+04	1.715285E-17	1.027622E-18
2.044939E+04	1.716990E-17	1.026155E-18
2.048939E+04	1.717796E-17	1.024250E-18
2.052939E+04	1.717624E-17	1.021787E-18
2.056939E+04	1.716413E-17	1.018652E-18
2.060939E+04	1.714115E-17	1.014752E-18
2.064939E+04	1.710690E-17	1.010023E-18
2.068939E+04	1.706114E-17	1.004429E-18
2.072939E+04	1.700382E-17	9.979658E-19
2.076939E+04	1.693500E-17	9.906581E-19
2.080939E+04	1.685483E-17	9.825492E-19
2.084939E+04	1.676360E-17	9.736893E-19
2.088939E+04	1.666182E-17	9.641315E-19
2.092939E+04	1.655013E-17	9.539315E-19
2.096939E+04	1.642928E-17	9.431455E-19
2.100939E+04	1.630009E-17	9.318312E-19
2.104939E+04	1.616351E-17	9.200559E-19
2.108939E+04	1.602064E-17	9.079035E-19
2.112939E+04	1.587267E-17	8.954811E-19
2.116939E+04	1.572086E-17	8.829204E-19
2.120939E+04	1.556658E-17	8.703798E-19
2.124939E+04	1.541129E-17	8.580418E-19
2.128939E+04	1.525651E-17	8.461100E-19
2.132939E+04	1.510383E-17	8.348043E-19
2.136939E+04	1.495485E-17	8.243501E-19
2.140939E+04	1.481110E-17	8.149663E-19
2.144939E+04	1.467398E-17	8.068450E-19
2.148939E+04	1.454456E-17	8.001227E-19
2.152939E+04	1.442319E-17	7.948195E-19
2.156939E+04	1.430922E-17	7.908083E-19
2.160939E+04	1.420160E-17	7.878938E-19
2.164939E+04	1.409906E-17	7.858554E-19
2.168939E+04	1.400024E-17	7.844697E-19
2.172939E+04	1.390379E-17	7.835254E-19
2.176939E+04	1.380840E-17	7.828334E-19
2.180939E+04	1.371294E-17	7.822326E-19
2.184939E+04	1.361647E-17	7.815932E-19
2.188939E+04	1.351821E-17	7.808177E-19
2.192939E+04	1.341763E-17	7.798376E-19
2.196939E+04	1.331431E-17	7.786079E-19
2.200939E+04	1.320794E-17	7.771031E-19
2.204939E+04	1.309832E-17	7.753130E-19
2.208939E+04	1.298535E-17	7.732384E-19
2.212939E+04	1.286904E-17	7.708891E-19
2.216939E+04	1.274956E-17	7.682818E-19
2.220939E+04	1.262720E-17	7.654350E-19
2.224939E+04	1.250232E-17	7.623673E-19
2.228939E+04	1.237535E-17	7.590991E-19
2.232939E+04	1.224682E-17	7.556535E-19
2.236939E+04	1.211732E-17	7.520551E-19
2.240939E+04	1.198747E-17	7.483291E-19
2.244939E+04	1.185793E-17	7.444972E-19
2.248939E+04	1.172933E-17	7.405760E-19
2.252939E+04	1.160222E-17	7.365802E-19
2.256939E+04	1.147713E-17	7.325243E-19
2.260939E+04	1.135461E-17	7.284263E-19
2.264939E+04	1.123515E-17	7.243084E-19
2.268939E+04	1.111917E-17	7.201973E-19
2.272939E+04	1.100702E-17	7.161202E-19
2.276939E+04	1.089893E-17	7.121053E-19
2.280939E+04	1.079504E-17	7.081925E-19
2.284939E+04	1.069545E-17	7.044304E-19
2.288939E+04	1.060025E-17	7.008677E-19
2.292939E+04	1.050951E-17	6.975475E-19
2.296939E+04	1.042333E-17	6.945067E-19
2.300939E+04	1.034179E-17	6.917783E-19
2.304939E+04	1.026499E-17	6.893907E-19
2.308939E+04	1.019298E-17	6.873687E-19
2.312939E+04	1.012577E-17	6.857308E-19
2.316939E+04	1.006345E-17	6.844892E-19
2.320939E+04	1.000616E-17	6.836544E-19
2.324939E+04	9.954012E-18	6.832408E-19
2.328939E+04	9.907105E-18	6.832666E-19
2.332939E+04	9.865581E-18	6.837506E-19
2.336939E+04	9.829655E-18	6.847113E-19
2.340939E+04	9.799601E-18	6.861632E-19
2.344939E+04	9.775714E-18	6.881190E-19
2.348939E+04	9.758303E-18	6.905928E-19
2.352939E+04	9.747662E-18	6.936058E-19
2.356939E+04	9.744039E-18	6.971919E-19
2.360939E+04	9.747618E-18	7.014005E-19
2.364939E+04	9.758537E-18	7.062996E-19
2.368939E+04	9.776952E-18	7.119800E-19
2.372939E+04	9.803045E-18	7.185564E-19
2.376939E+04	9.836925E-18	7.261697E-19
2.380939E+04	9.878606E-18	7.349934E-19
2.384939E+04	9.928094E-18	7.452429E-19
2.388939E+04	9.985402E-18	7.571816E-19
2.392939E+04	1.005056E-17	7.711253E-19
2.396939E+04	1.012357E-17	7.874480E-19
2.400939E+04	1.020441E-17	8.065763E-19
2.404939E+04	1.029297E-17	8.289801E-19
2.408939E+04	1.038913E-17	8.551584E-19
2.412939E+04	1.049271E-17	8.856277E-19
2.416939E+04	1.060354E-17	9.209112E-19
2.420939E+04	1.072145E-17	9.615228E-19
2.424939E+04	1.084635E-17	1.007954E-18
2.428939E+04	1.097818E-17	1.060657E-18
2.432939E+04	1.111685E-17	1.120028E-18
2.436939E+04	1.126226E-17	1.186392E-18
2.440939E+04	1.141428E-17	1.259995E-18
2.444939E+04	1.157272E-17	1.340994E-18
2.448939E+04	1.173733E-17	1.429462E-18
