#wls	flux	fluxerr
3.289393E+03	7.773224E-19	4.499635E-20
3.329393E+03	8.128809E-19	4.223183E-20
3.369393E+03	8.506574E-19	3.965415E-20
3.409393E+03	8.907712E-19	3.739833E-20
3.449393E+03	9.333442E-19	3.563299E-20
3.489393E+03	9.784975E-19	3.452744E-20
3.529393E+03	1.026342E-18	3.415517E-20
3.569393E+03	1.076968E-18	3.443701E-20
3.609393E+03	1.130456E-18	3.522358E-20
3.649393E+03	1.186876E-18	3.638748E-20
3.689393E+03	1.246287E-18	3.788415E-20
3.729393E+03	1.308739E-18	3.978965E-20
3.769393E+03	1.374270E-18	4.231283E-20
3.809393E+03	1.442909E-18	4.576129E-20
3.849393E+03	1.514684E-18	5.040710E-20
3.889393E+03	1.589631E-18	5.629569E-20
3.929393E+03	1.667799E-18	6.327406E-20
3.969393E+03	1.749236E-18	7.112213E-20
4.009393E+03	1.833988E-18	7.961096E-20
4.049393E+03	1.922100E-18	8.851906E-20
4.089393E+03	2.013612E-18	9.763421E-20
4.129393E+03	2.108559E-18	1.067507E-19
4.169393E+03	2.206973E-18	1.156658E-19
4.209393E+03	2.308879E-18	1.241776E-19
4.249393E+03	2.414296E-18	1.320831E-19
4.289393E+03	2.523232E-18	1.391785E-19
4.329393E+03	2.635688E-18	1.452605E-19
4.369393E+03	2.751651E-18	1.501283E-19
4.409393E+03	2.871095E-18	1.535889E-19
4.449393E+03	2.993979E-18	1.554636E-19
4.489393E+03	3.120241E-18	1.555995E-19
4.529393E+03	3.249800E-18	1.538856E-19
4.569393E+03	3.382549E-18	1.502811E-19
4.609393E+03	3.518354E-18	1.448587E-19
4.649393E+03	3.657046E-18	1.378792E-19
4.689393E+03	3.798421E-18	1.299125E-19
4.729393E+03	3.942235E-18	1.220239E-19
4.769393E+03	4.088196E-18	1.159886E-19
4.809393E+03	4.235971E-18	1.142942E-19
4.849393E+03	4.385202E-18	1.193434E-19
4.889393E+03	4.535565E-18	1.318534E-19
4.929393E+03	4.686770E-18	1.506404E-19
4.969393E+03	4.838516E-18	1.739218E-19
5.009393E+03	4.990472E-18	2.001412E-19
5.049393E+03	5.142267E-18	2.281344E-19
5.089393E+03	5.293488E-18	2.570543E-19
5.129393E+03	5.443682E-18	2.862679E-19
5.169393E+03	5.592359E-18	3.152809E-19
5.209393E+03	5.738990E-18	3.436897E-19
5.249393E+03	5.883015E-18	3.711508E-19
5.289393E+03	6.023852E-18	3.973637E-19
5.329393E+03	6.160898E-18	4.220590E-19
5.369393E+03	6.293540E-18	4.449917E-19
5.409393E+03	6.421171E-18	4.659373E-19
5.449393E+03	6.543191E-18	4.846893E-19
5.489393E+03	6.659027E-18	5.010580E-19
5.529393E+03	6.768144E-18	5.148705E-19
5.569393E+03	6.870052E-18	5.259709E-19
5.609393E+03	6.964326E-18	5.342215E-19
5.649393E+03	7.050609E-18	5.395035E-19
5.689393E+03	7.128629E-18	5.417186E-19
5.729393E+03	7.198201E-18	5.407898E-19
5.769393E+03	7.259235E-18	5.366633E-19
5.809393E+03	7.311744E-18	5.293088E-19
5.849393E+03	7.355838E-18	5.187212E-19
5.889393E+03	7.391730E-18	5.049214E-19
5.929393E+03	7.419731E-18	4.879579E-19
5.969393E+03	7.440244E-18	4.679093E-19
6.009393E+03	7.453764E-18	4.448869E-19
6.049393E+03	7.460863E-18	4.190406E-19
6.089393E+03	7.462188E-18	3.905674E-19
6.129393E+03	7.458453E-18	3.597269E-19
6.169393E+03	7.450428E-18	3.268671E-19
6.209393E+03	7.438936E-18	2.924718E-19
6.249393E+03	7.424844E-18	2.572486E-19
6.289393E+03	7.409061E-18	2.222953E-19
6.329393E+03	7.392536E-18	1.894103E-19
6.369393E+03	7.376263E-18	1.615909E-19
6.409393E+03	7.361292E-18	1.433621E-19
6.449393E+03	7.348712E-18	1.391685E-19
6.489393E+03	7.339622E-18	1.488277E-19
6.529393E+03	7.335128E-18	1.672161E-19
6.569393E+03	7.336344E-18	1.891155E-19
6.609393E+03	7.344370E-18	2.112507E-19
6.649393E+03	7.360255E-18	2.319047E-19
6.689393E+03	7.384980E-18	2.502746E-19
6.729393E+03	7.419467E-18	2.660702E-19
6.769393E+03	7.464585E-18	2.792992E-19
6.809393E+03	7.521095E-18	2.901487E-19
6.849393E+03	7.589521E-18	2.989046E-19
6.889393E+03	7.669984E-18	3.058971E-19
6.929393E+03	7.762171E-18	3.114751E-19
6.969393E+03	7.865356E-18	3.159886E-19
7.009393E+03	7.978475E-18	3.197742E-19
7.049393E+03	8.100247E-18	3.231368E-19
7.089393E+03	8.229276E-18	3.263072E-19
7.129393E+03	8.364065E-18	3.293917E-19
7.169393E+03	8.503076E-18	3.323562E-19
7.209393E+03	8.644788E-18	3.350426E-19
7.249393E+03	8.787668E-18	3.372156E-19
7.289393E+03	8.930174E-18	3.385982E-19
7.329393E+03	9.070792E-18	3.388903E-19
7.369393E+03	9.208089E-18	3.377855E-19
7.409393E+03	9.340824E-18	3.349611E-19
7.449393E+03	9.468035E-18	3.300614E-19
7.489393E+03	9.589062E-18	3.227195E-19
7.529393E+03	9.703530E-18	3.126213E-19
7.569393E+03	9.811287E-18	2.995911E-19
7.609393E+03	9.912327E-18	2.836882E-19
7.649393E+03	1.000693E-17	2.653272E-19
7.689393E+03	1.009588E-17	2.454657E-19
7.729393E+03	1.018034E-17	2.258641E-19
7.769393E+03	1.026162E-17	2.093276E-19
7.809393E+03	1.034101E-17	1.995607E-19
7.849393E+03	1.041925E-17	1.997190E-19
7.889393E+03	1.049556E-17	2.096607E-19
7.929393E+03	1.056782E-17	2.261515E-19
7.969393E+03	1.063365E-17	2.456004E-19
8.009393E+03	1.069091E-17	2.653943E-19
8.049393E+03	1.073813E-17	2.839848E-19
8.089393E+03	1.077463E-17	3.005949E-19
8.129393E+03	1.080050E-17	3.149318E-19
8.169393E+03	1.081649E-17	3.269748E-19
8.209393E+03	1.082380E-17	3.368361E-19
8.249393E+03	1.082410E-17	3.446917E-19
8.289393E+03	1.081945E-17	3.507647E-19
8.329393E+03	1.081204E-17	3.553137E-19
8.369393E+03	1.080406E-17	3.586105E-19
8.409393E+03	1.079772E-17	3.609299E-19
8.449393E+03	1.079525E-17	3.625410E-19
8.489393E+03	1.079864E-17	3.636784E-19
8.529393E+03	1.080944E-17	3.644795E-19
8.569393E+03	1.082855E-17	3.649237E-19
8.609393E+03	1.085650E-17	3.648179E-19
8.649393E+03	1.089336E-17	3.638248E-19
8.689393E+03	1.093876E-17	3.615264E-19
8.729393E+03	1.099198E-17	3.574920E-19
8.769393E+03	1.105224E-17	3.513157E-19
8.809393E+03	1.111893E-17	3.426320E-19
8.849393E+03	1.119169E-17	3.311228E-19
8.889393E+03	1.127024E-17	3.165203E-19
8.929393E+03	1.135420E-17	2.986280E-19
8.969393E+03	1.144281E-17	2.773985E-19
9.009393E+03	1.153505E-17	2.531274E-19
9.049393E+03	1.162956E-17	2.267890E-19
9.089393E+03	1.172469E-17	2.006192E-19
9.129393E+03	1.181849E-17	1.790159E-19
9.169393E+03	1.190881E-17	1.687988E-19
9.209393E+03	1.199412E-17	1.754367E-19
9.249393E+03	1.207483E-17	1.965002E-19
9.289393E+03	1.215286E-17	2.247892E-19
9.329393E+03	1.223039E-17	2.544493E-19
9.369393E+03	1.230895E-17	2.820139E-19
9.409393E+03	1.238871E-17	3.055550E-19
9.449393E+03	1.246866E-17	3.239561E-19
9.489393E+03	1.254724E-17	3.365495E-19
9.529393E+03	1.262264E-17	3.429410E-19
9.569393E+03	1.269296E-17	3.428913E-19
9.609393E+03	1.275639E-17	3.362499E-19
9.649393E+03	1.281149E-17	3.229739E-19
9.689393E+03	1.285729E-17	3.032253E-19
9.729393E+03	1.289326E-17	2.775659E-19
9.769393E+03	1.291893E-17	2.473843E-19
9.809393E+03	1.293435E-17	2.156725E-19
9.849393E+03	1.294042E-17	1.884416E-19
9.889393E+03	1.293839E-17	1.759279E-19
9.929393E+03	1.292957E-17	1.874383E-19
9.969393E+03	1.291572E-17	2.201658E-19
1.000939E+04	1.289867E-17	2.641207E-19
1.004939E+04	1.287990E-17	3.117114E-19
1.008939E+04	1.286065E-17	3.587347E-19
1.012939E+04	1.284199E-17	4.029968E-19
1.016939E+04	1.282496E-17	4.433792E-19
1.020939E+04	1.281074E-17	4.793768E-19
1.024939E+04	1.280062E-17	5.108656E-19
1.028939E+04	1.279589E-17	5.379739E-19
1.032939E+04	1.279776E-17	5.609916E-19
1.036939E+04	1.280742E-17	5.803048E-19
1.040939E+04	1.282594E-17	5.963572E-19
1.044939E+04	1.285431E-17	6.096220E-19
1.048939E+04	1.289331E-17	6.205712E-19
1.052939E+04	1.294358E-17	6.296529E-19
1.056939E+04	1.300553E-17	6.372732E-19
1.060939E+04	1.307930E-17	6.437784E-19
1.064939E+04	1.316474E-17	6.494564E-19
1.068939E+04	1.326140E-17	6.545573E-19
1.072939E+04	1.336864E-17	6.593109E-19
1.076939E+04	1.348572E-17	6.639321E-19
1.080939E+04	1.361182E-17	6.686182E-19
1.084939E+04	1.374617E-17	6.735359E-19
1.088939E+04	1.388795E-17	6.787973E-19
1.092939E+04	1.403628E-17	6.844380E-19
1.096939E+04	1.419030E-17	6.903871E-19
1.100939E+04	1.434921E-17	6.964554E-19
1.104939E+04	1.451218E-17	7.023532E-19
1.108939E+04	1.467819E-17	7.076866E-19
1.112939E+04	1.484597E-17	7.119547E-19
1.116939E+04	1.501395E-17	7.146059E-19
1.120939E+04	1.518037E-17	7.151306E-19
1.124939E+04	1.534330E-17	7.131450E-19
1.128939E+04	1.550074E-17	7.084543E-19
1.132939E+04	1.565065E-17	7.010998E-19
1.136939E+04	1.579104E-17	6.913871E-19
1.140939E+04	1.592004E-17	6.798838E-19
1.144939E+04	1.603577E-17	6.674006E-19
1.148939E+04	1.613636E-17	6.549745E-19
1.152939E+04	1.622004E-17	6.438426E-19
1.156939E+04	1.628538E-17	6.353428E-19
1.160939E+04	1.633150E-17	6.306888E-19
1.164939E+04	1.635859E-17	6.306326E-19
1.168939E+04	1.636885E-17	6.350515E-19
1.172939E+04	1.636607E-17	6.430118E-19
1.176939E+04	1.635465E-17	6.531705E-19
1.180939E+04	1.633913E-17	6.640734E-19
1.184939E+04	1.632381E-17	6.743289E-19
1.188939E+04	1.631243E-17	6.826856E-19
1.192939E+04	1.630797E-17	6.880678E-19
1.196939E+04	1.631257E-17	6.895751E-19
1.200939E+04	1.632754E-17	6.864688E-19
1.204939E+04	1.635332E-17	6.781641E-19
1.208939E+04	1.638943E-17	6.642169E-19
1.212939E+04	1.643437E-17	6.443221E-19
1.216939E+04	1.648547E-17	6.183483E-19
1.220939E+04	1.653890E-17	5.864267E-19
1.224939E+04	1.658947E-17	5.491064E-19
1.228939E+04	1.663068E-17	5.076337E-19
1.232939E+04	1.665470E-17	4.643913E-19
1.236939E+04	1.665240E-17	4.234541E-19
1.240939E+04	1.661345E-17	3.909837E-19
1.244939E+04	1.652693E-17	3.744556E-19
1.248939E+04	1.638451E-17	3.790406E-19
1.252939E+04	1.618862E-17	4.023324E-19
1.256939E+04	1.594849E-17	4.369183E-19
1.260939E+04	1.567402E-17	4.756789E-19
1.264939E+04	1.537456E-17	5.136500E-19
1.268939E+04	1.505865E-17	5.479248E-19
1.272939E+04	1.473404E-17	5.770769E-19
1.276939E+04	1.440774E-17	6.006513E-19
1.280939E+04	1.408605E-17	6.187956E-19
1.284939E+04	1.377448E-17	6.320156E-19
1.288939E+04	1.347771E-17	6.410280E-19
1.292939E+04	1.319973E-17	6.466603E-19
1.296939E+04	1.294382E-17	6.497825E-19
1.300939E+04	1.271262E-17	6.512540E-19
1.304939E+04	1.250810E-17	6.518833E-19
1.308939E+04	1.233159E-17	6.524037E-19
1.312939E+04	1.218379E-17	6.534575E-19
1.316939E+04	1.206484E-17	6.555875E-19
1.320939E+04	1.197435E-17	6.592337E-19
1.324939E+04	1.191144E-17	6.647275E-19
1.328939E+04	1.187476E-17	6.722769E-19
1.332939E+04	1.186257E-17	6.819395E-19
1.336939E+04	1.187279E-17	6.936004E-19
1.340939E+04	1.190308E-17	7.069907E-19
1.344939E+04	1.195086E-17	7.217322E-19
1.348939E+04	1.201335E-17	7.373717E-19
1.352939E+04	1.208756E-17	7.534088E-19
1.356939E+04	1.217042E-17	7.693260E-19
1.360939E+04	1.225886E-17	7.846207E-19
1.364939E+04	1.235000E-17	7.988309E-19
1.368939E+04	1.244115E-17	8.115528E-19
1.372939E+04	1.252994E-17	8.224499E-19
1.376939E+04	1.261423E-17	8.312569E-19
1.380939E+04	1.269216E-17	8.377803E-19
1.384939E+04	1.276212E-17	8.419027E-19
1.388939E+04	1.282281E-17	8.435876E-19
1.392939E+04	1.287326E-17	8.428708E-19
1.396939E+04	1.291280E-17	8.398377E-19
1.400939E+04	1.294112E-17	8.346189E-19
1.404939E+04	1.295827E-17	8.273950E-19
1.408939E+04	1.296470E-17	8.183830E-19
1.412939E+04	1.296111E-17	8.078242E-19
1.416939E+04	1.294839E-17	7.959680E-19
1.420939E+04	1.292756E-17	7.830659E-19
1.424939E+04	1.289982E-17	7.693764E-19
1.428939E+04	1.286645E-17	7.551714E-19
1.432939E+04	1.282879E-17	7.407375E-19
1.436939E+04	1.278819E-17	7.263791E-19
1.440939E+04	1.274610E-17	7.124171E-19
1.444939E+04	1.270403E-17	6.991757E-19
1.448939E+04	1.266355E-17	6.869411E-19
1.452939E+04	1.262631E-17	6.759111E-19
1.456939E+04	1.259396E-17	6.661656E-19
1.460939E+04	1.256805E-17	6.576632E-19
1.464939E+04	1.255003E-17	6.502534E-19
1.468939E+04	1.254123E-17	6.437062E-19
1.472939E+04	1.254274E-17	6.377388E-19
1.476939E+04	1.255534E-17	6.320387E-19
1.480939E+04	1.257960E-17	6.262769E-19
1.484939E+04	1.261593E-17	6.201246E-19
1.488939E+04	1.266466E-17	6.132782E-19
1.492939E+04	1.272602E-17	6.054774E-19
1.496939E+04	1.280005E-17	5.965081E-19
1.500939E+04	1.288654E-17	5.861972E-19
1.504939E+04	1.298499E-17	5.744364E-19
1.508939E+04	1.309470E-17	5.612323E-19
1.512939E+04	1.321474E-17	5.467667E-19
1.516939E+04	1.334396E-17	5.314584E-19
1.520939E+04	1.348094E-17	5.160069E-19
1.524939E+04	1.362391E-17	5.014090E-19
1.528939E+04	1.377071E-17	4.889405E-19
1.532939E+04	1.391891E-17	4.800728E-19
1.536939E+04	1.406606E-17	4.762623E-19
1.540939E+04	1.420999E-17	4.785496E-19
1.544939E+04	1.434908E-17	4.869707E-19
1.548939E+04	1.448226E-17	5.004685E-19
1.552939E+04	1.460860E-17	5.174526E-19
1.556939E+04	1.472722E-17	5.362276E-19
1.560939E+04	1.483720E-17	5.552362E-19
1.564939E+04	1.493743E-17	5.731461E-19
1.568939E+04	1.502665E-17	5.888533E-19
1.572939E+04	1.510352E-17	6.014889E-19
1.576939E+04	1.516672E-17	6.104306E-19
1.580939E+04	1.521495E-17	6.152991E-19
1.584939E+04	1.524713E-17	6.159541E-19
1.588939E+04	1.526255E-17	6.125005E-19
1.592939E+04	1.526087E-17	6.052901E-19
1.596939E+04	1.524203E-17	5.948971E-19
1.600939E+04	1.520615E-17	5.820863E-19
1.604939E+04	1.515361E-17	5.678024E-19
1.608939E+04	1.508507E-17	5.531757E-19
1.612939E+04	1.500152E-17	5.394753E-19
1.616939E+04	1.490416E-17	5.279854E-19
1.620939E+04	1.479427E-17	5.198339E-19
1.624939E+04	1.467325E-17	5.157800E-19
1.628939E+04	1.454265E-17	5.158922E-19
1.632939E+04	1.440408E-17	5.194248E-19
1.636939E+04	1.425905E-17	5.252495E-19
1.640939E+04	1.410887E-17	5.322086E-19
1.644939E+04	1.395476E-17	5.393110E-19
1.648939E+04	1.379784E-17	5.458198E-19
1.652939E+04	1.363911E-17	5.512555E-19
1.656939E+04	1.347944E-17	5.553326E-19
1.660939E+04	1.331956E-17	5.579018E-19
1.664939E+04	1.316020E-17	5.589086E-19
1.668939E+04	1.300197E-17	5.583763E-19
1.672939E+04	1.284548E-17	5.564326E-19
1.676939E+04	1.269141E-17	5.533337E-19
1.680939E+04	1.254046E-17	5.494346E-19
1.684939E+04	1.239328E-17	5.451288E-19
1.688939E+04	1.225035E-17	5.407790E-19
1.692939E+04	1.211200E-17	5.366697E-19
1.696939E+04	1.197847E-17	5.329926E-19
1.700939E+04	1.184991E-17	5.298520E-19
1.704939E+04	1.172642E-17	5.272839E-19
1.708939E+04	1.160813E-17	5.252846E-19
1.712939E+04	1.149523E-17	5.238308E-19
1.716939E+04	1.138806E-17	5.228747E-19
1.720939E+04	1.128711E-17	5.223351E-19
1.724939E+04	1.119297E-17	5.221078E-19
1.728939E+04	1.110631E-17	5.221054E-19
1.732939E+04	1.102788E-17	5.222977E-19
1.736939E+04	1.095840E-17	5.227181E-19
1.740939E+04	1.089861E-17	5.234506E-19
1.744939E+04	1.084929E-17	5.246167E-19
1.748939E+04	1.081122E-17	5.263682E-19
1.752939E+04	1.078503E-17	5.288874E-19
1.756939E+04	1.077129E-17	5.323891E-19
1.760939E+04	1.077049E-17	5.371039E-19
1.764939E+04	1.078318E-17	5.432452E-19
1.768939E+04	1.080982E-17	5.510157E-19
1.772939E+04	1.085087E-17	5.606415E-19
1.776939E+04	1.090685E-17	5.723691E-19
1.780939E+04	1.097828E-17	5.864270E-19
1.784939E+04	1.106565E-17	6.029995E-19
1.788939E+04	1.116936E-17	6.222217E-19
1.792939E+04	1.128971E-17	6.441747E-19
1.796939E+04	1.142675E-17	6.688684E-19
1.800939E+04	1.158018E-17	6.962152E-19
1.804939E+04	1.174914E-17	7.260219E-19
1.808939E+04	1.193227E-17	7.579979E-19
1.812939E+04	1.212769E-17	7.917633E-19
1.816939E+04	1.233295E-17	8.268480E-19
1.820939E+04	1.254502E-17	8.626960E-19
1.824939E+04	1.276032E-17	8.986759E-19
1.828939E+04	1.297486E-17	9.340963E-19
1.832939E+04	1.318434E-17	9.682337E-19
1.836939E+04	1.338429E-17	1.000366E-18
1.840939E+04	1.357031E-17	1.029798E-18
1.844939E+04	1.373837E-17	1.055892E-18
1.848939E+04	1.388500E-17	1.078091E-18
1.852939E+04	1.400747E-17	1.095936E-18
1.856939E+04	1.410368E-17	1.109084E-18
1.860939E+04	1.417228E-17	1.117312E-18
1.864939E+04	1.421258E-17	1.120529E-18
1.868939E+04	1.422451E-17	1.118772E-18
1.872939E+04	1.420863E-17	1.112213E-18
1.876939E+04	1.416640E-17	1.101157E-18
1.880939E+04	1.410013E-17	1.086033E-18
1.884939E+04	1.401267E-17	1.067364E-18
1.888939E+04	1.390708E-17	1.045733E-18
1.892939E+04	1.378653E-17	1.021748E-18
1.896939E+04	1.365414E-17	9.960185E-19
1.900939E+04	1.351298E-17	9.691483E-19
1.904939E+04	1.336619E-17	9.417414E-19
1.908939E+04	1.321698E-17	9.144014E-19
1.912939E+04	1.306850E-17	8.877073E-19
1.916939E+04	1.292369E-17	8.621864E-19
1.920939E+04	1.278517E-17	8.382835E-19
1.924939E+04	1.265523E-17	8.163196E-19
1.928939E+04	1.253575E-17	7.964737E-19
1.932939E+04	1.242814E-17	7.787952E-19
1.936939E+04	1.233331E-17	7.632182E-19
1.940939E+04	1.225169E-17	7.495850E-19
1.944939E+04	1.218345E-17	7.376896E-19
1.948939E+04	1.212855E-17	7.273112E-19
1.952939E+04	1.208690E-17	7.182358E-19
1.956939E+04	1.205838E-17	7.102828E-19
1.960939E+04	1.204285E-17	7.033271E-19
1.964939E+04	1.204009E-17	6.973041E-19
1.968939E+04	1.204974E-17	6.921961E-19
1.972939E+04	1.207131E-17	6.880134E-19
1.976939E+04	1.210416E-17	6.847813E-19
1.980939E+04	1.214747E-17	6.825250E-19
1.984939E+04	1.220026E-17	6.812466E-19
1.988939E+04	1.226149E-17	6.808930E-19
1.992939E+04	1.233004E-17	6.813326E-19
1.996939E+04	1.240474E-17	6.823549E-19
2.000939E+04	1.248438E-17	6.836876E-19
2.004939E+04	1.256778E-17	6.850485E-19
2.008939E+04	1.265380E-17	6.862156E-19
2.012939E+04	1.274131E-17	6.870666E-19
2.016939E+04	1.282916E-17	6.875846E-19
2.020939E+04	1.291621E-17	6.878497E-19
2.024939E+04	1.300131E-17	6.880194E-19
2.028939E+04	1.308342E-17	6.882860E-19
2.032939E+04	1.316159E-17	6.888226E-19
2.036939E+04	1.323496E-17	6.897471E-19
2.040939E+04	1.330281E-17	6.911064E-19
2.044939E+04	1.336458E-17	6.928692E-19
2.048939E+04	1.341992E-17	6.949257E-19
2.052939E+04	1.346855E-17	6.971018E-19
2.056939E+04	1.351019E-17	6.991936E-19
2.060939E+04	1.354461E-17	7.010145E-19
2.064939E+04	1.357156E-17	7.024193E-19
2.068939E+04	1.359083E-17	7.033031E-19
2.072939E+04	1.360224E-17	7.035923E-19
2.076939E+04	1.360562E-17	7.032286E-19
2.080939E+04	1.360079E-17	7.021608E-19
2.084939E+04	1.358757E-17	7.003517E-19
2.088939E+04	1.356590E-17	6.977891E-19
2.092939E+04	1.353583E-17	6.944923E-19
2.096939E+04	1.349743E-17	6.905017E-19
2.100939E+04	1.345083E-17	6.858550E-19
2.104939E+04	1.339616E-17	6.805826E-19
2.108939E+04	1.333362E-17	6.747308E-19
2.112939E+04	1.326354E-17	6.683838E-19
2.116939E+04	1.318639E-17	6.616618E-19
2.120939E+04	1.310281E-17	6.546993E-19
2.124939E+04	1.301355E-17	6.476341E-19
2.128939E+04	1.291935E-17	6.406218E-19
2.132939E+04	1.282098E-17	6.338460E-19
2.136939E+04	1.271934E-17	6.275063E-19
2.140939E+04	1.261546E-17	6.217937E-19
2.144939E+04	1.251048E-17	6.168652E-19
2.148939E+04	1.240541E-17	6.128198E-19
2.152939E+04	1.230098E-17	6.096733E-19
2.156939E+04	1.219732E-17	6.073571E-19
2.160939E+04	1.209425E-17	6.057562E-19
2.164939E+04	1.199148E-17	6.047329E-19
2.168939E+04	1.188869E-17	6.041467E-19
2.172939E+04	1.178556E-17	6.038742E-19
2.176939E+04	1.168179E-17	6.038202E-19
2.180939E+04	1.157709E-17	6.039181E-19
2.184939E+04	1.147127E-17	6.041259E-19
2.188939E+04	1.136432E-17	6.044204E-19
2.192939E+04	1.125633E-17	6.047850E-19
2.196939E+04	1.114757E-17	6.051992E-19
2.200939E+04	1.103832E-17	6.056423E-19
2.204939E+04	1.092877E-17	6.061014E-19
2.208939E+04	1.081906E-17	6.065724E-19
2.212939E+04	1.070930E-17	6.070587E-19
2.216939E+04	1.059958E-17	6.075703E-19
2.220939E+04	1.048995E-17	6.081154E-19
2.224939E+04	1.038047E-17	6.086923E-19
2.228939E+04	1.027121E-17	6.092851E-19
2.232939E+04	1.016237E-17	6.098642E-19
2.236939E+04	1.005423E-17	6.103946E-19
2.240939E+04	9.947105E-18	6.108440E-19
2.244939E+04	9.841327E-18	6.111859E-19
2.248939E+04	9.737208E-18	6.113977E-19
2.252939E+04	9.635069E-18	6.114605E-19
2.256939E+04	9.535248E-18	6.113599E-19
2.260939E+04	9.438120E-18	6.110831E-19
2.264939E+04	9.344080E-18	6.106183E-19
2.268939E+04	9.253477E-18	6.099611E-19
2.272939E+04	9.166585E-18	6.091194E-19
2.276939E+04	9.083596E-18	6.081164E-19
2.280939E+04	9.004665E-18	6.069919E-19
2.284939E+04	8.929924E-18	6.057947E-19
2.288939E+04	8.859479E-18	6.045740E-19
2.292939E+04	8.793408E-18	6.033767E-19
2.296939E+04	8.731761E-18	6.022483E-19
2.300939E+04	8.674577E-18	6.012365E-19
2.304939E+04	8.621923E-18	6.003904E-19
2.308939E+04	8.573921E-18	5.997565E-19
2.312939E+04	8.530735E-18	5.993764E-19
2.316939E+04	8.492534E-18	5.992864E-19
2.320939E+04	8.459493E-18	5.995204E-19
2.324939E+04	8.431805E-18	6.001107E-19
2.328939E+04	8.409676E-18	6.010838E-19
2.332939E+04	8.393300E-18	6.024592E-19
2.336939E+04	8.382846E-18	6.042526E-19
2.340939E+04	8.378459E-18	6.064796E-19
2.344939E+04	8.380252E-18	6.091587E-19
2.348939E+04	8.388320E-18	6.123132E-19
2.352939E+04	8.402758E-18	6.159753E-19
2.356939E+04	8.423665E-18	6.201864E-19
2.360939E+04	8.451148E-18	6.249975E-19
2.364939E+04	8.485303E-18	6.304713E-19
2.368939E+04	8.526212E-18	6.366889E-19
2.372939E+04	8.573949E-18	6.437576E-19
2.376939E+04	8.628581E-18	6.518147E-19
2.380939E+04	8.690149E-18	6.610302E-19
2.384939E+04	8.758653E-18	6.716131E-19
2.388939E+04	8.834054E-18	6.838183E-19
2.392939E+04	8.916271E-18	6.979481E-19
2.396939E+04	9.005206E-18	7.143423E-19
2.400939E+04	9.100747E-18	7.333691E-19
2.404939E+04	9.202761E-18	7.554236E-19
2.408939E+04	9.311091E-18	7.809295E-19
2.412939E+04	9.425576E-18	8.103345E-19
2.416939E+04	9.546064E-18	8.441042E-19
2.420939E+04	9.672411E-18	8.827111E-19
2.424939E+04	9.804489E-18	9.266191E-19
2.428939E+04	9.942176E-18	9.762604E-19
2.432939E+04	1.008533E-17	1.032015E-18
2.436939E+04	1.023378E-17	1.094193E-18
2.440939E+04	1.038739E-17	1.163030E-18
2.444939E+04	1.054601E-17	1.238685E-18
2.448939E+04	1.070952E-17	1.321249E-18
