#wls	flux	fluxerr
3.289393E+03	2.053858E-18	2.127920E-18
3.329393E+03	2.020879E-18	2.089334E-18
3.369393E+03	1.988511E-18	2.051510E-18
3.409393E+03	1.956749E-18	2.014438E-18
3.449393E+03	1.925585E-18	1.978109E-18
3.489393E+03	1.895016E-18	1.942514E-18
3.529393E+03	1.865035E-18	1.907645E-18
3.569393E+03	1.835637E-18	1.873492E-18
3.609393E+03	1.806817E-18	1.840046E-18
3.649393E+03	1.778568E-18	1.807299E-18
3.689393E+03	1.750885E-18	1.775241E-18
3.729393E+03	1.723762E-18	1.743864E-18
3.769393E+03	1.697193E-18	1.713157E-18
3.809393E+03	1.671172E-18	1.683113E-18
3.849393E+03	1.645694E-18	1.653722E-18
3.889393E+03	1.620752E-18	1.624975E-18
3.929393E+03	1.596341E-18	1.596863E-18
3.969393E+03	1.572454E-18	1.569376E-18
4.009393E+03	1.549086E-18	1.542507E-18
4.049393E+03	1.526230E-18	1.516245E-18
4.089393E+03	1.503881E-18	1.490581E-18
4.129393E+03	1.482031E-18	1.465508E-18
4.169393E+03	1.460676E-18	1.441015E-18
4.209393E+03	1.439809E-18	1.417094E-18
4.249393E+03	1.419425E-18	1.393737E-18
4.289393E+03	1.399516E-18	1.370933E-18
4.329393E+03	1.380077E-18	1.348674E-18
4.369393E+03	1.361101E-18	1.326952E-18
4.409393E+03	1.342583E-18	1.305757E-18
4.449393E+03	1.324517E-18	1.285082E-18
4.489393E+03	1.306896E-18	1.264917E-18
4.529393E+03	1.289715E-18	1.245253E-18
4.569393E+03	1.272967E-18	1.226083E-18
4.609393E+03	1.256645E-18	1.207397E-18
4.649393E+03	1.240745E-18	1.189187E-18
4.689393E+03	1.225261E-18	1.171445E-18
4.729393E+03	1.210185E-18	1.154162E-18
4.769393E+03	1.195511E-18	1.137330E-18
4.809393E+03	1.181235E-18	1.120941E-18
4.849393E+03	1.167350E-18	1.104986E-18
4.889393E+03	1.153849E-18	1.089457E-18
4.929393E+03	1.140728E-18	1.074346E-18
4.969393E+03	1.127979E-18	1.059646E-18
5.009393E+03	1.115596E-18	1.045347E-18
5.049393E+03	1.103575E-18	1.031442E-18
5.089393E+03	1.091908E-18	1.017923E-18
5.129393E+03	1.080590E-18	1.004781E-18
5.169393E+03	1.069614E-18	9.920098E-19
5.209393E+03	1.058974E-18	9.796005E-19
5.249393E+03	1.048665E-18	9.675454E-19
5.289393E+03	1.038681E-18	9.558367E-19
5.329393E+03	1.029014E-18	9.444664E-19
5.369393E+03	1.019659E-18	9.334268E-19
5.409393E+03	1.010610E-18	9.227102E-19
5.449393E+03	1.001860E-18	9.123086E-19
5.489393E+03	9.934034E-19	9.022143E-19
5.529393E+03	9.852334E-19	8.924194E-19
5.569393E+03	9.773435E-19	8.829162E-19
5.609393E+03	9.697274E-19	8.736969E-19
5.649393E+03	9.623783E-19	8.647535E-19
5.689393E+03	9.552897E-19	8.560781E-19
5.729393E+03	9.484547E-19	8.476629E-19
5.769393E+03	9.418665E-19	8.395000E-19
5.809393E+03	9.355181E-19	8.315812E-19
5.849393E+03	9.294023E-19	8.238986E-19
5.889393E+03	9.235120E-19	8.164440E-19
5.929393E+03	9.178397E-19	8.092093E-19
5.969393E+03	9.123780E-19	8.021862E-19
6.009393E+03	9.071193E-19	7.953665E-19
6.049393E+03	9.020557E-19	7.887417E-19
6.089393E+03	8.971793E-19	7.823034E-19
6.129393E+03	8.924819E-19	7.760431E-19
6.169393E+03	8.879552E-19	7.699520E-19
6.209393E+03	8.835907E-19	7.640215E-19
6.249393E+03	8.793798E-19	7.582428E-19
6.289393E+03	8.753136E-19	7.526069E-19
6.329393E+03	8.713829E-19	7.471048E-19
6.369393E+03	8.675786E-19	7.417274E-19
6.409393E+03	8.638912E-19	7.364655E-19
6.449393E+03	8.603110E-19	7.313098E-19
6.489393E+03	8.568282E-19	7.262509E-19
6.529393E+03	8.534326E-19	7.212793E-19
6.569393E+03	8.501141E-19	7.163855E-19
6.609393E+03	8.468621E-19	7.115598E-19
6.649393E+03	8.436661E-19	7.067926E-19
6.689393E+03	8.405153E-19	7.020741E-19
6.729393E+03	8.373987E-19	6.973945E-19
6.769393E+03	8.343051E-19	6.927440E-19
6.809393E+03	8.312233E-19	6.881129E-19
6.849393E+03	8.281421E-19	6.834912E-19
6.889393E+03	8.250498E-19	6.788693E-19
6.929393E+03	8.219350E-19	6.742374E-19
6.969393E+03	8.187860E-19	6.695858E-19
7.009393E+03	8.155913E-19	6.649049E-19
7.049393E+03	8.123393E-19	6.601854E-19
7.089393E+03	8.090183E-19	6.554180E-19
7.129393E+03	8.056170E-19	6.505935E-19
7.169393E+03	8.021238E-19	6.457030E-19
7.209393E+03	7.985276E-19	6.407379E-19
7.249393E+03	7.948172E-19	6.356898E-19
7.289393E+03	7.909819E-19	6.305507E-19
7.329393E+03	7.870112E-19	6.253129E-19
7.369393E+03	7.828947E-19	6.199690E-19
7.409393E+03	7.786226E-19	6.145122E-19
7.449393E+03	7.741855E-19	6.089360E-19
7.489393E+03	7.695743E-19	6.032345E-19
7.529393E+03	7.647806E-19	5.974024E-19
7.569393E+03	7.597965E-19	5.914346E-19
7.609393E+03	7.546147E-19	5.853272E-19
7.649393E+03	7.492284E-19	5.790763E-19
7.689393E+03	7.436317E-19	5.726791E-19
7.729393E+03	7.378195E-19	5.661333E-19
7.769393E+03	7.317872E-19	5.594374E-19
7.809393E+03	7.255312E-19	5.525905E-19
7.849393E+03	7.190488E-19	5.455927E-19
7.889393E+03	7.123381E-19	5.384445E-19
7.929393E+03	7.053982E-19	5.311475E-19
7.969393E+03	6.982289E-19	5.237039E-19
8.009393E+03	6.908312E-19	5.161167E-19
8.049393E+03	6.832069E-19	5.083898E-19
8.089393E+03	6.753590E-19	5.005276E-19
8.129393E+03	6.672911E-19	4.925355E-19
8.169393E+03	6.590082E-19	4.844196E-19
8.209393E+03	6.505158E-19	4.761865E-19
8.249393E+03	6.418206E-19	4.678436E-19
8.289393E+03	6.329301E-19	4.593990E-19
8.329393E+03	6.238529E-19	4.508614E-19
8.369393E+03	6.145980E-19	4.422399E-19
8.409393E+03	6.051757E-19	4.335442E-19
8.449393E+03	5.955965E-19	4.247844E-19
8.489393E+03	5.858722E-19	4.159712E-19
8.529393E+03	5.760146E-19	4.071154E-19
8.569393E+03	5.660366E-19	3.982281E-19
8.609393E+03	5.559513E-19	3.893208E-19
8.649393E+03	5.457723E-19	3.804050E-19
8.689393E+03	5.355135E-19	3.714923E-19
8.729393E+03	5.251893E-19	3.625944E-19
8.769393E+03	5.148141E-19	3.537229E-19
8.809393E+03	5.044024E-19	3.448894E-19
8.849393E+03	4.939690E-19	3.361050E-19
8.889393E+03	4.835285E-19	3.273811E-19
8.929393E+03	4.730953E-19	3.187284E-19
8.969393E+03	4.626840E-19	3.101576E-19
9.009393E+03	4.523085E-19	3.016786E-19
9.049393E+03	4.419828E-19	2.933014E-19
9.089393E+03	4.317202E-19	2.850350E-19
9.129393E+03	4.215339E-19	2.768883E-19
9.169393E+03	4.114364E-19	2.688695E-19
9.209393E+03	4.014397E-19	2.609862E-19
9.249393E+03	3.915553E-19	2.532455E-19
9.289393E+03	3.817940E-19	2.456539E-19
9.329393E+03	3.721661E-19	2.382172E-19
9.369393E+03	3.626810E-19	2.309406E-19
9.409393E+03	3.533476E-19	2.238288E-19
9.449393E+03	3.441740E-19	2.168856E-19
9.489393E+03	3.351677E-19	2.101145E-19
9.529393E+03	3.263352E-19	2.035182E-19
9.569393E+03	3.176826E-19	1.970989E-19
9.609393E+03	3.092150E-19	1.908580E-19
9.649393E+03	3.009369E-19	1.847966E-19
9.689393E+03	2.928522E-19	1.789152E-19
9.729393E+03	2.849639E-19	1.732137E-19
9.769393E+03	2.772746E-19	1.676915E-19
9.809393E+03	2.697859E-19	1.623478E-19
9.849393E+03	2.624990E-19	1.571810E-19
9.889393E+03	2.554146E-19	1.521893E-19
9.929393E+03	2.485327E-19	1.473707E-19
9.969393E+03	2.418528E-19	1.427224E-19
1.000939E+04	2.353738E-19	1.382418E-19
1.004939E+04	2.290943E-19	1.339257E-19
1.008939E+04	2.230124E-19	1.297709E-19
1.012939E+04	2.171259E-19	1.257736E-19
1.016939E+04	2.114320E-19	1.219303E-19
1.020939E+04	2.059278E-19	1.182370E-19
1.024939E+04	2.006102E-19	1.146897E-19
1.028939E+04	1.954754E-19	1.112843E-19
1.032939E+04	1.905198E-19	1.080167E-19
1.036939E+04	1.857394E-19	1.048825E-19
1.040939E+04	1.811302E-19	1.018775E-19
1.044939E+04	1.766878E-19	9.899736E-20
1.048939E+04	1.724079E-19	9.623782E-20
1.052939E+04	1.682860E-19	9.359459E-20
1.056939E+04	1.643177E-19	9.106342E-20
1.060939E+04	1.604982E-19	8.864012E-20
1.064939E+04	1.568231E-19	8.632053E-20
1.068939E+04	1.532877E-19	8.410061E-20
1.072939E+04	1.498875E-19	8.197635E-20
1.076939E+04	1.466179E-19	7.994384E-20
1.080939E+04	1.434743E-19	7.799929E-20
1.084939E+04	1.404524E-19	7.613897E-20
1.088939E+04	1.375477E-19	7.435928E-20
1.092939E+04	1.347559E-19	7.265672E-20
1.096939E+04	1.320727E-19	7.102790E-20
1.100939E+04	1.294940E-19	6.946955E-20
1.104939E+04	1.270159E-19	6.797849E-20
1.108939E+04	1.246342E-19	6.655168E-20
1.112939E+04	1.223453E-19	6.518619E-20
1.116939E+04	1.201453E-19	6.387919E-20
1.120939E+04	1.180308E-19	6.262798E-20
1.124939E+04	1.159981E-19	6.142997E-20
1.128939E+04	1.140440E-19	6.028267E-20
1.132939E+04	1.121651E-19	5.918370E-20
1.136939E+04	1.103584E-19	5.813080E-20
1.140939E+04	1.086209E-19	5.712179E-20
1.144939E+04	1.069496E-19	5.615460E-20
1.148939E+04	1.053418E-19	5.522727E-20
1.152939E+04	1.037947E-19	5.433792E-20
1.156939E+04	1.023060E-19	5.348476E-20
1.160939E+04	1.008730E-19	5.266609E-20
1.164939E+04	9.949356E-20	5.188030E-20
1.168939E+04	9.816533E-20	5.112586E-20
1.172939E+04	9.688622E-20	5.040131E-20
1.176939E+04	9.565419E-20	4.970526E-20
1.180939E+04	9.446729E-20	4.903641E-20
1.184939E+04	9.332367E-20	4.839352E-20
1.188939E+04	9.222156E-20	4.777540E-20
1.192939E+04	9.115929E-20	4.718094E-20
1.196939E+04	9.013524E-20	4.660908E-20
1.200939E+04	8.914790E-20	4.605881E-20
1.204939E+04	8.819580E-20	4.552918E-20
1.208939E+04	8.727755E-20	4.501929E-20
1.212939E+04	8.639184E-20	4.452828E-20
1.216939E+04	8.553740E-20	4.405534E-20
1.220939E+04	8.471303E-20	4.359969E-20
1.224939E+04	8.391759E-20	4.316060E-20
1.228939E+04	8.314998E-20	4.273739E-20
1.232939E+04	8.240915E-20	4.232938E-20
1.236939E+04	8.169411E-20	4.193594E-20
1.240939E+04	8.100391E-20	4.155649E-20
1.244939E+04	8.033763E-20	4.119045E-20
1.248939E+04	7.969439E-20	4.083727E-20
1.252939E+04	7.907337E-20	4.049645E-20
1.256939E+04	7.847376E-20	4.016748E-20
1.260939E+04	7.789479E-20	3.984989E-20
1.264939E+04	7.733572E-20	3.954324E-20
1.268939E+04	7.679585E-20	3.924709E-20
1.272939E+04	7.627449E-20	3.896104E-20
1.276939E+04	7.577100E-20	3.868468E-20
1.280939E+04	7.528474E-20	3.841764E-20
1.284939E+04	7.481511E-20	3.815956E-20
1.288939E+04	7.436153E-20	3.791008E-20
1.292939E+04	7.392344E-20	3.766889E-20
1.296939E+04	7.350031E-20	3.743566E-20
1.300939E+04	7.309162E-20	3.721009E-20
1.304939E+04	7.269688E-20	3.699188E-20
1.308939E+04	7.231563E-20	3.678076E-20
1.312939E+04	7.194742E-20	3.657647E-20
1.316939E+04	7.159182E-20	3.637875E-20
1.320939E+04	7.124843E-20	3.618738E-20
1.324939E+04	7.091687E-20	3.600211E-20
1.328939E+04	7.059679E-20	3.582276E-20
1.332939E+04	7.028785E-20	3.564910E-20
1.336939E+04	6.998975E-20	3.548098E-20
1.340939E+04	6.970222E-20	3.531821E-20
1.344939E+04	6.942499E-20	3.516065E-20
1.348939E+04	6.915785E-20	3.500816E-20
1.352939E+04	6.890060E-20	3.486062E-20
1.356939E+04	6.865308E-20	3.471792E-20
1.360939E+04	6.841516E-20	3.457998E-20
1.364939E+04	6.818673E-20	3.444672E-20
1.368939E+04	6.796772E-20	3.431810E-20
1.372939E+04	6.775810E-20	3.419408E-20
1.376939E+04	6.755787E-20	3.407464E-20
1.380939E+04	6.736706E-20	3.395978E-20
1.384939E+04	6.718574E-20	3.384952E-20
1.388939E+04	6.701400E-20	3.374391E-20
1.392939E+04	6.685198E-20	3.364299E-20
1.396939E+04	6.669986E-20	3.354684E-20
1.400939E+04	6.655784E-20	3.345556E-20
1.404939E+04	6.642615E-20	3.336924E-20
1.408939E+04	6.630506E-20	3.328802E-20
1.412939E+04	6.619487E-20	3.321204E-20
1.416939E+04	6.609591E-20	3.314146E-20
1.420939E+04	6.600855E-20	3.307644E-20
1.424939E+04	6.593316E-20	3.301717E-20
1.428939E+04	6.587015E-20	3.296386E-20
1.432939E+04	6.581996E-20	3.291670E-20
1.436939E+04	6.578304E-20	3.287592E-20
1.440939E+04	6.575987E-20	3.284175E-20
1.444939E+04	6.575093E-20	3.281443E-20
1.448939E+04	6.575673E-20	3.279420E-20
1.452939E+04	6.577780E-20	3.278131E-20
1.456939E+04	6.581465E-20	3.277602E-20
1.460939E+04	6.586782E-20	3.277858E-20
1.464939E+04	6.593786E-20	3.278926E-20
1.468939E+04	6.602530E-20	3.280832E-20
1.472939E+04	6.613069E-20	3.283601E-20
1.476939E+04	6.625459E-20	3.287260E-20
1.480939E+04	6.639751E-20	3.291835E-20
1.484939E+04	6.656001E-20	3.297350E-20
1.488939E+04	6.674261E-20	3.303831E-20
1.492939E+04	6.694583E-20	3.311303E-20
1.496939E+04	6.717018E-20	3.319788E-20
1.500939E+04	6.741616E-20	3.329311E-20
1.504939E+04	6.768425E-20	3.339894E-20
1.508939E+04	6.797493E-20	3.351558E-20
1.512939E+04	6.828865E-20	3.364325E-20
1.516939E+04	6.862585E-20	3.378214E-20
1.520939E+04	6.898698E-20	3.393246E-20
1.524939E+04	6.937245E-20	3.409439E-20
1.528939E+04	6.978266E-20	3.426812E-20
1.532939E+04	7.021800E-20	3.445380E-20
1.536939E+04	7.067887E-20	3.465162E-20
1.540939E+04	7.116563E-20	3.486174E-20
1.544939E+04	7.167867E-20	3.508432E-20
1.548939E+04	7.221834E-20	3.531952E-20
1.552939E+04	7.278501E-20	3.556749E-20
1.556939E+04	7.337908E-20	3.582840E-20
1.560939E+04	7.400091E-20	3.610240E-20
1.564939E+04	7.465091E-20	3.638968E-20
1.568939E+04	7.532950E-20	3.669040E-20
1.572939E+04	7.603713E-20	3.700475E-20
1.576939E+04	7.677427E-20	3.733295E-20
1.580939E+04	7.754144E-20	3.767521E-20
1.584939E+04	7.833920E-20	3.803176E-20
1.588939E+04	7.916817E-20	3.840288E-20
1.592939E+04	8.002902E-20	3.878885E-20
1.596939E+04	8.092248E-20	3.918999E-20
1.600939E+04	8.184939E-20	3.960667E-20
1.604939E+04	8.281063E-20	4.003926E-20
1.608939E+04	8.380721E-20	4.048821E-20
1.612939E+04	8.484021E-20	4.095398E-20
1.616939E+04	8.591083E-20	4.143710E-20
1.620939E+04	8.702038E-20	4.193815E-20
1.624939E+04	8.817029E-20	4.245776E-20
1.628939E+04	8.936213E-20	4.299659E-20
1.632939E+04	9.059760E-20	4.355541E-20
1.636939E+04	9.187854E-20	4.413501E-20
1.640939E+04	9.320692E-20	4.473626E-20
1.644939E+04	9.458491E-20	4.536009E-20
1.648939E+04	9.601480E-20	4.600752E-20
1.652939E+04	9.749906E-20	4.667961E-20
1.656939E+04	9.904033E-20	4.737750E-20
1.660939E+04	1.006414E-19	4.810242E-20
1.664939E+04	1.023054E-19	4.885567E-20
1.668939E+04	1.040353E-19	4.963860E-20
1.672939E+04	1.058346E-19	5.045267E-20
1.676939E+04	1.077069E-19	5.129941E-20
1.680939E+04	1.096559E-19	5.218042E-20
1.684939E+04	1.116856E-19	5.309740E-20
1.688939E+04	1.138002E-19	5.405210E-20
1.692939E+04	1.160042E-19	5.504640E-20
1.696939E+04	1.183020E-19	5.608222E-20
1.700939E+04	1.206988E-19	5.716161E-20
1.704939E+04	1.231994E-19	5.828667E-20
1.708939E+04	1.258094E-19	5.945962E-20
1.712939E+04	1.285343E-19	6.068277E-20
1.716939E+04	1.313801E-19	6.195851E-20
1.720939E+04	1.343529E-19	6.328934E-20
1.724939E+04	1.374592E-19	6.467786E-20
1.728939E+04	1.407057E-19	6.612678E-20
1.732939E+04	1.440997E-19	6.763890E-20
1.736939E+04	1.476485E-19	6.921716E-20
1.740939E+04	1.513599E-19	7.086458E-20
1.744939E+04	1.552422E-19	7.258434E-20
1.748939E+04	1.593039E-19	7.437970E-20
1.752939E+04	1.635540E-19	7.625408E-20
1.756939E+04	1.680019E-19	7.821101E-20
1.760939E+04	1.726576E-19	8.025417E-20
1.764939E+04	1.775313E-19	8.238738E-20
1.768939E+04	1.826341E-19	8.461460E-20
1.772939E+04	1.879773E-19	8.693994E-20
1.776939E+04	1.935730E-19	8.936767E-20
1.780939E+04	1.994336E-19	9.190220E-20
1.784939E+04	2.055726E-19	9.454814E-20
1.788939E+04	2.120038E-19	9.731023E-20
1.792939E+04	2.187417E-19	1.001934E-19
1.796939E+04	2.258018E-19	1.032028E-19
1.800939E+04	2.332002E-19	1.063436E-19
1.804939E+04	2.409537E-19	1.096213E-19
1.808939E+04	2.490802E-19	1.130416E-19
1.812939E+04	2.575984E-19	1.166103E-19
1.816939E+04	2.665278E-19	1.203334E-19
1.820939E+04	2.758890E-19	1.242170E-19
1.824939E+04	2.857038E-19	1.282675E-19
1.828939E+04	2.959946E-19	1.324915E-19
1.832939E+04	3.067854E-19	1.368956E-19
1.836939E+04	3.181009E-19	1.414867E-19
1.840939E+04	3.299674E-19	1.462718E-19
1.844939E+04	3.424122E-19	1.512580E-19
1.848939E+04	3.554638E-19	1.564525E-19
1.852939E+04	3.691522E-19	1.618627E-19
1.856939E+04	3.835086E-19	1.674960E-19
1.860939E+04	3.985656E-19	1.733597E-19
1.864939E+04	4.143572E-19	1.794615E-19
1.868939E+04	4.309188E-19	1.858086E-19
1.872939E+04	4.482872E-19	1.924084E-19
1.876939E+04	4.665006E-19	1.992681E-19
1.880939E+04	4.855986E-19	2.063948E-19
1.884939E+04	5.056222E-19	2.137951E-19
1.888939E+04	5.266138E-19	2.214756E-19
1.892939E+04	5.486170E-19	2.294422E-19
1.896939E+04	5.716766E-19	2.377005E-19
1.900939E+04	5.958387E-19	2.462553E-19
1.904939E+04	6.211502E-19	2.551107E-19
1.908939E+04	6.476590E-19	2.642701E-19
1.912939E+04	6.754136E-19	2.737356E-19
1.916939E+04	7.044630E-19	2.835085E-19
1.920939E+04	7.348566E-19	2.935884E-19
1.924939E+04	7.666434E-19	3.039735E-19
1.928939E+04	7.998724E-19	3.146604E-19
1.932939E+04	8.345915E-19	3.256435E-19
1.936939E+04	8.708475E-19	3.369151E-19
1.940939E+04	9.086855E-19	3.484653E-19
1.944939E+04	9.481482E-19	3.602812E-19
1.948939E+04	9.892756E-19	3.723471E-19
1.952939E+04	1.032104E-18	3.846440E-19
1.956939E+04	1.076665E-18	3.971492E-19
1.960939E+04	1.122985E-18	4.098366E-19
1.964939E+04	1.171084E-18	4.226756E-19
1.968939E+04	1.220977E-18	4.356312E-19
1.972939E+04	1.272667E-18	4.486639E-19
1.976939E+04	1.326150E-18	4.617292E-19
1.980939E+04	1.381410E-18	4.747772E-19
1.984939E+04	1.438421E-18	4.877528E-19
1.988939E+04	1.497142E-18	5.005954E-19
1.992939E+04	1.557517E-18	5.132384E-19
1.996939E+04	1.619475E-18	5.256099E-19
2.000939E+04	1.682927E-18	5.376321E-19
2.004939E+04	1.747764E-18	5.492216E-19
2.008939E+04	1.813858E-18	5.602900E-19
2.012939E+04	1.881059E-18	5.707435E-19
2.016939E+04	1.949194E-18	5.804844E-19
2.020939E+04	2.018065E-18	5.894108E-19
2.024939E+04	2.087453E-18	5.974180E-19
2.028939E+04	2.157109E-18	6.043991E-19
2.032939E+04	2.226762E-18	6.102467E-19
2.036939E+04	2.296115E-18	6.148536E-19
2.040939E+04	2.364845E-18	6.181148E-19
2.044939E+04	2.432607E-18	6.199288E-19
2.048939E+04	2.499034E-18	6.202001E-19
2.052939E+04	2.563736E-18	6.188407E-19
2.056939E+04	2.626309E-18	6.157725E-19
2.060939E+04	2.686335E-18	6.109295E-19
2.064939E+04	2.743384E-18	6.042605E-19
2.068939E+04	2.797024E-18	5.957314E-19
2.072939E+04	2.846821E-18	5.853271E-19
2.076939E+04	2.892349E-18	5.730550E-19
2.080939E+04	2.933195E-18	5.589460E-19
2.084939E+04	2.968967E-18	5.430579E-19
2.088939E+04	2.999299E-18	5.254764E-19
2.092939E+04	3.023864E-18	5.063177E-19
2.096939E+04	3.042376E-18	4.857296E-19
2.100939E+04	3.054600E-18	4.638935E-19
2.104939E+04	3.060361E-18	4.410251E-19
2.108939E+04	3.059548E-18	4.173766E-19
2.112939E+04	3.052122E-18	3.932375E-19
2.116939E+04	3.038122E-18	3.689357E-19
2.120939E+04	3.017666E-18	3.448396E-19
2.124939E+04	2.990959E-18	3.213575E-19
2.128939E+04	2.958291E-18	2.989370E-19
2.132939E+04	2.920038E-18	2.780587E-19
2.136939E+04	2.876661E-18	2.592232E-19
2.140939E+04	2.828705E-18	2.429238E-19
2.144939E+04	2.776788E-18	2.296035E-19
2.148939E+04	2.721599E-18	2.195949E-19
2.152939E+04	2.663886E-18	2.130574E-19
2.156939E+04	2.604437E-18	2.099367E-19
2.160939E+04	2.544032E-18	2.099710E-19
2.164939E+04	2.483411E-18	2.127423E-19
2.168939E+04	2.423239E-18	2.177526E-19
2.172939E+04	2.364093E-18	2.244969E-19
2.176939E+04	2.306455E-18	2.325165E-19
2.180939E+04	2.250705E-18	2.414248E-19
2.184939E+04	2.197136E-18	2.509143E-19
2.188939E+04	2.145956E-18	2.607506E-19
2.192939E+04	2.097305E-18	2.707620E-19
2.196939E+04	2.051264E-18	2.808269E-19
2.200939E+04	2.007868E-18	2.908627E-19
2.204939E+04	1.967113E-18	3.008167E-19
2.208939E+04	1.928971E-18	3.106582E-19
2.212939E+04	1.893392E-18	3.203728E-19
2.216939E+04	1.860311E-18	3.299581E-19
2.220939E+04	1.829654E-18	3.394201E-19
2.224939E+04	1.801342E-18	3.487707E-19
2.228939E+04	1.775291E-18	3.580261E-19
2.232939E+04	1.751420E-18	3.672051E-19
2.236939E+04	1.729645E-18	3.763286E-19
2.240939E+04	1.709887E-18	3.854184E-19
2.244939E+04	1.692070E-18	3.944969E-19
2.248939E+04	1.676118E-18	4.035867E-19
2.252939E+04	1.661965E-18	4.127105E-19
2.256939E+04	1.649543E-18	4.218908E-19
2.260939E+04	1.638793E-18	4.311498E-19
2.264939E+04	1.629657E-18	4.405095E-19
2.268939E+04	1.622084E-18	4.499913E-19
2.272939E+04	1.616024E-18	4.596165E-19
2.276939E+04	1.611434E-18	4.694060E-19
2.280939E+04	1.608273E-18	4.793802E-19
2.284939E+04	1.606503E-18	4.895595E-19
2.288939E+04	1.606092E-18	4.999640E-19
2.292939E+04	1.607009E-18	5.106136E-19
2.296939E+04	1.609226E-18	5.215280E-19
2.300939E+04	1.612720E-18	5.327270E-19
2.304939E+04	1.617469E-18	5.442301E-19
2.308939E+04	1.623454E-18	5.560571E-19
2.312939E+04	1.630658E-18	5.682276E-19
2.316939E+04	1.639068E-18	5.807616E-19
2.320939E+04	1.648671E-18	5.936790E-19
2.324939E+04	1.659458E-18	6.070000E-19
2.328939E+04	1.671420E-18	6.207450E-19
2.332939E+04	1.684550E-18	6.349348E-19
2.336939E+04	1.698846E-18	6.495902E-19
2.340939E+04	1.714302E-18	6.647328E-19
2.344939E+04	1.730918E-18	6.803841E-19
2.348939E+04	1.748694E-18	6.965663E-19
2.352939E+04	1.767629E-18	7.133020E-19
2.356939E+04	1.787728E-18	7.306142E-19
2.360939E+04	1.808991E-18	7.485264E-19
2.364939E+04	1.831425E-18	7.670624E-19
2.368939E+04	1.855034E-18	7.862470E-19
2.372939E+04	1.879824E-18	8.061050E-19
2.376939E+04	1.905802E-18	8.266621E-19
2.380939E+04	1.932974E-18	8.479443E-19
2.384939E+04	1.961350E-18	8.699784E-19
2.388939E+04	1.990938E-18	8.927915E-19
2.392939E+04	2.021746E-18	9.164114E-19
2.396939E+04	2.053784E-18	9.408664E-19
2.400939E+04	2.087063E-18	9.661855E-19
2.404939E+04	2.121592E-18	9.923980E-19
2.408939E+04	2.157381E-18	1.019534E-18
2.412939E+04	2.194442E-18	1.047623E-18
2.416939E+04	2.232784E-18	1.076698E-18
2.420939E+04	2.272419E-18	1.106788E-18
2.424939E+04	2.313357E-18	1.137926E-18
2.428939E+04	2.355609E-18	1.170145E-18
2.432939E+04	2.399186E-18	1.203476E-18
2.436939E+04	2.444099E-18	1.237952E-18
2.440939E+04	2.490358E-18	1.273608E-18
2.444939E+04	2.537974E-18	1.310476E-18
2.448939E+04	2.586956E-18	1.348590E-18
