#wls	flux	fluxerr
3.289393E+03	8.688416E-19	5.202268E-20
3.329393E+03	9.083693E-19	4.938844E-20
3.369393E+03	9.503174E-19	4.705634E-20
3.409393E+03	9.948060E-19	4.514094E-20
3.449393E+03	1.041954E-18	4.374928E-20
3.489393E+03	1.091876E-18	4.296014E-20
3.529393E+03	1.144681E-18	4.280651E-20
3.569393E+03	1.200468E-18	4.327305E-20
3.609393E+03	1.259325E-18	4.431433E-20
3.649393E+03	1.321326E-18	4.588663E-20
3.689393E+03	1.386533E-18	4.797943E-20
3.729393E+03	1.454996E-18	5.063371E-20
3.769393E+03	1.526758E-18	5.393941E-20
3.809393E+03	1.601859E-18	5.801166E-20
3.849393E+03	1.680343E-18	6.295318E-20
3.889393E+03	1.762264E-18	6.881720E-20
3.929393E+03	1.847688E-18	7.558848E-20
3.969393E+03	1.936696E-18	8.318442E-20
4.009393E+03	2.029380E-18	9.146812E-20
4.049393E+03	2.125843E-18	1.002654E-19
4.089393E+03	2.226191E-18	1.093793E-19
4.129393E+03	2.330535E-18	1.186006E-19
4.169393E+03	2.438984E-18	1.277140E-19
4.209393E+03	2.551648E-18	1.365017E-19
4.249393E+03	2.668629E-18	1.447456E-19
4.289393E+03	2.790023E-18	1.522296E-19
4.329393E+03	2.915914E-18	1.587422E-19
4.369393E+03	3.046372E-18	1.640808E-19
4.409393E+03	3.181447E-18	1.680586E-19
4.449393E+03	3.321168E-18	1.705146E-19
4.489393E+03	3.465538E-18	1.713295E-19
4.529393E+03	3.614530E-18	1.704476E-19
4.569393E+03	3.768089E-18	1.679112E-19
4.609393E+03	3.926124E-18	1.639078E-19
4.649393E+03	4.088508E-18	1.588355E-19
4.689393E+03	4.255074E-18	1.533854E-19
4.729393E+03	4.425614E-18	1.486169E-19
4.769393E+03	4.599879E-18	1.459661E-19
4.809393E+03	4.777578E-18	1.470709E-19
4.849393E+03	4.958382E-18	1.533374E-19
4.889393E+03	5.141925E-18	1.654169E-19
4.929393E+03	5.327798E-18	1.830437E-19
4.969393E+03	5.515552E-18	2.053334E-19
5.009393E+03	5.704685E-18	2.311839E-19
5.049393E+03	5.894642E-18	2.595360E-19
5.089393E+03	6.084807E-18	2.894737E-19
5.129393E+03	6.274507E-18	3.202350E-19
5.169393E+03	6.463014E-18	3.511891E-19
5.209393E+03	6.649552E-18	3.818083E-19
5.249393E+03	6.833308E-18	4.116444E-19
5.289393E+03	7.013441E-18	4.403094E-19
5.329393E+03	7.189097E-18	4.674616E-19
5.369393E+03	7.359419E-18	4.927960E-19
5.409393E+03	7.523566E-18	5.160370E-19
5.449393E+03	7.680726E-18	5.369339E-19
5.489393E+03	7.830139E-18	5.552591E-19
5.529393E+03	7.971114E-18	5.708071E-19
5.569393E+03	8.103044E-18	5.833959E-19
5.609393E+03	8.225418E-18	5.928682E-19
5.649393E+03	8.337835E-18	5.990936E-19
5.689393E+03	8.440012E-18	6.019706E-19
5.729393E+03	8.531782E-18	6.014275E-19
5.769393E+03	8.613102E-18	5.974232E-19
5.809393E+03	8.684052E-18	5.899470E-19
5.849393E+03	8.744830E-18	5.790195E-19
5.889393E+03	8.795753E-18	5.646931E-19
5.929393E+03	8.837246E-18	5.470546E-19
5.969393E+03	8.869835E-18	5.262298E-19
6.009393E+03	8.894138E-18	5.023903E-19
6.049393E+03	8.910847E-18	4.757660E-19
6.089393E+03	8.920722E-18	4.466624E-19
6.129393E+03	8.924577E-18	4.154876E-19
6.169393E+03	8.923273E-18	3.827922E-19
6.209393E+03	8.917712E-18	3.493271E-19
6.249393E+03	8.908840E-18	3.161248E-19
6.289393E+03	8.897647E-18	2.846020E-19
6.329393E+03	8.885180E-18	2.566527E-19
6.369393E+03	8.872556E-18	2.346215E-19
6.409393E+03	8.860987E-18	2.209219E-19
6.449393E+03	8.851776E-18	2.170846E-19
6.489393E+03	8.846329E-18	2.225993E-19
6.529393E+03	8.846141E-18	2.350368E-19
6.569393E+03	8.852752E-18	2.514409E-19
6.609393E+03	8.867704E-18	2.693192E-19
6.649393E+03	8.892480E-18	2.869322E-19
6.689393E+03	8.928429E-18	3.032148E-19
6.729393E+03	8.976699E-18	3.176038E-19
6.769393E+03	9.038166E-18	3.298839E-19
6.809393E+03	9.113372E-18	3.400712E-19
6.849393E+03	9.202486E-18	3.483334E-19
6.889393E+03	9.305267E-18	3.549331E-19
6.929393E+03	9.421070E-18	3.601887E-19
6.969393E+03	9.548870E-18	3.644421E-19
7.009393E+03	9.687318E-18	3.680284E-19
7.049393E+03	9.834808E-18	3.712455E-19
7.089393E+03	9.989564E-18	3.743223E-19
7.129393E+03	1.014972E-17	3.773914E-19
7.169393E+03	1.031338E-17	3.804709E-19
7.209393E+03	1.047869E-17	3.834600E-19
7.249393E+03	1.064389E-17	3.861476E-19
7.289393E+03	1.080735E-17	3.882314E-19
7.329393E+03	1.096763E-17	3.893410E-19
7.369393E+03	1.112355E-17	3.890623E-19
7.409393E+03	1.127430E-17	3.869618E-19
7.449393E+03	1.141947E-17	3.826146E-19
7.489393E+03	1.155914E-17	3.756424E-19
7.529393E+03	1.169386E-17	3.657672E-19
7.569393E+03	1.182462E-17	3.528854E-19
7.609393E+03	1.195272E-17	3.371680E-19
7.649393E+03	1.207960E-17	3.191942E-19
7.689393E+03	1.220669E-17	3.001203E-19
7.729393E+03	1.233521E-17	2.818630E-19
7.769393E+03	1.246594E-17	2.671811E-19
7.809393E+03	1.259906E-17	2.593514E-19
7.849393E+03	1.273378E-17	2.609625E-19
7.889393E+03	1.286776E-17	2.719015E-19
7.929393E+03	1.299732E-17	2.895041E-19
7.969393E+03	1.311842E-17	3.105361E-19
8.009393E+03	1.322724E-17	3.323211E-19
8.049393E+03	1.332068E-17	3.530374E-19
8.089393E+03	1.339670E-17	3.716249E-19
8.129393E+03	1.345444E-17	3.875877E-19
8.169393E+03	1.349430E-17	4.008070E-19
8.209393E+03	1.351782E-17	4.113956E-19
8.249393E+03	1.352748E-17	4.195975E-19
8.289393E+03	1.352647E-17	4.257255E-19
8.329393E+03	1.351838E-17	4.301239E-19
8.369393E+03	1.350695E-17	4.331443E-19
8.409393E+03	1.349576E-17	4.351233E-19
8.449393E+03	1.348808E-17	4.363562E-19
8.489393E+03	1.348665E-17	4.370678E-19
8.529393E+03	1.349366E-17	4.373844E-19
8.569393E+03	1.351064E-17	4.373135E-19
8.609393E+03	1.353853E-17	4.367390E-19
8.649393E+03	1.357773E-17	4.354318E-19
8.689393E+03	1.362815E-17	4.330733E-19
8.729393E+03	1.368936E-17	4.292838E-19
8.769393E+03	1.376065E-17	4.236503E-19
8.809393E+03	1.384119E-17	4.157511E-19
8.849393E+03	1.393007E-17	4.051828E-19
8.889393E+03	1.402637E-17	3.916006E-19
8.929393E+03	1.412923E-17	3.747891E-19
8.969393E+03	1.423781E-17	3.547867E-19
9.009393E+03	1.435131E-17	3.320920E-19
9.049393E+03	1.446896E-17	3.079851E-19
9.089393E+03	1.459000E-17	2.849577E-19
9.129393E+03	1.471377E-17	2.670607E-19
9.169393E+03	1.483968E-17	2.594525E-19
9.209393E+03	1.496722E-17	2.658898E-19
9.249393E+03	1.509580E-17	2.849618E-19
9.289393E+03	1.522467E-17	3.116767E-19
9.329393E+03	1.535295E-17	3.410218E-19
9.369393E+03	1.547944E-17	3.692778E-19
9.409393E+03	1.560254E-17	3.940078E-19
9.449393E+03	1.572023E-17	4.136984E-19
9.489393E+03	1.583012E-17	4.274253E-19
9.529393E+03	1.592963E-17	4.346171E-19
9.569393E+03	1.601626E-17	4.349102E-19
9.609393E+03	1.608779E-17	4.280906E-19
9.649393E+03	1.614263E-17	4.141247E-19
9.689393E+03	1.617997E-17	3.932910E-19
9.729393E+03	1.620004E-17	3.664402E-19
9.769393E+03	1.620407E-17	3.354380E-19
9.809393E+03	1.619438E-17	3.038511E-19
9.849393E+03	1.617421E-17	2.777489E-19
9.889393E+03	1.614746E-17	2.655170E-19
9.929393E+03	1.611805E-17	2.739806E-19
9.969393E+03	1.608857E-17	3.018330E-19
1.000939E+04	1.606071E-17	3.419323E-19
1.004939E+04	1.603603E-17	3.873218E-19
1.008939E+04	1.601611E-17	4.332011E-19
1.012939E+04	1.600261E-17	4.766617E-19
1.016939E+04	1.599722E-17	5.160781E-19
1.020939E+04	1.600168E-17	5.506697E-19
1.024939E+04	1.601775E-17	5.802313E-19
1.028939E+04	1.604719E-17	6.049626E-19
1.032939E+04	1.609167E-17	6.253476E-19
1.036939E+04	1.615277E-17	6.420547E-19
1.040939E+04	1.623182E-17	6.558479E-19
1.044939E+04	1.632990E-17	6.675057E-19
1.048939E+04	1.644765E-17	6.777531E-19
1.052939E+04	1.658527E-17	6.872143E-19
1.056939E+04	1.674247E-17	6.963902E-19
1.060939E+04	1.691845E-17	7.056595E-19
1.064939E+04	1.711196E-17	7.152969E-19
1.068939E+04	1.732142E-17	7.254986E-19
1.072939E+04	1.754499E-17	7.364052E-19
1.076939E+04	1.778072E-17	7.481146E-19
1.080939E+04	1.802669E-17	7.606805E-19
1.084939E+04	1.828107E-17	7.740954E-19
1.088939E+04	1.854216E-17	7.882653E-19
1.092939E+04	1.880843E-17	8.029786E-19
1.096939E+04	1.907841E-17	8.178813E-19
1.100939E+04	1.935066E-17	8.324612E-19
1.104939E+04	1.962369E-17	8.460493E-19
1.108939E+04	1.989587E-17	8.578400E-19
1.112939E+04	2.016538E-17	8.669330E-19
1.116939E+04	2.043014E-17	8.723928E-19
1.120939E+04	2.068780E-17	8.733258E-19
1.124939E+04	2.093567E-17	8.689688E-19
1.128939E+04	2.117073E-17	8.587879E-19
1.132939E+04	2.138964E-17	8.425872E-19
1.136939E+04	2.158876E-17	8.206266E-19
1.140939E+04	2.176417E-17	7.937489E-19
1.144939E+04	2.191183E-17	7.635053E-19
1.148939E+04	2.202771E-17	7.322447E-19
1.152939E+04	2.210804E-17	7.030852E-19
1.156939E+04	2.214969E-17	6.796322E-19
1.160939E+04	2.215069E-17	6.652890E-19
1.164939E+04	2.211110E-17	6.621200E-19
1.168939E+04	2.203465E-17	6.695736E-19
1.172939E+04	2.192809E-17	6.848514E-19
1.176939E+04	2.179936E-17	7.043322E-19
1.180939E+04	2.165666E-17	7.245730E-19
1.184939E+04	2.150779E-17	7.427948E-19
1.188939E+04	2.135967E-17	7.569763E-19
1.192939E+04	2.121806E-17	7.657444E-19
1.196939E+04	2.108736E-17	7.681991E-19
1.200939E+04	2.097044E-17	7.637463E-19
1.204939E+04	2.086866E-17	7.519680E-19
1.208939E+04	2.078180E-17	7.325410E-19
1.212939E+04	2.070809E-17	7.052082E-19
1.216939E+04	2.064427E-17	6.698108E-19
1.220939E+04	2.058568E-17	6.263923E-19
1.224939E+04	2.052644E-17	5.754034E-19
1.228939E+04	2.045967E-17	5.180624E-19
1.232939E+04	2.037780E-17	4.569824E-19
1.236939E+04	2.027308E-17	3.972284E-19
1.240939E+04	2.013822E-17	3.477378E-19
1.244939E+04	1.996726E-17	3.212914E-19
1.248939E+04	1.975682E-17	3.277575E-19
1.252939E+04	1.950746E-17	3.629988E-19
1.256939E+04	1.922308E-17	4.138118E-19
1.260939E+04	1.890947E-17	4.688677E-19
1.264939E+04	1.857339E-17	5.213594E-19
1.268939E+04	1.822198E-17	5.678114E-19
1.272939E+04	1.786231E-17	6.067652E-19
1.276939E+04	1.750117E-17	6.379587E-19
1.280939E+04	1.714488E-17	6.618469E-19
1.284939E+04	1.679927E-17	6.793075E-19
1.288939E+04	1.646953E-17	6.914476E-19
1.292939E+04	1.616025E-17	6.994683E-19
1.296939E+04	1.587537E-17	7.045706E-19
1.300939E+04	1.561812E-17	7.078895E-19
1.304939E+04	1.539104E-17	7.104521E-19
1.308939E+04	1.519597E-17	7.131517E-19
1.312939E+04	1.503404E-17	7.167358E-19
1.316939E+04	1.490571E-17	7.218010E-19
1.320939E+04	1.481083E-17	7.287939E-19
1.324939E+04	1.474862E-17	7.380126E-19
1.328939E+04	1.471779E-17	7.496087E-19
1.332939E+04	1.471656E-17	7.635901E-19
1.336939E+04	1.474268E-17	7.798265E-19
1.340939E+04	1.479351E-17	7.980605E-19
1.344939E+04	1.486606E-17	8.179240E-19
1.348939E+04	1.495708E-17	8.389619E-19
1.352939E+04	1.506306E-17	8.606597E-19
1.356939E+04	1.518038E-17	8.824727E-19
1.360939E+04	1.530536E-17	9.038537E-19
1.364939E+04	1.543436E-17	9.242773E-19
1.368939E+04	1.556388E-17	9.432596E-19
1.372939E+04	1.569065E-17	9.603727E-19
1.376939E+04	1.581171E-17	9.752552E-19
1.380939E+04	1.592443E-17	9.876185E-19
1.384939E+04	1.602662E-17	9.972508E-19
1.388939E+04	1.611650E-17	1.004019E-18
1.392939E+04	1.619272E-17	1.007869E-18
1.396939E+04	1.625443E-17	1.008819E-18
1.400939E+04	1.630118E-17	1.006962E-18
1.404939E+04	1.633294E-17	1.002450E-18
1.408939E+04	1.635007E-17	9.954939E-19
1.412939E+04	1.635324E-17	9.863509E-19
1.416939E+04	1.634337E-17	9.753179E-19
1.420939E+04	1.632162E-17	9.627234E-19
1.424939E+04	1.628932E-17	9.489199E-19
1.428939E+04	1.624794E-17	9.342757E-19
1.432939E+04	1.619909E-17	9.191650E-19
1.436939E+04	1.614448E-17	9.039554E-19
1.440939E+04	1.608588E-17	8.889915E-19
1.444939E+04	1.602515E-17	8.745749E-19
1.448939E+04	1.596418E-17	8.609433E-19
1.452939E+04	1.590485E-17	8.482516E-19
1.456939E+04	1.584902E-17	8.365598E-19
1.460939E+04	1.579849E-17	8.258300E-19
1.464939E+04	1.575495E-17	8.159329E-19
1.468939E+04	1.571998E-17	8.066639E-19
1.472939E+04	1.569497E-17	7.977655E-19
1.476939E+04	1.568116E-17	7.889514E-19
1.480939E+04	1.567955E-17	7.799289E-19
1.484939E+04	1.569097E-17	7.704170E-19
1.488939E+04	1.571597E-17	7.601601E-19
1.492939E+04	1.575490E-17	7.489387E-19
1.496939E+04	1.580783E-17	7.365810E-19
1.500939E+04	1.587463E-17	7.229780E-19
1.504939E+04	1.595489E-17	7.081068E-19
1.508939E+04	1.604798E-17	6.920631E-19
1.512939E+04	1.615305E-17	6.751032E-19
1.516939E+04	1.626899E-17	6.576913E-19
1.520939E+04	1.639448E-17	6.405461E-19
1.524939E+04	1.652794E-17	6.246714E-19
1.528939E+04	1.666760E-17	6.113433E-19
1.532939E+04	1.681148E-17	6.020187E-19
1.536939E+04	1.695748E-17	5.981182E-19
1.540939E+04	1.710343E-17	6.006510E-19
1.544939E+04	1.724726E-17	6.096303E-19
1.548939E+04	1.738706E-17	6.239701E-19
1.552939E+04	1.752093E-17	6.420360E-19
1.556939E+04	1.764699E-17	6.620480E-19
1.560939E+04	1.776331E-17	6.823305E-19
1.564939E+04	1.786798E-17	7.014416E-19
1.568939E+04	1.795910E-17	7.182163E-19
1.572939E+04	1.803482E-17	7.317677E-19
1.576939E+04	1.809342E-17	7.414707E-19
1.580939E+04	1.813338E-17	7.469449E-19
1.584939E+04	1.815343E-17	7.480416E-19
1.588939E+04	1.815262E-17	7.448360E-19
1.592939E+04	1.813033E-17	7.376241E-19
1.596939E+04	1.808635E-17	7.269224E-19
1.600939E+04	1.802084E-17	7.134689E-19
1.604939E+04	1.793436E-17	6.982203E-19
1.608939E+04	1.782781E-17	6.823343E-19
1.612939E+04	1.770244E-17	6.671228E-19
1.616939E+04	1.755975E-17	6.539550E-19
1.620939E+04	1.740148E-17	6.440930E-19
1.624939E+04	1.722949E-17	6.384480E-19
1.628939E+04	1.704576E-17	6.372142E-19
1.632939E+04	1.685234E-17	6.397223E-19
1.636939E+04	1.665123E-17	6.448811E-19
1.640939E+04	1.644437E-17	6.515198E-19
1.644939E+04	1.623360E-17	6.585878E-19
1.648939E+04	1.602060E-17	6.652524E-19
1.652939E+04	1.580689E-17	6.709238E-19
1.656939E+04	1.559383E-17	6.752376E-19
1.660939E+04	1.538262E-17	6.780191E-19
1.664939E+04	1.517426E-17	6.792441E-19
1.668939E+04	1.496965E-17	6.790028E-19
1.672939E+04	1.476951E-17	6.774687E-19
1.676939E+04	1.457446E-17	6.748717E-19
1.680939E+04	1.438502E-17	6.714724E-19
1.684939E+04	1.420160E-17	6.675389E-19
1.688939E+04	1.402453E-17	6.633252E-19
1.692939E+04	1.385408E-17	6.590552E-19
1.696939E+04	1.369047E-17	6.549119E-19
1.700939E+04	1.353391E-17	6.510326E-19
1.704939E+04	1.338458E-17	6.475104E-19
1.708939E+04	1.324272E-17	6.443992E-19
1.712939E+04	1.310862E-17	6.417220E-19
1.716939E+04	1.298262E-17	6.394800E-19
1.720939E+04	1.286517E-17	6.376633E-19
1.724939E+04	1.275677E-17	6.362615E-19
1.728939E+04	1.265803E-17	6.352739E-19
1.732939E+04	1.256962E-17	6.347190E-19
1.736939E+04	1.249226E-17	6.346403E-19
1.740939E+04	1.242672E-17	6.351110E-19
1.744939E+04	1.237378E-17	6.362348E-19
1.748939E+04	1.233426E-17	6.381452E-19
1.752939E+04	1.230897E-17	6.410030E-19
1.756939E+04	1.229872E-17	6.449922E-19
1.760939E+04	1.230432E-17	6.503158E-19
1.764939E+04	1.232655E-17	6.571912E-19
1.768939E+04	1.236620E-17	6.658444E-19
1.772939E+04	1.242400E-17	6.765039E-19
1.776939E+04	1.250064E-17	6.893923E-19
1.780939E+04	1.259672E-17	7.047158E-19
1.784939E+04	1.271270E-17	7.226520E-19
1.788939E+04	1.284886E-17	7.433368E-19
1.792939E+04	1.300520E-17	7.668508E-19
1.796939E+04	1.318140E-17	7.932063E-19
1.800939E+04	1.337673E-17	8.223368E-19
1.804939E+04	1.358996E-17	8.540874E-19
1.808939E+04	1.381936E-17	8.882081E-19
1.812939E+04	1.406260E-17	9.243501E-19
1.816939E+04	1.431677E-17	9.620646E-19
1.820939E+04	1.457836E-17	1.000806E-18
1.824939E+04	1.484336E-17	1.039942E-18
1.828939E+04	1.510728E-17	1.078766E-18
1.832939E+04	1.536536E-17	1.116523E-18
1.836939E+04	1.561268E-17	1.152433E-18
1.840939E+04	1.584441E-17	1.185731E-18
1.844939E+04	1.605599E-17	1.215691E-18
1.848939E+04	1.624332E-17	1.241670E-18
1.852939E+04	1.640292E-17	1.263125E-18
1.856939E+04	1.653206E-17	1.279644E-18
1.860939E+04	1.662885E-17	1.290955E-18
1.864939E+04	1.669224E-17	1.296934E-18
1.868939E+04	1.672210E-17	1.297608E-18
1.872939E+04	1.671912E-17	1.293151E-18
1.876939E+04	1.668480E-17	1.283871E-18
1.880939E+04	1.662135E-17	1.270193E-18
1.884939E+04	1.653153E-17	1.252640E-18
1.888939E+04	1.641854E-17	1.231804E-18
1.892939E+04	1.628587E-17	1.208320E-18
1.896939E+04	1.613717E-17	1.182840E-18
1.900939E+04	1.597613E-17	1.156008E-18
1.904939E+04	1.580645E-17	1.128449E-18
1.908939E+04	1.563169E-17	1.100744E-18
1.912939E+04	1.545526E-17	1.073420E-18
1.916939E+04	1.528034E-17	1.046936E-18
1.920939E+04	1.510982E-17	1.021672E-18
1.924939E+04	1.494627E-17	9.979242E-19
1.928939E+04	1.479188E-17	9.758998E-19
1.932939E+04	1.464851E-17	9.557227E-19
1.936939E+04	1.451763E-17	9.374409E-19
1.940939E+04	1.440035E-17	9.210394E-19
1.944939E+04	1.429748E-17	9.064560E-19
1.948939E+04	1.420951E-17	8.935983E-19
1.952939E+04	1.413671E-17	8.823602E-19
1.956939E+04	1.407910E-17	8.726358E-19
1.960939E+04	1.403656E-17	8.643291E-19
1.964939E+04	1.400877E-17	8.573590E-19
1.968939E+04	1.399528E-17	8.516580E-19
1.972939E+04	1.399546E-17	8.471674E-19
1.976939E+04	1.400858E-17	8.438278E-19
1.980939E+04	1.403376E-17	8.415688E-19
1.984939E+04	1.406998E-17	8.402995E-19
1.988939E+04	1.411614E-17	8.399021E-19
1.992939E+04	1.417104E-17	8.402313E-19
1.996939E+04	1.423343E-17	8.411201E-19
2.000939E+04	1.430197E-17	8.423923E-19
2.004939E+04	1.437531E-17	8.438791E-19
2.008939E+04	1.445210E-17	8.454357E-19
2.012939E+04	1.453095E-17	8.469545E-19
2.016939E+04	1.461050E-17	8.483717E-19
2.020939E+04	1.468941E-17	8.496653E-19
2.024939E+04	1.476636E-17	8.508465E-19
2.028939E+04	1.484011E-17	8.519448E-19
2.032939E+04	1.490950E-17	8.529915E-19
2.036939E+04	1.497347E-17	8.540035E-19
2.040939E+04	1.503106E-17	8.549722E-19
2.044939E+04	1.508144E-17	8.558571E-19
2.048939E+04	1.512391E-17	8.565870E-19
2.052939E+04	1.515788E-17	8.570667E-19
2.056939E+04	1.518286E-17	8.571879E-19
2.060939E+04	1.519846E-17	8.568408E-19
2.064939E+04	1.520437E-17	8.559247E-19
2.068939E+04	1.520037E-17	8.543560E-19
2.072939E+04	1.518632E-17	8.520720E-19
2.076939E+04	1.516215E-17	8.490313E-19
2.080939E+04	1.512786E-17	8.452135E-19
2.084939E+04	1.508353E-17	8.406163E-19
2.088939E+04	1.502936E-17	8.352532E-19
2.092939E+04	1.496560E-17	8.291520E-19
2.096939E+04	1.489260E-17	8.223528E-19
2.100939E+04	1.481083E-17	8.149090E-19
2.104939E+04	1.472083E-17	8.068874E-19
2.108939E+04	1.462327E-17	7.983714E-19
2.112939E+04	1.451890E-17	7.894622E-19
2.116939E+04	1.440861E-17	7.802815E-19
2.120939E+04	1.429339E-17	7.709711E-19
2.124939E+04	1.417433E-17	7.616920E-19
2.128939E+04	1.405263E-17	7.526214E-19
2.132939E+04	1.392952E-17	7.439462E-19
2.136939E+04	1.380630E-17	7.358547E-19
2.140939E+04	1.368425E-17	7.285241E-19
2.144939E+04	1.356453E-17	7.221048E-19
2.148939E+04	1.344808E-17	7.166999E-19
2.152939E+04	1.333537E-17	7.123306E-19
2.156939E+04	1.322619E-17	7.089199E-19
2.160939E+04	1.312001E-17	7.063376E-19
2.164939E+04	1.301616E-17	7.044302E-19
2.168939E+04	1.291391E-17	7.030403E-19
2.172939E+04	1.281252E-17	7.020198E-19
2.176939E+04	1.271131E-17	7.012378E-19
2.180939E+04	1.260970E-17	7.005854E-19
2.184939E+04	1.250720E-17	6.999769E-19
2.188939E+04	1.240343E-17	6.993482E-19
2.192939E+04	1.229813E-17	6.986544E-19
2.196939E+04	1.219115E-17	6.978670E-19
2.200939E+04	1.208240E-17	6.969702E-19
2.204939E+04	1.197188E-17	6.959584E-19
2.208939E+04	1.185965E-17	6.948334E-19
2.212939E+04	1.174581E-17	6.936015E-19
2.216939E+04	1.163051E-17	6.922715E-19
2.220939E+04	1.151394E-17	6.908518E-19
2.224939E+04	1.139634E-17	6.893493E-19
2.228939E+04	1.127802E-17	6.877680E-19
2.232939E+04	1.115930E-17	6.861088E-19
2.236939E+04	1.104058E-17	6.843697E-19
2.240939E+04	1.092226E-17	6.825470E-19
2.244939E+04	1.080479E-17	6.806358E-19
2.248939E+04	1.068861E-17	6.786316E-19
2.252939E+04	1.057417E-17	6.765308E-19
2.256939E+04	1.046192E-17	6.743324E-19
2.260939E+04	1.035225E-17	6.720388E-19
2.264939E+04	1.024557E-17	6.696571E-19
2.268939E+04	1.014220E-17	6.672000E-19
2.272939E+04	1.004245E-17	6.646867E-19
2.276939E+04	9.946548E-18	6.621429E-19
2.280939E+04	9.854699E-18	6.596003E-19
2.284939E+04	9.767052E-18	6.570951E-19
2.288939E+04	9.683728E-18	6.546670E-19
2.292939E+04	9.604822E-18	6.523569E-19
2.296939E+04	9.530418E-18	6.502054E-19
2.300939E+04	9.460593E-18	6.482519E-19
2.304939E+04	9.395427E-18	6.465337E-19
2.308939E+04	9.335009E-18	6.450851E-19
2.312939E+04	9.279438E-18	6.439374E-19
2.316939E+04	9.228829E-18	6.431188E-19
2.320939E+04	9.183312E-18	6.426543E-19
2.324939E+04	9.143035E-18	6.425667E-19
2.328939E+04	9.108156E-18	6.428760E-19
2.332939E+04	9.078848E-18	6.436005E-19
2.336939E+04	9.055291E-18	6.447571E-19
2.340939E+04	9.037674E-18	6.463628E-19
2.344939E+04	9.026185E-18	6.484359E-19
2.348939E+04	9.021010E-18	6.509984E-19
2.352939E+04	9.022328E-18	6.540783E-19
2.356939E+04	9.030304E-18	6.577126E-19
2.360939E+04	9.045091E-18	6.619505E-19
2.364939E+04	9.066822E-18	6.668571E-19
2.368939E+04	9.095611E-18	6.725174E-19
2.372939E+04	9.131551E-18	6.790411E-19
2.376939E+04	9.174710E-18	6.865672E-19
2.380939E+04	9.225133E-18	6.952691E-19
2.384939E+04	9.282835E-18	7.053597E-19
2.388939E+04	9.347809E-18	7.170948E-19
2.392939E+04	9.420022E-18	7.307757E-19
2.396939E+04	9.499417E-18	7.467502E-19
2.400939E+04	9.585916E-18	7.654099E-19
2.404939E+04	9.679419E-18	7.871864E-19
2.408939E+04	9.779814E-18	8.125428E-19
2.412939E+04	9.886976E-18	8.419638E-19
2.416939E+04	1.000078E-17	8.759416E-19
2.420939E+04	1.012109E-17	9.149609E-19
2.424939E+04	1.024778E-17	9.594822E-19
2.428939E+04	1.038074E-17	1.009926E-18
2.432939E+04	1.051983E-17	1.066659E-18
2.436939E+04	1.066492E-17	1.129984E-18
2.440939E+04	1.081589E-17	1.200137E-18
2.444939E+04	1.097259E-17	1.277283E-18
2.448939E+04	1.113486E-17	1.361529E-18
