#wls	flux	fluxerr
3.289393E+03	4.949765E-19	3.004536E-20
3.329393E+03	5.172630E-19	2.801850E-20
3.369393E+03	5.410825E-19	2.614271E-20
3.409393E+03	5.665420E-19	2.451514E-20
3.449393E+03	5.937521E-19	2.324679E-20
3.489393E+03	6.228238E-19	2.243743E-20
3.529393E+03	6.538639E-19	2.213746E-20
3.569393E+03	6.869726E-19	2.232705E-20
3.609393E+03	7.222433E-19	2.293682E-20
3.649393E+03	7.597636E-19	2.389231E-20
3.689393E+03	7.996145E-19	2.515446E-20
3.729393E+03	8.418699E-19	2.674260E-20
3.769393E+03	8.865949E-19	2.873587E-20
3.809393E+03	9.338432E-19	3.124853E-20
3.849393E+03	9.836511E-19	3.438028E-20
3.889393E+03	1.036032E-18	3.816742E-20
3.929393E+03	1.090975E-18	4.257241E-20
3.969393E+03	1.148442E-18	4.750638E-20
4.009393E+03	1.208373E-18	5.285426E-20
4.049393E+03	1.270683E-18	5.848976E-20
4.089393E+03	1.335273E-18	6.428229E-20
4.129393E+03	1.402022E-18	7.009972E-20
4.169393E+03	1.470796E-18	7.580934E-20
4.209393E+03	1.541452E-18	8.127838E-20
4.249393E+03	1.613833E-18	8.637470E-20
4.289393E+03	1.687778E-18	9.096783E-20
4.329393E+03	1.763123E-18	9.493081E-20
4.369393E+03	1.839699E-18	9.814285E-20
4.409393E+03	1.917334E-18	1.004934E-19
4.449393E+03	1.995853E-18	1.018884E-19
4.489393E+03	2.075084E-18	1.022587E-19
4.529393E+03	2.154858E-18	1.015731E-19
4.569393E+03	2.235019E-18	9.985611E-20
4.609393E+03	2.315423E-18	9.721374E-20
4.649393E+03	2.395947E-18	9.387028E-20
4.689393E+03	2.476485E-18	9.021657E-20
4.729393E+03	2.556944E-18	8.686116E-20
4.769393E+03	2.637247E-18	8.464568E-20
4.809393E+03	2.717317E-18	8.454073E-20
4.849393E+03	2.797079E-18	8.735101E-20
4.889393E+03	2.876445E-18	9.336438E-20
4.929393E+03	2.955319E-18	1.022783E-19
4.969393E+03	3.033593E-18	1.134509E-19
5.009393E+03	3.111142E-18	1.261869E-19
5.049393E+03	3.187828E-18	1.398845E-19
5.089393E+03	3.263497E-18	1.540700E-19
5.129393E+03	3.337985E-18	1.683831E-19
5.169393E+03	3.411116E-18	1.825513E-19
5.209393E+03	3.482703E-18	1.963669E-19
5.249393E+03	3.552546E-18	2.096689E-19
5.289393E+03	3.620429E-18	2.223286E-19
5.329393E+03	3.686112E-18	2.342383E-19
5.369393E+03	3.749335E-18	2.453027E-19
5.409393E+03	3.809822E-18	2.554330E-19
5.449393E+03	3.867278E-18	2.645436E-19
5.489393E+03	3.921402E-18	2.725502E-19
5.529393E+03	3.971885E-18	2.793699E-19
5.569393E+03	4.018423E-18	2.849220E-19
5.609393E+03	4.060731E-18	2.891302E-19
5.649393E+03	4.098555E-18	2.919258E-19
5.689393E+03	4.131692E-18	2.932496E-19
5.729393E+03	4.160011E-18	2.930539E-19
5.769393E+03	4.183460E-18	2.913030E-19
5.809393E+03	4.202065E-18	2.879736E-19
5.849393E+03	4.215926E-18	2.830560E-19
5.889393E+03	4.225206E-18	2.765543E-19
5.929393E+03	4.230135E-18	2.684875E-19
5.969393E+03	4.231002E-18	2.588909E-19
6.009393E+03	4.228148E-18	2.478188E-19
6.049393E+03	4.221966E-18	2.353496E-19
6.089393E+03	4.212892E-18	2.215937E-19
6.129393E+03	4.201394E-18	2.067064E-19
6.169393E+03	4.187964E-18	1.909088E-19
6.209393E+03	4.173105E-18	1.745207E-19
6.249393E+03	4.157335E-18	1.580111E-19
6.289393E+03	4.141186E-18	1.420730E-19
6.329393E+03	4.125190E-18	1.277156E-19
6.369393E+03	4.109866E-18	1.163150E-19
6.409393E+03	4.095693E-18	1.094450E-19
6.449393E+03	4.083085E-18	1.082679E-19
6.489393E+03	4.072367E-18	1.127641E-19
6.529393E+03	4.063774E-18	1.217027E-19
6.569393E+03	4.057474E-18	1.334181E-19
6.609393E+03	4.053587E-18	1.464737E-19
6.649393E+03	4.052195E-18	1.598550E-19
6.689393E+03	4.053347E-18	1.729110E-19
6.729393E+03	4.057071E-18	1.852447E-19
6.769393E+03	4.063372E-18	1.966251E-19
6.809393E+03	4.072229E-18	2.069263E-19
6.849393E+03	4.083587E-18	2.160885E-19
6.889393E+03	4.097352E-18	2.240923E-19
6.929393E+03	4.113400E-18	2.309431E-19
6.969393E+03	4.131581E-18	2.366600E-19
7.009393E+03	4.151730E-18	2.412668E-19
7.049393E+03	4.173675E-18	2.447852E-19
7.089393E+03	4.197233E-18	2.472293E-19
7.129393E+03	4.222201E-18	2.486016E-19
7.169393E+03	4.248363E-18	2.488906E-19
7.209393E+03	4.275482E-18	2.480710E-19
7.249393E+03	4.303313E-18	2.461046E-19
7.289393E+03	4.331605E-18	2.429441E-19
7.329393E+03	4.360119E-18	2.385378E-19
7.369393E+03	4.388629E-18	2.328342E-19
7.409393E+03	4.416923E-18	2.257878E-19
7.449393E+03	4.444797E-18	2.173670E-19
7.489393E+03	4.472062E-18	2.075658E-19
7.529393E+03	4.498549E-18	1.964236E-19
7.569393E+03	4.524120E-18	1.840560E-19
7.609393E+03	4.548662E-18	1.706985E-19
7.649393E+03	4.572073E-18	1.567721E-19
7.689393E+03	4.594267E-18	1.429738E-19
7.729393E+03	4.615164E-18	1.303828E-19
7.769393E+03	4.634694E-18	1.205073E-19
7.809393E+03	4.652776E-18	1.150634E-19
7.849393E+03	4.669304E-18	1.152693E-19
7.889393E+03	4.684142E-18	1.210341E-19
7.929393E+03	4.697129E-18	1.310212E-19
7.969393E+03	4.708102E-18	1.434980E-19
8.009393E+03	4.716902E-18	1.569933E-19
8.049393E+03	4.723401E-18	1.704763E-19
8.089393E+03	4.727507E-18	1.832958E-19
8.129393E+03	4.729184E-18	1.950715E-19
8.169393E+03	4.728467E-18	2.056040E-19
8.209393E+03	4.725481E-18	2.148091E-19
8.249393E+03	4.720447E-18	2.226723E-19
8.289393E+03	4.713683E-18	2.292190E-19
8.329393E+03	4.705587E-18	2.344950E-19
8.369393E+03	4.696604E-18	2.385546E-19
8.409393E+03	4.687200E-18	2.414510E-19
8.449393E+03	4.677840E-18	2.432295E-19
8.489393E+03	4.668966E-18	2.439224E-19
8.529393E+03	4.660983E-18	2.435439E-19
8.569393E+03	4.654240E-18	2.420866E-19
8.609393E+03	4.649023E-18	2.395198E-19
8.649393E+03	4.645543E-18	2.357941E-19
8.689393E+03	4.643942E-18	2.308501E-19
8.729393E+03	4.644293E-18	2.246286E-19
8.769393E+03	4.646607E-18	2.170816E-19
8.809393E+03	4.650851E-18	2.081824E-19
8.849393E+03	4.656948E-18	1.979388E-19
8.889393E+03	4.664786E-18	1.864111E-19
8.929393E+03	4.674214E-18	1.737408E-19
8.969393E+03	4.685040E-18	1.601962E-19
9.009393E+03	4.697046E-18	1.462411E-19
9.049393E+03	4.709991E-18	1.326325E-19
9.089393E+03	4.723631E-18	1.205305E-19
9.129393E+03	4.737733E-18	1.115134E-19
9.169393E+03	4.752092E-18	1.072401E-19
9.209393E+03	4.766532E-18	1.085846E-19
9.249393E+03	4.780896E-18	1.148967E-19
9.289393E+03	4.795048E-18	1.244032E-19
9.329393E+03	4.808870E-18	1.351833E-19
9.369393E+03	4.822256E-18	1.457088E-19
9.409393E+03	4.835109E-18	1.549112E-19
9.449393E+03	4.847329E-18	1.620824E-19
9.489393E+03	4.858820E-18	1.667675E-19
9.529393E+03	4.869494E-18	1.686905E-19
9.569393E+03	4.879281E-18	1.677113E-19
9.609393E+03	4.888121E-18	1.638082E-19
9.649393E+03	4.895968E-18	1.570834E-19
9.689393E+03	4.902784E-18	1.477990E-19
9.729393E+03	4.908542E-18	1.364539E-19
9.769393E+03	4.913238E-18	1.239225E-19
9.809393E+03	4.916905E-18	1.116722E-19
9.849393E+03	4.919629E-18	1.019797E-19
9.889393E+03	4.921556E-18	9.771058E-20
9.929393E+03	4.922870E-18	1.009667E-19
9.969393E+03	4.923724E-18	1.114521E-19
1.000939E+04	4.924266E-18	1.269535E-19
1.004939E+04	4.924682E-18	1.450661E-19
1.008939E+04	4.925212E-18	1.640282E-19
1.012939E+04	4.926148E-18	1.827231E-19
1.016939E+04	4.927817E-18	2.004828E-19
1.020939E+04	4.930581E-18	2.169289E-19
1.024939E+04	4.934825E-18	2.318717E-19
1.028939E+04	4.940953E-18	2.452487E-19
1.032939E+04	4.949391E-18	2.570860E-19
1.036939E+04	4.960580E-18	2.674709E-19
1.040939E+04	4.974969E-18	2.765310E-19
1.044939E+04	4.992983E-18	2.844161E-19
1.048939E+04	5.015000E-18	2.912826E-19
1.052939E+04	5.041339E-18	2.972829E-19
1.056939E+04	5.072251E-18	3.025592E-19
1.060939E+04	5.107923E-18	3.072398E-19
1.064939E+04	5.148469E-18	3.114361E-19
1.068939E+04	5.193942E-18	3.152397E-19
1.072939E+04	5.244342E-18	3.187214E-19
1.076939E+04	5.299627E-18	3.219313E-19
1.080939E+04	5.359713E-18	3.248999E-19
1.084939E+04	5.424483E-18	3.276355E-19
1.088939E+04	5.493796E-18	3.301219E-19
1.092939E+04	5.567488E-18	3.323127E-19
1.096939E+04	5.645359E-18	3.341245E-19
1.100939E+04	5.727136E-18	3.354304E-19
1.104939E+04	5.812440E-18	3.360619E-19
1.108939E+04	5.900764E-18	3.358172E-19
1.112939E+04	5.991462E-18	3.344766E-19
1.116939E+04	6.083765E-18	3.318190E-19
1.120939E+04	6.176790E-18	3.276418E-19
1.124939E+04	6.269537E-18	3.217848E-19
1.128939E+04	6.360886E-18	3.141593E-19
1.132939E+04	6.449600E-18	3.047835E-19
1.136939E+04	6.534340E-18	2.938244E-19
1.140939E+04	6.613681E-18	2.816471E-19
1.144939E+04	6.686135E-18	2.688658E-19
1.148939E+04	6.750187E-18	2.563896E-19
1.152939E+04	6.804357E-18	2.454331E-19
1.156939E+04	6.847295E-18	2.374313E-19
1.160939E+04	6.877937E-18	2.337741E-19
1.164939E+04	6.895726E-18	2.353423E-19
1.168939E+04	6.900911E-18	2.420456E-19
1.172939E+04	6.894458E-18	2.529093E-19
1.176939E+04	6.877740E-18	2.665703E-19
1.180939E+04	6.852306E-18	2.816916E-19
1.184939E+04	6.819750E-18	2.971737E-19
1.188939E+04	6.781605E-18	3.122107E-19
1.192939E+04	6.739294E-18	3.262663E-19
1.196939E+04	6.694090E-18	3.390241E-19
1.200939E+04	6.647115E-18	3.503353E-19
1.204939E+04	6.599340E-18	3.601722E-19
1.208939E+04	6.551585E-18	3.685890E-19
1.212939E+04	6.504513E-18	3.756931E-19
1.216939E+04	6.458636E-18	3.816253E-19
1.220939E+04	6.414320E-18	3.865453E-19
1.224939E+04	6.371810E-18	3.906190E-19
1.228939E+04	6.331257E-18	3.940068E-19
1.232939E+04	6.292727E-18	3.968525E-19
1.236939E+04	6.256218E-18	3.992714E-19
1.240939E+04	6.221649E-18	4.013402E-19
1.244939E+04	6.188855E-18	4.030918E-19
1.248939E+04	6.157574E-18	4.045164E-19
1.252939E+04	6.127484E-18	4.055733E-19
1.256939E+04	6.098246E-18	4.062058E-19
1.260939E+04	6.069564E-18	4.063562E-19
1.264939E+04	6.041237E-18	4.059784E-19
1.268939E+04	6.013203E-18	4.050475E-19
1.272939E+04	5.985562E-18	4.035665E-19
1.276939E+04	5.958564E-18	4.015706E-19
1.280939E+04	5.932582E-18	3.991289E-19
1.284939E+04	5.908081E-18	3.963428E-19
1.288939E+04	5.885573E-18	3.933413E-19
1.292939E+04	5.865586E-18	3.902734E-19
1.296939E+04	5.848625E-18	3.872984E-19
1.300939E+04	5.835132E-18	3.845774E-19
1.304939E+04	5.825461E-18	3.822655E-19
1.308939E+04	5.819857E-18	3.805029E-19
1.312939E+04	5.818475E-18	3.794064E-19
1.316939E+04	5.821386E-18	3.790601E-19
1.320939E+04	5.828581E-18	3.795096E-19
1.324939E+04	5.839955E-18	3.807608E-19
1.328939E+04	5.855292E-18	3.827834E-19
1.332939E+04	5.874257E-18	3.855172E-19
1.336939E+04	5.896389E-18	3.888774E-19
1.340939E+04	5.921099E-18	3.927580E-19
1.344939E+04	5.947676E-18	3.970330E-19
1.348939E+04	5.975302E-18	4.015561E-19
1.352939E+04	6.003067E-18	4.061628E-19
1.356939E+04	6.030006E-18	4.106776E-19
1.360939E+04	6.055139E-18	4.149237E-19
1.364939E+04	6.077515E-18	4.187342E-19
1.368939E+04	6.096260E-18	4.219620E-19
1.372939E+04	6.110612E-18	4.244890E-19
1.376939E+04	6.119936E-18	4.262286E-19
1.380939E+04	6.123722E-18	4.271224E-19
1.384939E+04	6.121582E-18	4.271331E-19
1.388939E+04	6.113267E-18	4.262407E-19
1.392939E+04	6.098673E-18	4.244405E-19
1.396939E+04	6.077829E-18	4.217419E-19
1.400939E+04	6.050879E-18	4.181657E-19
1.404939E+04	6.018078E-18	4.137437E-19
1.408939E+04	5.979786E-18	4.085220E-19
1.412939E+04	5.936448E-18	4.025651E-19
1.416939E+04	5.888555E-18	3.959571E-19
1.420939E+04	5.836621E-18	3.887982E-19
1.424939E+04	5.781177E-18	3.812010E-19
1.428939E+04	5.722779E-18	3.732864E-19
1.432939E+04	5.662003E-18	3.651785E-19
1.436939E+04	5.599437E-18	3.569984E-19
1.440939E+04	5.535676E-18	3.488560E-19
1.444939E+04	5.471311E-18	3.408404E-19
1.448939E+04	5.406920E-18	3.330085E-19
1.452939E+04	5.343065E-18	3.253786E-19
1.456939E+04	5.280300E-18	3.179316E-19
1.460939E+04	5.219179E-18	3.106190E-19
1.464939E+04	5.160265E-18	3.033739E-19
1.468939E+04	5.104119E-18	2.961213E-19
1.472939E+04	5.051277E-18	2.887859E-19
1.476939E+04	5.002235E-18	2.812983E-19
1.480939E+04	4.957442E-18	2.735978E-19
1.484939E+04	4.917302E-18	2.656338E-19
1.488939E+04	4.882184E-18	2.573648E-19
1.492939E+04	4.852422E-18	2.487558E-19
1.496939E+04	4.828325E-18	2.397773E-19
1.500939E+04	4.810187E-18	2.304089E-19
1.504939E+04	4.798323E-18	2.206505E-19
1.508939E+04	4.793110E-18	2.105389E-19
1.512939E+04	4.795029E-18	2.001689E-19
1.516939E+04	4.804660E-18	1.897198E-19
1.520939E+04	4.822666E-18	1.794877E-19
1.524939E+04	4.849761E-18	1.699200E-19
1.528939E+04	4.886672E-18	1.616440E-19
1.532939E+04	4.934105E-18	1.554581E-19
1.536939E+04	4.992696E-18	1.522346E-19
1.540939E+04	5.062939E-18	1.526799E-19
1.544939E+04	5.145101E-18	1.569767E-19
1.548939E+04	5.239191E-18	1.646921E-19
1.552939E+04	5.345018E-18	1.750630E-19
1.556939E+04	5.462250E-18	1.872504E-19
1.560939E+04	5.590467E-18	2.004734E-19
1.564939E+04	5.729136E-18	2.140461E-19
1.568939E+04	5.877542E-18	2.273669E-19
1.572939E+04	6.034706E-18	2.398993E-19
1.576939E+04	6.199376E-18	2.511637E-19
1.580939E+04	6.370052E-18	2.607418E-19
1.584939E+04	6.545019E-18	2.682858E-19
1.588939E+04	6.722348E-18	2.735308E-19
1.592939E+04	6.899857E-18	2.763107E-19
1.596939E+04	7.075025E-18	2.765831E-19
1.600939E+04	7.244881E-18	2.744658E-19
1.604939E+04	7.405916E-18	2.702918E-19
1.608939E+04	7.554033E-18	2.646778E-19
1.612939E+04	7.684552E-18	2.585897E-19
1.616939E+04	7.792264E-18	2.533586E-19
1.620939E+04	7.871615E-18	2.505618E-19
1.624939E+04	7.917444E-18	2.516500E-19
1.628939E+04	7.927852E-18	2.571863E-19
1.632939E+04	7.906192E-18	2.664367E-19
1.636939E+04	7.857633E-18	2.780755E-19
1.640939E+04	7.787431E-18	2.907622E-19
1.644939E+04	7.700457E-18	3.034036E-19
1.648939E+04	7.601031E-18	3.152259E-19
1.652939E+04	7.492888E-18	3.257497E-19
1.656939E+04	7.379204E-18	3.347342E-19
1.660939E+04	7.262641E-18	3.421136E-19
1.664939E+04	7.145378E-18	3.479396E-19
1.668939E+04	7.029163E-18	3.523367E-19
1.672939E+04	6.915379E-18	3.554725E-19
1.676939E+04	6.805119E-18	3.575398E-19
1.680939E+04	6.699238E-18	3.587407E-19
1.684939E+04	6.598380E-18	3.592704E-19
1.688939E+04	6.502997E-18	3.593041E-19
1.692939E+04	6.413372E-18	3.589917E-19
1.696939E+04	6.329655E-18	3.584587E-19
1.700939E+04	6.251898E-18	3.578089E-19
1.704939E+04	6.180086E-18	3.571280E-19
1.708939E+04	6.114161E-18	3.564844E-19
1.712939E+04	6.054033E-18	3.559317E-19
1.716939E+04	5.999585E-18	3.555107E-19
1.720939E+04	5.950685E-18	3.552532E-19
1.724939E+04	5.907182E-18	3.551861E-19
1.728939E+04	5.868918E-18	3.553352E-19
1.732939E+04	5.835739E-18	3.557280E-19
1.736939E+04	5.807504E-18	3.563938E-19
1.740939E+04	5.784084E-18	3.573623E-19
1.744939E+04	5.765364E-18	3.586610E-19
1.748939E+04	5.751241E-18	3.603136E-19
1.752939E+04	5.741623E-18	3.623395E-19
1.756939E+04	5.736426E-18	3.647535E-19
1.760939E+04	5.735568E-18	3.675665E-19
1.764939E+04	5.738963E-18	3.707855E-19
1.768939E+04	5.746525E-18	3.744157E-19
1.772939E+04	5.758163E-18	3.784621E-19
1.776939E+04	5.773785E-18	3.829274E-19
1.780939E+04	5.793283E-18	3.878095E-19
1.784939E+04	5.816530E-18	3.930984E-19
1.788939E+04	5.843379E-18	3.987766E-19
1.792939E+04	5.873662E-18	4.048193E-19
1.796939E+04	5.907203E-18	4.111957E-19
1.800939E+04	5.943827E-18	4.178717E-19
1.804939E+04	5.983374E-18	4.248143E-19
1.808939E+04	6.025694E-18	4.319947E-19
1.812939E+04	6.070637E-18	4.393880E-19
1.816939E+04	6.118031E-18	4.469704E-19
1.820939E+04	6.167672E-18	4.547173E-19
1.824939E+04	6.219311E-18	4.626024E-19
1.828939E+04	6.272658E-18	4.705960E-19
1.832939E+04	6.327392E-18	4.786643E-19
1.836939E+04	6.383172E-18	4.867670E-19
1.840939E+04	6.439648E-18	4.948562E-19
1.844939E+04	6.496454E-18	5.028743E-19
1.848939E+04	6.553202E-18	5.107520E-19
1.852939E+04	6.609479E-18	5.184086E-19
1.856939E+04	6.664846E-18	5.257546E-19
1.860939E+04	6.718854E-18	5.326972E-19
1.864939E+04	6.771065E-18	5.391461E-19
1.868939E+04	6.821080E-18	5.450190E-19
1.872939E+04	6.868583E-18	5.502491E-19
1.876939E+04	6.913363E-18	5.547904E-19
1.880939E+04	6.955328E-18	5.586201E-19
1.884939E+04	6.994482E-18	5.617356E-19
1.888939E+04	7.030911E-18	5.641508E-19
1.892939E+04	7.064762E-18	5.658916E-19
1.896939E+04	7.096228E-18	5.669929E-19
1.900939E+04	7.125554E-18	5.674995E-19
1.904939E+04	7.153050E-18	5.674693E-19
1.908939E+04	7.179094E-18	5.669756E-19
1.912939E+04	7.204115E-18	5.661040E-19
1.916939E+04	7.228577E-18	5.649479E-19
1.920939E+04	7.252959E-18	5.636039E-19
1.924939E+04	7.277745E-18	5.621668E-19
1.928939E+04	7.303408E-18	5.607246E-19
1.932939E+04	7.330393E-18	5.593570E-19
1.936939E+04	7.359107E-18	5.581354E-19
1.940939E+04	7.389901E-18	5.571237E-19
1.944939E+04	7.423065E-18	5.563762E-19
1.948939E+04	7.458821E-18	5.559360E-19
1.952939E+04	7.497325E-18	5.558361E-19
1.956939E+04	7.538693E-18	5.561022E-19
1.960939E+04	7.583002E-18	5.567562E-19
1.964939E+04	7.630291E-18	5.578177E-19
1.968939E+04	7.680551E-18	5.593037E-19
1.972939E+04	7.733728E-18	5.612263E-19
1.976939E+04	7.789726E-18	5.635891E-19
1.980939E+04	7.848409E-18	5.663809E-19
1.984939E+04	7.909583E-18	5.695698E-19
1.988939E+04	7.972995E-18	5.730991E-19
1.992939E+04	8.038337E-18	5.768884E-19
1.996939E+04	8.105259E-18	5.808396E-19
2.000939E+04	8.173385E-18	5.848465E-19
2.004939E+04	8.242343E-18	5.888092E-19
2.008939E+04	8.311791E-18	5.926477E-19
2.012939E+04	8.381427E-18	5.963095E-19
2.016939E+04	8.450984E-18	5.997693E-19
2.020939E+04	8.520211E-18	6.030236E-19
2.024939E+04	8.588855E-18	6.060840E-19
2.028939E+04	8.656648E-18	6.089691E-19
2.032939E+04	8.723290E-18	6.116949E-19
2.036939E+04	8.788447E-18	6.142683E-19
2.040939E+04	8.851757E-18	6.166830E-19
2.044939E+04	8.912844E-18	6.189175E-19
2.048939E+04	8.971330E-18	6.209364E-19
2.052939E+04	9.026849E-18	6.226947E-19
2.056939E+04	9.079039E-18	6.241452E-19
2.060939E+04	9.127536E-18	6.252462E-19
2.064939E+04	9.171972E-18	6.259658E-19
2.068939E+04	9.211980E-18	6.262833E-19
2.072939E+04	9.247209E-18	6.261879E-19
2.076939E+04	9.277325E-18	6.256763E-19
2.080939E+04	9.302025E-18	6.247497E-19
2.084939E+04	9.321041E-18	6.234127E-19
2.088939E+04	9.334135E-18	6.216738E-19
2.092939E+04	9.341103E-18	6.195459E-19
2.096939E+04	9.341789E-18	6.170467E-19
2.100939E+04	9.336095E-18	6.141974E-19
2.104939E+04	9.324004E-18	6.110229E-19
2.108939E+04	9.305568E-18	6.075524E-19
2.112939E+04	9.280910E-18	6.038227E-19
2.116939E+04	9.250218E-18	5.998791E-19
2.120939E+04	9.213743E-18	5.957754E-19
2.124939E+04	9.171796E-18	5.915707E-19
2.128939E+04	9.124738E-18	5.873269E-19
2.132939E+04	9.072982E-18	5.831053E-19
2.136939E+04	9.016985E-18	5.789645E-19
2.140939E+04	8.957242E-18	5.749593E-19
2.144939E+04	8.894265E-18	5.711385E-19
2.148939E+04	8.828562E-18	5.675407E-19
2.152939E+04	8.760567E-18	5.641859E-19
2.156939E+04	8.690599E-18	5.610722E-19
2.160939E+04	8.618913E-18	5.581888E-19
2.164939E+04	8.545737E-18	5.555226E-19
2.168939E+04	8.471292E-18	5.530601E-19
2.172939E+04	8.395798E-18	5.507880E-19
2.176939E+04	8.319475E-18	5.486938E-19
2.180939E+04	8.242541E-18	5.467668E-19
2.184939E+04	8.165209E-18	5.449987E-19
2.188939E+04	8.087696E-18	5.433838E-19
2.192939E+04	8.010223E-18	5.419189E-19
2.196939E+04	7.933020E-18	5.406022E-19
2.200939E+04	7.856325E-18	5.394321E-19
2.204939E+04	7.780373E-18	5.384058E-19
2.208939E+04	7.705393E-18	5.375187E-19
2.212939E+04	7.631613E-18	5.367641E-19
2.216939E+04	7.559262E-18	5.361337E-19
2.220939E+04	7.488567E-18	5.356187E-19
2.224939E+04	7.419742E-18	5.352100E-19
2.228939E+04	7.352995E-18	5.348985E-19
2.232939E+04	7.288535E-18	5.346757E-19
2.236939E+04	7.226587E-18	5.345327E-19
2.240939E+04	7.167391E-18	5.344607E-19
2.244939E+04	7.111192E-18	5.344513E-19
2.248939E+04	7.058228E-18	5.344980E-19
2.252939E+04	7.008716E-18	5.345975E-19
2.256939E+04	6.962838E-18	5.347511E-19
2.260939E+04	6.920743E-18	5.349660E-19
2.264939E+04	6.882543E-18	5.352558E-19
2.268939E+04	6.848325E-18	5.356399E-19
2.272939E+04	6.818147E-18	5.361426E-19
2.276939E+04	6.792048E-18	5.367911E-19
2.280939E+04	6.770054E-18	5.376135E-19
2.284939E+04	6.752176E-18	5.386379E-19
2.288939E+04	6.738415E-18	5.398916E-19
2.292939E+04	6.728767E-18	5.414008E-19
2.296939E+04	6.723227E-18	5.431897E-19
2.300939E+04	6.721796E-18	5.452795E-19
2.304939E+04	6.724480E-18	5.476884E-19
2.308939E+04	6.731291E-18	5.504314E-19
2.312939E+04	6.742246E-18	5.535212E-19
2.316939E+04	6.757364E-18	5.569695E-19
2.320939E+04	6.776671E-18	5.607883E-19
2.324939E+04	6.800196E-18	5.649908E-19
2.328939E+04	6.827975E-18	5.695920E-19
2.332939E+04	6.860046E-18	5.746084E-19
2.336939E+04	6.896446E-18	5.800588E-19
2.340939E+04	6.937220E-18	5.859649E-19
2.344939E+04	6.982423E-18	5.923540E-19
2.348939E+04	7.032125E-18	5.992620E-19
2.352939E+04	7.086412E-18	6.067349E-19
2.356939E+04	7.145386E-18	6.148302E-19
2.360939E+04	7.209162E-18	6.236197E-19
2.364939E+04	7.277860E-18	6.331928E-19
2.368939E+04	7.351598E-18	6.436603E-19
2.372939E+04	7.430472E-18	6.551578E-19
2.376939E+04	7.514547E-18	6.678501E-19
2.380939E+04	7.603853E-18	6.819353E-19
2.384939E+04	7.698378E-18	6.976476E-19
2.388939E+04	7.798066E-18	7.152590E-19
2.392939E+04	7.902823E-18	7.350804E-19
2.396939E+04	8.012515E-18	7.574597E-19
2.400939E+04	8.126963E-18	7.827777E-19
2.404939E+04	8.245938E-18	8.114408E-19
2.408939E+04	8.369170E-18	8.438709E-19
2.412939E+04	8.496360E-18	8.804928E-19
2.416939E+04	8.627191E-18	9.217217E-19
2.420939E+04	8.761331E-18	9.679499E-19
2.424939E+04	8.898437E-18	1.019534E-18
2.428939E+04	9.038171E-18	1.076783E-18
2.432939E+04	9.180226E-18	1.139951E-18
2.436939E+04	9.324348E-18	1.209227E-18
2.440939E+04	9.470350E-18	1.284734E-18
2.444939E+04	9.618112E-18	1.366526E-18
2.448939E+04	9.767573E-18	1.454591E-18
