#wls	flux	fluxerr
3.289393E+03	2.118254E-18	1.207190E-18
3.329393E+03	2.216658E-18	1.252896E-18
3.369393E+03	2.321045E-18	1.301085E-18
3.409393E+03	2.430973E-18	1.351428E-18
3.449393E+03	2.545542E-18	1.403357E-18
3.489393E+03	2.663388E-18	1.456062E-18
3.529393E+03	2.782016E-18	1.508149E-18
3.569393E+03	2.896589E-18	1.557007E-18
3.609393E+03	2.999999E-18	1.598902E-18
3.649393E+03	3.085963E-18	1.630665E-18
3.689393E+03	3.152719E-18	1.651608E-18
3.729393E+03	3.201036E-18	1.662387E-18
3.769393E+03	3.232249E-18	1.663936E-18
3.809393E+03	3.248113E-18	1.657376E-18
3.849393E+03	3.250349E-18	1.643779E-18
3.889393E+03	3.240772E-18	1.624235E-18
3.929393E+03	3.221035E-18	1.599717E-18
3.969393E+03	3.192757E-18	1.571154E-18
4.009393E+03	3.157312E-18	1.539327E-18
4.049393E+03	3.115962E-18	1.504938E-18
4.089393E+03	3.069774E-18	1.468572E-18
4.129393E+03	3.019698E-18	1.430742E-18
4.169393E+03	2.966604E-18	1.391907E-18
4.209393E+03	2.911215E-18	1.352441E-18
4.249393E+03	2.854166E-18	1.312666E-18
4.289393E+03	2.795964E-18	1.272834E-18
4.329393E+03	2.736826E-18	1.233059E-18
4.369393E+03	2.676340E-18	1.193171E-18
4.409393E+03	2.615586E-18	1.153667E-18
4.449393E+03	2.555941E-18	1.115152E-18
4.489393E+03	2.497917E-18	1.077834E-18
4.529393E+03	2.441781E-18	1.041806E-18
4.569393E+03	2.387725E-18	1.007126E-18
4.609393E+03	2.335795E-18	9.737854E-19
4.649393E+03	2.285976E-18	9.417515E-19
4.689393E+03	2.238155E-18	9.109512E-19
4.729393E+03	2.192667E-18	8.814945E-19
4.769393E+03	2.150029E-18	8.535566E-19
4.809393E+03	2.110593E-18	8.272376E-19
4.849393E+03	2.074460E-18	8.025331E-19
4.889393E+03	2.041657E-18	7.794085E-19
4.929393E+03	2.012086E-18	7.577812E-19
4.969393E+03	1.985545E-18	7.375320E-19
5.009393E+03	1.961825E-18	7.185425E-19
5.049393E+03	1.940708E-18	7.006956E-19
5.089393E+03	1.921911E-18	6.838557E-19
5.129393E+03	1.905180E-18	6.679025E-19
5.169393E+03	1.890250E-18	6.527179E-19
5.209393E+03	1.876862E-18	6.381912E-19
5.249393E+03	1.864802E-18	6.242318E-19
5.289393E+03	1.853859E-18	6.107549E-19
5.329393E+03	1.843972E-18	5.977286E-19
5.369393E+03	1.835101E-18	5.851291E-19
5.409393E+03	1.827211E-18	5.729339E-19
5.449393E+03	1.820193E-18	5.611003E-19
5.489393E+03	1.813783E-18	5.495384E-19
5.529393E+03	1.807567E-18	5.381204E-19
5.569393E+03	1.801077E-18	5.267105E-19
5.609393E+03	1.793875E-18	5.151912E-19
5.649393E+03	1.785720E-18	5.035092E-19
5.689393E+03	1.776514E-18	4.916550E-19
5.729393E+03	1.766341E-18	4.796703E-19
5.769393E+03	1.755343E-18	4.676091E-19
5.809393E+03	1.743717E-18	4.555375E-19
5.849393E+03	1.731687E-18	4.435228E-19
5.889393E+03	1.719481E-18	4.316293E-19
5.929393E+03	1.707299E-18	4.199084E-19
5.969393E+03	1.695309E-18	4.084004E-19
6.009393E+03	1.683568E-18	3.971158E-19
6.049393E+03	1.672115E-18	3.860607E-19
6.089393E+03	1.660813E-18	3.751997E-19
6.129393E+03	1.649471E-18	3.644903E-19
6.169393E+03	1.638159E-18	3.539500E-19
6.209393E+03	1.627587E-18	3.437319E-19
6.249393E+03	1.617710E-18	3.338195E-19
6.289393E+03	1.608916E-18	3.242874E-19
6.329393E+03	1.602396E-18	3.153617E-19
6.369393E+03	1.599865E-18	3.073487E-19
6.409393E+03	1.603186E-18	3.005538E-19
6.449393E+03	1.612825E-18	2.949953E-19
6.489393E+03	1.627330E-18	2.903467E-19
6.529393E+03	1.646103E-18	2.864601E-19
6.569393E+03	1.669216E-18	2.833171E-19
6.609393E+03	1.696881E-18	2.809261E-19
6.649393E+03	1.729525E-18	2.793318E-19
6.689393E+03	1.767528E-18	2.785702E-19
6.729393E+03	1.811333E-18	2.786866E-19
6.769393E+03	1.861418E-18	2.797313E-19
6.809393E+03	1.918298E-18	2.817588E-19
6.849393E+03	1.982490E-18	2.848234E-19
6.889393E+03	2.054465E-18	2.889718E-19
6.929393E+03	2.134822E-18	2.942689E-19
6.969393E+03	2.224065E-18	3.007647E-19
7.009393E+03	2.322690E-18	3.085079E-19
7.049393E+03	2.431228E-18	3.175499E-19
7.089393E+03	2.550030E-18	3.279174E-19
7.129393E+03	2.679479E-18	3.396395E-19
7.169393E+03	2.819703E-18	3.527103E-19
7.209393E+03	2.970733E-18	3.671099E-19
7.249393E+03	3.132618E-18	3.828181E-19
7.289393E+03	3.305164E-18	3.997817E-19
7.329393E+03	3.488651E-18	4.180018E-19
7.369393E+03	3.684148E-18	4.375680E-19
7.409393E+03	3.894740E-18	4.588009E-19
7.449393E+03	4.125420E-18	4.822310E-19
7.489393E+03	4.377776E-18	5.079781E-19
7.529393E+03	4.648525E-18	5.355983E-19
7.569393E+03	4.934066E-18	5.646273E-19
7.609393E+03	5.231974E-18	5.947511E-19
7.649393E+03	5.540320E-18	6.257263E-19
7.689393E+03	5.857306E-18	6.573389E-19
7.729393E+03	6.181629E-18	6.894451E-19
7.769393E+03	6.512267E-18	7.219466E-19
7.809393E+03	6.848848E-18	7.548292E-19
7.849393E+03	7.192723E-18	7.882761E-19
7.889393E+03	7.547532E-18	8.227225E-19
7.929393E+03	7.922331E-18	8.591839E-19
7.969393E+03	8.329667E-18	8.990320E-19
8.009393E+03	8.778165E-18	9.431884E-19
8.049393E+03	9.262569E-18	9.910683E-19
8.089393E+03	9.774339E-18	1.041738E-18
8.129393E+03	1.030687E-17	1.094473E-18
8.169393E+03	1.085683E-17	1.148888E-18
8.209393E+03	1.142122E-17	1.204628E-18
8.249393E+03	1.199906E-17	1.261536E-18
8.289393E+03	1.258925E-17	1.319436E-18
8.329393E+03	1.319172E-17	1.378255E-18
8.369393E+03	1.380638E-17	1.437912E-18
8.409393E+03	1.443303E-17	1.498316E-18
8.449393E+03	1.507083E-17	1.559311E-18
8.489393E+03	1.571900E-17	1.620750E-18
8.529393E+03	1.637734E-17	1.682558E-18
8.569393E+03	1.704371E-17	1.744467E-18
8.609393E+03	1.771524E-17	1.806146E-18
8.649393E+03	1.838994E-17	1.867367E-18
8.689393E+03	1.906273E-17	1.927601E-18
8.729393E+03	1.972923E-17	1.986407E-18
8.769393E+03	2.038544E-17	2.043391E-18
8.809393E+03	2.103011E-17	2.098443E-18
8.849393E+03	2.166551E-17	2.151803E-18
8.889393E+03	2.229773E-17	2.204073E-18
8.929393E+03	2.291791E-17	2.254363E-18
8.969393E+03	2.351386E-17	2.301457E-18
9.009393E+03	2.407929E-17	2.344721E-18
9.049393E+03	2.461189E-17	2.383904E-18
9.089393E+03	2.511053E-17	2.418851E-18
9.129393E+03	2.557660E-17	2.449642E-18
9.169393E+03	2.600916E-17	2.476126E-18
9.209393E+03	2.641011E-17	2.498421E-18
9.249393E+03	2.677761E-17	2.516302E-18
9.289393E+03	2.711143E-17	2.529720E-18
9.329393E+03	2.740944E-17	2.538482E-18
9.369393E+03	2.766854E-17	2.542354E-18
9.409393E+03	2.788887E-17	2.541443E-18
9.449393E+03	2.806557E-17	2.535449E-18
9.489393E+03	2.819712E-17	2.524418E-18
9.529393E+03	2.827966E-17	2.508219E-18
9.569393E+03	2.831325E-17	2.487089E-18
9.609393E+03	2.829229E-17	2.460770E-18
9.649393E+03	2.821698E-17	2.429508E-18
9.689393E+03	2.808692E-17	2.393477E-18
9.729393E+03	2.790287E-17	2.352914E-18
9.769393E+03	2.766282E-17	2.307795E-18
9.809393E+03	2.737150E-17	2.258629E-18
9.849393E+03	2.702886E-17	2.205492E-18
9.889393E+03	2.663970E-17	2.148835E-18
9.929393E+03	2.620760E-17	2.088992E-18
9.969393E+03	2.573894E-17	2.026508E-18
1.000939E+04	2.523640E-17	1.961641E-18
1.004939E+04	2.470723E-17	1.895019E-18
1.008939E+04	2.415676E-17	1.827143E-18
1.012939E+04	2.359246E-17	1.758710E-18
1.016939E+04	2.301528E-17	1.689965E-18
1.020939E+04	2.243447E-17	1.621812E-18
1.024939E+04	2.185677E-17	1.554992E-18
1.028939E+04	2.128198E-17	1.489758E-18
1.032939E+04	2.071777E-17	1.426893E-18
1.036939E+04	2.016677E-17	1.366768E-18
1.040939E+04	1.963090E-17	1.309648E-18
1.044939E+04	1.911348E-17	1.255842E-18
1.048939E+04	1.861509E-17	1.205426E-18
1.052939E+04	1.849782E-17	1.181520E-18
1.056939E+04	1.837803E-17	1.159004E-18
1.060939E+04	1.825708E-17	1.138012E-18
1.064939E+04	1.813600E-17	1.118619E-18
1.068939E+04	1.801550E-17	1.100854E-18
1.072939E+04	1.789603E-17	1.084715E-18
1.076939E+04	1.777789E-17	1.070175E-18
1.080939E+04	1.766127E-17	1.057183E-18
1.084939E+04	1.754630E-17	1.045672E-18
1.088939E+04	1.743305E-17	1.035547E-18
1.092939E+04	1.732151E-17	1.026685E-18
1.096939E+04	1.721168E-17	1.018937E-18
1.100939E+04	1.710358E-17	1.012126E-18
1.104939E+04	1.699724E-17	1.006056E-18
1.108939E+04	1.689270E-17	1.000510E-18
1.112939E+04	1.679002E-17	9.952619E-19
1.116939E+04	1.668924E-17	9.900835E-19
1.120939E+04	1.659044E-17	9.847708E-19
1.124939E+04	1.649375E-17	9.791613E-19
1.128939E+04	1.639938E-17	9.731450E-19
1.132939E+04	1.630760E-17	9.666674E-19
1.136939E+04	1.621881E-17	9.597239E-19
1.140939E+04	1.613356E-17	9.523452E-19
1.144939E+04	1.605248E-17	9.445797E-19
1.148939E+04	1.597626E-17	9.364815E-19
1.152939E+04	1.590556E-17	9.281090E-19
1.156939E+04	1.584105E-17	9.195219E-19
1.160939E+04	1.578338E-17	9.107690E-19
1.164939E+04	1.573315E-17	9.018741E-19
1.168939E+04	1.569094E-17	8.928232E-19
1.172939E+04	1.565733E-17	8.835515E-19
1.176939E+04	1.563280E-17	8.739391E-19
1.180939E+04	1.561779E-17	8.638120E-19
1.184939E+04	1.561260E-17	8.529423E-19
1.188939E+04	1.561735E-17	8.410508E-19
1.192939E+04	1.563190E-17	8.278196E-19
1.196939E+04	1.565578E-17	8.129097E-19
1.200939E+04	1.568820E-17	7.959868E-19
1.204939E+04	1.572799E-17	7.767535E-19
1.208939E+04	1.577360E-17	7.549860E-19
1.212939E+04	1.582303E-17	7.305764E-19
1.216939E+04	1.587383E-17	7.035941E-19
1.220939E+04	1.592310E-17	6.743665E-19
1.224939E+04	1.596751E-17	6.435808E-19
1.228939E+04	1.600325E-17	6.124045E-19
1.232939E+04	1.602610E-17	5.826023E-19
1.236939E+04	1.603145E-17	5.565730E-19
1.240939E+04	1.601442E-17	5.371863E-19
1.244939E+04	1.597019E-17	5.272481E-19
1.248939E+04	1.589524E-17	5.284316E-19
1.252939E+04	1.579054E-17	5.398494E-19
1.256939E+04	1.565999E-17	5.587517E-19
1.260939E+04	1.550812E-17	5.819893E-19
1.264939E+04	1.533958E-17	6.067888E-19
1.268939E+04	1.515897E-17	6.310582E-19
1.272939E+04	1.497077E-17	6.534125E-19
1.276939E+04	1.477938E-17	6.730736E-19
1.280939E+04	1.458908E-17	6.897340E-19
1.284939E+04	1.440387E-17	7.034275E-19
1.288939E+04	1.422747E-17	7.144290E-19
1.292939E+04	1.406326E-17	7.231718E-19
1.296939E+04	1.391425E-17	7.301828E-19
1.300939E+04	1.378307E-17	7.360306E-19
1.304939E+04	1.367191E-17	7.412824E-19
1.308939E+04	1.358246E-17	7.464744E-19
1.312939E+04	1.351593E-17	7.520892E-19
1.316939E+04	1.347302E-17	7.585414E-19
1.320939E+04	1.345392E-17	7.661672E-19
1.324939E+04	1.345836E-17	7.752165E-19
1.328939E+04	1.348551E-17	7.858426E-19
1.332939E+04	1.353410E-17	7.980907E-19
1.336939E+04	1.360238E-17	8.118890E-19
1.340939E+04	1.368820E-17	8.270543E-19
1.344939E+04	1.378901E-17	8.433074E-19
1.348939E+04	1.390191E-17	8.602894E-19
1.352939E+04	1.402369E-17	8.775793E-19
1.356939E+04	1.415095E-17	8.947194E-19
1.360939E+04	1.428023E-17	9.112439E-19
1.364939E+04	1.440821E-17	9.267064E-19
1.368939E+04	1.453181E-17	9.407011E-19
1.372939E+04	1.464823E-17	9.528760E-19
1.376939E+04	1.475501E-17	9.629406E-19
1.380939E+04	1.485002E-17	9.706706E-19
1.384939E+04	1.493149E-17	9.759145E-19
1.388939E+04	1.499808E-17	9.786011E-19
1.392939E+04	1.504886E-17	9.787351E-19
1.396939E+04	1.508334E-17	9.763817E-19
1.400939E+04	1.510140E-17	9.716637E-19
1.404939E+04	1.510338E-17	9.647619E-19
1.408939E+04	1.509001E-17	9.559000E-19
1.412939E+04	1.506233E-17	9.453311E-19
1.416939E+04	1.502153E-17	9.333224E-19
1.420939E+04	1.496900E-17	9.201463E-19
1.424939E+04	1.490625E-17	9.060804E-19
1.428939E+04	1.483490E-17	8.914073E-19
1.432939E+04	1.475662E-17	8.764125E-19
1.436939E+04	1.467316E-17	8.613831E-19
1.440939E+04	1.458632E-17	8.466056E-19
1.444939E+04	1.449796E-17	8.323570E-19
1.448939E+04	1.440993E-17	8.188825E-19
1.452939E+04	1.432405E-17	8.063701E-19
1.456939E+04	1.424198E-17	7.949382E-19
1.460939E+04	1.416521E-17	7.846353E-19
1.464939E+04	1.409504E-17	7.754491E-19
1.468939E+04	1.403262E-17	7.673230E-19
1.472939E+04	1.397886E-17	7.601700E-19
1.476939E+04	1.393444E-17	7.538872E-19
1.480939E+04	1.389987E-17	7.483662E-19
1.484939E+04	1.387553E-17	7.435036E-19
1.488939E+04	1.386173E-17	7.392135E-19
1.492939E+04	1.385873E-17	7.354338E-19
1.496939E+04	1.386666E-17	7.321225E-19
1.500939E+04	1.388551E-17	7.292458E-19
1.504939E+04	1.391510E-17	7.267769E-19
1.508939E+04	1.395511E-17	7.247038E-19
1.512939E+04	1.400520E-17	7.230390E-19
1.516939E+04	1.406489E-17	7.218226E-19
1.520939E+04	1.413364E-17	7.211117E-19
1.524939E+04	1.421071E-17	7.209588E-19
1.528939E+04	1.429512E-17	7.213923E-19
1.532939E+04	1.438572E-17	7.224065E-19
1.536939E+04	1.448121E-17	7.239571E-19
1.540939E+04	1.458027E-17	7.259527E-19
1.544939E+04	1.468149E-17	7.282529E-19
1.548939E+04	1.478330E-17	7.306733E-19
1.552939E+04	1.488405E-17	7.329969E-19
1.556939E+04	1.498197E-17	7.349883E-19
1.560939E+04	1.507523E-17	7.364014E-19
1.564939E+04	1.516189E-17	7.369797E-19
1.568939E+04	1.523996E-17	7.364576E-19
1.572939E+04	1.530749E-17	7.345830E-19
1.576939E+04	1.536262E-17	7.311463E-19
1.580939E+04	1.540368E-17	7.260056E-19
1.584939E+04	1.542930E-17	7.191100E-19
1.588939E+04	1.543850E-17	7.105223E-19
1.592939E+04	1.543074E-17	7.004312E-19
1.596939E+04	1.540588E-17	6.891444E-19
1.600939E+04	1.536402E-17	6.770714E-19
1.604939E+04	1.530561E-17	6.647107E-19
1.608939E+04	1.523139E-17	6.526354E-19
1.612939E+04	1.514244E-17	6.414565E-19
1.616939E+04	1.504000E-17	6.317576E-19
1.620939E+04	1.492544E-17	6.240199E-19
1.624939E+04	1.480019E-17	6.185394E-19
1.628939E+04	1.466575E-17	6.153137E-19
1.632939E+04	1.452361E-17	6.140017E-19
1.636939E+04	1.437515E-17	6.140821E-19
1.640939E+04	1.422165E-17	6.149910E-19
1.644939E+04	1.406433E-17	6.162092E-19
1.648939E+04	1.390434E-17	6.173142E-19
1.652939E+04	1.374276E-17	6.179971E-19
1.656939E+04	1.358057E-17	6.180474E-19
1.660939E+04	1.341860E-17	6.173347E-19
1.664939E+04	1.325762E-17	6.157938E-19
1.668939E+04	1.309829E-17	6.134174E-19
1.672939E+04	1.294124E-17	6.102645E-19
1.676939E+04	1.278712E-17	6.064671E-19
1.680939E+04	1.263661E-17	6.022100E-19
1.684939E+04	1.249032E-17	5.976987E-19
1.688939E+04	1.234873E-17	5.931277E-19
1.692939E+04	1.221220E-17	5.886593E-19
1.696939E+04	1.208099E-17	5.844168E-19
1.700939E+04	1.195529E-17	5.804847E-19
1.704939E+04	1.183525E-17	5.769149E-19
1.708939E+04	1.172102E-17	5.737370E-19
1.712939E+04	1.161280E-17	5.709672E-19
1.716939E+04	1.151088E-17	5.686094E-19
1.720939E+04	1.141561E-17	5.666542E-19
1.724939E+04	1.132744E-17	5.650853E-19
1.728939E+04	1.124687E-17	5.638959E-19
1.732939E+04	1.117449E-17	5.631058E-19
1.736939E+04	1.111094E-17	5.627644E-19
1.740939E+04	1.105690E-17	5.629458E-19
1.744939E+04	1.101310E-17	5.637444E-19
1.748939E+04	1.098029E-17	5.652719E-19
1.752939E+04	1.095915E-17	5.676557E-19
1.756939E+04	1.095034E-17	5.710402E-19
1.760939E+04	1.095448E-17	5.755809E-19
1.764939E+04	1.097218E-17	5.814327E-19
1.768939E+04	1.100399E-17	5.887508E-19
1.772939E+04	1.105046E-17	5.977012E-19
1.776939E+04	1.111211E-17	6.084574E-19
1.780939E+04	1.118943E-17	6.211819E-19
1.784939E+04	1.128280E-17	6.360101E-19
1.788939E+04	1.139248E-17	6.530446E-19
1.792939E+04	1.151852E-17	6.723477E-19
1.796939E+04	1.166075E-17	6.939290E-19
1.800939E+04	1.181860E-17	7.177291E-19
1.804939E+04	1.199107E-17	7.436097E-19
1.808939E+04	1.217665E-17	7.713535E-19
1.812939E+04	1.237337E-17	8.006641E-19
1.816939E+04	1.257872E-17	8.311637E-19
1.820939E+04	1.278964E-17	8.623954E-19
1.824939E+04	1.300262E-17	8.938314E-19
1.828939E+04	1.321373E-17	9.248878E-19
1.832939E+04	1.341881E-17	9.549497E-19
1.836939E+04	1.361357E-17	9.833996E-19
1.840939E+04	1.379387E-17	1.009642E-18
1.844939E+04	1.395588E-17	1.033128E-18
1.848939E+04	1.409638E-17	1.053374E-18
1.852939E+04	1.421279E-17	1.069981E-18
1.856939E+04	1.430316E-17	1.082646E-18
1.860939E+04	1.436628E-17	1.091169E-18
1.864939E+04	1.440156E-17	1.095458E-18
1.868939E+04	1.440904E-17	1.095535E-18
1.872939E+04	1.438940E-17	1.091530E-18
1.876939E+04	1.434410E-17	1.083686E-18
1.880939E+04	1.427536E-17	1.072347E-18
1.884939E+04	1.418586E-17	1.057930E-18
1.888939E+04	1.407855E-17	1.040904E-18
1.892939E+04	1.395642E-17	1.021757E-18
1.896939E+04	1.382245E-17	1.000977E-18
1.900939E+04	1.367955E-17	9.790452E-19
1.904939E+04	1.353069E-17	9.564398E-19
1.908939E+04	1.337883E-17	9.336336E-19
1.912939E+04	1.322686E-17	9.110750E-19
1.916939E+04	1.307745E-17	8.891692E-19
1.920939E+04	1.293299E-17	8.682611E-19
1.924939E+04	1.279550E-17	8.486180E-19
1.928939E+04	1.266669E-17	8.304216E-19
1.932939E+04	1.254782E-17	8.137737E-19
1.936939E+04	1.243976E-17	7.987034E-19
1.940939E+04	1.234303E-17	7.851816E-19
1.944939E+04	1.225787E-17	7.731419E-19
1.948939E+04	1.218435E-17	7.624982E-19
1.952939E+04	1.212243E-17	7.531570E-19
1.956939E+04	1.207203E-17	7.450312E-19
1.960939E+04	1.203301E-17	7.380519E-19
1.964939E+04	1.200518E-17	7.321711E-19
1.968939E+04	1.198827E-17	7.273535E-19
1.972939E+04	1.198189E-17	7.235678E-19
1.976939E+04	1.198553E-17	7.207796E-19
1.980939E+04	1.199860E-17	7.189454E-19
1.984939E+04	1.202036E-17	7.180051E-19
1.988939E+04	1.205001E-17	7.178736E-19
1.992939E+04	1.208669E-17	7.184352E-19
1.996939E+04	1.212943E-17	7.195453E-19
2.000939E+04	1.217726E-17	7.210391E-19
2.004939E+04	1.222917E-17	7.227530E-19
2.008939E+04	1.228424E-17	7.245527E-19
2.012939E+04	1.234159E-17	7.263478E-19
2.016939E+04	1.240041E-17	7.280922E-19
2.020939E+04	1.245991E-17	7.297774E-19
2.024939E+04	1.251934E-17	7.314240E-19
2.028939E+04	1.257801E-17	7.330663E-19
2.032939E+04	1.263528E-17	7.347342E-19
2.036939E+04	1.269052E-17	7.364419E-19
2.040939E+04	1.274315E-17	7.381828E-19
2.044939E+04	1.279266E-17	7.399286E-19
2.048939E+04	1.283857E-17	7.416292E-19
2.052939E+04	1.288046E-17	7.432159E-19
2.056939E+04	1.291787E-17	7.446116E-19
2.060939E+04	1.295041E-17	7.457440E-19
2.064939E+04	1.297768E-17	7.465541E-19
2.068939E+04	1.299933E-17	7.469963E-19
2.072939E+04	1.301500E-17	7.470358E-19
2.076939E+04	1.302438E-17	7.466442E-19
2.080939E+04	1.302711E-17	7.457971E-19
2.084939E+04	1.302288E-17	7.444758E-19
2.088939E+04	1.301142E-17	7.426718E-19
2.092939E+04	1.299251E-17	7.403882E-19
2.096939E+04	1.296600E-17	7.376362E-19
2.100939E+04	1.293174E-17	7.344287E-19
2.104939E+04	1.288962E-17	7.307784E-19
2.108939E+04	1.283958E-17	7.267044E-19
2.112939E+04	1.278166E-17	7.222392E-19
2.116939E+04	1.271602E-17	7.174286E-19
2.120939E+04	1.264291E-17	7.123258E-19
2.124939E+04	1.256265E-17	7.069873E-19
2.128939E+04	1.247564E-17	7.014758E-19
2.132939E+04	1.238231E-17	6.958628E-19
2.136939E+04	1.228317E-17	6.902256E-19
2.140939E+04	1.217886E-17	6.846403E-19
2.144939E+04	1.207004E-17	6.791742E-19
2.148939E+04	1.195739E-17	6.738771E-19
2.152939E+04	1.184145E-17	6.687726E-19
2.156939E+04	1.172263E-17	6.638551E-19
2.160939E+04	1.160119E-17	6.591019E-19
2.164939E+04	1.147739E-17	6.544819E-19
2.168939E+04	1.135144E-17	6.499631E-19
2.172939E+04	1.122359E-17	6.455176E-19
2.176939E+04	1.109407E-17	6.411256E-19
2.180939E+04	1.096315E-17	6.367756E-19
2.184939E+04	1.083109E-17	6.324645E-19
2.188939E+04	1.069824E-17	6.281964E-19
2.192939E+04	1.056498E-17	6.239790E-19
2.196939E+04	1.043170E-17	6.198207E-19
2.200939E+04	1.029880E-17	6.157304E-19
2.204939E+04	1.016662E-17	6.117176E-19
2.208939E+04	1.003544E-17	6.077922E-19
2.212939E+04	9.905518E-18	6.039652E-19
2.216939E+04	9.777103E-18	6.002468E-19
2.220939E+04	9.650405E-18	5.966450E-19
2.224939E+04	9.525615E-18	5.931624E-19
2.228939E+04	9.402929E-18	5.897961E-19
2.232939E+04	9.282566E-18	5.865386E-19
2.236939E+04	9.164774E-18	5.833803E-19
2.240939E+04	9.049812E-18	5.803118E-19
2.244939E+04	8.937927E-18	5.773252E-19
2.248939E+04	8.829346E-18	5.744129E-19
2.252939E+04	8.724287E-18	5.715685E-19
2.256939E+04	8.622963E-18	5.687873E-19
2.260939E+04	8.525589E-18	5.660659E-19
2.264939E+04	8.432370E-18	5.634019E-19
2.268939E+04	8.343475E-18	5.607963E-19
2.272939E+04	8.259020E-18	5.582554E-19
2.276939E+04	8.179076E-18	5.557925E-19
2.280939E+04	8.103686E-18	5.534286E-19
2.284939E+04	8.032881E-18	5.511901E-19
2.288939E+04	7.966669E-18	5.491036E-19
2.292939E+04	7.905039E-18	5.471948E-19
2.296939E+04	7.847963E-18	5.454882E-19
2.300939E+04	7.795409E-18	5.440092E-19
2.304939E+04	7.747358E-18	5.427834E-19
2.308939E+04	7.703825E-18	5.418349E-19
2.312939E+04	7.664846E-18	5.411854E-19
2.316939E+04	7.630463E-18	5.408537E-19
2.320939E+04	7.600726E-18	5.408570E-19
2.324939E+04	7.575697E-18	5.412111E-19
2.328939E+04	7.555448E-18	5.419296E-19
2.332939E+04	7.540044E-18	5.430226E-19
2.336939E+04	7.529535E-18	5.444982E-19
2.340939E+04	7.523958E-18	5.463652E-19
2.344939E+04	7.523331E-18	5.486343E-19
2.348939E+04	7.527659E-18	5.513201E-19
2.352939E+04	7.536944E-18	5.544430E-19
2.356939E+04	7.551187E-18	5.580311E-19
2.360939E+04	7.570383E-18	5.621207E-19
2.364939E+04	7.594515E-18	5.667579E-19
2.368939E+04	7.623544E-18	5.720031E-19
2.372939E+04	7.657424E-18	5.779351E-19
2.376939E+04	7.696091E-18	5.846543E-19
2.380939E+04	7.739453E-18	5.922842E-19
2.384939E+04	7.787389E-18	6.009747E-19
2.388939E+04	7.839740E-18	6.109064E-19
2.392939E+04	7.896316E-18	6.222909E-19
2.396939E+04	7.956903E-18	6.353657E-19
2.400939E+04	8.021265E-18	6.503891E-19
2.404939E+04	8.089145E-18	6.676370E-19
2.408939E+04	8.160264E-18	6.874001E-19
2.412939E+04	8.234340E-18	7.099795E-19
2.416939E+04	8.311097E-18	7.356793E-19
2.420939E+04	8.390268E-18	7.647984E-19
2.424939E+04	8.471600E-18	7.976187E-19
2.428939E+04	8.554851E-18	8.343902E-19
2.432939E+04	8.639773E-18	8.753183E-19
2.436939E+04	8.726117E-18	9.205531E-19
2.440939E+04	8.813648E-18	9.701862E-19
2.444939E+04	8.902152E-18	1.024251E-18
2.448939E+04	8.991433E-18	1.082727E-18
