#wls	flux	fluxerr
3.289393E+03	3.199446E-18	1.720737E-18
3.329393E+03	3.161908E-18	1.685455E-18
3.369393E+03	3.124710E-18	1.650803E-18
3.409393E+03	3.087867E-18	1.616777E-18
3.449393E+03	3.051394E-18	1.583373E-18
3.489393E+03	3.015306E-18	1.550583E-18
3.529393E+03	2.979619E-18	1.518404E-18
3.569393E+03	2.944348E-18	1.486828E-18
3.609393E+03	2.909508E-18	1.455850E-18
3.649393E+03	2.875113E-18	1.425462E-18
3.689393E+03	2.841180E-18	1.395658E-18
3.729393E+03	2.807722E-18	1.366430E-18
3.769393E+03	2.774752E-18	1.337770E-18
3.809393E+03	2.742284E-18	1.309670E-18
3.849393E+03	2.710330E-18	1.282122E-18
3.889393E+03	2.678901E-18	1.255117E-18
3.929393E+03	2.648009E-18	1.228645E-18
3.969393E+03	2.617662E-18	1.202696E-18
4.009393E+03	2.587870E-18	1.177261E-18
4.049393E+03	2.558640E-18	1.152329E-18
4.089393E+03	2.529979E-18	1.127890E-18
4.129393E+03	2.501892E-18	1.103932E-18
4.169393E+03	2.474383E-18	1.080446E-18
4.209393E+03	2.447455E-18	1.057418E-18
4.249393E+03	2.421110E-18	1.034839E-18
4.289393E+03	2.395349E-18	1.012695E-18
4.329393E+03	2.370170E-18	9.909765E-19
4.369393E+03	2.345573E-18	9.696702E-19
4.409393E+03	2.321553E-18	9.487648E-19
4.449393E+03	2.298108E-18	9.282484E-19
4.489393E+03	2.275230E-18	9.081094E-19
4.529393E+03	2.252916E-18	8.883361E-19
4.569393E+03	2.231155E-18	8.689173E-19
4.609393E+03	2.209942E-18	8.498417E-19
4.649393E+03	2.189265E-18	8.310984E-19
4.689393E+03	2.169115E-18	8.126770E-19
4.729393E+03	2.149481E-18	7.945673E-19
4.769393E+03	2.130351E-18	7.767596E-19
4.809393E+03	2.111713E-18	7.592446E-19
4.849393E+03	2.093553E-18	7.420137E-19
4.889393E+03	2.075858E-18	7.250588E-19
4.929393E+03	2.058614E-18	7.083725E-19
4.969393E+03	2.041807E-18	6.919479E-19
5.009393E+03	2.025422E-18	6.757790E-19
5.049393E+03	2.009445E-18	6.598604E-19
5.089393E+03	1.993861E-18	6.441874E-19
5.129393E+03	1.978657E-18	6.287563E-19
5.169393E+03	1.963818E-18	6.135639E-19
5.209393E+03	1.949331E-18	5.986078E-19
5.249393E+03	1.935185E-18	5.838866E-19
5.289393E+03	1.921368E-18	5.693994E-19
5.329393E+03	1.907871E-18	5.551459E-19
5.369393E+03	1.894686E-18	5.411267E-19
5.409393E+03	1.881807E-18	5.273429E-19
5.449393E+03	1.869231E-18	5.137960E-19
5.489393E+03	1.856958E-18	5.004881E-19
5.529393E+03	1.844989E-18	4.874216E-19
5.569393E+03	1.833333E-18	4.745992E-19
5.609393E+03	1.821999E-18	4.620241E-19
5.649393E+03	1.811004E-18	4.496993E-19
5.689393E+03	1.800369E-18	4.376280E-19
5.729393E+03	1.790121E-18	4.258136E-19
5.769393E+03	1.780294E-18	4.142594E-19
5.809393E+03	1.770928E-18	4.029687E-19
5.849393E+03	1.762074E-18	3.919449E-19
5.889393E+03	1.753788E-18	3.811914E-19
5.929393E+03	1.746138E-18	3.707117E-19
5.969393E+03	1.739200E-18	3.605095E-19
6.009393E+03	1.733063E-18	3.505888E-19
6.049393E+03	1.727825E-18	3.409542E-19
6.089393E+03	1.723601E-18	3.316107E-19
6.129393E+03	1.720517E-18	3.225645E-19
6.169393E+03	1.718713E-18	3.138225E-19
6.209393E+03	1.718349E-18	3.053931E-19
6.249393E+03	1.719600E-18	2.972866E-19
6.289393E+03	1.722662E-18	2.895148E-19
6.329393E+03	1.727751E-18	2.820921E-19
6.369393E+03	1.735108E-18	2.750357E-19
6.409393E+03	1.744998E-18	2.683655E-19
6.449393E+03	1.757714E-18	2.621053E-19
6.489393E+03	1.773579E-18	2.562823E-19
6.529393E+03	1.792946E-18	2.509281E-19
6.569393E+03	1.816203E-18	2.460785E-19
6.609393E+03	1.843768E-18	2.417737E-19
6.649393E+03	1.876095E-18	2.380579E-19
6.689393E+03	1.913668E-18	2.349795E-19
6.729393E+03	1.957002E-18	2.325902E-19
6.769393E+03	2.006640E-18	2.309449E-19
6.809393E+03	2.063148E-18	2.301009E-19
6.849393E+03	2.127119E-18	2.301179E-19
6.889393E+03	2.199167E-18	2.310574E-19
6.929393E+03	2.279926E-18	2.329824E-19
6.969393E+03	2.370052E-18	2.359561E-19
7.009393E+03	2.470216E-18	2.400412E-19
7.049393E+03	2.581104E-18	2.452977E-19
7.089393E+03	2.703409E-18	2.517809E-19
7.129393E+03	2.837824E-18	2.595384E-19
7.169393E+03	2.985029E-18	2.686081E-19
7.209393E+03	3.145678E-18	2.790150E-19
7.249393E+03	3.320381E-18	2.907695E-19
7.289393E+03	3.509684E-18	3.038653E-19
7.329393E+03	3.714053E-18	3.182785E-19
7.369393E+03	3.933853E-18	3.339674E-19
7.409393E+03	4.169326E-18	3.508727E-19
7.449393E+03	4.420583E-18	3.689189E-19
7.489393E+03	4.687580E-18	3.880164E-19
7.529393E+03	4.970109E-18	4.080642E-19
7.569393E+03	5.267783E-18	4.289542E-19
7.609393E+03	5.580024E-18	4.505753E-19
7.649393E+03	5.906063E-18	4.728196E-19
7.689393E+03	6.244938E-18	4.955876E-19
7.729393E+03	6.595506E-18	5.187958E-19
7.769393E+03	6.956465E-18	5.423814E-19
7.809393E+03	7.326391E-18	5.663070E-19
7.849393E+03	7.703790E-18	5.905611E-19
7.889393E+03	8.087165E-18	6.151549E-19
7.929393E+03	8.475092E-18	6.401153E-19
7.969393E+03	8.866306E-18	6.654750E-19
8.009393E+03	9.259779E-18	6.912621E-19
8.049393E+03	9.654796E-18	7.174926E-19
8.089393E+03	1.005100E-17	7.441653E-19
8.129393E+03	1.044841E-17	7.712624E-19
8.169393E+03	1.084744E-17	7.987546E-19
8.209393E+03	1.124884E-17	8.266082E-19
8.249393E+03	1.165366E-17	8.547941E-19
8.289393E+03	1.206314E-17	8.832945E-19
8.329393E+03	1.247868E-17	9.121056E-19
8.369393E+03	1.290169E-17	9.412365E-19
8.409393E+03	1.333349E-17	9.707040E-19
8.449393E+03	1.377524E-17	1.000526E-18
8.489393E+03	1.422786E-17	1.030715E-18
8.529393E+03	1.469193E-17	1.061275E-18
8.569393E+03	1.516772E-17	1.092203E-18
8.609393E+03	1.565513E-17	1.123487E-18
8.649393E+03	1.615371E-17	1.155114E-18
8.689393E+03	1.666275E-17	1.187074E-18
8.729393E+03	1.718122E-17	1.219354E-18
8.769393E+03	1.770795E-17	1.251946E-18
8.809393E+03	1.824161E-17	1.284834E-18
8.849393E+03	1.878084E-17	1.317994E-18
8.889393E+03	1.932427E-17	1.351389E-18
8.929393E+03	1.987062E-17	1.384964E-18
8.969393E+03	2.041866E-17	1.418642E-18
9.009393E+03	2.096724E-17	1.452323E-18
9.049393E+03	2.151525E-17	1.485870E-18
9.089393E+03	2.206152E-17	1.519098E-18
9.129393E+03	2.260480E-17	1.551773E-18
9.169393E+03	2.314361E-17	1.583602E-18
9.209393E+03	2.367616E-17	1.614246E-18
9.249393E+03	2.420026E-17	1.643340E-18
9.289393E+03	2.471320E-17	1.670516E-18
9.329393E+03	2.521172E-17	1.695443E-18
9.369393E+03	2.569193E-17	1.717852E-18
9.409393E+03	2.614942E-17	1.737554E-18
9.449393E+03	2.657927E-17	1.754454E-18
9.489393E+03	2.697626E-17	1.768534E-18
9.529393E+03	2.733506E-17	1.779839E-18
9.569393E+03	2.765044E-17	1.788448E-18
9.609393E+03	2.791756E-17	1.794446E-18
9.649393E+03	2.813223E-17	1.797898E-18
9.689393E+03	2.829109E-17	1.798838E-18
9.729393E+03	2.839177E-17	1.797256E-18
9.769393E+03	2.843305E-17	1.793108E-18
9.809393E+03	2.841491E-17	1.786314E-18
9.849393E+03	2.833854E-17	1.776776E-18
9.889393E+03	2.820634E-17	1.764389E-18
9.929393E+03	2.802189E-17	1.749057E-18
9.969393E+03	2.778978E-17	1.730708E-18
1.000939E+04	2.751556E-17	1.709317E-18
1.004939E+04	2.720544E-17	1.684915E-18
1.008939E+04	2.686613E-17	1.657613E-18
1.012939E+04	2.650456E-17	1.627616E-18
1.016939E+04	2.612766E-17	1.595226E-18
1.020939E+04	2.574208E-17	1.560849E-18
1.024939E+04	2.535404E-17	1.524973E-18
1.028939E+04	2.496918E-17	1.488152E-18
1.032939E+04	2.459240E-17	1.450974E-18
1.036939E+04	2.422785E-17	1.414022E-18
1.040939E+04	2.387883E-17	1.377849E-18
1.044939E+04	2.354783E-17	1.342950E-18
1.048939E+04	2.323654E-17	1.309741E-18
1.052939E+04	2.294589E-17	1.278553E-18
1.056939E+04	2.267611E-17	1.249630E-18
1.060939E+04	2.242683E-17	1.223132E-18
1.064939E+04	2.219715E-17	1.199151E-18
1.068939E+04	2.198580E-17	1.177718E-18
1.072939E+04	2.179121E-17	1.158820E-18
1.076939E+04	2.161164E-17	1.142403E-18
1.080939E+04	2.144529E-17	1.128380E-18
1.084939E+04	2.129037E-17	1.116627E-18
1.088939E+04	2.114515E-17	1.106974E-18
1.092939E+04	2.100802E-17	1.099207E-18
1.096939E+04	2.087750E-17	1.093057E-18
1.100939E+04	2.075226E-17	1.088205E-18
1.104939E+04	2.063114E-17	1.084285E-18
1.108939E+04	2.051314E-17	1.080902E-18
1.112939E+04	2.039745E-17	1.077646E-18
1.116939E+04	2.028344E-17	1.074121E-18
1.120939E+04	2.017064E-17	1.069968E-18
1.124939E+04	2.005878E-17	1.064891E-18
1.128939E+04	1.994776E-17	1.058675E-18
1.132939E+04	1.983764E-17	1.051198E-18
1.136939E+04	1.972863E-17	1.042433E-18
1.140939E+04	1.962107E-17	1.032442E-18
1.144939E+04	1.951540E-17	1.021363E-18
1.148939E+04	1.941217E-17	1.009391E-18
1.152939E+04	1.931202E-17	9.967586E-19
1.156939E+04	1.921565E-17	9.837033E-19
1.160939E+04	1.912386E-17	9.704448E-19
1.164939E+04	1.903752E-17	9.571540E-19
1.168939E+04	1.895759E-17	9.439283E-19
1.172939E+04	1.888507E-17	9.307730E-19
1.176939E+04	1.882100E-17	9.175907E-19
1.180939E+04	1.876636E-17	9.041794E-19
1.184939E+04	1.872204E-17	8.902385E-19
1.188939E+04	1.868869E-17	8.753810E-19
1.192939E+04	1.866670E-17	8.591509E-19
1.196939E+04	1.865606E-17	8.410442E-19
1.200939E+04	1.865630E-17	8.205344E-19
1.204939E+04	1.866640E-17	7.971032E-19
1.208939E+04	1.868478E-17	7.702815E-19
1.212939E+04	1.870920E-17	7.397075E-19
1.216939E+04	1.873677E-17	7.052088E-19
1.220939E+04	1.876396E-17	6.669242E-19
1.224939E+04	1.878655E-17	6.254772E-19
1.228939E+04	1.879976E-17	5.822167E-19
1.232939E+04	1.879828E-17	5.395184E-19
1.236939E+04	1.877643E-17	5.010633E-19
1.240939E+04	1.872850E-17	4.718015E-19
1.244939E+04	1.864941E-17	4.569910E-19
1.248939E+04	1.853602E-17	4.597926E-19
1.252939E+04	1.838919E-17	4.786306E-19
1.256939E+04	1.821284E-17	5.084159E-19
1.260939E+04	1.801211E-17	5.435456E-19
1.264939E+04	1.779251E-17	5.795335E-19
1.268939E+04	1.755954E-17	6.133679E-19
1.272939E+04	1.731854E-17	6.433089E-19
1.276939E+04	1.707466E-17	6.685673E-19
1.280939E+04	1.683278E-17	6.890221E-19
1.284939E+04	1.659751E-17	7.050022E-19
1.288939E+04	1.637313E-17	7.171225E-19
1.292939E+04	1.616354E-17	7.261616E-19
1.296939E+04	1.597227E-17	7.329691E-19
1.300939E+04	1.580236E-17	7.383975E-19
1.304939E+04	1.565636E-17	7.432533E-19
1.308939E+04	1.553627E-17	7.482627E-19
1.312939E+04	1.544350E-17	7.540515E-19
1.316939E+04	1.537888E-17	7.611326E-19
1.320939E+04	1.534265E-17	7.699001E-19
1.324939E+04	1.533445E-17	7.806261E-19
1.328939E+04	1.535333E-17	7.934583E-19
1.332939E+04	1.539782E-17	8.084185E-19
1.336939E+04	1.546590E-17	8.254039E-19
1.340939E+04	1.555508E-17	8.441923E-19
1.344939E+04	1.566242E-17	8.644533E-19
1.348939E+04	1.578461E-17	8.857663E-19
1.352939E+04	1.591806E-17	9.076431E-19
1.356939E+04	1.605897E-17	9.295547E-19
1.360939E+04	1.620348E-17	9.509586E-19
1.364939E+04	1.634776E-17	9.713246E-19
1.368939E+04	1.648815E-17	9.901573E-19
1.372939E+04	1.662126E-17	1.007014E-18
1.376939E+04	1.674404E-17	1.021517E-18
1.380939E+04	1.685386E-17	1.033365E-18
1.384939E+04	1.694857E-17	1.042337E-18
1.388939E+04	1.702650E-17	1.048297E-18
1.392939E+04	1.708650E-17	1.051191E-18
1.396939E+04	1.712792E-17	1.051048E-18
1.400939E+04	1.715063E-17	1.047971E-18
1.404939E+04	1.715491E-17	1.042129E-18
1.408939E+04	1.714145E-17	1.033754E-18
1.412939E+04	1.711129E-17	1.023124E-18
1.416939E+04	1.706573E-17	1.010556E-18
1.420939E+04	1.700627E-17	9.963971E-19
1.424939E+04	1.693459E-17	9.810168E-19
1.428939E+04	1.685249E-17	9.647960E-19
1.432939E+04	1.676188E-17	9.481203E-19
1.436939E+04	1.666471E-17	9.313675E-19
1.440939E+04	1.656300E-17	9.148946E-19
1.444939E+04	1.645878E-17	8.990213E-19
1.448939E+04	1.635407E-17	8.840128E-19
1.452939E+04	1.625081E-17	8.700659E-19
1.456939E+04	1.615089E-17	8.573001E-19
1.460939E+04	1.605605E-17	8.457574E-19
1.464939E+04	1.596790E-17	8.354103E-19
1.468939E+04	1.588785E-17	8.261782E-19
1.472939E+04	1.581716E-17	8.179469E-19
1.476939E+04	1.575688E-17	8.105899E-19
1.480939E+04	1.570787E-17	8.039869E-19
1.484939E+04	1.567077E-17	7.980374E-19
1.488939E+04	1.564608E-17	7.926683E-19
1.492939E+04	1.563407E-17	7.878358E-19
1.496939E+04	1.563485E-17	7.835234E-19
1.500939E+04	1.564835E-17	7.797369E-19
1.504939E+04	1.567432E-17	7.764999E-19
1.508939E+04	1.571237E-17	7.738493E-19
1.512939E+04	1.576193E-17	7.718308E-19
1.516939E+04	1.582230E-17	7.704931E-19
1.520939E+04	1.589262E-17	7.698801E-19
1.524939E+04	1.597186E-17	7.700207E-19
1.528939E+04	1.605883E-17	7.709192E-19
1.532939E+04	1.615219E-17	7.725454E-19
1.536939E+04	1.625045E-17	7.748288E-19
1.540939E+04	1.635197E-17	7.776550E-19
1.544939E+04	1.645503E-17	7.808668E-19
1.548939E+04	1.655778E-17	7.842679E-19
1.552939E+04	1.665829E-17	7.876299E-19
1.556939E+04	1.675456E-17	7.907006E-19
1.560939E+04	1.684454E-17	7.932132E-19
1.564939E+04	1.692617E-17	7.948964E-19
1.568939E+04	1.699742E-17	7.954869E-19
1.572939E+04	1.705633E-17	7.947453E-19
1.576939E+04	1.710111E-17	7.924738E-19
1.580939E+04	1.713015E-17	7.885357E-19
1.584939E+04	1.714214E-17	7.828731E-19
1.588939E+04	1.713607E-17	7.755220E-19
1.592939E+04	1.711128E-17	7.666216E-19
1.596939E+04	1.706751E-17	7.564180E-19
1.600939E+04	1.700480E-17	7.452603E-19
1.604939E+04	1.692360E-17	7.335907E-19
1.608939E+04	1.682461E-17	7.219236E-19
1.612939E+04	1.670888E-17	7.108135E-19
1.616939E+04	1.657763E-17	7.008078E-19
1.620939E+04	1.643231E-17	6.923820E-19
1.624939E+04	1.627448E-17	6.858548E-19
1.628939E+04	1.610585E-17	6.812668E-19
1.632939E+04	1.592817E-17	6.783390E-19
1.636939E+04	1.574322E-17	6.766245E-19
1.640939E+04	1.555272E-17	6.756334E-19
1.644939E+04	1.535832E-17	6.749101E-19
1.648939E+04	1.516152E-17	6.740753E-19
1.652939E+04	1.496372E-17	6.728442E-19
1.656939E+04	1.476617E-17	6.710263E-19
1.660939E+04	1.456999E-17	6.685175E-19
1.664939E+04	1.437614E-17	6.652880E-19
1.668939E+04	1.418547E-17	6.613703E-19
1.672939E+04	1.399872E-17	6.568481E-19
1.676939E+04	1.381652E-17	6.518439E-19
1.680939E+04	1.363942E-17	6.465055E-19
1.684939E+04	1.346790E-17	6.409909E-19
1.688939E+04	1.330231E-17	6.354538E-19
1.692939E+04	1.314299E-17	6.300320E-19
1.696939E+04	1.299017E-17	6.248394E-19
1.700939E+04	1.284406E-17	6.199631E-19
1.704939E+04	1.270486E-17	6.154641E-19
1.708939E+04	1.257278E-17	6.113804E-19
1.712939E+04	1.244806E-17	6.077320E-19
1.716939E+04	1.233100E-17	6.045270E-19
1.720939E+04	1.222197E-17	6.017676E-19
1.724939E+04	1.212140E-17	5.994577E-19
1.728939E+04	1.202982E-17	5.976096E-19
1.732939E+04	1.194781E-17	5.962508E-19
1.736939E+04	1.187602E-17	5.954281E-19
1.740939E+04	1.181514E-17	5.952103E-19
1.744939E+04	1.176591E-17	5.956886E-19
1.748939E+04	1.172910E-17	5.969758E-19
1.752939E+04	1.170548E-17	5.992046E-19
1.756939E+04	1.169584E-17	6.025248E-19
1.760939E+04	1.170095E-17	6.071002E-19
1.764939E+04	1.172157E-17	6.131048E-19
1.768939E+04	1.175845E-17	6.207195E-19
1.772939E+04	1.181230E-17	6.301263E-19
1.776939E+04	1.188375E-17	6.415026E-19
1.780939E+04	1.197338E-17	6.550119E-19
1.784939E+04	1.208158E-17	6.707938E-19
1.788939E+04	1.220860E-17	6.889535E-19
1.792939E+04	1.235439E-17	7.095505E-19
1.796939E+04	1.251861E-17	7.325877E-19
1.800939E+04	1.270050E-17	7.580022E-19
1.804939E+04	1.289887E-17	7.856570E-19
1.808939E+04	1.311201E-17	8.153347E-19
1.812939E+04	1.333766E-17	8.467341E-19
1.816939E+04	1.357304E-17	8.794691E-19
1.820939E+04	1.381481E-17	9.130717E-19
1.824939E+04	1.405915E-17	9.470002E-19
1.828939E+04	1.430185E-17	9.806529E-19
1.832939E+04	1.453844E-17	1.013387E-18
1.836939E+04	1.476437E-17	1.044545E-18
1.840939E+04	1.497517E-17	1.073478E-18
1.844939E+04	1.516667E-17	1.099578E-18
1.848939E+04	1.533516E-17	1.122303E-18
1.852939E+04	1.547752E-17	1.141197E-18
1.856939E+04	1.559137E-17	1.155912E-18
1.860939E+04	1.567507E-17	1.166219E-18
1.864939E+04	1.572781E-17	1.172012E-18
1.868939E+04	1.574957E-17	1.173313E-18
1.872939E+04	1.574112E-17	1.170263E-18
1.876939E+04	1.570396E-17	1.163117E-18
1.880939E+04	1.564019E-17	1.152227E-18
1.884939E+04	1.555245E-17	1.138018E-18
1.888939E+04	1.544372E-17	1.120975E-18
1.892939E+04	1.531723E-17	1.101610E-18
1.896939E+04	1.517630E-17	1.080451E-18
1.900939E+04	1.502429E-17	1.058020E-18
1.904939E+04	1.486453E-17	1.034822E-18
1.908939E+04	1.470024E-17	1.011333E-18
1.912939E+04	1.453447E-17	9.879894E-19
1.916939E+04	1.437005E-17	9.651762E-19
1.920939E+04	1.420956E-17	9.432214E-19
1.924939E+04	1.405525E-17	9.223882E-19
1.928939E+04	1.390906E-17	9.028731E-19
1.932939E+04	1.377255E-17	8.848076E-19
1.936939E+04	1.364697E-17	8.682645E-19
1.940939E+04	1.353324E-17	8.532663E-19
1.944939E+04	1.343200E-17	8.397969E-19
1.948939E+04	1.334365E-17	8.278140E-19
1.952939E+04	1.326838E-17	8.172607E-19
1.956939E+04	1.320621E-17	8.080751E-19
1.960939E+04	1.315702E-17	8.001980E-19
1.964939E+04	1.312059E-17	7.935755E-19
1.968939E+04	1.309655E-17	7.881588E-19
1.972939E+04	1.308441E-17	7.838996E-19
1.976939E+04	1.308361E-17	7.807447E-19
1.980939E+04	1.309344E-17	7.786285E-19
1.984939E+04	1.311312E-17	7.774675E-19
1.988939E+04	1.314176E-17	7.771564E-19
1.992939E+04	1.317842E-17	7.775684E-19
1.996939E+04	1.322208E-17	7.785606E-19
2.000939E+04	1.327172E-17	7.799834E-19
2.004939E+04	1.332626E-17	7.816926E-19
2.008939E+04	1.338465E-17	7.835618E-19
2.012939E+04	1.344585E-17	7.854922E-19
2.016939E+04	1.350884E-17	7.874163E-19
2.020939E+04	1.357263E-17	7.892968E-19
2.024939E+04	1.363629E-17	7.911201E-19
2.028939E+04	1.369889E-17	7.928865E-19
2.032939E+04	1.375960E-17	7.945990E-19
2.036939E+04	1.381763E-17	7.962540E-19
2.040939E+04	1.387224E-17	7.978335E-19
2.044939E+04	1.392278E-17	7.993026E-19
2.048939E+04	1.396866E-17	8.006099E-19
2.052939E+04	1.400934E-17	8.016924E-19
2.056939E+04	1.404434E-17	8.024819E-19
2.060939E+04	1.407323E-17	8.029128E-19
2.064939E+04	1.409563E-17	8.029280E-19
2.068939E+04	1.411119E-17	8.024834E-19
2.072939E+04	1.411959E-17	8.015490E-19
2.076939E+04	1.412057E-17	8.001089E-19
2.080939E+04	1.411388E-17	7.981594E-19
2.084939E+04	1.409933E-17	7.957062E-19
2.088939E+04	1.407676E-17	7.927626E-19
2.092939E+04	1.404606E-17	7.893474E-19
2.096939E+04	1.400719E-17	7.854824E-19
2.100939E+04	1.396014E-17	7.811925E-19
2.104939E+04	1.390496E-17	7.765055E-19
2.108939E+04	1.384178E-17	7.714532E-19
2.112939E+04	1.377078E-17	7.660730E-19
2.116939E+04	1.369224E-17	7.604094E-19
2.120939E+04	1.360651E-17	7.545140E-19
2.124939E+04	1.351401E-17	7.484460E-19
2.128939E+04	1.341525E-17	7.422708E-19
2.132939E+04	1.331081E-17	7.360590E-19
2.136939E+04	1.320132E-17	7.298825E-19
2.140939E+04	1.308745E-17	7.238110E-19
2.144939E+04	1.296988E-17	7.179061E-19
2.148939E+04	1.284924E-17	7.122135E-19
2.152939E+04	1.272602E-17	7.067522E-19
2.156939E+04	1.260053E-17	7.015094E-19
2.160939E+04	1.247296E-17	6.964545E-19
2.164939E+04	1.234346E-17	6.915496E-19
2.168939E+04	1.221214E-17	6.867562E-19
2.172939E+04	1.207912E-17	6.820394E-19
2.176939E+04	1.194456E-17	6.773713E-19
2.180939E+04	1.180859E-17	6.727321E-19
2.184939E+04	1.167142E-17	6.681100E-19
2.188939E+04	1.153328E-17	6.635009E-19
2.192939E+04	1.139442E-17	6.589070E-19
2.196939E+04	1.125511E-17	6.543347E-19
2.200939E+04	1.111564E-17	6.497941E-19
2.204939E+04	1.097629E-17	6.452969E-19
2.208939E+04	1.083735E-17	6.408555E-19
2.212939E+04	1.069909E-17	6.364822E-19
2.216939E+04	1.056178E-17	6.321875E-19
2.220939E+04	1.042568E-17	6.279801E-19
2.224939E+04	1.029107E-17	6.238655E-19
2.228939E+04	1.015824E-17	6.198463E-19
2.232939E+04	1.002746E-17	6.159222E-19
2.236939E+04	9.899033E-18	6.120909E-19
2.240939E+04	9.773271E-18	6.083486E-19
2.244939E+04	9.650469E-18	6.046909E-19
2.248939E+04	9.530918E-18	6.011132E-19
2.252939E+04	9.414896E-18	5.976118E-19
2.256939E+04	9.302661E-18	5.941843E-19
2.260939E+04	9.194443E-18	5.908304E-19
2.264939E+04	9.090444E-18	5.875528E-19
2.268939E+04	8.990826E-18	5.843580E-19
2.272939E+04	8.895712E-18	5.812568E-19
2.276939E+04	8.805185E-18	5.782648E-19
2.280939E+04	8.719292E-18	5.754014E-19
2.284939E+04	8.638049E-18	5.726896E-19
2.288939E+04	8.561450E-18	5.701539E-19
2.292939E+04	8.489472E-18	5.678195E-19
2.296939E+04	8.422083E-18	5.657114E-19
2.300939E+04	8.359254E-18	5.638532E-19
2.304939E+04	8.300959E-18	5.622672E-19
2.308939E+04	8.247186E-18	5.609735E-19
2.312939E+04	8.197939E-18	5.599902E-19
2.316939E+04	8.153237E-18	5.593334E-19
2.320939E+04	8.113117E-18	5.590174E-19
2.324939E+04	8.077634E-18	5.590546E-19
2.328939E+04	8.046852E-18	5.594562E-19
2.332939E+04	8.020851E-18	5.602322E-19
2.336939E+04	7.999717E-18	5.613924E-19
2.340939E+04	7.983538E-18	5.629472E-19
2.344939E+04	7.972408E-18	5.649089E-19
2.348939E+04	7.966416E-18	5.672936E-19
2.352939E+04	7.965647E-18	5.701226E-19
2.356939E+04	7.970181E-18	5.734251E-19
2.360939E+04	7.980086E-18	5.772402E-19
2.364939E+04	7.995417E-18	5.816198E-19
2.368939E+04	8.016215E-18	5.866316E-19
2.372939E+04	8.042502E-18	5.923622E-19
2.376939E+04	8.074281E-18	5.989210E-19
2.380939E+04	8.111533E-18	6.064430E-19
2.384939E+04	8.154214E-18	6.150921E-19
2.388939E+04	8.202258E-18	6.250632E-19
2.392939E+04	8.255575E-18	6.365832E-19
2.396939E+04	8.314054E-18	6.499104E-19
2.400939E+04	8.377566E-18	6.653319E-19
2.404939E+04	8.445964E-18	6.831601E-19
2.408939E+04	8.519091E-18	7.037265E-19
2.412939E+04	8.596785E-18	7.273739E-19
2.416939E+04	8.678880E-18	7.544471E-19
2.420939E+04	8.765214E-18	7.852816E-19
2.424939E+04	8.855630E-18	8.201921E-19
2.428939E+04	8.949975E-18	8.594610E-19
2.432939E+04	9.048100E-18	9.033290E-19
2.436939E+04	9.149861E-18	9.519880E-19
2.440939E+04	9.255113E-18	1.005578E-18
2.444939E+04	9.363718E-18	1.064188E-18
2.448939E+04	9.475539E-18	1.127859E-18
