#wls	flux	fluxerr
3.289393E+03	1.127608E-17	2.148421E-18
3.329393E+03	1.085795E-17	2.000629E-18
3.369393E+03	1.046704E-17	1.865913E-18
3.409393E+03	1.010187E-17	1.743317E-18
3.449393E+03	9.761140E-18	1.631948E-18
3.489393E+03	9.443683E-18	1.530966E-18
3.529393E+03	9.148446E-18	1.439582E-18
3.569393E+03	8.874474E-18	1.357051E-18
3.609393E+03	8.620889E-18	1.282667E-18
3.649393E+03	8.386869E-18	1.215763E-18
3.689393E+03	8.171639E-18	1.155708E-18
3.729393E+03	7.974457E-18	1.101904E-18
3.769393E+03	7.794610E-18	1.053792E-18
3.809393E+03	7.631420E-18	1.010848E-18
3.849393E+03	7.484236E-18	9.725841E-19
3.889393E+03	7.352439E-18	9.385512E-19
3.929393E+03	7.235443E-18	9.083358E-19
3.969393E+03	7.132692E-18	8.815604E-19
4.009393E+03	7.043657E-18	8.578821E-19
4.049393E+03	6.967838E-18	8.369905E-19
4.089393E+03	6.904763E-18	8.186066E-19
4.129393E+03	6.853989E-18	8.024803E-19
4.169393E+03	6.815102E-18	7.883891E-19
4.209393E+03	6.787721E-18	7.761364E-19
4.249393E+03	6.771496E-18	7.655493E-19
4.289393E+03	6.766105E-18	7.564774E-19
4.329393E+03	6.771258E-18	7.487905E-19
4.369393E+03	6.786693E-18	7.423778E-19
4.409393E+03	6.812172E-18	7.371462E-19
4.449393E+03	6.847487E-18	7.330191E-19
4.489393E+03	6.892454E-18	7.299352E-19
4.529393E+03	6.946915E-18	7.278475E-19
4.569393E+03	7.010738E-18	7.267216E-19
4.609393E+03	7.083808E-18	7.265341E-19
4.649393E+03	7.166023E-18	7.272701E-19
4.689393E+03	7.257278E-18	7.289206E-19
4.729393E+03	7.357452E-18	7.314780E-19
4.769393E+03	7.466387E-18	7.349316E-19
4.809393E+03	7.583865E-18	7.392625E-19
4.849393E+03	7.709588E-18	7.444383E-19
4.889393E+03	7.843162E-18	7.504091E-19
4.929393E+03	7.984081E-18	7.571058E-19
4.969393E+03	8.131729E-18	7.644393E-19
5.009393E+03	8.285380E-18	7.723026E-19
5.049393E+03	8.444207E-18	7.805731E-19
5.089393E+03	8.607298E-18	7.891159E-19
5.129393E+03	8.773664E-18	7.977866E-19
5.169393E+03	8.942263E-18	8.064339E-19
5.209393E+03	9.112014E-18	8.149017E-19
5.249393E+03	9.281814E-18	8.230302E-19
5.289393E+03	9.450552E-18	8.306564E-19
5.329393E+03	9.617128E-18	8.376146E-19
5.369393E+03	9.780461E-18	8.437365E-19
5.409393E+03	9.939509E-18	8.488513E-19
5.449393E+03	1.009328E-17	8.527875E-19
5.489393E+03	1.024085E-17	8.553742E-19
5.529393E+03	1.038136E-17	8.564442E-19
5.569393E+03	1.051406E-17	8.558376E-19
5.609393E+03	1.063826E-17	8.534060E-19
5.649393E+03	1.075338E-17	8.490160E-19
5.689393E+03	1.085894E-17	8.425536E-19
5.729393E+03	1.095453E-17	8.339266E-19
5.769393E+03	1.103981E-17	8.230676E-19
5.809393E+03	1.111455E-17	8.099360E-19
5.849393E+03	1.117854E-17	7.945206E-19
5.889393E+03	1.123169E-17	7.768430E-19
5.929393E+03	1.127393E-17	7.569624E-19
5.969393E+03	1.130526E-17	7.349819E-19
6.009393E+03	1.132576E-17	7.110566E-19
6.049393E+03	1.133553E-17	6.854043E-19
6.089393E+03	1.133477E-17	6.583167E-19
6.129393E+03	1.132370E-17	6.301730E-19
6.169393E+03	1.130267E-17	6.014515E-19
6.209393E+03	1.127209E-17	5.727379E-19
6.249393E+03	1.123252E-17	5.447232E-19
6.289393E+03	1.118467E-17	5.181834E-19
6.329393E+03	1.112945E-17	4.939305E-19
6.369393E+03	1.106799E-17	4.727277E-19
6.409393E+03	1.100167E-17	4.551706E-19
6.449393E+03	1.093212E-17	4.415568E-19
6.489393E+03	1.086119E-17	4.317751E-19
6.529393E+03	1.079089E-17	4.253222E-19
6.569393E+03	1.072344E-17	4.214589E-19
6.609393E+03	1.066119E-17	4.193759E-19
6.649393E+03	1.060655E-17	4.183306E-19
6.689393E+03	1.056192E-17	4.177304E-19
6.729393E+03	1.052961E-17	4.171646E-19
6.769393E+03	1.051170E-17	4.163990E-19
6.809393E+03	1.051000E-17	4.153497E-19
6.849393E+03	1.052600E-17	4.140491E-19
6.889393E+03	1.056077E-17	4.126125E-19
6.929393E+03	1.061496E-17	4.112069E-19
6.969393E+03	1.068880E-17	4.100242E-19
7.009393E+03	1.078212E-17	4.092544E-19
7.049393E+03	1.089439E-17	4.090602E-19
7.089393E+03	1.102474E-17	4.095535E-19
7.129393E+03	1.117202E-17	4.107756E-19
7.169393E+03	1.133485E-17	4.126854E-19
7.209393E+03	1.151166E-17	4.151579E-19
7.249393E+03	1.170071E-17	4.179920E-19
7.289393E+03	1.190017E-17	4.209243E-19
7.329393E+03	1.210811E-17	4.236465E-19
7.369393E+03	1.232261E-17	4.258225E-19
7.409393E+03	1.254178E-17	4.271074E-19
7.449393E+03	1.276386E-17	4.271703E-19
7.489393E+03	1.298726E-17	4.257277E-19
7.529393E+03	1.321059E-17	4.225884E-19
7.569393E+03	1.343270E-17	4.177117E-19
7.609393E+03	1.365261E-17	4.112718E-19
7.649393E+03	1.386948E-17	4.037165E-19
7.689393E+03	1.408251E-17	3.958004E-19
7.729393E+03	1.429087E-17	3.885603E-19
7.769393E+03	1.449354E-17	3.831977E-19
7.809393E+03	1.468926E-17	3.808487E-19
7.849393E+03	1.487634E-17	3.822722E-19
7.889393E+03	1.505257E-17	3.875555E-19
7.929393E+03	1.521533E-17	3.961057E-19
7.969393E+03	1.536183E-17	4.069153E-19
8.009393E+03	1.548949E-17	4.188590E-19
8.049393E+03	1.559623E-17	4.309225E-19
8.089393E+03	1.568070E-17	4.423203E-19
8.129393E+03	1.574248E-17	4.525209E-19
8.169393E+03	1.578214E-17	4.612162E-19
8.209393E+03	1.580117E-17	4.682728E-19
8.249393E+03	1.580192E-17	4.736867E-19
8.289393E+03	1.578733E-17	4.775488E-19
8.329393E+03	1.576075E-17	4.800213E-19
8.369393E+03	1.572567E-17	4.813163E-19
8.409393E+03	1.568551E-17	4.816709E-19
8.449393E+03	1.564336E-17	4.813164E-19
8.489393E+03	1.560185E-17	4.804415E-19
8.529393E+03	1.556306E-17	4.791584E-19
8.569393E+03	1.552846E-17	4.774801E-19
8.609393E+03	1.549893E-17	4.753162E-19
8.649393E+03	1.547480E-17	4.724884E-19
8.689393E+03	1.545592E-17	4.687632E-19
8.729393E+03	1.544183E-17	4.638907E-19
8.769393E+03	1.543181E-17	4.576423E-19
8.809393E+03	1.542507E-17	4.498440E-19
8.849393E+03	1.542085E-17	4.404058E-19
8.889393E+03	1.541853E-17	4.293545E-19
8.929393E+03	1.541768E-17	4.168774E-19
8.969393E+03	1.541817E-17	4.033823E-19
9.009393E+03	1.542017E-17	3.895671E-19
9.049393E+03	1.542417E-17	3.764744E-19
9.089393E+03	1.543105E-17	3.654806E-19
9.129393E+03	1.544200E-17	3.581417E-19
9.169393E+03	1.545856E-17	3.558381E-19
9.209393E+03	1.548244E-17	3.592508E-19
9.249393E+03	1.551541E-17	3.678878E-19
9.289393E+03	1.555913E-17	3.803276E-19
9.329393E+03	1.561510E-17	3.948027E-19
9.369393E+03	1.568444E-17	4.096313E-19
9.409393E+03	1.576781E-17	4.234393E-19
9.449393E+03	1.586528E-17	4.352109E-19
9.489393E+03	1.597632E-17	4.442474E-19
9.529393E+03	1.609980E-17	4.500984E-19
9.569393E+03	1.623404E-17	4.525080E-19
9.609393E+03	1.637685E-17	4.513996E-19
9.649393E+03	1.652566E-17	4.469135E-19
9.689393E+03	1.667758E-17	4.395021E-19
9.729393E+03	1.682952E-17	4.300740E-19
9.769393E+03	1.697834E-17	4.201501E-19
9.809393E+03	1.712097E-17	4.119476E-19
9.849393E+03	1.725463E-17	4.082334E-19
9.889393E+03	1.737692E-17	4.117717E-19
9.929393E+03	1.748599E-17	4.243434E-19
9.969393E+03	1.758061E-17	4.457531E-19
1.000939E+04	1.766021E-17	4.740727E-19
1.004939E+04	1.772492E-17	5.065971E-19
1.008939E+04	1.777556E-17	5.406184E-19
1.012939E+04	1.781353E-17	5.738603E-19
1.016939E+04	1.784076E-17	6.046338E-19
1.020939E+04	1.785959E-17	6.318389E-19
1.024939E+04	1.787268E-17	6.548989E-19
1.028939E+04	1.788284E-17	6.736709E-19
1.032939E+04	1.789292E-17	6.883493E-19
1.036939E+04	1.790561E-17	6.993670E-19
1.040939E+04	1.792334E-17	7.073006E-19
1.044939E+04	1.794804E-17	7.127841E-19
1.048939E+04	1.798106E-17	7.164379E-19
1.052939E+04	1.802305E-17	7.188203E-19
1.056939E+04	1.807393E-17	7.204042E-19
1.060939E+04	1.813290E-17	7.215782E-19
1.064939E+04	1.819852E-17	7.226628E-19
1.068939E+04	1.826887E-17	7.239347E-19
1.072939E+04	1.834169E-17	7.256480E-19
1.076939E+04	1.841459E-17	7.280446E-19
1.080939E+04	1.848525E-17	7.313509E-19
1.084939E+04	1.855151E-17	7.357592E-19
1.088939E+04	1.861155E-17	7.414005E-19
1.092939E+04	1.866388E-17	7.483147E-19
1.096939E+04	1.870740E-17	7.564253E-19
1.100939E+04	1.874137E-17	7.655270E-19
1.104939E+04	1.876540E-17	7.752885E-19
1.108939E+04	1.877944E-17	7.852744E-19
1.112939E+04	1.878374E-17	7.949834E-19
1.116939E+04	1.877883E-17	8.038964E-19
1.120939E+04	1.876553E-17	8.115279E-19
1.124939E+04	1.874483E-17	8.174725E-19
1.128939E+04	1.871792E-17	8.214395E-19
1.132939E+04	1.868612E-17	8.232745E-19
1.136939E+04	1.865083E-17	8.229649E-19
1.140939E+04	1.861351E-17	8.206331E-19
1.144939E+04	1.857562E-17	8.165194E-19
1.148939E+04	1.853864E-17	8.109572E-19
1.152939E+04	1.850401E-17	8.043411E-19
1.156939E+04	1.847320E-17	7.970891E-19
1.160939E+04	1.844769E-17	7.895998E-19
1.164939E+04	1.842900E-17	7.822081E-19
1.168939E+04	1.841872E-17	7.751445E-19
1.172939E+04	1.841848E-17	7.685055E-19
1.176939E+04	1.842990E-17	7.622358E-19
1.180939E+04	1.845450E-17	7.561252E-19
1.184939E+04	1.849363E-17	7.498178E-19
1.188939E+04	1.854830E-17	7.428288E-19
1.192939E+04	1.861908E-17	7.345664E-19
1.196939E+04	1.870596E-17	7.243543E-19
1.200939E+04	1.880819E-17	7.114557E-19
1.204939E+04	1.892423E-17	6.950989E-19
1.208939E+04	1.905158E-17	6.745114E-19
1.212939E+04	1.918674E-17	6.489716E-19
1.216939E+04	1.932514E-17	6.178906E-19
1.220939E+04	1.946119E-17	5.809442E-19
1.224939E+04	1.958830E-17	5.382831E-19
1.228939E+04	1.969906E-17	4.908711E-19
1.232939E+04	1.978555E-17	4.410209E-19
1.236939E+04	1.983972E-17	3.931852E-19
1.240939E+04	1.985403E-17	3.547427E-19
1.244939E+04	1.982232E-17	3.353115E-19
1.248939E+04	1.974092E-17	3.417912E-19
1.252939E+04	1.960994E-17	3.714013E-19
1.256939E+04	1.943279E-17	4.146773E-19
1.260939E+04	1.921505E-17	4.625938E-19
1.264939E+04	1.896356E-17	5.090833E-19
1.268939E+04	1.868584E-17	5.507092E-19
1.272939E+04	1.838961E-17	5.858346E-19
1.276939E+04	1.808249E-17	6.139859E-19
1.280939E+04	1.777177E-17	6.354330E-19
1.284939E+04	1.746429E-17	6.509111E-19
1.288939E+04	1.716633E-17	6.614263E-19
1.292939E+04	1.688352E-17	6.681145E-19
1.296939E+04	1.662081E-17	6.721377E-19
1.300939E+04	1.638242E-17	6.746100E-19
1.304939E+04	1.617178E-17	6.765462E-19
1.308939E+04	1.599153E-17	6.788313E-19
1.312939E+04	1.584351E-17	6.822044E-19
1.316939E+04	1.572875E-17	6.872538E-19
1.320939E+04	1.564757E-17	6.944191E-19
1.324939E+04	1.559954E-17	7.039944E-19
1.328939E+04	1.558357E-17	7.161303E-19
1.332939E+04	1.559795E-17	7.308341E-19
1.336939E+04	1.564041E-17	7.479726E-19
1.340939E+04	1.570817E-17	7.672783E-19
1.344939E+04	1.579797E-17	7.883640E-19
1.348939E+04	1.590622E-17	8.107459E-19
1.352939E+04	1.602901E-17	8.338719E-19
1.356939E+04	1.616224E-17	8.571545E-19
1.360939E+04	1.630176E-17	8.800006E-19
1.364939E+04	1.644341E-17	9.018392E-19
1.368939E+04	1.658323E-17	9.221422E-19
1.372939E+04	1.671753E-17	9.404410E-19
1.376939E+04	1.684294E-17	9.563367E-19
1.380939E+04	1.695659E-17	9.695087E-19
1.384939E+04	1.705606E-17	9.797181E-19
1.388939E+04	1.713946E-17	9.868110E-19
1.392939E+04	1.720545E-17	9.907182E-19
1.396939E+04	1.725321E-17	9.914530E-19
1.400939E+04	1.728244E-17	9.891063E-19
1.404939E+04	1.729329E-17	9.838402E-19
1.408939E+04	1.728632E-17	9.758805E-19
1.412939E+04	1.726244E-17	9.655075E-19
1.416939E+04	1.722286E-17	9.530480E-19
1.420939E+04	1.716897E-17	9.388668E-19
1.424939E+04	1.710238E-17	9.233582E-19
1.428939E+04	1.702480E-17	9.069377E-19
1.432939E+04	1.693810E-17	8.900314E-19
1.436939E+04	1.684421E-17	8.730624E-19
1.440939E+04	1.674513E-17	8.564337E-19
1.444939E+04	1.664292E-17	8.405071E-19
1.448939E+04	1.653960E-17	8.255804E-19
1.452939E+04	1.643721E-17	8.118685E-19
1.456939E+04	1.633766E-17	7.994908E-19
1.460939E+04	1.624281E-17	7.884698E-19
1.464939E+04	1.615436E-17	7.787406E-19
1.468939E+04	1.607384E-17	7.701727E-19
1.472939E+04	1.600264E-17	7.625975E-19
1.476939E+04	1.594191E-17	7.558378E-19
1.480939E+04	1.589260E-17	7.497334E-19
1.484939E+04	1.585543E-17	7.441577E-19
1.488939E+04	1.583092E-17	7.390268E-19
1.492939E+04	1.581933E-17	7.342986E-19
1.496939E+04	1.582075E-17	7.299685E-19
1.500939E+04	1.583506E-17	7.260610E-19
1.504939E+04	1.586199E-17	7.226231E-19
1.508939E+04	1.590108E-17	7.197176E-19
1.512939E+04	1.595178E-17	7.174179E-19
1.516939E+04	1.601337E-17	7.158005E-19
1.520939E+04	1.608501E-17	7.149362E-19
1.524939E+04	1.616570E-17	7.148787E-19
1.528939E+04	1.625429E-17	7.156521E-19
1.532939E+04	1.634949E-17	7.172401E-19
1.536939E+04	1.644987E-17	7.195776E-19
1.540939E+04	1.655383E-17	7.225468E-19
1.544939E+04	1.665969E-17	7.259775E-19
1.548939E+04	1.676565E-17	7.296516E-19
1.552939E+04	1.686979E-17	7.333109E-19
1.556939E+04	1.697014E-17	7.366658E-19
1.560939E+04	1.706465E-17	7.394052E-19
1.564939E+04	1.715126E-17	7.412073E-19
1.568939E+04	1.722789E-17	7.417532E-19
1.572939E+04	1.729253E-17	7.407440E-19
1.576939E+04	1.734328E-17	7.379217E-19
1.580939E+04	1.737841E-17	7.330935E-19
1.584939E+04	1.739642E-17	7.261557E-19
1.588939E+04	1.739611E-17	7.171161E-19
1.592939E+04	1.737654E-17	7.061130E-19
1.596939E+04	1.733713E-17	6.934285E-19
1.600939E+04	1.727762E-17	6.794971E-19
1.604939E+04	1.719807E-17	6.649043E-19
1.608939E+04	1.709884E-17	6.503712E-19
1.612939E+04	1.698059E-17	6.367165E-19
1.616939E+04	1.684420E-17	6.247855E-19
1.620939E+04	1.669082E-17	6.153409E-19
1.624939E+04	1.652184E-17	6.089089E-19
1.628939E+04	1.633901E-17	6.055558E-19
1.632939E+04	1.614448E-17	6.047994E-19
1.636939E+04	1.594056E-17	6.058880E-19
1.640939E+04	1.572954E-17	6.080159E-19
1.644939E+04	1.551363E-17	6.104532E-19
1.648939E+04	1.529492E-17	6.126140E-19
1.652939E+04	1.507527E-17	6.140776E-19
1.656939E+04	1.485636E-17	6.145811E-19
1.660939E+04	1.463966E-17	6.139978E-19
1.664939E+04	1.442642E-17	6.123118E-19
1.668939E+04	1.421769E-17	6.095935E-19
1.672939E+04	1.401434E-17	6.059776E-19
1.676939E+04	1.381709E-17	6.016424E-19
1.680939E+04	1.362651E-17	5.967911E-19
1.684939E+04	1.344305E-17	5.916326E-19
1.688939E+04	1.326704E-17	5.863650E-19
1.692939E+04	1.309872E-17	5.811629E-19
1.696939E+04	1.293826E-17	5.761690E-19
1.700939E+04	1.278575E-17	5.714904E-19
1.704939E+04	1.264130E-17	5.671994E-19
1.708939E+04	1.250497E-17	5.633382E-19
1.712939E+04	1.237691E-17	5.599242E-19
1.716939E+04	1.225727E-17	5.569579E-19
1.720939E+04	1.214630E-17	5.544308E-19
1.724939E+04	1.204435E-17	5.523339E-19
1.728939E+04	1.195181E-17	5.506664E-19
1.732939E+04	1.186920E-17	5.494431E-19
1.736939E+04	1.179709E-17	5.486999E-19
1.740939E+04	1.173613E-17	5.484977E-19
1.744939E+04	1.168703E-17	5.489241E-19
1.748939E+04	1.165052E-17	5.500926E-19
1.752939E+04	1.162740E-17	5.521406E-19
1.756939E+04	1.161846E-17	5.552263E-19
1.760939E+04	1.162451E-17	5.595245E-19
1.764939E+04	1.164636E-17	5.652226E-19
1.768939E+04	1.168483E-17	5.725155E-19
1.772939E+04	1.174070E-17	5.816000E-19
1.776939E+04	1.181469E-17	5.926675E-19
1.780939E+04	1.190743E-17	6.058943E-19
1.784939E+04	1.201941E-17	6.214312E-19
1.788939E+04	1.215089E-17	6.393915E-19
1.792939E+04	1.230189E-17	6.598395E-19
1.796939E+04	1.247204E-17	6.827798E-19
1.800939E+04	1.266060E-17	7.081483E-19
1.804939E+04	1.286632E-17	7.358051E-19
1.808939E+04	1.308744E-17	7.655294E-19
1.812939E+04	1.332162E-17	7.970160E-19
1.816939E+04	1.356597E-17	8.298748E-19
1.820939E+04	1.381706E-17	8.636330E-19
1.824939E+04	1.407093E-17	8.977423E-19
1.828939E+04	1.432323E-17	9.315918E-19
1.832939E+04	1.456937E-17	9.645270E-19
1.836939E+04	1.480462E-17	9.958746E-19
1.840939E+04	1.502440E-17	1.024971E-18
1.844939E+04	1.522438E-17	1.051192E-18
1.848939E+04	1.540073E-17	1.073982E-18
1.852939E+04	1.555021E-17	1.092876E-18
1.856939E+04	1.567035E-17	1.107521E-18
1.860939E+04	1.575945E-17	1.117684E-18
1.864939E+04	1.581665E-17	1.123261E-18
1.868939E+04	1.584194E-17	1.124279E-18
1.872939E+04	1.583611E-17	1.120884E-18
1.876939E+04	1.580069E-17	1.113341E-18
1.880939E+04	1.573788E-17	1.102013E-18
1.884939E+04	1.565038E-17	1.087341E-18
1.888939E+04	1.554128E-17	1.069825E-18
1.892939E+04	1.541392E-17	1.049998E-18
1.896939E+04	1.527177E-17	1.028405E-18
1.900939E+04	1.511836E-17	1.005584E-18
1.904939E+04	1.495715E-17	9.820528E-19
1.908939E+04	1.479151E-17	9.582954E-19
1.912939E+04	1.462464E-17	9.347518E-19
1.916939E+04	1.445949E-17	9.118082E-19
1.920939E+04	1.429877E-17	8.897888E-19
1.924939E+04	1.414485E-17	8.689514E-19
1.928939E+04	1.399977E-17	8.494842E-19
1.932939E+04	1.386520E-17	8.315086E-19
1.936939E+04	1.374249E-17	8.150844E-19
1.940939E+04	1.363262E-17	8.002195E-19
1.944939E+04	1.353629E-17	7.868819E-19
1.948939E+04	1.345391E-17	7.750133E-19
1.952939E+04	1.338567E-17	7.645424E-19
1.956939E+04	1.333157E-17	7.553972E-19
1.960939E+04	1.329147E-17	7.475132E-19
1.964939E+04	1.326506E-17	7.408380E-19
1.968939E+04	1.325192E-17	7.353306E-19
1.972939E+04	1.325153E-17	7.309560E-19
1.976939E+04	1.326322E-17	7.276762E-19
1.980939E+04	1.328623E-17	7.254398E-19
1.984939E+04	1.331970E-17	7.241726E-19
1.988939E+04	1.336265E-17	7.237708E-19
1.992939E+04	1.341406E-17	7.241008E-19
1.996939E+04	1.347280E-17	7.250054E-19
2.000939E+04	1.353773E-17	7.263163E-19
2.004939E+04	1.360765E-17	7.278714E-19
2.008939E+04	1.368139E-17	7.295312E-19
2.012939E+04	1.375776E-17	7.311919E-19
2.016939E+04	1.383559E-17	7.327923E-19
2.020939E+04	1.391373E-17	7.343114E-19
2.024939E+04	1.399108E-17	7.357601E-19
2.028939E+04	1.406656E-17	7.371663E-19
2.032939E+04	1.413918E-17	7.385592E-19
2.036939E+04	1.420801E-17	7.399538E-19
2.040939E+04	1.427221E-17	7.413399E-19
2.044939E+04	1.433101E-17	7.426771E-19
2.048939E+04	1.438374E-17	7.438965E-19
2.052939E+04	1.442981E-17	7.449077E-19
2.056939E+04	1.446868E-17	7.456107E-19
2.060939E+04	1.449989E-17	7.459076E-19
2.064939E+04	1.452305E-17	7.457132E-19
2.068939E+04	1.453779E-17	7.449623E-19
2.072939E+04	1.454383E-17	7.436123E-19
2.076939E+04	1.454091E-17	7.416429E-19
2.080939E+04	1.452885E-17	7.390533E-19
2.084939E+04	1.450753E-17	7.358574E-19
2.088939E+04	1.447690E-17	7.320797E-19
2.092939E+04	1.443697E-17	7.277518E-19
2.096939E+04	1.438786E-17	7.229098E-19
2.100939E+04	1.432973E-17	7.175938E-19
2.104939E+04	1.426287E-17	7.118486E-19
2.108939E+04	1.418764E-17	7.057262E-19
2.112939E+04	1.410449E-17	6.992881E-19
2.116939E+04	1.401400E-17	6.926076E-19
2.120939E+04	1.391683E-17	6.857709E-19
2.124939E+04	1.381376E-17	6.788767E-19
2.128939E+04	1.370564E-17	6.720344E-19
2.132939E+04	1.359344E-17	6.653611E-19
2.136939E+04	1.347813E-17	6.589748E-19
2.140939E+04	1.336074E-17	6.529876E-19
2.144939E+04	1.324223E-17	6.474947E-19
2.148939E+04	1.312341E-17	6.425621E-19
2.152939E+04	1.300479E-17	6.382055E-19
2.156939E+04	1.288645E-17	6.343805E-19
2.160939E+04	1.276822E-17	6.310104E-19
2.164939E+04	1.264985E-17	6.280052E-19
2.168939E+04	1.253103E-17	6.252736E-19
2.172939E+04	1.241147E-17	6.227313E-19
2.176939E+04	1.229088E-17	6.203062E-19
2.180939E+04	1.216905E-17	6.179411E-19
2.184939E+04	1.204583E-17	6.155938E-19
2.188939E+04	1.192117E-17	6.132362E-19
2.192939E+04	1.179506E-17	6.108524E-19
2.196939E+04	1.166759E-17	6.084358E-19
2.200939E+04	1.153887E-17	6.059873E-19
2.204939E+04	1.140907E-17	6.035128E-19
2.208939E+04	1.127837E-17	6.010212E-19
2.212939E+04	1.114699E-17	5.985227E-19
2.216939E+04	1.101518E-17	5.960268E-19
2.220939E+04	1.088320E-17	5.935412E-19
2.224939E+04	1.075134E-17	5.910703E-19
2.228939E+04	1.061994E-17	5.886153E-19
2.232939E+04	1.048935E-17	5.861740E-19
2.236939E+04	1.035995E-17	5.837413E-19
2.240939E+04	1.023212E-17	5.813103E-19
2.244939E+04	1.010626E-17	5.788731E-19
2.248939E+04	9.982782E-18	5.764219E-19
2.252939E+04	9.862053E-18	5.739497E-19
2.256939E+04	9.744435E-18	5.714520E-19
2.260939E+04	9.630257E-18	5.689274E-19
2.264939E+04	9.519810E-18	5.663792E-19
2.268939E+04	9.413339E-18	5.638164E-19
2.272939E+04	9.311038E-18	5.612538E-19
2.276939E+04	9.213050E-18	5.587126E-19
2.280939E+04	9.119475E-18	5.562195E-19
2.284939E+04	9.030371E-18	5.538053E-19
2.288939E+04	8.945769E-18	5.515031E-19
2.292939E+04	8.865678E-18	5.493468E-19
2.296939E+04	8.790097E-18	5.473693E-19
2.300939E+04	8.719024E-18	5.456014E-19
2.304939E+04	8.652460E-18	5.440714E-19
2.308939E+04	8.590415E-18	5.428044E-19
2.312939E+04	8.532917E-18	5.418226E-19
2.316939E+04	8.480009E-18	5.411452E-19
2.320939E+04	8.431754E-18	5.407888E-19
2.324939E+04	8.388233E-18	5.407679E-19
2.328939E+04	8.349545E-18	5.410951E-19
2.332939E+04	8.315805E-18	5.417818E-19
2.336939E+04	8.287140E-18	5.428382E-19
2.340939E+04	8.263689E-18	5.442744E-19
2.344939E+04	8.245592E-18	5.461019E-19
2.348939E+04	8.232992E-18	5.483354E-19
2.352939E+04	8.226021E-18	5.509948E-19
2.356939E+04	8.224805E-18	5.541079E-19
2.360939E+04	8.229451E-18	5.577131E-19
2.364939E+04	8.240050E-18	5.618626E-19
2.368939E+04	8.256672E-18	5.666249E-19
2.372939E+04	8.279368E-18	5.720889E-19
2.376939E+04	8.308163E-18	5.783677E-19
2.380939E+04	8.343057E-18	5.856015E-19
2.384939E+04	8.384028E-18	5.939622E-19
2.388939E+04	8.431026E-18	6.036550E-19
2.392939E+04	8.483981E-18	6.149208E-19
2.396939E+04	8.542798E-18	6.280354E-19
2.400939E+04	8.607363E-18	6.433072E-19
2.404939E+04	8.677543E-18	6.610729E-19
2.408939E+04	8.753190E-18	6.816910E-19
2.412939E+04	8.834151E-18	7.055320E-19
2.416939E+04	8.920265E-18	7.329684E-19
2.420939E+04	9.011376E-18	7.643622E-19
2.424939E+04	9.107331E-18	8.000523E-19
2.428939E+04	9.207982E-18	8.403420E-19
2.432939E+04	9.313181E-18	8.854899E-19
2.436939E+04	9.422785E-18	9.357020E-19
2.440939E+04	9.536644E-18	9.911290E-19
2.444939E+04	9.654610E-18	1.051867E-18
2.448939E+04	9.776530E-18	1.117964E-18
