#wls	flux	fluxerr
3.289393E+03	1.196865E-17	1.917726E-18
3.329393E+03	1.151137E-17	1.769885E-18
3.369393E+03	1.108503E-17	1.636093E-18
3.409393E+03	1.068781E-17	1.515306E-18
3.449393E+03	1.031815E-17	1.406542E-18
3.489393E+03	9.974733E-18	1.308878E-18
3.529393E+03	9.656443E-18	1.221444E-18
3.569393E+03	9.362306E-18	1.143414E-18
3.609393E+03	9.091432E-18	1.074006E-18
3.649393E+03	8.842962E-18	1.012471E-18
3.689393E+03	8.616046E-18	9.580960E-19
3.729393E+03	8.409820E-18	9.101934E-19
3.769393E+03	8.223413E-18	8.681063E-19
3.809393E+03	8.055966E-18	8.312175E-19
3.849393E+03	7.906679E-18	7.989581E-19
3.889393E+03	7.774835E-18	7.708104E-19
3.929393E+03	7.659791E-18	7.463075E-19
3.969393E+03	7.560939E-18	7.250271E-19
4.009393E+03	7.477678E-18	7.065886E-19
4.049393E+03	7.409411E-18	6.906497E-19
4.089393E+03	7.355555E-18	6.769049E-19
4.129393E+03	7.315560E-18	6.650843E-19
4.169393E+03	7.288912E-18	6.549511E-19
4.209393E+03	7.275145E-18	6.463016E-19
4.249393E+03	7.273838E-18	6.389625E-19
4.289393E+03	7.284613E-18	6.327870E-19
4.329393E+03	7.307124E-18	6.276517E-19
4.369393E+03	7.341043E-18	6.234556E-19
4.409393E+03	7.386052E-18	6.201193E-19
4.449393E+03	7.441844E-18	6.175863E-19
4.489393E+03	7.508133E-18	6.158235E-19
4.529393E+03	7.584665E-18	6.148179E-19
4.569393E+03	7.671238E-18	6.145750E-19
4.609393E+03	7.767736E-18	6.151193E-19
4.649393E+03	7.874104E-18	6.164968E-19
4.689393E+03	7.990326E-18	6.187753E-19
4.729393E+03	8.116402E-18	6.220395E-19
4.769393E+03	8.252340E-18	6.263817E-19
4.809393E+03	8.398113E-18	6.318876E-19
4.849393E+03	8.553560E-18	6.386117E-19
4.889393E+03	8.718227E-18	6.465408E-19
4.929393E+03	8.891350E-18	6.555896E-19
4.969393E+03	9.071972E-18	6.656279E-19
5.009393E+03	9.259006E-18	6.764975E-19
5.049393E+03	9.451254E-18	6.880241E-19
5.089393E+03	9.647431E-18	7.000247E-19
5.129393E+03	9.846179E-18	7.123125E-19
5.169393E+03	1.004610E-17	7.247005E-19
5.209393E+03	1.024582E-17	7.370059E-19
5.249393E+03	1.044404E-17	7.490517E-19
5.289393E+03	1.063950E-17	7.606638E-19
5.329393E+03	1.083100E-17	7.716656E-19
5.369393E+03	1.101740E-17	7.818729E-19
5.409393E+03	1.119766E-17	7.910883E-19
5.449393E+03	1.137077E-17	7.991040E-19
5.489393E+03	1.153587E-17	8.057057E-19
5.529393E+03	1.169230E-17	8.106753E-19
5.569393E+03	1.183952E-17	8.137929E-19
5.609393E+03	1.197720E-17	8.148479E-19
5.649393E+03	1.210511E-17	8.136572E-19
5.689393E+03	1.222317E-17	8.100774E-19
5.729393E+03	1.233139E-17	8.039992E-19
5.769393E+03	1.242981E-17	7.953389E-19
5.809393E+03	1.251848E-17	7.840392E-19
5.849393E+03	1.259747E-17	7.700680E-19
5.889393E+03	1.266688E-17	7.534149E-19
5.929393E+03	1.272681E-17	7.340895E-19
5.969393E+03	1.277740E-17	7.121293E-19
6.009393E+03	1.281874E-17	6.876156E-19
6.049393E+03	1.285087E-17	6.606874E-19
6.089393E+03	1.287375E-17	6.315519E-19
6.129393E+03	1.288727E-17	6.005060E-19
6.169393E+03	1.289126E-17	5.679708E-19
6.209393E+03	1.288546E-17	5.345435E-19
6.249393E+03	1.286960E-17	5.010586E-19
6.289393E+03	1.284341E-17	4.686406E-19
6.329393E+03	1.280664E-17	4.387365E-19
6.369393E+03	1.275904E-17	4.130854E-19
6.409393E+03	1.270053E-17	3.935175E-19
6.449393E+03	1.263157E-17	3.813981E-19
6.489393E+03	1.255419E-17	3.765919E-19
6.529393E+03	1.247200E-17	3.773871E-19
6.569393E+03	1.238920E-17	3.816161E-19
6.609393E+03	1.231001E-17	3.873475E-19
6.649393E+03	1.223851E-17	3.931503E-19
6.689393E+03	1.217856E-17	3.981220E-19
6.729393E+03	1.213359E-17	4.017970E-19
6.769393E+03	1.210636E-17	4.040133E-19
6.809393E+03	1.209884E-17	4.047980E-19
6.849393E+03	1.211227E-17	4.042904E-19
6.889393E+03	1.214712E-17	4.027052E-19
6.929393E+03	1.220313E-17	4.003309E-19
6.969393E+03	1.227941E-17	3.975216E-19
7.009393E+03	1.237461E-17	3.946773E-19
7.049393E+03	1.248714E-17	3.922138E-19
7.089393E+03	1.261516E-17	3.904983E-19
7.129393E+03	1.275665E-17	3.897563E-19
7.169393E+03	1.290974E-17	3.900165E-19
7.209393E+03	1.307284E-17	3.911243E-19
7.249393E+03	1.324450E-17	3.927904E-19
7.289393E+03	1.342296E-17	3.946404E-19
7.329393E+03	1.360610E-17	3.962919E-19
7.369393E+03	1.379171E-17	3.974048E-19
7.409393E+03	1.397771E-17	3.976487E-19
7.449393E+03	1.416245E-17	3.966359E-19
7.489393E+03	1.434495E-17	3.939055E-19
7.529393E+03	1.452495E-17	3.889824E-19
7.569393E+03	1.470304E-17	3.814835E-19
7.609393E+03	1.488058E-17	3.712409E-19
7.649393E+03	1.505932E-17	3.584435E-19
7.689393E+03	1.524070E-17	3.437939E-19
7.729393E+03	1.542579E-17	3.286322E-19
7.769393E+03	1.561553E-17	3.149923E-19
7.809393E+03	1.581112E-17	3.054805E-19
7.849393E+03	1.601345E-17	3.024579E-19
7.889393E+03	1.622027E-17	3.062247E-19
7.929393E+03	1.642586E-17	3.150586E-19
7.969393E+03	1.662323E-17	3.268431E-19
8.009393E+03	1.680564E-17	3.398303E-19
8.049393E+03	1.696755E-17	3.528691E-19
8.089393E+03	1.710493E-17	3.653439E-19
8.129393E+03	1.721544E-17	3.769700E-19
8.169393E+03	1.729850E-17	3.875649E-19
8.209393E+03	1.735525E-17	3.969180E-19
8.249393E+03	1.738838E-17	4.047913E-19
8.289393E+03	1.740201E-17	4.109574E-19
8.329393E+03	1.740118E-17	4.153092E-19
8.369393E+03	1.739126E-17	4.179752E-19
8.409393E+03	1.737730E-17	4.192755E-19
8.449393E+03	1.736376E-17	4.196400E-19
8.489393E+03	1.735423E-17	4.195337E-19
8.529393E+03	1.735146E-17	4.193269E-19
8.569393E+03	1.735731E-17	4.191623E-19
8.609393E+03	1.737273E-17	4.188891E-19
8.649393E+03	1.739792E-17	4.181089E-19
8.689393E+03	1.743260E-17	4.163374E-19
8.729393E+03	1.747598E-17	4.131564E-19
8.769393E+03	1.752667E-17	4.082578E-19
8.809393E+03	1.758293E-17	4.014467E-19
8.849393E+03	1.764313E-17	3.926126E-19
8.889393E+03	1.770602E-17	3.816738E-19
8.929393E+03	1.777070E-17	3.686109E-19
8.969393E+03	1.783639E-17	3.535478E-19
9.009393E+03	1.790250E-17	3.368618E-19
9.049393E+03	1.796868E-17	3.194575E-19
9.089393E+03	1.803473E-17	3.032197E-19
9.129393E+03	1.810065E-17	2.913463E-19
9.169393E+03	1.816686E-17	2.879812E-19
9.209393E+03	1.823479E-17	2.959988E-19
9.249393E+03	1.830731E-17	3.136612E-19
9.289393E+03	1.838818E-17	3.363598E-19
9.329393E+03	1.848103E-17	3.598750E-19
9.369393E+03	1.858886E-17	3.813921E-19
9.409393E+03	1.871394E-17	3.994463E-19
9.449393E+03	1.885788E-17	4.135154E-19
9.489393E+03	1.902165E-17	4.235538E-19
9.529393E+03	1.920530E-17	4.296857E-19
9.569393E+03	1.940766E-17	4.320042E-19
9.609393E+03	1.962657E-17	4.304005E-19
9.649393E+03	1.985911E-17	4.245343E-19
9.689393E+03	2.010152E-17	4.140706E-19
9.729393E+03	2.034899E-17	3.991647E-19
9.769393E+03	2.059571E-17	3.810803E-19
9.809393E+03	2.083520E-17	3.628733E-19
9.849393E+03	2.106078E-17	3.499703E-19
9.889393E+03	2.126623E-17	3.497724E-19
9.929393E+03	2.144659E-17	3.681497E-19
9.969393E+03	2.159964E-17	4.037317E-19
1.000939E+04	2.172587E-17	4.499160E-19
1.004939E+04	2.182763E-17	4.999569E-19
1.008939E+04	2.190823E-17	5.487559E-19
1.012939E+04	2.197136E-17	5.928893E-19
1.016939E+04	2.202092E-17	6.302547E-19
1.020939E+04	2.206105E-17	6.597751E-19
1.024939E+04	2.209611E-17	6.812026E-19
1.028939E+04	2.213065E-17	6.949745E-19
1.032939E+04	2.216923E-17	7.020813E-19
1.036939E+04	2.221635E-17	7.039286E-19
1.040939E+04	2.227625E-17	7.021635E-19
1.044939E+04	2.235268E-17	6.984797E-19
1.048939E+04	2.244822E-17	6.943272E-19
1.052939E+04	2.256353E-17	6.906155E-19
1.056939E+04	2.269740E-17	6.877862E-19
1.060939E+04	2.284725E-17	6.860776E-19
1.064939E+04	2.300936E-17	6.856246E-19
1.068939E+04	2.317885E-17	6.865049E-19
1.072939E+04	2.335013E-17	6.888872E-19
1.076939E+04	2.351747E-17	6.931699E-19
1.080939E+04	2.367589E-17	6.998863E-19
1.084939E+04	2.382171E-17	7.094775E-19
1.088939E+04	2.395242E-17	7.222051E-19
1.092939E+04	2.406642E-17	7.381228E-19
1.096939E+04	2.416253E-17	7.570269E-19
1.100939E+04	2.423974E-17	7.783855E-19
1.104939E+04	2.429728E-17	8.013245E-19
1.108939E+04	2.433486E-17	8.246910E-19
1.112939E+04	2.435264E-17	8.471988E-19
1.116939E+04	2.435144E-17	8.675646E-19
1.120939E+04	2.433269E-17	8.846179E-19
1.124939E+04	2.429812E-17	8.974212E-19
1.128939E+04	2.424959E-17	9.053394E-19
1.132939E+04	2.418900E-17	9.080625E-19
1.136939E+04	2.411830E-17	9.056054E-19
1.140939E+04	2.403926E-17	8.982848E-19
1.144939E+04	2.395345E-17	8.866685E-19
1.148939E+04	2.386217E-17	8.715336E-19
1.152939E+04	2.376643E-17	8.538599E-19
1.156939E+04	2.366694E-17	8.348037E-19
1.160939E+04	2.356437E-17	8.155986E-19
1.164939E+04	2.345973E-17	7.973498E-19
1.168939E+04	2.335469E-17	7.808333E-19
1.172939E+04	2.325158E-17	7.664377E-19
1.176939E+04	2.315303E-17	7.541995E-19
1.180939E+04	2.306181E-17	7.437988E-19
1.184939E+04	2.298070E-17	7.346068E-19
1.188939E+04	2.291227E-17	7.257937E-19
1.192939E+04	2.285847E-17	7.164451E-19
1.196939E+04	2.282025E-17	7.056237E-19
1.200939E+04	2.279759E-17	6.923706E-19
1.204939E+04	2.278956E-17	6.757333E-19
1.208939E+04	2.279413E-17	6.547543E-19
1.212939E+04	2.280814E-17	6.284547E-19
1.216939E+04	2.282719E-17	5.958547E-19
1.220939E+04	2.284588E-17	5.561230E-19
1.224939E+04	2.285826E-17	5.087927E-19
1.228939E+04	2.285834E-17	4.540353E-19
1.232939E+04	2.284072E-17	3.932854E-19
1.236939E+04	2.280100E-17	3.305776E-19
1.240939E+04	2.273640E-17	2.753058E-19
1.244939E+04	2.264614E-17	2.454104E-19
1.248939E+04	2.253044E-17	2.583889E-19
1.252939E+04	2.238776E-17	3.065154E-19
1.256939E+04	2.221641E-17	3.689408E-19
1.260939E+04	2.201672E-17	4.318982E-19
1.264939E+04	2.179096E-17	4.886871E-19
1.268939E+04	2.154288E-17	5.363491E-19
1.272939E+04	2.127735E-17	5.738839E-19
1.276939E+04	2.099991E-17	6.014590E-19
1.280939E+04	2.071647E-17	6.200246E-19
1.284939E+04	2.043302E-17	6.310747E-19
1.288939E+04	2.015566E-17	6.364150E-19
1.292939E+04	1.989051E-17	6.379234E-19
1.296939E+04	1.964350E-17	6.373920E-19
1.300939E+04	1.942029E-17	6.364257E-19
1.304939E+04	1.922584E-17	6.364256E-19
1.308939E+04	1.906394E-17	6.385216E-19
1.312939E+04	1.893721E-17	6.434632E-19
1.316939E+04	1.884725E-17	6.516882E-19
1.320939E+04	1.879467E-17	6.634687E-19
1.324939E+04	1.877917E-17	6.789882E-19
1.328939E+04	1.879965E-17	6.983409E-19
1.332939E+04	1.885435E-17	7.214901E-19
1.336939E+04	1.894085E-17	7.482390E-19
1.340939E+04	1.905608E-17	7.781822E-19
1.344939E+04	1.919636E-17	8.106736E-19
1.348939E+04	1.935760E-17	8.448727E-19
1.352939E+04	1.953539E-17	8.798698E-19
1.356939E+04	1.972499E-17	9.147915E-19
1.360939E+04	1.992138E-17	9.488456E-19
1.364939E+04	2.011936E-17	9.813274E-19
1.368939E+04	2.031382E-17	1.011631E-18
1.372939E+04	2.050009E-17	1.039246E-18
1.376939E+04	2.067419E-17	1.063732E-18
1.380939E+04	2.083274E-17	1.084698E-18
1.384939E+04	2.097287E-17	1.101815E-18
1.388939E+04	2.109229E-17	1.114834E-18
1.392939E+04	2.118935E-17	1.123607E-18
1.396939E+04	2.126305E-17	1.128091E-18
1.400939E+04	2.131310E-17	1.128356E-18
1.404939E+04	2.133990E-17	1.124561E-18
1.408939E+04	2.134430E-17	1.116948E-18
1.412939E+04	2.132745E-17	1.105844E-18
1.416939E+04	2.129071E-17	1.091645E-18
1.420939E+04	2.123556E-17	1.074824E-18
1.424939E+04	2.116356E-17	1.055906E-18
1.428939E+04	2.107639E-17	1.035439E-18
1.432939E+04	2.097594E-17	1.013983E-18
1.436939E+04	2.086430E-17	9.921401E-19
1.440939E+04	2.074363E-17	9.705466E-19
1.444939E+04	2.061617E-17	9.498217E-19
1.448939E+04	2.048428E-17	9.304833E-19
1.452939E+04	2.035044E-17	9.128891E-19
1.456939E+04	2.021717E-17	8.972362E-19
1.460939E+04	2.008691E-17	8.835494E-19
1.464939E+04	1.996211E-17	8.716231E-19
1.468939E+04	1.984529E-17	8.610566E-19
1.472939E+04	1.973890E-17	8.513875E-19
1.476939E+04	1.964523E-17	8.422179E-19
1.480939E+04	1.956619E-17	8.332818E-19
1.484939E+04	1.950324E-17	8.244702E-19
1.488939E+04	1.945741E-17	8.158137E-19
1.492939E+04	1.942921E-17	8.074366E-19
1.496939E+04	1.941860E-17	7.995196E-19
1.500939E+04	1.942518E-17	7.922415E-19
1.504939E+04	1.944830E-17	7.857427E-19
1.508939E+04	1.948721E-17	7.801378E-19
1.512939E+04	1.954105E-17	7.755498E-19
1.516939E+04	1.960880E-17	7.721184E-19
1.520939E+04	1.968919E-17	7.699739E-19
1.524939E+04	1.978072E-17	7.692028E-19
1.528939E+04	1.988168E-17	7.698318E-19
1.532939E+04	1.999018E-17	7.718178E-19
1.536939E+04	2.010415E-17	7.750326E-19
1.540939E+04	2.022132E-17	7.792603E-19
1.544939E+04	2.033926E-17	7.842171E-19
1.548939E+04	2.045553E-17	7.895685E-19
1.552939E+04	2.056768E-17	7.949423E-19
1.556939E+04	2.067333E-17	7.999628E-19
1.560939E+04	2.077005E-17	8.042693E-19
1.564939E+04	2.085538E-17	8.075044E-19
1.568939E+04	2.092689E-17	8.092946E-19
1.572939E+04	2.098223E-17	8.092455E-19
1.576939E+04	2.101914E-17	8.069779E-19
1.580939E+04	2.103563E-17	8.021939E-19
1.584939E+04	2.103009E-17	7.947370E-19
1.588939E+04	2.100119E-17	7.846208E-19
1.592939E+04	2.094791E-17	7.720211E-19
1.596939E+04	2.086955E-17	7.572799E-19
1.600939E+04	2.076585E-17	7.409192E-19
1.604939E+04	2.063710E-17	7.236413E-19
1.608939E+04	2.048407E-17	7.063220E-19
1.612939E+04	2.030804E-17	6.899800E-19
1.616939E+04	2.011066E-17	6.756889E-19
1.620939E+04	1.989383E-17	6.644327E-19
1.624939E+04	1.965960E-17	6.569030E-19
1.628939E+04	1.941030E-17	6.531954E-19
1.632939E+04	1.914861E-17	6.526875E-19
1.636939E+04	1.887740E-17	6.544145E-19
1.640939E+04	1.859954E-17	6.573763E-19
1.644939E+04	1.831773E-17	6.607028E-19
1.648939E+04	1.803451E-17	6.637166E-19
1.652939E+04	1.775218E-17	6.659461E-19
1.656939E+04	1.747278E-17	6.671004E-19
1.660939E+04	1.719800E-17	6.670331E-19
1.664939E+04	1.692924E-17	6.657121E-19
1.668939E+04	1.666764E-17	6.631969E-19
1.672939E+04	1.641406E-17	6.596254E-19
1.676939E+04	1.616906E-17	6.552040E-19
1.680939E+04	1.593302E-17	6.501776E-19
1.684939E+04	1.570618E-17	6.447919E-19
1.688939E+04	1.548868E-17	6.392673E-19
1.692939E+04	1.528061E-17	6.337867E-19
1.696939E+04	1.508201E-17	6.284933E-19
1.700939E+04	1.489292E-17	6.234914E-19
1.704939E+04	1.471338E-17	6.188511E-19
1.708939E+04	1.454344E-17	6.146161E-19
1.712939E+04	1.438316E-17	6.108113E-19
1.716939E+04	1.423270E-17	6.074464E-19
1.720939E+04	1.409236E-17	6.045206E-19
1.724939E+04	1.396254E-17	6.020302E-19
1.728939E+04	1.384373E-17	5.999779E-19
1.732939E+04	1.373655E-17	5.983798E-19
1.736939E+04	1.364169E-17	5.972702E-19
1.740939E+04	1.355992E-17	5.967089E-19
1.744939E+04	1.349205E-17	5.967919E-19
1.748939E+04	1.343897E-17	5.976535E-19
1.752939E+04	1.340157E-17	5.994593E-19
1.756939E+04	1.338078E-17	6.023983E-19
1.760939E+04	1.337757E-17	6.066719E-19
1.764939E+04	1.339293E-17	6.124862E-19
1.768939E+04	1.342788E-17	6.200526E-19
1.772939E+04	1.348348E-17	6.295949E-19
1.776939E+04	1.356080E-17	6.413430E-19
1.780939E+04	1.366078E-17	6.555178E-19
1.784939E+04	1.378417E-17	6.723168E-19
1.788939E+04	1.393151E-17	6.918982E-19
1.792939E+04	1.410299E-17	7.143636E-19
1.796939E+04	1.429839E-17	7.397388E-19
1.800939E+04	1.451691E-17	7.679619E-19
1.804939E+04	1.475718E-17	7.988896E-19
1.808939E+04	1.501720E-17	8.323133E-19
1.812939E+04	1.529447E-17	8.679555E-19
1.816939E+04	1.558588E-17	9.054532E-19
1.820939E+04	1.588757E-17	9.443348E-19
1.824939E+04	1.619495E-17	9.840194E-19
1.828939E+04	1.650286E-17	1.023836E-18
1.832939E+04	1.680573E-17	1.063025E-18
1.836939E+04	1.709771E-17	1.100771E-18
1.840939E+04	1.737306E-17	1.136266E-18
1.844939E+04	1.762666E-17	1.168751E-18
1.848939E+04	1.785405E-17	1.197567E-18
1.852939E+04	1.805151E-17	1.222187E-18
1.856939E+04	1.821610E-17	1.242226E-18
1.860939E+04	1.834575E-17	1.257429E-18
1.864939E+04	1.843926E-17	1.267665E-18
1.868939E+04	1.849627E-17	1.272901E-18
1.872939E+04	1.851723E-17	1.273205E-18
1.876939E+04	1.850353E-17	1.268774E-18
1.880939E+04	1.845743E-17	1.259959E-18
1.884939E+04	1.838191E-17	1.247241E-18
1.888939E+04	1.828031E-17	1.231177E-18
1.892939E+04	1.815606E-17	1.212333E-18
1.896939E+04	1.801262E-17	1.191245E-18
1.900939E+04	1.785341E-17	1.168414E-18
1.904939E+04	1.768189E-17	1.144314E-18
1.908939E+04	1.750160E-17	1.119413E-18
1.912939E+04	1.731606E-17	1.094154E-18
1.916939E+04	1.712857E-17	1.068933E-18
1.920939E+04	1.694211E-17	1.044098E-18
1.924939E+04	1.675944E-17	1.019961E-18
1.928939E+04	1.658315E-17	9.968085E-19
1.932939E+04	1.641568E-17	9.748766E-19
1.936939E+04	1.625918E-17	9.543421E-19
1.940939E+04	1.611538E-17	9.353246E-19
1.944939E+04	1.598556E-17	9.178930E-19
1.948939E+04	1.587059E-17	9.020676E-19
1.952939E+04	1.577092E-17	8.878226E-19
1.956939E+04	1.568674E-17	8.751103E-19
1.960939E+04	1.561811E-17	8.638916E-19
1.964939E+04	1.556490E-17	8.541446E-19
1.968939E+04	1.552681E-17	8.458639E-19
1.972939E+04	1.550330E-17	8.390587E-19
1.976939E+04	1.549369E-17	8.337392E-19
1.980939E+04	1.549718E-17	8.298924E-19
1.984939E+04	1.551285E-17	8.274589E-19
1.988939E+04	1.553968E-17	8.263159E-19
1.992939E+04	1.557653E-17	8.262708E-19
1.996939E+04	1.562216E-17	8.270672E-19
2.000939E+04	1.567530E-17	8.284093E-19
2.004939E+04	1.573471E-17	8.300091E-19
2.008939E+04	1.579915E-17	8.316369E-19
2.012939E+04	1.586731E-17	8.331449E-19
2.016939E+04	1.593785E-17	8.344652E-19
2.020939E+04	1.600930E-17	8.355884E-19
2.024939E+04	1.608015E-17	8.365447E-19
2.028939E+04	1.614889E-17	8.373888E-19
2.032939E+04	1.621407E-17	8.381710E-19
2.036939E+04	1.627439E-17	8.389089E-19
2.040939E+04	1.632872E-17	8.395731E-19
2.044939E+04	1.637611E-17	8.400829E-19
2.048939E+04	1.641575E-17	8.403120E-19
2.052939E+04	1.644698E-17	8.401054E-19
2.056939E+04	1.646929E-17	8.393110E-19
2.060939E+04	1.648221E-17	8.378080E-19
2.064939E+04	1.648535E-17	8.355175E-19
2.068939E+04	1.647836E-17	8.324066E-19
2.072939E+04	1.646103E-17	8.284897E-19
2.076939E+04	1.643316E-17	8.238230E-19
2.080939E+04	1.639464E-17	8.184886E-19
2.084939E+04	1.634547E-17	8.125746E-19
2.088939E+04	1.628580E-17	8.061632E-19
2.092939E+04	1.621592E-17	7.993252E-19
2.096939E+04	1.613620E-17	7.921168E-19
2.100939E+04	1.604706E-17	7.845801E-19
2.104939E+04	1.594903E-17	7.767501E-19
2.108939E+04	1.584276E-17	7.686647E-19
2.112939E+04	1.572896E-17	7.603737E-19
2.116939E+04	1.560844E-17	7.519434E-19
2.120939E+04	1.548206E-17	7.434571E-19
2.124939E+04	1.535081E-17	7.350140E-19
2.128939E+04	1.521576E-17	7.267274E-19
2.132939E+04	1.507808E-17	7.187210E-19
2.136939E+04	1.493899E-17	7.111239E-19
2.140939E+04	1.479971E-17	7.040620E-19
2.144939E+04	1.466142E-17	6.976459E-19
2.148939E+04	1.452505E-17	6.919519E-19
2.152939E+04	1.439111E-17	6.869887E-19
2.156939E+04	1.425946E-17	6.826849E-19
2.160939E+04	1.412967E-17	6.789299E-19
2.164939E+04	1.400115E-17	6.756007E-19
2.168939E+04	1.387318E-17	6.725750E-19
2.172939E+04	1.374503E-17	6.697408E-19
2.176939E+04	1.361601E-17	6.670007E-19
2.180939E+04	1.348556E-17	6.642752E-19
2.184939E+04	1.335324E-17	6.615051E-19
2.188939E+04	1.321880E-17	6.586517E-19
2.192939E+04	1.308213E-17	6.556941E-19
2.196939E+04	1.294320E-17	6.526248E-19
2.200939E+04	1.280204E-17	6.494474E-19
2.204939E+04	1.265872E-17	6.461725E-19
2.208939E+04	1.251336E-17	6.428146E-19
2.212939E+04	1.236615E-17	6.393894E-19
2.216939E+04	1.221739E-17	6.359120E-19
2.220939E+04	1.206746E-17	6.323942E-19
2.224939E+04	1.191678E-17	6.288438E-19
2.228939E+04	1.176583E-17	6.252679E-19
2.232939E+04	1.161515E-17	6.216747E-19
2.236939E+04	1.146532E-17	6.180741E-19
2.240939E+04	1.131692E-17	6.144749E-19
2.244939E+04	1.117056E-17	6.108817E-19
2.248939E+04	1.102679E-17	6.072940E-19
2.252939E+04	1.088610E-17	6.037096E-19
2.256939E+04	1.074896E-17	6.001277E-19
2.260939E+04	1.061578E-17	5.965516E-19
2.264939E+04	1.048697E-17	5.929906E-19
2.268939E+04	1.036283E-17	5.894600E-19
2.272939E+04	1.024358E-17	5.859787E-19
2.276939E+04	1.012935E-17	5.825715E-19
2.280939E+04	1.002014E-17	5.792752E-19
2.284939E+04	9.915945E-18	5.761359E-19
2.288939E+04	9.816723E-18	5.732004E-19
2.292939E+04	9.722439E-18	5.705086E-19
2.296939E+04	9.633063E-18	5.680927E-19
2.300939E+04	9.548576E-18	5.659789E-19
2.304939E+04	9.468958E-18	5.641885E-19
2.308939E+04	9.394157E-18	5.627393E-19
2.312939E+04	9.324113E-18	5.616433E-19
2.316939E+04	9.258828E-18	5.609058E-19
2.320939E+04	9.198357E-18	5.605299E-19
2.324939E+04	9.142751E-18	5.605233E-19
2.328939E+04	9.092059E-18	5.608991E-19
2.332939E+04	9.046374E-18	5.616713E-19
2.336939E+04	9.005858E-18	5.628521E-19
2.340939E+04	8.970726E-18	5.644494E-19
2.344939E+04	8.941224E-18	5.664675E-19
2.348939E+04	8.917609E-18	5.689118E-19
2.352939E+04	8.900116E-18	5.717947E-19
2.356939E+04	8.888941E-18	5.751408E-19
2.360939E+04	8.884225E-18	5.789902E-19
2.364939E+04	8.886073E-18	5.834006E-19
2.368939E+04	8.894588E-18	5.884483E-19
2.372939E+04	8.909876E-18	5.942293E-19
2.376939E+04	8.931990E-18	6.008617E-19
2.380939E+04	8.960920E-18	6.084913E-19
2.384939E+04	8.996627E-18	6.172972E-19
2.388939E+04	9.039080E-18	6.274967E-19
2.392939E+04	9.088245E-18	6.393495E-19
2.396939E+04	9.144074E-18	6.531592E-19
2.400939E+04	9.206480E-18	6.692699E-19
2.404939E+04	9.275333E-18	6.880562E-19
2.408939E+04	9.350466E-18	7.099116E-19
2.412939E+04	9.431682E-18	7.352379E-19
2.416939E+04	9.518775E-18	7.644355E-19
2.420939E+04	9.611564E-18	7.978915E-19
2.424939E+04	9.709910E-18	8.359689E-19
2.428939E+04	9.813698E-18	8.789944E-19
2.432939E+04	9.922811E-18	9.272468E-19
2.436939E+04	1.003712E-17	9.809455E-19
2.440939E+04	1.015646E-17	1.040244E-18
2.444939E+04	1.028063E-17	1.105228E-18
2.448939E+04	1.040941E-17	1.175915E-18
