#wls	flux	fluxerr
3.289393E+03	1.734424E-18	1.146512E-18
3.329393E+03	1.817712E-18	1.193640E-18
3.369393E+03	1.906385E-18	1.243563E-18
3.409393E+03	2.000104E-18	1.295990E-18
3.449393E+03	2.098124E-18	1.350373E-18
3.489393E+03	2.199188E-18	1.405853E-18
3.529393E+03	2.301217E-18	1.461067E-18
3.569393E+03	2.399749E-18	1.513186E-18
3.609393E+03	2.487470E-18	1.557674E-18
3.649393E+03	2.558237E-18	1.590849E-18
3.689393E+03	2.611451E-18	1.612559E-18
3.729393E+03	2.648515E-18	1.623889E-18
3.769393E+03	2.670991E-18	1.626000E-18
3.809393E+03	2.680496E-18	1.620055E-18
3.849393E+03	2.678628E-18	1.607181E-18
3.889393E+03	2.666926E-18	1.588441E-18
3.929393E+03	2.646849E-18	1.564825E-18
3.969393E+03	2.619684E-18	1.537197E-18
4.009393E+03	2.586636E-18	1.506351E-18
4.049393E+03	2.548674E-18	1.472923E-18
4.089393E+03	2.506671E-18	1.437479E-18
4.129393E+03	2.461384E-18	1.400503E-18
4.169393E+03	2.413503E-18	1.362429E-18
4.209393E+03	2.363710E-18	1.323673E-18
4.249393E+03	2.312641E-18	1.284617E-18
4.289393E+03	2.260927E-18	1.245626E-18
4.329393E+03	2.209091E-18	1.206996E-18
4.369393E+03	2.157742E-18	1.169061E-18
4.409393E+03	2.107623E-18	1.132215E-18
4.449393E+03	2.058952E-18	1.096561E-18
4.489393E+03	2.011756E-18	1.062093E-18
4.529393E+03	1.966025E-18	1.028790E-18
4.569393E+03	1.921795E-18	9.966526E-19
4.609393E+03	1.879008E-18	9.656322E-19
4.649393E+03	1.837558E-18	9.356574E-19
4.689393E+03	1.797341E-18	9.066609E-19
4.729393E+03	1.758629E-18	8.787633E-19
4.769393E+03	1.721788E-18	8.521275E-19
4.809393E+03	1.687293E-18	8.269625E-19
4.849393E+03	1.655393E-18	8.033593E-19
4.889393E+03	1.626172E-18	7.813231E-19
4.929393E+03	1.599538E-18	7.607741E-19
4.969393E+03	1.575404E-18	7.416377E-19
5.009393E+03	1.553578E-18	7.237898E-19
5.049393E+03	1.533904E-18	7.071278E-19
5.089393E+03	1.516177E-18	6.915298E-19
5.129393E+03	1.500231E-18	6.768948E-19
5.169393E+03	1.485865E-18	6.631090E-19
5.209393E+03	1.472927E-18	6.500850E-19
5.249393E+03	1.461270E-18	6.377407E-19
5.289393E+03	1.450784E-18	6.260115E-19
5.329393E+03	1.441404E-18	6.148552E-19
5.369393E+03	1.433083E-18	6.042381E-19
5.409393E+03	1.425763E-18	5.941232E-19
5.449393E+03	1.419334E-18	5.844527E-19
5.489393E+03	1.413588E-18	5.751315E-19
5.529393E+03	1.408232E-18	5.660344E-19
5.569393E+03	1.402958E-18	5.570358E-19
5.609393E+03	1.397537E-18	5.480478E-19
5.649393E+03	1.391781E-18	5.390016E-19
5.689393E+03	1.385607E-18	5.298735E-19
5.729393E+03	1.379030E-18	5.206780E-19
5.769393E+03	1.372133E-18	5.114550E-19
5.809393E+03	1.365015E-18	5.022473E-19
5.849393E+03	1.357830E-18	4.931173E-19
5.889393E+03	1.350719E-18	4.841199E-19
5.929393E+03	1.343828E-18	4.753079E-19
5.969393E+03	1.337288E-18	4.667274E-19
6.009393E+03	1.331202E-18	4.584126E-19
6.049393E+03	1.325645E-18	4.503859E-19
6.089393E+03	1.320660E-18	4.426582E-19
6.129393E+03	1.316239E-18	4.352231E-19
6.169393E+03	1.312641E-18	4.281619E-19
6.209393E+03	1.310510E-18	4.216756E-19
6.249393E+03	1.309834E-18	4.157456E-19
6.289393E+03	1.310686E-18	4.103819E-19
6.329393E+03	1.313788E-18	4.057939E-19
6.369393E+03	1.320406E-18	4.023455E-19
6.409393E+03	1.332182E-18	4.004940E-19
6.449393E+03	1.349532E-18	4.003088E-19
6.489393E+03	1.371294E-18	4.013942E-19
6.529393E+03	1.396652E-18	4.034747E-19
6.569393E+03	1.425347E-18	4.064485E-19
6.609393E+03	1.457424E-18	4.103054E-19
6.649393E+03	1.493138E-18	4.150954E-19
6.689393E+03	1.532691E-18	4.208519E-19
6.729393E+03	1.576429E-18	4.276474E-19
6.769393E+03	1.624647E-18	4.355384E-19
6.809393E+03	1.677632E-18	4.445776E-19
6.849393E+03	1.735749E-18	4.548373E-19
6.889393E+03	1.799257E-18	4.663609E-19
6.929393E+03	1.868522E-18	4.792182E-19
6.969393E+03	1.943853E-18	4.934636E-19
7.009393E+03	2.025520E-18	5.091407E-19
7.049393E+03	2.113780E-18	5.262892E-19
7.089393E+03	2.208866E-18	5.449429E-19
7.129393E+03	2.310932E-18	5.651157E-19
7.169393E+03	2.420123E-18	5.868202E-19
7.209393E+03	2.536475E-18	6.100423E-19
7.249393E+03	2.659876E-18	6.347334E-19
7.289393E+03	2.790273E-18	6.608608E-19
7.329393E+03	2.927977E-18	6.884774E-19
7.369393E+03	3.073737E-18	7.177368E-19
7.409393E+03	3.229728E-18	7.491189E-19
7.449393E+03	3.400217E-18	7.835718E-19
7.489393E+03	3.586663E-18	8.213778E-19
7.529393E+03	3.786797E-18	8.619630E-19
7.569393E+03	3.998403E-18	9.047808E-19
7.609393E+03	4.220473E-18	9.495674E-19
7.649393E+03	4.451954E-18	9.960541E-19
7.689393E+03	4.692551E-18	1.044146E-18
7.729393E+03	4.941897E-18	1.093731E-18
7.769393E+03	5.200256E-18	1.144839E-18
7.809393E+03	5.468179E-18	1.197558E-18
7.849393E+03	5.747562E-18	1.252266E-18
7.889393E+03	6.042598E-18	1.309827E-18
7.929393E+03	6.360642E-18	1.371770E-18
7.969393E+03	6.713436E-18	1.440527E-18
8.009393E+03	7.108953E-18	1.517675E-18
8.049393E+03	7.542908E-18	1.602148E-18
8.089393E+03	8.009041E-18	1.692477E-18
8.129393E+03	8.502381E-18	1.787485E-18
8.169393E+03	9.019785E-18	1.886396E-18
8.209393E+03	9.558245E-18	1.988465E-18
8.249393E+03	1.011541E-17	2.093091E-18
8.289393E+03	1.068834E-17	2.199554E-18
8.329393E+03	1.127514E-17	2.307351E-18
8.369393E+03	1.187251E-17	2.415700E-18
8.409393E+03	1.247808E-17	2.524004E-18
8.449393E+03	1.308871E-17	2.631530E-18
8.489393E+03	1.370046E-17	2.737378E-18
8.529393E+03	1.430921E-17	2.840639E-18
8.569393E+03	1.491129E-17	2.940500E-18
8.609393E+03	1.550167E-17	3.035899E-18
8.649393E+03	1.607523E-17	3.125786E-18
8.689393E+03	1.662583E-17	3.208937E-18
8.729393E+03	1.714891E-17	3.284466E-18
8.769393E+03	1.763911E-17	3.351366E-18
8.809393E+03	1.809497E-17	3.409403E-18
8.849393E+03	1.852179E-17	3.459624E-18
8.889393E+03	1.892447E-17	3.502967E-18
8.929393E+03	1.929067E-17	3.537185E-18
8.969393E+03	1.960648E-17	3.559841E-18
9.009393E+03	1.986536E-17	3.569934E-18
9.049393E+03	2.006675E-17	3.567593E-18
9.089393E+03	2.021006E-17	3.552969E-18
9.129393E+03	2.029790E-17	3.526797E-18
9.169393E+03	2.033235E-17	3.489721E-18
9.209393E+03	2.031732E-17	3.442702E-18
9.249393E+03	2.025331E-17	3.386126E-18
9.289393E+03	2.014424E-17	3.320961E-18
9.329393E+03	1.999214E-17	3.247853E-18
9.369393E+03	1.979968E-17	3.167563E-18
9.409393E+03	1.957020E-17	3.080953E-18
9.449393E+03	1.930565E-17	2.988663E-18
9.489393E+03	1.900847E-17	2.891404E-18
9.529393E+03	1.868258E-17	2.790112E-18
9.569393E+03	1.832919E-17	2.685301E-18
9.609393E+03	1.795305E-17	2.577997E-18
9.649393E+03	1.755708E-17	2.468934E-18
9.689393E+03	1.714334E-17	2.358712E-18
9.729393E+03	1.671517E-17	2.248086E-18
9.769393E+03	1.627606E-17	2.137807E-18
9.809393E+03	1.582844E-17	2.028457E-18
9.849393E+03	1.537591E-17	1.920740E-18
9.889393E+03	1.492091E-17	1.815182E-18
9.929393E+03	1.446469E-17	1.712139E-18
9.969393E+03	1.401290E-17	1.612464E-18
1.000939E+04	1.356426E-17	1.516158E-18
1.004939E+04	1.312409E-17	1.423958E-18
1.008939E+04	1.269298E-17	1.336030E-18
1.012939E+04	1.227242E-17	1.252616E-18
1.016939E+04	1.186475E-17	1.174017E-18
1.020939E+04	1.147096E-17	1.100362E-18
1.024939E+04	1.109068E-17	1.031621E-18
1.028939E+04	1.072656E-17	9.680142E-19
1.032939E+04	1.037882E-17	9.094824E-19
1.036939E+04	1.004748E-17	8.559060E-19
1.040939E+04	9.732366E-18	8.071075E-19
1.044939E+04	9.434132E-18	7.629405E-19
1.048939E+04	9.153228E-18	7.232026E-19
1.052939E+04	9.066482E-18	7.013055E-19
1.056939E+04	8.983123E-18	6.817133E-19
1.060939E+04	8.903576E-18	6.643216E-19
1.064939E+04	8.828138E-18	6.489959E-19
1.068939E+04	8.756998E-18	6.355815E-19
1.072939E+04	8.690240E-18	6.239138E-19
1.076939E+04	8.627856E-18	6.138252E-19
1.080939E+04	8.569763E-18	6.051514E-19
1.084939E+04	8.515822E-18	5.977344E-19
1.088939E+04	8.465870E-18	5.914242E-19
1.092939E+04	8.419730E-18	5.860793E-19
1.096939E+04	8.377211E-18	5.815672E-19
1.100939E+04	8.338095E-18	5.777642E-19
1.104939E+04	8.302141E-18	5.745544E-19
1.108939E+04	8.269100E-18	5.718293E-19
1.112939E+04	8.238726E-18	5.694880E-19
1.116939E+04	8.210788E-18	5.674377E-19
1.120939E+04	8.185077E-18	5.655941E-19
1.124939E+04	8.161419E-18	5.638836E-19
1.128939E+04	8.139687E-18	5.622449E-19
1.132939E+04	8.119800E-18	5.606308E-19
1.136939E+04	8.101725E-18	5.590079E-19
1.140939E+04	8.085474E-18	5.573550E-19
1.144939E+04	8.071099E-18	5.556606E-19
1.148939E+04	8.058688E-18	5.539197E-19
1.152939E+04	8.048355E-18	5.521310E-19
1.156939E+04	8.040222E-18	5.502944E-19
1.160939E+04	8.034398E-18	5.484095E-19
1.164939E+04	8.030973E-18	5.464749E-19
1.168939E+04	8.030008E-18	5.444878E-19
1.172939E+04	8.031536E-18	5.424442E-19
1.176939E+04	8.035552E-18	5.403386E-19
1.180939E+04	8.042010E-18	5.381648E-19
1.184939E+04	8.050815E-18	5.359162E-19
1.188939E+04	8.061808E-18	5.335862E-19
1.192939E+04	8.074765E-18	5.311701E-19
1.196939E+04	8.089393E-18	5.286664E-19
1.200939E+04	8.105339E-18	5.260805E-19
1.204939E+04	8.122194E-18	5.234277E-19
1.208939E+04	8.139487E-18	5.207375E-19
1.212939E+04	8.156698E-18	5.180556E-19
1.216939E+04	8.173268E-18	5.154430E-19
1.220939E+04	8.188625E-18	5.129731E-19
1.224939E+04	8.202203E-18	5.107267E-19
1.228939E+04	8.213457E-18	5.087852E-19
1.232939E+04	8.221872E-18	5.072229E-19
1.236939E+04	8.226978E-18	5.060978E-19
1.240939E+04	8.228368E-18	5.054429E-19
1.244939E+04	8.225721E-18	5.052586E-19
1.248939E+04	8.218835E-18	5.055095E-19
1.252939E+04	8.207653E-18	5.061257E-19
1.256939E+04	8.192284E-18	5.070119E-19
1.260939E+04	8.173033E-18	5.080589E-19
1.264939E+04	8.150420E-18	5.091582E-19
1.268939E+04	8.125173E-18	5.102154E-19
1.272939E+04	8.098208E-18	5.111614E-19
1.276939E+04	8.070599E-18	5.119606E-19
1.280939E+04	8.043548E-18	5.126146E-19
1.284939E+04	8.018352E-18	5.131617E-19
1.288939E+04	7.996361E-18	5.136728E-19
1.292939E+04	7.978929E-18	5.142448E-19
1.296939E+04	7.967370E-18	5.149942E-19
1.300939E+04	7.962919E-18	5.160495E-19
1.304939E+04	7.966701E-18	5.175439E-19
1.308939E+04	7.979702E-18	5.196061E-19
1.312939E+04	8.002741E-18	5.223518E-19
1.316939E+04	8.036430E-18	5.258764E-19
1.320939E+04	8.081123E-18	5.302482E-19
1.324939E+04	8.136896E-18	5.355037E-19
1.328939E+04	8.203530E-18	5.416428E-19
1.332939E+04	8.280522E-18	5.486263E-19
1.336939E+04	8.367089E-18	5.563732E-19
1.340939E+04	8.462188E-18	5.647615E-19
1.344939E+04	8.564526E-18	5.736314E-19
1.348939E+04	8.672569E-18	5.827917E-19
1.352939E+04	8.784563E-18	5.920282E-19
1.356939E+04	8.898578E-18	6.011141E-19
1.360939E+04	9.012577E-18	6.098210E-19
1.364939E+04	9.124520E-18	6.179314E-19
1.368939E+04	9.232472E-18	6.252504E-19
1.372939E+04	9.334688E-18	6.316140E-19
1.376939E+04	9.429665E-18	6.368943E-19
1.380939E+04	9.516131E-18	6.410014E-19
1.384939E+04	9.593036E-18	6.438828E-19
1.388939E+04	9.659561E-18	6.455217E-19
1.392939E+04	9.715143E-18	6.459307E-19
1.396939E+04	9.759510E-18	6.451457E-19
1.400939E+04	9.792679E-18	6.432194E-19
1.404939E+04	9.814923E-18	6.402200E-19
1.408939E+04	9.826738E-18	6.362307E-19
1.412939E+04	9.828810E-18	6.313496E-19
1.416939E+04	9.821970E-18	6.256865E-19
1.420939E+04	9.807150E-18	6.193606E-19
1.424939E+04	9.785362E-18	6.124980E-19
1.428939E+04	9.757690E-18	6.052285E-19
1.432939E+04	9.725275E-18	5.976798E-19
1.436939E+04	9.689276E-18	5.899727E-19
1.440939E+04	9.650828E-18	5.822203E-19
1.444939E+04	9.611020E-18	5.745263E-19
1.448939E+04	9.570901E-18	5.669838E-19
1.452939E+04	9.531474E-18	5.596718E-19
1.456939E+04	9.493690E-18	5.526538E-19
1.460939E+04	9.458426E-18	5.459781E-19
1.464939E+04	9.426502E-18	5.396791E-19
1.468939E+04	9.398696E-18	5.337807E-19
1.472939E+04	9.375761E-18	5.283004E-19
1.476939E+04	9.358418E-18	5.232523E-19
1.480939E+04	9.347348E-18	5.186459E-19
1.484939E+04	9.343207E-18	5.144831E-19
1.488939E+04	9.346645E-18	5.107542E-19
1.492939E+04	9.358303E-18	5.074392E-19
1.496939E+04	9.378770E-18	5.045128E-19
1.500939E+04	9.408537E-18	5.019517E-19
1.504939E+04	9.447971E-18	4.997400E-19
1.508939E+04	9.497317E-18	4.978758E-19
1.512939E+04	9.556704E-18	4.963764E-19
1.516939E+04	9.626160E-18	4.952809E-19
1.520939E+04	9.705615E-18	4.946455E-19
1.524939E+04	9.794903E-18	4.945334E-19
1.528939E+04	9.893756E-18	4.950014E-19
1.532939E+04	1.000179E-17	4.960871E-19
1.536939E+04	1.011849E-17	4.977984E-19
1.540939E+04	1.024321E-17	5.001017E-19
1.544939E+04	1.037520E-17	5.029089E-19
1.548939E+04	1.051351E-17	5.060638E-19
1.552939E+04	1.065704E-17	5.093333E-19
1.556939E+04	1.080444E-17	5.124082E-19
1.560939E+04	1.095412E-17	5.149168E-19
1.564939E+04	1.110421E-17	5.164432E-19
1.568939E+04	1.125259E-17	5.165425E-19
1.572939E+04	1.139694E-17	5.147539E-19
1.576939E+04	1.153482E-17	5.106225E-19
1.580939E+04	1.166376E-17	5.037348E-19
1.584939E+04	1.178130E-17	4.937659E-19
1.588939E+04	1.188505E-17	4.805279E-19
1.592939E+04	1.197272E-17	4.640161E-19
1.596939E+04	1.204224E-17	4.444564E-19
1.600939E+04	1.209184E-17	4.223558E-19
1.604939E+04	1.212024E-17	3.985664E-19
1.608939E+04	1.212694E-17	3.743625E-19
1.612939E+04	1.211239E-17	3.515052E-19
1.616939E+04	1.207809E-17	3.322194E-19
1.620939E+04	1.202645E-17	3.189394E-19
1.624939E+04	1.196035E-17	3.136280E-19
1.628939E+04	1.188189E-17	3.166195E-19
1.632939E+04	1.179166E-17	3.261725E-19
1.636939E+04	1.169007E-17	3.396963E-19
1.640939E+04	1.157807E-17	3.547717E-19
1.644939E+04	1.145711E-17	3.695763E-19
1.648939E+04	1.132904E-17	3.829362E-19
1.652939E+04	1.119590E-17	3.942242E-19
1.656939E+04	1.105971E-17	4.032200E-19
1.660939E+04	1.092239E-17	4.099789E-19
1.664939E+04	1.078566E-17	4.147236E-19
1.668939E+04	1.065100E-17	4.177631E-19
1.672939E+04	1.051954E-17	4.194411E-19
1.676939E+04	1.039212E-17	4.201071E-19
1.680939E+04	1.026930E-17	4.200948E-19
1.684939E+04	1.015141E-17	4.196940E-19
1.688939E+04	1.003860E-17	4.191278E-19
1.692939E+04	9.930929E-18	4.185464E-19
1.696939E+04	9.828320E-18	4.180371E-19
1.700939E+04	9.730642E-18	4.176407E-19
1.704939E+04	9.637724E-18	4.173670E-19
1.708939E+04	9.549402E-18	4.172087E-19
1.712939E+04	9.465543E-18	4.171521E-19
1.716939E+04	9.386051E-18	4.171876E-19
1.720939E+04	9.310878E-18	4.173166E-19
1.724939E+04	9.240037E-18	4.175561E-19
1.728939E+04	9.173630E-18	4.179386E-19
1.732939E+04	9.111854E-18	4.185095E-19
1.736939E+04	9.054982E-18	4.193282E-19
1.740939E+04	9.003324E-18	4.204706E-19
1.744939E+04	8.957206E-18	4.220257E-19
1.748939E+04	8.916983E-18	4.240831E-19
1.752939E+04	8.883036E-18	4.267206E-19
1.756939E+04	8.855769E-18	4.299992E-19
1.760939E+04	8.835582E-18	4.339667E-19
1.764939E+04	8.822875E-18	4.386658E-19
1.768939E+04	8.818029E-18	4.441454E-19
1.772939E+04	8.821399E-18	4.504675E-19
1.776939E+04	8.833294E-18	4.577051E-19
1.780939E+04	8.853956E-18	4.659336E-19
1.784939E+04	8.883532E-18	4.752181E-19
1.788939E+04	8.922033E-18	4.856040E-19
1.792939E+04	8.969292E-18	4.971081E-19
1.796939E+04	9.024955E-18	5.097118E-19
1.800939E+04	9.088486E-18	5.233554E-19
1.804939E+04	9.159181E-18	5.379398E-19
1.808939E+04	9.236172E-18	5.533334E-19
1.812939E+04	9.318421E-18	5.693785E-19
1.816939E+04	9.404714E-18	5.858965E-19
1.820939E+04	9.493664E-18	6.026903E-19
1.824939E+04	9.583749E-18	6.195500E-19
1.828939E+04	9.673367E-18	6.362588E-19
1.832939E+04	9.760893E-18	6.525972E-19
1.836939E+04	9.844720E-18	6.683452E-19
1.840939E+04	9.923285E-18	6.832840E-19
1.844939E+04	9.995088E-18	6.971968E-19
1.848939E+04	1.005875E-17	7.098716E-19
1.852939E+04	1.011310E-17	7.211043E-19
1.856939E+04	1.015721E-17	7.307033E-19
1.860939E+04	1.019043E-17	7.384950E-19
1.864939E+04	1.021234E-17	7.443344E-19
1.868939E+04	1.022277E-17	7.481191E-19
1.872939E+04	1.022176E-17	7.498016E-19
1.876939E+04	1.020964E-17	7.493976E-19
1.880939E+04	1.018700E-17	7.469865E-19
1.884939E+04	1.015469E-17	7.427041E-19
1.888939E+04	1.011375E-17	7.367307E-19
1.892939E+04	1.006538E-17	7.292758E-19
1.896939E+04	1.001088E-17	7.205625E-19
1.900939E+04	9.951597E-18	7.108167E-19
1.904939E+04	9.888877E-18	7.002611E-19
1.908939E+04	9.824027E-18	6.891128E-19
1.912939E+04	9.758298E-18	6.775793E-19
1.916939E+04	9.692869E-18	6.658544E-19
1.920939E+04	9.628845E-18	6.541170E-19
1.924939E+04	9.567254E-18	6.425317E-19
1.928939E+04	9.509035E-18	6.312507E-19
1.932939E+04	9.455010E-18	6.204116E-19
1.936939E+04	9.405870E-18	6.101328E-19
1.940939E+04	9.362153E-18	6.005100E-19
1.944939E+04	9.324237E-18	5.916165E-19
1.948939E+04	9.292342E-18	5.835053E-19
1.952939E+04	9.266548E-18	5.762145E-19
1.956939E+04	9.246821E-18	5.697727E-19
1.960939E+04	9.233047E-18	5.642040E-19
1.964939E+04	9.225061E-18	5.595308E-19
1.968939E+04	9.222648E-18	5.557722E-19
1.972939E+04	9.225547E-18	5.529391E-19
1.976939E+04	9.233452E-18	5.510270E-19
1.980939E+04	9.246034E-18	5.500078E-19
1.984939E+04	9.262959E-18	5.498249E-19
1.988939E+04	9.283907E-18	5.503913E-19
1.992939E+04	9.308579E-18	5.515920E-19
1.996939E+04	9.336697E-18	5.532915E-19
2.000939E+04	9.367986E-18	5.553451E-19
2.004939E+04	9.402159E-18	5.576143E-19
2.008939E+04	9.438895E-18	5.599810E-19
2.012939E+04	9.477831E-18	5.623579E-19
2.016939E+04	9.518566E-18	5.646916E-19
2.020939E+04	9.560659E-18	5.669606E-19
2.024939E+04	9.603631E-18	5.691666E-19
2.028939E+04	9.646989E-18	5.713232E-19
2.032939E+04	9.690257E-18	5.734429E-19
2.036939E+04	9.733014E-18	5.755271E-19
2.040939E+04	9.774908E-18	5.775602E-19
2.044939E+04	9.815651E-18	5.795087E-19
2.048939E+04	9.855002E-18	5.813251E-19
2.052939E+04	9.892757E-18	5.829551E-19
2.056939E+04	9.928728E-18	5.843465E-19
2.060939E+04	9.962723E-18	5.854567E-19
2.064939E+04	9.994511E-18	5.862549E-19
2.068939E+04	1.002381E-17	5.867229E-19
2.072939E+04	1.005029E-17	5.868538E-19
2.076939E+04	1.007356E-17	5.866502E-19
2.080939E+04	1.009319E-17	5.861221E-19
2.084939E+04	1.010870E-17	5.852831E-19
2.088939E+04	1.011957E-17	5.841473E-19
2.092939E+04	1.012525E-17	5.827266E-19
2.096939E+04	1.012519E-17	5.810291E-19
2.100939E+04	1.011884E-17	5.790577E-19
2.104939E+04	1.010566E-17	5.768116E-19
2.108939E+04	1.008524E-17	5.742906E-19
2.112939E+04	1.005726E-17	5.715005E-19
2.116939E+04	1.002154E-17	5.684563E-19
2.120939E+04	9.978025E-18	5.651823E-19
2.124939E+04	9.926818E-18	5.617099E-19
2.128939E+04	9.868127E-18	5.580745E-19
2.132939E+04	9.802276E-18	5.543143E-19
2.136939E+04	9.729685E-18	5.504681E-19
2.140939E+04	9.650853E-18	5.465748E-19
2.144939E+04	9.566328E-18	5.426699E-19
2.148939E+04	9.476691E-18	5.387835E-19
2.152939E+04	9.382503E-18	5.349347E-19
2.156939E+04	9.284278E-18	5.311305E-19
2.160939E+04	9.182510E-18	5.273712E-19
2.164939E+04	9.077672E-18	5.236549E-19
2.168939E+04	8.970229E-18	5.199789E-19
2.172939E+04	8.860639E-18	5.163411E-19
2.176939E+04	8.749354E-18	5.127416E-19
2.180939E+04	8.636818E-18	5.091838E-19
2.184939E+04	8.523465E-18	5.056742E-19
2.188939E+04	8.409711E-18	5.022222E-19
2.192939E+04	8.295946E-18	4.988389E-19
2.196939E+04	8.182528E-18	4.955356E-19
2.200939E+04	8.069788E-18	4.923238E-19
2.204939E+04	7.958037E-18	4.892138E-19
2.208939E+04	7.847569E-18	4.862152E-19
2.212939E+04	7.738671E-18	4.833357E-19
2.216939E+04	7.631614E-18	4.805808E-19
2.220939E+04	7.526657E-18	4.779531E-19
2.224939E+04	7.424046E-18	4.754522E-19
2.228939E+04	7.324024E-18	4.730743E-19
2.232939E+04	7.226837E-18	4.708127E-19
2.236939E+04	7.132731E-18	4.686583E-19
2.240939E+04	7.041935E-18	4.665998E-19
2.244939E+04	6.954653E-18	4.646251E-19
2.248939E+04	6.871059E-18	4.627211E-19
2.252939E+04	6.791299E-18	4.608755E-19
2.256939E+04	6.715500E-18	4.590782E-19
2.260939E+04	6.643767E-18	4.573225E-19
2.264939E+04	6.576177E-18	4.556056E-19
2.268939E+04	6.512775E-18	4.539297E-19
2.272939E+04	6.453572E-18	4.523029E-19
2.276939E+04	6.398562E-18	4.507408E-19
2.280939E+04	6.347730E-18	4.492663E-19
2.284939E+04	6.301072E-18	4.479082E-19
2.288939E+04	6.258585E-18	4.466988E-19
2.292939E+04	6.220275E-18	4.456712E-19
2.296939E+04	6.186154E-18	4.448571E-19
2.300939E+04	6.156240E-18	4.442858E-19
2.304939E+04	6.130558E-18	4.439823E-19
2.308939E+04	6.109137E-18	4.439669E-19
2.312939E+04	6.092006E-18	4.442552E-19
2.316939E+04	6.079193E-18	4.448592E-19
2.320939E+04	6.070719E-18	4.457877E-19
2.324939E+04	6.066595E-18	4.470472E-19
2.328939E+04	6.066817E-18	4.486424E-19
2.332939E+04	6.071371E-18	4.505764E-19
2.336939E+04	6.080239E-18	4.528511E-19
2.340939E+04	6.093400E-18	4.554692E-19
2.344939E+04	6.110835E-18	4.584352E-19
2.348939E+04	6.132526E-18	4.617575E-19
2.352939E+04	6.158456E-18	4.654502E-19
2.356939E+04	6.188603E-18	4.695346E-19
2.360939E+04	6.222945E-18	4.740406E-19
2.364939E+04	6.261450E-18	4.790084E-19
2.368939E+04	6.304071E-18	4.844889E-19
2.372939E+04	6.350736E-18	4.905456E-19
2.376939E+04	6.401343E-18	4.972563E-19
2.380939E+04	6.455760E-18	5.047170E-19
2.384939E+04	6.513829E-18	5.130446E-19
2.388939E+04	6.575369E-18	5.223806E-19
2.392939E+04	6.640172E-18	5.328940E-19
2.396939E+04	6.707999E-18	5.447835E-19
2.400939E+04	6.778581E-18	5.582773E-19
2.404939E+04	6.851614E-18	5.736300E-19
2.408939E+04	6.926769E-18	5.911176E-19
2.412939E+04	7.003706E-18	6.110289E-19
2.416939E+04	7.082082E-18	6.336561E-19
2.420939E+04	7.161573E-18	6.592842E-19
2.424939E+04	7.241887E-18	6.881788E-19
2.428939E+04	7.322768E-18	7.205752E-19
2.432939E+04	7.403983E-18	7.566676E-19
2.436939E+04	7.485327E-18	7.966005E-19
2.440939E+04	7.566622E-18	8.404641E-19
2.444939E+04	7.647725E-18	8.882946E-19
2.448939E+04	7.728524E-18	9.400778E-19
