#wls	flux	fluxerr
3.289393E+03	1.105413E-17	2.192256E-18
3.329393E+03	1.065296E-17	2.047481E-18
3.369393E+03	1.027753E-17	1.915179E-18
3.409393E+03	9.926509E-18	1.794450E-18
3.449393E+03	9.598680E-18	1.684453E-18
3.489393E+03	9.292945E-18	1.584398E-18
3.529393E+03	9.008310E-18	1.493542E-18
3.569393E+03	8.743865E-18	1.411185E-18
3.609393E+03	8.498773E-18	1.336664E-18
3.649393E+03	8.272252E-18	1.269354E-18
3.689393E+03	8.063567E-18	1.208665E-18
3.729393E+03	7.872020E-18	1.154039E-18
3.769393E+03	7.696949E-18	1.104955E-18
3.809393E+03	7.537719E-18	1.060922E-18
3.849393E+03	7.393730E-18	1.021487E-18
3.889393E+03	7.264405E-18	9.862272E-19
3.929393E+03	7.149201E-18	9.547543E-19
3.969393E+03	7.047601E-18	9.267124E-19
4.009393E+03	6.959115E-18	9.017765E-19
4.049393E+03	6.883280E-18	8.796513E-19
4.089393E+03	6.819661E-18	8.600699E-19
4.129393E+03	6.767849E-18	8.427922E-19
4.169393E+03	6.727464E-18	8.276029E-19
4.209393E+03	6.698152E-18	8.143107E-19
4.249393E+03	6.679590E-18	8.027459E-19
4.289393E+03	6.671481E-18	7.927593E-19
4.329393E+03	6.673553E-18	7.842206E-19
4.369393E+03	6.685564E-18	7.770170E-19
4.409393E+03	6.707293E-18	7.710519E-19
4.449393E+03	6.738542E-18	7.662435E-19
4.489393E+03	6.779138E-18	7.625237E-19
4.529393E+03	6.828926E-18	7.598367E-19
4.569393E+03	6.887769E-18	7.581372E-19
4.609393E+03	6.955538E-18	7.573891E-19
4.649393E+03	7.032111E-18	7.575627E-19
4.689393E+03	7.117357E-18	7.586323E-19
4.729393E+03	7.211124E-18	7.605731E-19
4.769393E+03	7.313226E-18	7.633572E-19
4.809393E+03	7.423422E-18	7.669500E-19
4.849393E+03	7.541405E-18	7.713069E-19
4.889393E+03	7.666790E-18	7.763703E-19
4.929393E+03	7.799099E-18	7.820681E-19
4.969393E+03	7.937763E-18	7.883132E-19
5.009393E+03	8.082120E-18	7.950038E-19
5.049393E+03	8.231420E-18	8.020258E-19
5.089393E+03	8.384834E-18	8.092538E-19
5.129393E+03	8.541462E-18	8.165538E-19
5.169393E+03	8.700352E-18	8.237850E-19
5.209393E+03	8.860504E-18	8.308014E-19
5.249393E+03	9.020894E-18	8.374531E-19
5.289393E+03	9.180481E-18	8.435875E-19
5.329393E+03	9.338221E-18	8.490495E-19
5.369393E+03	9.493084E-18	8.536825E-19
5.409393E+03	9.644064E-18	8.573293E-19
5.449393E+03	9.790193E-18	8.598331E-19
5.489393E+03	9.930554E-18	8.610397E-19
5.529393E+03	1.006429E-17	8.607994E-19
5.569393E+03	1.019062E-17	8.589700E-19
5.609393E+03	1.030883E-17	8.554200E-19
5.649393E+03	1.041829E-17	8.500316E-19
5.689393E+03	1.051847E-17	8.427039E-19
5.729393E+03	1.060889E-17	8.333560E-19
5.769393E+03	1.068918E-17	8.219294E-19
5.809393E+03	1.075902E-17	8.083908E-19
5.849393E+03	1.081821E-17	7.927353E-19
5.889393E+03	1.086659E-17	7.749901E-19
5.929393E+03	1.090408E-17	7.552193E-19
5.969393E+03	1.093069E-17	7.335296E-19
6.009393E+03	1.094649E-17	7.100781E-19
6.049393E+03	1.095164E-17	6.850802E-19
6.089393E+03	1.094639E-17	6.588196E-19
6.129393E+03	1.093105E-17	6.316578E-19
6.169393E+03	1.090608E-17	6.040415E-19
6.209393E+03	1.087203E-17	5.765064E-19
6.249393E+03	1.082964E-17	5.496709E-19
6.289393E+03	1.077979E-17	5.242152E-19
6.329393E+03	1.072359E-17	5.008372E-19
6.369393E+03	1.066236E-17	4.801830E-19
6.409393E+03	1.059761E-17	4.627530E-19
6.449393E+03	1.053099E-17	4.487986E-19
6.489393E+03	1.046422E-17	4.382328E-19
6.529393E+03	1.039901E-17	4.306456E-19
6.569393E+03	1.033717E-17	4.254295E-19
6.609393E+03	1.028065E-17	4.219129E-19
6.649393E+03	1.023146E-17	4.194700E-19
6.689393E+03	1.019172E-17	4.175914E-19
6.729393E+03	1.016348E-17	4.159168E-19
6.769393E+03	1.014874E-17	4.142353E-19
6.809393E+03	1.014931E-17	4.124679E-19
6.849393E+03	1.016672E-17	4.106394E-19
6.889393E+03	1.020222E-17	4.088491E-19
6.929393E+03	1.025664E-17	4.072420E-19
6.969393E+03	1.033044E-17	4.059827E-19
7.009393E+03	1.042369E-17	4.052306E-19
7.049393E+03	1.053606E-17	4.051168E-19
7.089393E+03	1.066690E-17	4.057214E-19
7.129393E+03	1.081523E-17	4.070570E-19
7.169393E+03	1.097980E-17	4.090587E-19
7.209393E+03	1.115912E-17	4.115842E-19
7.249393E+03	1.135154E-17	4.144220E-19
7.289393E+03	1.155527E-17	4.173049E-19
7.329393E+03	1.176842E-17	4.199240E-19
7.369393E+03	1.198909E-17	4.219440E-19
7.409393E+03	1.221536E-17	4.230189E-19
7.449393E+03	1.244537E-17	4.228143E-19
7.489393E+03	1.267734E-17	4.210400E-19
7.529393E+03	1.290959E-17	4.174971E-19
7.569393E+03	1.314058E-17	4.121380E-19
7.609393E+03	1.336883E-17	4.051344E-19
7.649393E+03	1.359294E-17	3.969444E-19
7.689393E+03	1.381150E-17	3.883567E-19
7.729393E+03	1.402306E-17	3.804786E-19
7.769393E+03	1.422603E-17	3.746199E-19
7.809393E+03	1.441870E-17	3.720379E-19
7.849393E+03	1.459915E-17	3.735704E-19
7.889393E+03	1.476527E-17	3.792917E-19
7.929393E+03	1.491482E-17	3.885042E-19
7.969393E+03	1.504567E-17	4.000543E-19
8.009393E+03	1.515602E-17	4.126871E-19
8.049393E+03	1.524458E-17	4.253029E-19
8.089393E+03	1.531077E-17	4.370757E-19
8.129393E+03	1.535477E-17	4.474680E-19
8.169393E+03	1.537761E-17	4.561880E-19
8.209393E+03	1.538106E-17	4.631320E-19
8.249393E+03	1.536752E-17	4.683314E-19
8.289393E+03	1.533985E-17	4.719127E-19
8.329393E+03	1.530118E-17	4.740682E-19
8.369393E+03	1.525472E-17	4.750316E-19
8.409393E+03	1.520356E-17	4.750516E-19
8.449393E+03	1.515051E-17	4.743620E-19
8.489393E+03	1.509794E-17	4.731470E-19
8.529393E+03	1.504774E-17	4.715078E-19
8.569393E+03	1.500122E-17	4.694422E-19
8.609393E+03	1.495916E-17	4.668419E-19
8.649393E+03	1.492185E-17	4.635118E-19
8.689393E+03	1.488916E-17	4.592049E-19
8.729393E+03	1.486067E-17	4.536640E-19
8.769393E+03	1.483577E-17	4.466615E-19
8.809393E+03	1.481381E-17	4.380325E-19
8.849393E+03	1.479420E-17	4.277041E-19
8.889393E+03	1.477648E-17	4.157257E-19
8.929393E+03	1.476041E-17	4.023102E-19
8.969393E+03	1.474602E-17	3.878915E-19
9.009393E+03	1.473362E-17	3.731931E-19
9.049393E+03	1.472385E-17	3.592843E-19
9.089393E+03	1.471770E-17	3.475706E-19
9.129393E+03	1.471644E-17	3.396401E-19
9.169393E+03	1.472162E-17	3.368977E-19
9.209393E+03	1.473490E-17	3.400182E-19
9.249393E+03	1.475791E-17	3.484831E-19
9.289393E+03	1.479212E-17	3.608284E-19
9.329393E+03	1.483874E-17	3.752457E-19
9.369393E+03	1.489860E-17	3.900266E-19
9.409393E+03	1.497201E-17	4.037774E-19
9.449393E+03	1.505866E-17	4.154623E-19
9.489393E+03	1.515772E-17	4.243623E-19
9.529393E+03	1.526778E-17	4.300156E-19
9.569393E+03	1.538701E-17	4.321722E-19
9.609393E+03	1.551324E-17	4.307849E-19
9.649393E+03	1.564404E-17	4.260439E-19
9.689393E+03	1.577683E-17	4.184618E-19
9.729393E+03	1.590900E-17	4.089984E-19
9.769393E+03	1.603800E-17	3.991945E-19
9.809393E+03	1.616145E-17	3.912366E-19
9.849393E+03	1.627727E-17	3.878054E-19
9.889393E+03	1.638372E-17	3.915400E-19
9.929393E+03	1.647944E-17	4.040939E-19
9.969393E+03	1.656340E-17	4.252310E-19
1.000939E+04	1.663497E-17	4.530790E-19
1.004939E+04	1.669400E-17	4.850610E-19
1.008939E+04	1.674084E-17	5.186307E-19
1.012939E+04	1.677636E-17	5.516628E-19
1.016939E+04	1.680194E-17	5.825786E-19
1.020939E+04	1.681936E-17	6.103343E-19
1.024939E+04	1.683072E-17	6.343526E-19
1.028939E+04	1.683834E-17	6.544380E-19
1.032939E+04	1.684458E-17	6.706900E-19
1.036939E+04	1.685174E-17	6.834185E-19
1.040939E+04	1.686186E-17	6.930671E-19
1.044939E+04	1.687665E-17	7.001448E-19
1.048939E+04	1.689733E-17	7.051709E-19
1.052939E+04	1.692460E-17	7.086354E-19
1.056939E+04	1.695858E-17	7.109769E-19
1.060939E+04	1.699882E-17	7.125759E-19
1.064939E+04	1.704436E-17	7.137617E-19
1.068939E+04	1.709382E-17	7.148248E-19
1.072939E+04	1.714552E-17	7.160307E-19
1.076939E+04	1.719765E-17	7.176263E-19
1.080939E+04	1.724841E-17	7.198375E-19
1.084939E+04	1.729607E-17	7.228561E-19
1.088939E+04	1.733916E-17	7.268202E-19
1.092939E+04	1.737643E-17	7.317909E-19
1.096939E+04	1.740695E-17	7.377334E-19
1.100939E+04	1.743010E-17	7.445069E-19
1.104939E+04	1.744555E-17	7.518666E-19
1.108939E+04	1.745327E-17	7.594807E-19
1.112939E+04	1.745347E-17	7.669599E-19
1.116939E+04	1.744660E-17	7.738967E-19
1.120939E+04	1.743335E-17	7.799084E-19
1.124939E+04	1.741455E-17	7.846764E-19
1.128939E+04	1.739124E-17	7.879746E-19
1.132939E+04	1.736458E-17	7.896855E-19
1.136939E+04	1.733587E-17	7.898018E-19
1.140939E+04	1.730648E-17	7.884176E-19
1.144939E+04	1.727785E-17	7.857117E-19
1.148939E+04	1.725147E-17	7.819269E-19
1.152939E+04	1.722883E-17	7.773454E-19
1.156939E+04	1.721142E-17	7.722620E-19
1.160939E+04	1.720074E-17	7.669536E-19
1.164939E+04	1.719832E-17	7.616468E-19
1.168939E+04	1.720568E-17	7.564875E-19
1.172939E+04	1.722430E-17	7.515170E-19
1.176939E+04	1.725565E-17	7.466554E-19
1.180939E+04	1.730103E-17	7.416965E-19
1.184939E+04	1.736155E-17	7.363099E-19
1.188939E+04	1.743801E-17	7.300508E-19
1.192939E+04	1.753077E-17	7.223759E-19
1.196939E+04	1.763967E-17	7.126622E-19
1.200939E+04	1.776390E-17	7.002292E-19
1.204939E+04	1.790187E-17	6.843664E-19
1.208939E+04	1.805117E-17	6.643689E-19
1.212939E+04	1.820843E-17	6.395893E-19
1.216939E+04	1.836925E-17	6.095191E-19
1.220939E+04	1.852813E-17	5.739161E-19
1.224939E+04	1.867852E-17	5.330064E-19
1.228939E+04	1.881280E-17	4.878051E-19
1.232939E+04	1.892248E-17	4.406132E-19
1.236939E+04	1.899850E-17	3.957152E-19
1.240939E+04	1.903188E-17	3.599879E-19
1.244939E+04	1.901471E-17	3.420947E-19
1.248939E+04	1.894209E-17	3.480451E-19
1.252939E+04	1.881460E-17	3.754133E-19
1.256939E+04	1.863731E-17	4.158078E-19
1.260939E+04	1.841752E-17	4.609820E-19
1.264939E+04	1.816344E-17	5.052342E-19
1.268939E+04	1.788350E-17	5.452549E-19
1.272939E+04	1.758598E-17	5.794179E-19
1.276939E+04	1.727875E-17	6.071953E-19
1.280939E+04	1.696915E-17	6.287619E-19
1.284939E+04	1.666389E-17	6.447305E-19
1.288939E+04	1.636902E-17	6.559717E-19
1.292939E+04	1.608989E-17	6.634851E-19
1.296939E+04	1.583110E-17	6.683072E-19
1.300939E+04	1.559653E-17	6.714454E-19
1.304939E+04	1.538930E-17	6.738326E-19
1.308939E+04	1.521175E-17	6.762976E-19
1.312939E+04	1.506549E-17	6.795480E-19
1.316939E+04	1.495140E-17	6.841615E-19
1.320939E+04	1.486968E-17	6.905814E-19
1.324939E+04	1.481984E-17	6.991148E-19
1.328939E+04	1.480078E-17	7.099299E-19
1.332939E+04	1.481082E-17	7.230551E-19
1.336939E+04	1.484773E-17	7.383814E-19
1.340939E+04	1.490881E-17	7.556709E-19
1.344939E+04	1.499091E-17	7.745726E-19
1.348939E+04	1.509055E-17	7.946445E-19
1.352939E+04	1.520398E-17	8.153807E-19
1.356939E+04	1.532728E-17	8.362394E-19
1.360939E+04	1.545649E-17	8.566717E-19
1.364939E+04	1.558770E-17	8.761463E-19
1.368939E+04	1.571719E-17	8.941713E-19
1.372939E+04	1.584149E-17	9.103105E-19
1.376939E+04	1.595749E-17	9.241952E-19
1.380939E+04	1.606248E-17	9.355325E-19
1.384939E+04	1.615422E-17	9.441103E-19
1.388939E+04	1.623094E-17	9.497984E-19
1.392939E+04	1.629137E-17	9.525475E-19
1.396939E+04	1.633473E-17	9.523853E-19
1.400939E+04	1.636072E-17	9.494106E-19
1.404939E+04	1.636947E-17	9.437865E-19
1.408939E+04	1.636153E-17	9.357316E-19
1.412939E+04	1.633775E-17	9.255114E-19
1.416939E+04	1.629928E-17	9.134296E-19
1.420939E+04	1.624747E-17	8.998206E-19
1.424939E+04	1.618386E-17	8.850426E-19
1.428939E+04	1.611013E-17	8.694705E-19
1.432939E+04	1.602808E-17	8.534885E-19
1.436939E+04	1.593960E-17	8.374785E-19
1.440939E+04	1.584663E-17	8.218058E-19
1.444939E+04	1.575118E-17	8.068002E-19
1.448939E+04	1.565521E-17	7.927362E-19
1.452939E+04	1.556066E-17	7.798151E-19
1.456939E+04	1.546936E-17	7.681538E-19
1.460939E+04	1.538300E-17	7.577836E-19
1.464939E+04	1.530314E-17	7.486588E-19
1.468939E+04	1.523111E-17	7.406743E-19
1.472939E+04	1.516810E-17	7.336882E-19
1.476939E+04	1.511505E-17	7.275450E-19
1.480939E+04	1.507274E-17	7.220958E-19
1.484939E+04	1.504175E-17	7.172140E-19
1.488939E+04	1.502247E-17	7.128037E-19
1.492939E+04	1.501514E-17	7.088026E-19
1.496939E+04	1.501982E-17	7.051803E-19
1.500939E+04	1.503643E-17	7.019343E-19
1.504939E+04	1.506474E-17	6.990854E-19
1.508939E+04	1.510438E-17	6.966748E-19
1.512939E+04	1.515487E-17	6.947595E-19
1.516939E+04	1.521562E-17	6.934067E-19
1.520939E+04	1.528588E-17	6.926843E-19
1.524939E+04	1.536479E-17	6.926491E-19
1.528939E+04	1.545133E-17	6.933334E-19
1.532939E+04	1.554434E-17	6.947333E-19
1.536939E+04	1.564250E-17	6.967985E-19
1.540939E+04	1.574438E-17	6.994281E-19
1.544939E+04	1.584841E-17	7.024694E-19
1.548939E+04	1.595293E-17	7.057221E-19
1.552939E+04	1.605614E-17	7.089453E-19
1.556939E+04	1.615618E-17	7.118663E-19
1.560939E+04	1.625109E-17	7.141900E-19
1.564939E+04	1.633888E-17	7.156094E-19
1.568939E+04	1.641752E-17	7.158192E-19
1.572939E+04	1.648505E-17	7.145332E-19
1.576939E+04	1.653959E-17	7.115058E-19
1.580939E+04	1.657943E-17	7.065559E-19
1.584939E+04	1.660311E-17	6.995909E-19
1.588939E+04	1.660945E-17	6.906277E-19
1.592939E+04	1.659757E-17	6.798104E-19
1.596939E+04	1.656691E-17	6.674225E-19
1.600939E+04	1.651724E-17	6.538924E-19
1.604939E+04	1.644861E-17	6.397914E-19
1.608939E+04	1.636135E-17	6.258165E-19
1.612939E+04	1.625605E-17	6.127533E-19
1.616939E+04	1.613351E-17	6.014073E-19
1.620939E+04	1.599476E-17	5.924996E-19
1.624939E+04	1.584104E-17	5.865183E-19
1.628939E+04	1.567393E-17	5.835102E-19
1.632939E+04	1.549544E-17	5.830071E-19
1.636939E+04	1.530770E-17	5.842796E-19
1.640939E+04	1.511284E-17	5.865470E-19
1.644939E+04	1.491293E-17	5.891032E-19
1.648939E+04	1.470987E-17	5.913816E-19
1.652939E+04	1.450543E-17	5.929748E-19
1.656939E+04	1.430118E-17	5.936266E-19
1.660939E+04	1.409849E-17	5.932109E-19
1.664939E+04	1.389857E-17	5.917071E-19
1.668939E+04	1.370244E-17	5.891792E-19
1.672939E+04	1.351097E-17	5.857555E-19
1.676939E+04	1.332491E-17	5.816117E-19
1.680939E+04	1.314489E-17	5.769514E-19
1.684939E+04	1.297144E-17	5.719867E-19
1.688939E+04	1.280495E-17	5.669202E-19
1.692939E+04	1.264572E-17	5.619294E-19
1.696939E+04	1.249396E-17	5.571583E-19
1.700939E+04	1.234979E-17	5.527132E-19
1.704939E+04	1.221331E-17	5.486645E-19
1.708939E+04	1.208462E-17	5.450512E-19
1.712939E+04	1.196384E-17	5.418874E-19
1.716939E+04	1.185112E-17	5.391694E-19
1.720939E+04	1.174673E-17	5.368839E-19
1.724939E+04	1.165096E-17	5.350171E-19
1.728939E+04	1.156423E-17	5.335639E-19
1.732939E+04	1.148702E-17	5.325362E-19
1.736939E+04	1.141990E-17	5.319684E-19
1.740939E+04	1.136348E-17	5.319212E-19
1.744939E+04	1.131845E-17	5.324812E-19
1.748939E+04	1.128551E-17	5.337604E-19
1.752939E+04	1.126542E-17	5.358938E-19
1.756939E+04	1.125889E-17	5.390354E-19
1.760939E+04	1.126670E-17	5.433550E-19
1.764939E+04	1.128957E-17	5.490332E-19
1.768939E+04	1.132823E-17	5.562578E-19
1.772939E+04	1.138339E-17	5.652183E-19
1.776939E+04	1.145569E-17	5.760990E-19
1.780939E+04	1.154569E-17	5.890697E-19
1.784939E+04	1.165383E-17	6.042747E-19
1.788939E+04	1.178036E-17	6.218216E-19
1.792939E+04	1.192525E-17	6.417692E-19
1.796939E+04	1.208817E-17	6.641176E-19
1.800939E+04	1.226840E-17	6.887984E-19
1.804939E+04	1.246472E-17	7.156677E-19
1.808939E+04	1.267545E-17	7.445011E-19
1.812939E+04	1.289833E-17	7.749914E-19
1.816939E+04	1.313058E-17	8.067492E-19
1.820939E+04	1.336889E-17	8.393066E-19
1.824939E+04	1.360947E-17	8.721260E-19
1.828939E+04	1.384817E-17	9.046136E-19
1.832939E+04	1.408057E-17	9.361386E-19
1.836939E+04	1.430221E-17	9.660569E-19
1.840939E+04	1.450870E-17	9.937370E-19
1.844939E+04	1.469595E-17	1.018588E-18
1.848939E+04	1.486035E-17	1.040082E-18
1.852939E+04	1.499888E-17	1.057782E-18
1.856939E+04	1.510920E-17	1.071353E-18
1.860939E+04	1.518976E-17	1.080576E-18
1.864939E+04	1.523980E-17	1.085357E-18
1.868939E+04	1.525933E-17	1.085722E-18
1.872939E+04	1.524918E-17	1.081820E-18
1.876939E+04	1.521084E-17	1.073909E-18
1.880939E+04	1.514647E-17	1.062343E-18
1.884939E+04	1.505871E-17	1.047552E-18
1.888939E+04	1.495056E-17	1.030021E-18
1.892939E+04	1.482528E-17	1.010270E-18
1.896939E+04	1.468622E-17	9.888304E-19
1.900939E+04	1.453677E-17	9.662309E-19
1.904939E+04	1.438032E-17	9.429847E-19
1.908939E+04	1.422012E-17	9.195752E-19
1.912939E+04	1.405927E-17	8.964449E-19
1.916939E+04	1.390066E-17	8.739827E-19
1.920939E+04	1.374690E-17	8.525138E-19
1.924939E+04	1.360024E-17	8.322913E-19
1.928939E+04	1.346260E-17	8.134929E-19
1.932939E+04	1.333552E-17	7.962234E-19
1.936939E+04	1.322017E-17	7.805213E-19
1.940939E+04	1.311739E-17	7.663717E-19
1.944939E+04	1.302772E-17	7.537200E-19
1.948939E+04	1.295147E-17	7.424882E-19
1.952939E+04	1.288872E-17	7.325895E-19
1.956939E+04	1.283945E-17	7.239410E-19
1.960939E+04	1.280346E-17	7.164720E-19
1.964939E+04	1.278049E-17	7.101279E-19
1.968939E+04	1.277014E-17	7.048682E-19
1.972939E+04	1.277192E-17	7.006608E-19
1.976939E+04	1.278520E-17	6.974726E-19
1.980939E+04	1.280927E-17	6.952592E-19
1.984939E+04	1.284332E-17	6.939547E-19
1.988939E+04	1.288641E-17	6.934646E-19
1.992939E+04	1.293753E-17	6.936645E-19
1.996939E+04	1.299561E-17	6.944053E-19
2.000939E+04	1.305952E-17	6.955257E-19
2.004939E+04	1.312812E-17	6.968693E-19
2.008939E+04	1.320026E-17	6.983026E-19
2.012939E+04	1.327482E-17	6.997290E-19
2.016939E+04	1.335071E-17	7.010954E-19
2.020939E+04	1.342686E-17	7.023909E-19
2.024939E+04	1.350227E-17	7.036375E-19
2.028939E+04	1.357598E-17	7.048743E-19
2.032939E+04	1.364709E-17	7.061414E-19
2.036939E+04	1.371477E-17	7.074631E-19
2.040939E+04	1.377825E-17	7.088375E-19
2.044939E+04	1.383684E-17	7.102304E-19
2.048939E+04	1.388991E-17	7.115772E-19
2.052939E+04	1.393691E-17	7.127901E-19
2.056939E+04	1.397732E-17	7.137693E-19
2.060939E+04	1.401069E-17	7.144153E-19
2.064939E+04	1.403662E-17	7.146396E-19
2.068939E+04	1.405475E-17	7.143705E-19
2.072939E+04	1.406477E-17	7.135568E-19
2.076939E+04	1.406639E-17	7.121664E-19
2.080939E+04	1.405942E-17	7.101847E-19
2.084939E+04	1.404367E-17	7.076119E-19
2.088939E+04	1.401905E-17	7.044599E-19
2.092939E+04	1.398553E-17	7.007503E-19
2.096939E+04	1.394314E-17	6.965118E-19
2.100939E+04	1.389199E-17	6.917791E-19
2.104939E+04	1.383229E-17	6.865935E-19
2.108939E+04	1.376430E-17	6.810050E-19
2.112939E+04	1.368842E-17	6.750742E-19
2.116939E+04	1.360514E-17	6.688742E-19
2.120939E+04	1.351504E-17	6.624909E-19
2.124939E+04	1.341882E-17	6.560226E-19
2.128939E+04	1.331726E-17	6.495782E-19
2.132939E+04	1.321123E-17	6.432738E-19
2.136939E+04	1.310166E-17	6.372273E-19
2.140939E+04	1.298949E-17	6.315498E-19
2.144939E+04	1.287564E-17	6.263359E-19
2.148939E+04	1.276092E-17	6.216511E-19
2.152939E+04	1.264583E-17	6.175120E-19
2.156939E+04	1.253050E-17	6.138802E-19
2.160939E+04	1.241486E-17	6.106854E-19
2.164939E+04	1.229874E-17	6.078441E-19
2.168939E+04	1.218191E-17	6.052718E-19
2.172939E+04	1.206417E-17	6.028906E-19
2.176939E+04	1.194532E-17	6.006349E-19
2.180939E+04	1.182523E-17	5.984534E-19
2.184939E+04	1.170383E-17	5.963090E-19
2.188939E+04	1.158113E-17	5.941773E-19
2.192939E+04	1.145719E-17	5.920443E-19
2.196939E+04	1.133215E-17	5.899035E-19
2.200939E+04	1.120616E-17	5.877547E-19
2.204939E+04	1.107942E-17	5.856016E-19
2.208939E+04	1.095211E-17	5.834510E-19
2.212939E+04	1.082446E-17	5.813112E-19
2.216939E+04	1.069669E-17	5.791898E-19
2.220939E+04	1.056904E-17	5.770926E-19
2.224939E+04	1.044176E-17	5.750218E-19
2.228939E+04	1.031513E-17	5.729754E-19
2.232939E+04	1.018946E-17	5.709473E-19
2.236939E+04	1.006508E-17	5.689288E-19
2.240939E+04	9.942327E-18	5.669091E-19
2.244939E+04	9.821565E-18	5.648772E-19
2.248939E+04	9.703148E-18	5.628228E-19
2.252939E+04	9.587420E-18	5.607370E-19
2.256939E+04	9.474715E-18	5.586135E-19
2.260939E+04	9.365338E-18	5.564491E-19
2.264939E+04	9.259566E-18	5.542453E-19
2.268939E+04	9.157636E-18	5.520090E-19
2.272939E+04	9.059739E-18	5.497533E-19
2.276939E+04	8.966023E-18	5.474982E-19
2.280939E+04	8.876590E-18	5.452692E-19
2.284939E+04	8.791510E-18	5.430963E-19
2.288939E+04	8.710823E-18	5.410121E-19
2.292939E+04	8.634549E-18	5.390503E-19
2.296939E+04	8.562696E-18	5.372441E-19
2.300939E+04	8.495273E-18	5.356253E-19
2.304939E+04	8.432291E-18	5.342238E-19
2.308939E+04	8.373777E-18	5.330665E-19
2.312939E+04	8.319771E-18	5.321780E-19
2.316939E+04	8.270331E-18	5.315795E-19
2.320939E+04	8.225533E-18	5.312898E-19
2.324939E+04	8.185467E-18	5.313249E-19
2.328939E+04	8.150234E-18	5.316985E-19
2.332939E+04	8.119948E-18	5.324226E-19
2.336939E+04	8.094724E-18	5.335079E-19
2.340939E+04	8.074683E-18	5.349655E-19
2.344939E+04	8.059941E-18	5.368078E-19
2.348939E+04	8.050614E-18	5.390507E-19
2.352939E+04	8.046810E-18	5.417156E-19
2.356939E+04	8.048627E-18	5.448314E-19
2.360939E+04	8.056154E-18	5.484369E-19
2.364939E+04	8.069464E-18	5.525842E-19
2.368939E+04	8.088617E-18	5.573413E-19
2.372939E+04	8.113649E-18	5.627959E-19
2.376939E+04	8.144579E-18	5.690592E-19
2.380939E+04	8.181400E-18	5.762691E-19
2.384939E+04	8.224082E-18	5.845935E-19
2.388939E+04	8.272568E-18	5.942327E-19
2.392939E+04	8.326780E-18	6.054200E-19
2.396939E+04	8.386614E-18	6.184209E-19
2.400939E+04	8.451949E-18	6.335308E-19
2.404939E+04	8.522646E-18	6.510710E-19
2.408939E+04	8.598553E-18	6.713825E-19
2.412939E+04	8.679515E-18	6.948184E-19
2.416939E+04	8.765371E-18	7.217343E-19
2.420939E+04	8.855963E-18	7.524767E-19
2.424939E+04	8.951137E-18	7.873711E-19
2.428939E+04	9.050744E-18	8.267101E-19
2.432939E+04	9.154635E-18	8.707431E-19
2.436939E+04	9.262666E-18	9.196696E-19
2.440939E+04	9.374692E-18	9.736358E-19
2.444939E+04	9.490571E-18	1.032736E-18
2.448939E+04	9.610161E-18	1.097015E-18
