#wls	flux	fluxerr
3.289393E+03	1.446362E-18	1.143580E-18
3.329393E+03	1.519590E-18	1.195782E-18
3.369393E+03	1.597924E-18	1.251424E-18
3.409393E+03	1.681037E-18	1.310193E-18
3.449393E+03	1.768282E-18	1.371530E-18
3.489393E+03	1.858531E-18	1.434515E-18
3.529393E+03	1.949812E-18	1.497597E-18
3.569393E+03	2.037947E-18	1.557568E-18
3.609393E+03	2.116259E-18	1.609384E-18
3.649393E+03	2.179416E-18	1.649119E-18
3.689393E+03	2.227070E-18	1.676682E-18
3.729393E+03	2.260554E-18	1.693248E-18
3.769393E+03	2.281384E-18	1.700106E-18
3.809393E+03	2.290984E-18	1.698456E-18
3.849393E+03	2.290780E-18	1.689479E-18
3.889393E+03	2.282144E-18	1.674295E-18
3.929393E+03	2.266296E-18	1.653890E-18
3.969393E+03	2.244394E-18	1.629189E-18
4.009393E+03	2.217357E-18	1.600927E-18
4.049393E+03	2.186046E-18	1.569783E-18
4.089393E+03	2.151122E-18	1.536278E-18
4.129393E+03	2.113204E-18	1.500896E-18
4.169393E+03	2.072840E-18	1.464062E-18
4.209393E+03	2.030605E-18	1.426208E-18
4.249393E+03	1.987163E-18	1.387822E-18
4.289393E+03	1.943258E-18	1.349437E-18
4.329393E+03	1.899770E-18	1.311667E-18
4.369393E+03	1.857827E-18	1.275284E-18
4.409393E+03	1.817943E-18	1.240621E-18
4.449393E+03	1.779601E-18	1.207304E-18
4.489393E+03	1.742492E-18	1.175109E-18
4.529393E+03	1.706418E-18	1.143888E-18
4.569393E+03	1.671373E-18	1.113628E-18
4.609393E+03	1.637291E-18	1.084274E-18
4.649393E+03	1.604097E-18	1.055766E-18
4.689393E+03	1.571597E-18	1.027968E-18
4.729393E+03	1.539907E-18	1.000949E-18
4.769393E+03	1.509516E-18	9.750164E-19
4.809393E+03	1.480997E-18	9.505238E-19
4.849393E+03	1.454648E-18	9.276399E-19
4.889393E+03	1.430542E-18	9.063848E-19
4.929393E+03	1.408647E-18	8.867132E-19
4.969393E+03	1.388900E-18	8.685597E-19
5.009393E+03	1.371155E-18	8.518080E-19
5.049393E+03	1.355284E-18	8.363566E-19
5.089393E+03	1.341157E-18	8.221024E-19
5.129393E+03	1.328645E-18	8.089483E-19
5.169393E+03	1.317603E-18	7.967877E-19
5.209393E+03	1.307917E-18	7.855342E-19
5.249393E+03	1.299473E-18	7.751063E-19
5.289393E+03	1.292191E-18	7.654412E-19
5.329393E+03	1.285991E-18	7.564791E-19
5.369393E+03	1.280845E-18	7.481927E-19
5.409393E+03	1.276667E-18	7.405198E-19
5.449393E+03	1.273318E-18	7.333707E-19
5.489393E+03	1.270508E-18	7.265704E-19
5.529393E+03	1.268055E-18	7.200115E-19
5.569393E+03	1.265749E-18	7.135722E-19
5.609393E+03	1.263370E-18	7.071303E-19
5.649393E+03	1.260770E-18	7.006052E-19
5.689393E+03	1.257828E-18	6.939354E-19
5.729393E+03	1.254509E-18	6.871073E-19
5.769393E+03	1.250851E-18	6.801474E-19
5.809393E+03	1.246871E-18	6.730719E-19
5.849393E+03	1.242654E-18	6.659310E-19
5.889393E+03	1.238295E-18	6.587798E-19
5.929393E+03	1.233875E-18	6.516645E-19
5.969393E+03	1.229518E-18	6.446527E-19
6.009393E+03	1.225322E-18	6.377967E-19
6.049393E+03	1.221481E-18	6.311953E-19
6.089393E+03	1.218135E-18	6.249190E-19
6.129393E+03	1.215515E-18	6.190808E-19
6.169393E+03	1.213788E-18	6.137590E-19
6.209393E+03	1.213284E-18	6.091111E-19
6.249393E+03	1.214231E-18	6.052390E-19
6.289393E+03	1.216692E-18	6.021600E-19
6.329393E+03	1.221055E-18	6.000509E-19
6.369393E+03	1.228225E-18	5.993355E-19
6.409393E+03	1.239420E-18	6.005773E-19
6.449393E+03	1.254894E-18	6.038599E-19
6.489393E+03	1.273663E-18	6.086733E-19
6.529393E+03	1.294859E-18	6.145763E-19
6.569393E+03	1.318063E-18	6.213519E-19
6.609393E+03	1.343077E-18	6.288918E-19
6.649393E+03	1.369939E-18	6.372010E-19
6.689393E+03	1.398733E-18	6.463048E-19
6.729393E+03	1.429522E-18	6.562187E-19
6.769393E+03	1.462420E-18	6.669807E-19
6.809393E+03	1.497494E-18	6.786077E-19
6.849393E+03	1.534842E-18	6.911282E-19
6.889393E+03	1.574564E-18	7.045717E-19
6.929393E+03	1.616673E-18	7.189282E-19
6.969393E+03	1.661233E-18	7.342103E-19
7.009393E+03	1.708305E-18	7.504289E-19
7.049393E+03	1.757844E-18	7.675467E-19
7.089393E+03	1.809849E-18	7.855480E-19
7.129393E+03	1.864269E-18	8.043939E-19
7.169393E+03	1.921106E-18	8.240692E-19
7.209393E+03	1.980222E-18	8.444996E-19
7.249393E+03	2.041487E-18	8.656133E-19
7.289393E+03	2.104869E-18	8.873828E-19
7.329393E+03	2.170278E-18	9.097545E-19
7.369393E+03	2.237857E-18	9.327725E-19
7.409393E+03	2.308476E-18	9.567809E-19
7.449393E+03	2.383868E-18	9.824699E-19
7.489393E+03	2.464743E-18	1.010094E-18
7.529393E+03	2.549971E-18	1.039150E-18
7.569393E+03	2.638601E-18	1.069219E-18
7.609393E+03	2.730006E-18	1.100017E-18
7.649393E+03	2.823859E-18	1.131386E-18
7.689393E+03	2.919762E-18	1.163144E-18
7.729393E+03	3.017654E-18	1.195241E-18
7.769393E+03	3.117559E-18	1.227661E-18
7.809393E+03	3.220155E-18	1.260643E-18
7.849393E+03	3.326371E-18	1.294514E-18
7.889393E+03	3.438216E-18	1.330012E-18
7.929393E+03	3.558918E-18	1.368317E-18
7.969393E+03	3.693694E-18	1.411343E-18
8.009393E+03	3.845591E-18	1.460120E-18
8.049393E+03	4.011718E-18	1.513408E-18
8.089393E+03	4.188909E-18	1.569886E-18
8.129393E+03	4.374684E-18	1.628515E-18
8.169393E+03	4.566693E-18	1.688323E-18
8.209393E+03	4.762970E-18	1.748501E-18
8.249393E+03	4.961496E-18	1.808235E-18
8.289393E+03	5.160248E-18	1.866728E-18
8.329393E+03	5.357571E-18	1.923335E-18
8.369393E+03	5.551469E-18	1.977304E-18
8.409393E+03	5.740091E-18	2.027957E-18
8.449393E+03	5.921448E-18	2.074586E-18
8.489393E+03	6.093786E-18	2.116591E-18
8.529393E+03	6.254896E-18	2.153235E-18
8.569393E+03	6.403256E-18	2.184049E-18
8.609393E+03	6.536533E-18	2.208309E-18
8.649393E+03	6.653584E-18	2.225728E-18
8.689393E+03	6.752278E-18	2.235711E-18
8.729393E+03	6.831582E-18	2.238064E-18
8.769393E+03	6.891045E-18	2.232801E-18
8.809393E+03	6.931103E-18	2.220240E-18
8.849393E+03	6.954347E-18	2.201386E-18
8.889393E+03	6.962813E-18	2.177041E-18
8.929393E+03	6.952170E-18	2.146020E-18
8.969393E+03	6.919410E-18	2.107623E-18
9.009393E+03	6.863292E-18	2.061743E-18
9.049393E+03	6.785287E-18	2.009113E-18
9.089393E+03	6.687134E-18	1.950539E-18
9.129393E+03	6.571356E-18	1.887032E-18
9.169393E+03	6.439917E-18	1.819418E-18
9.209393E+03	6.294964E-18	1.748550E-18
9.249393E+03	6.138527E-18	1.675218E-18
9.289393E+03	5.973030E-18	1.600293E-18
9.329393E+03	5.799892E-18	1.524340E-18
9.369393E+03	5.620858E-18	1.447987E-18
9.409393E+03	5.437708E-18	1.371844E-18
9.449393E+03	5.251957E-18	1.296419E-18
9.489393E+03	5.065113E-18	1.222192E-18
9.529393E+03	4.877835E-18	1.149411E-18
9.569393E+03	4.692120E-18	1.078619E-18
9.609393E+03	4.508002E-18	1.009873E-18
9.649393E+03	4.327104E-18	9.435758E-19
9.689393E+03	4.149898E-18	8.798464E-19
9.729393E+03	3.977067E-18	8.188339E-19
9.769393E+03	3.808971E-18	7.606029E-19
9.809393E+03	3.646431E-18	7.052958E-19
9.849393E+03	3.489421E-18	6.528729E-19
9.889393E+03	3.338381E-18	6.033752E-19
9.929393E+03	3.193436E-18	5.567749E-19
9.969393E+03	3.054666E-18	5.130290E-19
1.000939E+04	2.922586E-18	4.721604E-19
1.004939E+04	2.796694E-18	4.340173E-19
1.008939E+04	2.677414E-18	3.985963E-19
1.012939E+04	2.564420E-18	3.657738E-19
1.016939E+04	2.457824E-18	3.354928E-19
1.020939E+04	2.357480E-18	3.076577E-19
1.024939E+04	2.263217E-18	2.821721E-19
1.028939E+04	2.175059E-18	2.589636E-19
1.032939E+04	2.092573E-18	2.379019E-19
1.036939E+04	2.015943E-18	2.189269E-19
1.040939E+04	1.944687E-18	2.018977E-19
1.044939E+04	1.878916E-18	1.867330E-19
1.048939E+04	1.818083E-18	1.732777E-19
1.052939E+04	1.797660E-18	1.646770E-19
1.056939E+04	1.779108E-18	1.570652E-19
1.060939E+04	1.762382E-18	1.503942E-19
1.064939E+04	1.747407E-18	1.446068E-19
1.068939E+04	1.734087E-18	1.396394E-19
1.072939E+04	1.722312E-18	1.354243E-19
1.076939E+04	1.711965E-18	1.318928E-19
1.080939E+04	1.702926E-18	1.289781E-19
1.084939E+04	1.695076E-18	1.266163E-19
1.088939E+04	1.688303E-18	1.247468E-19
1.092939E+04	1.682508E-18	1.233118E-19
1.096939E+04	1.677596E-18	1.222542E-19
1.100939E+04	1.673475E-18	1.215152E-19
1.104939E+04	1.670043E-18	1.210348E-19
1.108939E+04	1.667191E-18	1.207535E-19
1.112939E+04	1.664804E-18	1.206155E-19
1.116939E+04	1.662768E-18	1.205704E-19
1.120939E+04	1.660981E-18	1.205751E-19
1.124939E+04	1.659347E-18	1.205947E-19
1.128939E+04	1.657779E-18	1.206035E-19
1.132939E+04	1.656200E-18	1.205849E-19
1.136939E+04	1.654540E-18	1.205311E-19
1.140939E+04	1.652742E-18	1.204419E-19
1.144939E+04	1.650762E-18	1.203215E-19
1.148939E+04	1.648568E-18	1.201762E-19
1.152939E+04	1.646142E-18	1.200130E-19
1.156939E+04	1.643482E-18	1.198392E-19
1.160939E+04	1.640605E-18	1.196626E-19
1.164939E+04	1.637542E-18	1.194894E-19
1.168939E+04	1.634342E-18	1.193238E-19
1.172939E+04	1.631062E-18	1.191676E-19
1.176939E+04	1.627766E-18	1.190218E-19
1.180939E+04	1.624517E-18	1.188877E-19
1.184939E+04	1.621379E-18	1.187669E-19
1.188939E+04	1.618407E-18	1.186609E-19
1.192939E+04	1.615651E-18	1.185720E-19
1.196939E+04	1.613151E-18	1.185034E-19
1.200939E+04	1.610940E-18	1.184603E-19
1.204939E+04	1.609051E-18	1.184484E-19
1.208939E+04	1.607513E-18	1.184741E-19
1.212939E+04	1.606349E-18	1.185431E-19
1.216939E+04	1.605576E-18	1.186609E-19
1.220939E+04	1.605201E-18	1.188334E-19
1.224939E+04	1.605228E-18	1.190664E-19
1.228939E+04	1.605656E-18	1.193649E-19
1.232939E+04	1.606484E-18	1.197312E-19
1.236939E+04	1.607706E-18	1.201635E-19
1.240939E+04	1.609310E-18	1.206528E-19
1.244939E+04	1.611264E-18	1.211814E-19
1.248939E+04	1.613516E-18	1.217235E-19
1.252939E+04	1.615995E-18	1.222475E-19
1.256939E+04	1.618625E-18	1.227209E-19
1.260939E+04	1.621339E-18	1.231133E-19
1.264939E+04	1.624091E-18	1.234002E-19
1.268939E+04	1.626872E-18	1.235643E-19
1.272939E+04	1.629712E-18	1.235980E-19
1.276939E+04	1.632678E-18	1.235040E-19
1.280939E+04	1.635874E-18	1.232954E-19
1.284939E+04	1.639428E-18	1.229959E-19
1.288939E+04	1.643484E-18	1.226385E-19
1.292939E+04	1.648193E-18	1.222632E-19
1.296939E+04	1.653707E-18	1.219148E-19
1.300939E+04	1.660163E-18	1.216400E-19
1.304939E+04	1.667676E-18	1.214856E-19
1.308939E+04	1.676336E-18	1.214961E-19
1.312939E+04	1.686209E-18	1.217098E-19
1.316939E+04	1.697341E-18	1.221563E-19
1.320939E+04	1.709756E-18	1.228531E-19
1.324939E+04	1.723447E-18	1.238057E-19
1.328939E+04	1.738378E-18	1.250082E-19
1.332939E+04	1.754479E-18	1.264456E-19
1.336939E+04	1.771645E-18	1.280957E-19
1.340939E+04	1.789736E-18	1.299301E-19
1.344939E+04	1.808572E-18	1.319135E-19
1.348939E+04	1.827938E-18	1.340031E-19
1.352939E+04	1.847580E-18	1.361482E-19
1.356939E+04	1.867218E-18	1.382927E-19
1.360939E+04	1.886558E-18	1.403785E-19
1.364939E+04	1.905306E-18	1.423489E-19
1.368939E+04	1.923185E-18	1.441528E-19
1.372939E+04	1.939947E-18	1.457476E-19
1.376939E+04	1.955380E-18	1.471010E-19
1.380939E+04	1.969300E-18	1.481890E-19
1.384939E+04	1.981554E-18	1.489938E-19
1.388939E+04	1.992021E-18	1.495026E-19
1.392939E+04	2.000623E-18	1.497072E-19
1.396939E+04	2.007320E-18	1.496045E-19
1.400939E+04	2.012103E-18	1.491950E-19
1.404939E+04	2.015001E-18	1.484825E-19
1.408939E+04	2.016079E-18	1.474755E-19
1.412939E+04	2.015441E-18	1.461906E-19
1.416939E+04	2.013212E-18	1.446534E-19
1.420939E+04	2.009535E-18	1.428986E-19
1.424939E+04	2.004565E-18	1.409684E-19
1.428939E+04	1.998475E-18	1.389123E-19
1.432939E+04	1.991456E-18	1.367847E-19
1.436939E+04	1.983709E-18	1.346428E-19
1.440939E+04	1.975445E-18	1.325432E-19
1.444939E+04	1.966872E-18	1.305362E-19
1.448939E+04	1.958188E-18	1.286588E-19
1.452939E+04	1.949570E-18	1.269296E-19
1.456939E+04	1.941180E-18	1.253484E-19
1.460939E+04	1.933176E-18	1.239016E-19
1.464939E+04	1.925720E-18	1.225687E-19
1.468939E+04	1.918982E-18	1.213275E-19
1.472939E+04	1.913133E-18	1.201597E-19
1.476939E+04	1.908338E-18	1.190529E-19
1.480939E+04	1.904752E-18	1.180021E-19
1.484939E+04	1.902524E-18	1.170101E-19
1.488939E+04	1.901795E-18	1.160849E-19
1.492939E+04	1.902691E-18	1.152366E-19
1.496939E+04	1.905318E-18	1.144722E-19
1.500939E+04	1.909767E-18	1.137944E-19
1.504939E+04	1.916119E-18	1.132016E-19
1.508939E+04	1.924473E-18	1.126905E-19
1.512939E+04	1.934961E-18	1.122572E-19
1.516939E+04	1.947750E-18	1.118990E-19
1.520939E+04	1.963027E-18	1.116153E-19
1.524939E+04	1.980987E-18	1.114073E-19
1.528939E+04	2.001825E-18	1.112795E-19
1.532939E+04	2.025734E-18	1.112429E-19
1.536939E+04	2.052908E-18	1.113186E-19
1.540939E+04	2.083538E-18	1.115401E-19
1.544939E+04	2.117802E-18	1.119540E-19
1.548939E+04	2.155863E-18	1.126176E-19
1.552939E+04	2.197865E-18	1.135933E-19
1.556939E+04	2.243935E-18	1.149372E-19
1.560939E+04	2.294167E-18	1.166820E-19
1.564939E+04	2.348572E-18	1.188185E-19
1.568939E+04	2.407004E-18	1.212868E-19
1.572939E+04	2.469098E-18	1.239803E-19
1.576939E+04	2.534278E-18	1.267621E-19
1.580939E+04	2.601801E-18	1.294879E-19
1.584939E+04	2.670784E-18	1.320220E-19
1.588939E+04	2.740212E-18	1.342483E-19
1.592939E+04	2.808923E-18	1.360747E-19
1.596939E+04	2.875561E-18	1.374339E-19
1.600939E+04	2.938521E-18	1.382837E-19
1.604939E+04	2.995923E-18	1.386073E-19
1.608939E+04	3.045630E-18	1.384160E-19
1.612939E+04	3.085338E-18	1.377515E-19
1.616939E+04	3.112725E-18	1.366846E-19
1.620939E+04	3.125752E-18	1.353076E-19
1.624939E+04	3.123162E-18	1.337204E-19
1.628939E+04	3.105076E-18	1.320161E-19
1.632939E+04	3.073144E-18	1.302663E-19
1.636939E+04	3.030023E-18	1.285152E-19
1.640939E+04	2.978693E-18	1.267822E-19
1.644939E+04	2.921992E-18	1.250697E-19
1.648939E+04	2.862363E-18	1.233691E-19
1.652939E+04	2.801789E-18	1.216681E-19
1.656939E+04	2.741838E-18	1.199623E-19
1.660939E+04	2.683734E-18	1.182627E-19
1.664939E+04	2.628388E-18	1.165895E-19
1.668939E+04	2.576432E-18	1.149664E-19
1.672939E+04	2.528282E-18	1.134223E-19
1.676939E+04	2.484211E-18	1.119961E-19
1.680939E+04	2.444393E-18	1.107322E-19
1.684939E+04	2.408897E-18	1.096640E-19
1.688939E+04	2.377678E-18	1.087985E-19
1.692939E+04	2.350594E-18	1.081186E-19
1.696939E+04	2.327445E-18	1.075967E-19
1.700939E+04	2.308004E-18	1.072052E-19
1.704939E+04	2.292043E-18	1.069213E-19
1.708939E+04	2.279341E-18	1.067246E-19
1.712939E+04	2.269684E-18	1.065951E-19
1.716939E+04	2.262860E-18	1.065130E-19
1.720939E+04	2.258662E-18	1.064631E-19
1.724939E+04	2.256877E-18	1.064400E-19
1.728939E+04	2.257295E-18	1.064531E-19
1.732939E+04	2.259722E-18	1.065302E-19
1.736939E+04	2.263984E-18	1.067141E-19
1.740939E+04	2.269932E-18	1.070549E-19
1.744939E+04	2.277437E-18	1.075986E-19
1.748939E+04	2.286386E-18	1.083808E-19
1.752939E+04	2.296689E-18	1.094265E-19
1.756939E+04	2.308262E-18	1.107518E-19
1.760939E+04	2.321020E-18	1.123643E-19
1.764939E+04	2.334869E-18	1.142627E-19
1.768939E+04	2.349702E-18	1.164443E-19
1.772939E+04	2.365419E-18	1.189108E-19
1.776939E+04	2.381922E-18	1.216653E-19
1.780939E+04	2.399105E-18	1.247032E-19
1.784939E+04	2.416856E-18	1.280055E-19
1.788939E+04	2.435059E-18	1.315411E-19
1.792939E+04	2.453605E-18	1.352697E-19
1.796939E+04	2.472414E-18	1.391425E-19
1.800939E+04	2.491444E-18	1.431049E-19
1.804939E+04	2.510708E-18	1.471047E-19
1.808939E+04	2.530268E-18	1.510992E-19
1.812939E+04	2.550216E-18	1.550585E-19
1.816939E+04	2.570655E-18	1.589639E-19
1.820939E+04	2.591676E-18	1.628060E-19
1.824939E+04	2.613354E-18	1.665832E-19
1.828939E+04	2.635744E-18	1.703005E-19
1.832939E+04	2.658886E-18	1.739658E-19
1.836939E+04	2.682809E-18	1.775866E-19
1.840939E+04	2.707530E-18	1.811660E-19
1.844939E+04	2.733043E-18	1.846997E-19
1.848939E+04	2.759298E-18	1.881699E-19
1.852939E+04	2.786193E-18	1.915435E-19
1.856939E+04	2.813575E-18	1.947760E-19
1.860939E+04	2.841255E-18	1.978180E-19
1.864939E+04	2.869027E-18	2.006197E-19
1.868939E+04	2.896683E-18	2.031355E-19
1.872939E+04	2.924042E-18	2.053288E-19
1.876939E+04	2.950969E-18	2.071761E-19
1.880939E+04	2.977379E-18	2.086681E-19
1.884939E+04	3.003225E-18	2.098075E-19
1.888939E+04	3.028487E-18	2.106054E-19
1.892939E+04	3.053160E-18	2.110762E-19
1.896939E+04	3.077253E-18	2.112330E-19
1.900939E+04	3.100792E-18	2.110871E-19
1.904939E+04	3.123845E-18	2.106521E-19
1.908939E+04	3.146527E-18	2.099492E-19
1.912939E+04	3.168989E-18	2.090063E-19
1.916939E+04	3.191410E-18	2.078547E-19
1.920939E+04	3.213991E-18	2.065252E-19
1.924939E+04	3.236939E-18	2.050427E-19
1.928939E+04	3.260464E-18	2.034209E-19
1.932939E+04	3.284762E-18	2.016634E-19
1.936939E+04	3.310016E-18	1.997710E-19
1.940939E+04	3.336389E-18	1.977467E-19
1.944939E+04	3.364011E-18	1.955958E-19
1.948939E+04	3.392971E-18	1.933242E-19
1.952939E+04	3.423327E-18	1.909434E-19
1.956939E+04	3.455131E-18	1.884815E-19
1.960939E+04	3.488453E-18	1.859949E-19
1.964939E+04	3.523377E-18	1.835765E-19
1.968939E+04	3.559999E-18	1.813599E-19
1.972939E+04	3.598419E-18	1.795144E-19
1.976939E+04	3.638746E-18	1.782295E-19
1.980939E+04	3.681062E-18	1.776805E-19
1.984939E+04	3.725370E-18	1.779797E-19
1.988939E+04	3.771572E-18	1.791303E-19
1.992939E+04	3.819498E-18	1.810081E-19
1.996939E+04	3.868938E-18	1.833939E-19
2.000939E+04	3.919671E-18	1.860305E-19
2.004939E+04	3.971487E-18	1.886743E-19
2.008939E+04	4.024226E-18	1.911343E-19
2.012939E+04	4.077793E-18	1.932924E-19
2.016939E+04	4.132152E-18	1.951089E-19
2.020939E+04	4.187304E-18	1.966173E-19
2.024939E+04	4.243262E-18	1.979088E-19
2.028939E+04	4.299986E-18	1.991075E-19
2.032939E+04	4.357342E-18	2.003419E-19
2.036939E+04	4.415091E-18	2.017236E-19
2.040939E+04	4.472912E-18	2.033257E-19
2.044939E+04	4.530416E-18	2.051564E-19
2.048939E+04	4.587186E-18	2.071407E-19
2.052939E+04	4.642815E-18	2.091334E-19
2.056939E+04	4.696917E-18	2.109644E-19
2.060939E+04	4.749122E-18	2.124851E-19
2.064939E+04	4.799068E-18	2.135955E-19
2.068939E+04	4.846413E-18	2.142529E-19
2.072939E+04	4.890838E-18	2.144650E-19
2.076939E+04	4.932047E-18	2.142738E-19
2.080939E+04	4.969767E-18	2.137349E-19
2.084939E+04	5.003744E-18	2.129096E-19
2.088939E+04	5.033746E-18	2.118744E-19
2.092939E+04	5.059563E-18	2.107276E-19
2.096939E+04	5.081020E-18	2.095749E-19
2.100939E+04	5.098007E-18	2.084941E-19
2.104939E+04	5.110488E-18	2.075082E-19
2.108939E+04	5.118491E-18	2.065982E-19
2.112939E+04	5.122093E-18	2.057423E-19
2.116939E+04	5.121414E-18	2.049464E-19
2.120939E+04	5.116608E-18	2.042503E-19
2.124939E+04	5.107832E-18	2.037145E-19
2.128939E+04	5.095214E-18	2.033933E-19
2.132939E+04	5.078845E-18	2.033064E-19
2.136939E+04	5.058786E-18	2.034328E-19
2.140939E+04	5.035103E-18	2.037262E-19
2.144939E+04	5.007898E-18	2.041315E-19
2.148939E+04	4.977329E-18	2.045965E-19
2.152939E+04	4.943616E-18	2.050829E-19
2.156939E+04	4.907039E-18	2.055804E-19
2.160939E+04	4.867912E-18	2.061137E-19
2.164939E+04	4.826569E-18	2.067322E-19
2.168939E+04	4.783349E-18	2.074870E-19
2.172939E+04	4.738583E-18	2.084141E-19
2.176939E+04	4.692575E-18	2.095323E-19
2.180939E+04	4.645596E-18	2.108506E-19
2.184939E+04	4.597882E-18	2.123745E-19
2.188939E+04	4.549649E-18	2.141090E-19
2.192939E+04	4.501107E-18	2.160581E-19
2.196939E+04	4.452470E-18	2.182200E-19
2.200939E+04	4.403954E-18	2.205826E-19
2.204939E+04	4.355756E-18	2.231242E-19
2.208939E+04	4.308043E-18	2.258142E-19
2.212939E+04	4.260968E-18	2.286153E-19
2.216939E+04	4.214679E-18	2.314866E-19
2.220939E+04	4.169318E-18	2.343897E-19
2.224939E+04	4.125014E-18	2.372917E-19
2.228939E+04	4.081880E-18	2.401666E-19
2.232939E+04	4.040039E-18	2.429925E-19
2.236939E+04	3.999634E-18	2.457478E-19
2.240939E+04	3.960831E-18	2.484098E-19
2.244939E+04	3.923809E-18	2.509557E-19
2.248939E+04	3.888746E-18	2.533662E-19
2.252939E+04	3.855804E-18	2.556287E-19
2.256939E+04	3.825121E-18	2.577398E-19
2.260939E+04	3.796808E-18	2.597066E-19
2.264939E+04	3.770952E-18	2.615458E-19
2.268939E+04	3.747622E-18	2.632835E-19
2.272939E+04	3.726865E-18	2.649517E-19
2.276939E+04	3.708713E-18	2.665855E-19
2.280939E+04	3.693180E-18	2.682200E-19
2.284939E+04	3.680266E-18	2.698890E-19
2.288939E+04	3.669957E-18	2.716248E-19
2.292939E+04	3.662229E-18	2.734574E-19
2.296939E+04	3.657057E-18	2.754140E-19
2.300939E+04	3.654412E-18	2.775172E-19
2.304939E+04	3.654270E-18	2.797846E-19
2.308939E+04	3.656608E-18	2.822292E-19
2.312939E+04	3.661401E-18	2.848605E-19
2.316939E+04	3.668630E-18	2.876874E-19
2.320939E+04	3.678280E-18	2.907191E-19
2.324939E+04	3.690341E-18	2.939661E-19
2.328939E+04	3.704808E-18	2.974406E-19
2.332939E+04	3.721679E-18	3.011556E-19
2.336939E+04	3.740948E-18	3.051235E-19
2.340939E+04	3.762612E-18	3.093568E-19
2.344939E+04	3.786674E-18	3.138693E-19
2.348939E+04	3.813150E-18	3.186788E-19
2.352939E+04	3.842069E-18	3.238070E-19
2.356939E+04	3.873468E-18	3.292795E-19
2.360939E+04	3.907393E-18	3.351267E-19
2.364939E+04	3.943899E-18	3.413861E-19
2.368939E+04	3.983035E-18	3.481050E-19
2.372939E+04	4.024841E-18	3.553423E-19
2.376939E+04	4.069335E-18	3.631713E-19
2.380939E+04	4.116513E-18	3.716821E-19
2.384939E+04	4.166348E-18	3.809827E-19
2.388939E+04	4.218786E-18	3.912008E-19
2.392939E+04	4.273750E-18	4.024832E-19
2.396939E+04	4.331145E-18	4.149958E-19
2.400939E+04	4.390846E-18	4.289218E-19
2.404939E+04	4.452697E-18	4.444580E-19
2.408939E+04	4.516513E-18	4.618095E-19
2.412939E+04	4.582090E-18	4.811832E-19
2.416939E+04	4.649206E-18	5.027811E-19
2.420939E+04	4.717628E-18	5.267946E-19
2.424939E+04	4.787107E-18	5.533978E-19
2.428939E+04	4.857393E-18	5.827413E-19
2.432939E+04	4.928248E-18	6.149459E-19
2.436939E+04	4.999467E-18	6.500978E-19
2.440939E+04	5.070882E-18	6.882423E-19
2.444939E+04	5.142358E-18	7.293806E-19
2.448939E+04	5.213792E-18	7.734705E-19
