#wls	flux	fluxerr
3.289393E+03	9.037159E-18	3.023166E-18
3.329393E+03	8.757434E-18	2.882759E-18
3.369393E+03	8.493710E-18	2.751612E-18
3.409393E+03	8.245259E-18	2.629140E-18
3.449393E+03	8.011397E-18	2.514793E-18
3.489393E+03	7.791476E-18	2.408055E-18
3.529393E+03	7.584889E-18	2.308439E-18
3.569393E+03	7.391061E-18	2.215487E-18
3.609393E+03	7.209453E-18	2.128772E-18
3.649393E+03	7.039555E-18	2.047888E-18
3.689393E+03	6.880887E-18	1.972456E-18
3.729393E+03	6.732997E-18	1.902119E-18
3.769393E+03	6.595459E-18	1.836543E-18
3.809393E+03	6.467870E-18	1.775411E-18
3.849393E+03	6.349851E-18	1.718427E-18
3.889393E+03	6.241045E-18	1.665313E-18
3.929393E+03	6.141113E-18	1.615807E-18
3.969393E+03	6.049738E-18	1.569663E-18
4.009393E+03	5.966617E-18	1.526649E-18
4.049393E+03	5.891465E-18	1.486547E-18
4.089393E+03	5.824015E-18	1.449151E-18
4.129393E+03	5.764009E-18	1.414269E-18
4.169393E+03	5.711207E-18	1.381716E-18
4.209393E+03	5.665377E-18	1.351320E-18
4.249393E+03	5.626299E-18	1.322916E-18
4.289393E+03	5.593764E-18	1.296350E-18
4.329393E+03	5.567569E-18	1.271472E-18
4.369393E+03	5.547518E-18	1.248141E-18
4.409393E+03	5.533422E-18	1.226223E-18
4.449393E+03	5.525092E-18	1.205586E-18
4.489393E+03	5.522346E-18	1.186105E-18
4.529393E+03	5.525000E-18	1.167660E-18
4.569393E+03	5.532868E-18	1.150132E-18
4.609393E+03	5.545765E-18	1.133408E-18
4.649393E+03	5.563498E-18	1.117375E-18
4.689393E+03	5.585869E-18	1.101926E-18
4.729393E+03	5.612672E-18	1.086953E-18
4.769393E+03	5.643692E-18	1.072351E-18
4.809393E+03	5.678701E-18	1.058020E-18
4.849393E+03	5.717461E-18	1.043858E-18
4.889393E+03	5.759715E-18	1.029770E-18
4.929393E+03	5.805195E-18	1.015660E-18
4.969393E+03	5.853613E-18	1.001438E-18
5.009393E+03	5.904665E-18	9.870175E-19
5.049393E+03	5.958028E-18	9.723177E-19
5.089393E+03	6.013359E-18	9.572629E-19
5.129393E+03	6.070297E-18	9.417850E-19
5.169393E+03	6.128462E-18	9.258241E-19
5.209393E+03	6.187455E-18	9.093299E-19
5.249393E+03	6.246857E-18	8.922632E-19
5.289393E+03	6.306236E-18	8.745974E-19
5.329393E+03	6.365139E-18	8.563201E-19
5.369393E+03	6.423102E-18	8.374343E-19
5.409393E+03	6.479645E-18	8.179602E-19
5.449393E+03	6.534280E-18	7.979364E-19
5.489393E+03	6.586506E-18	7.774215E-19
5.529393E+03	6.635818E-18	7.564944E-19
5.569393E+03	6.681704E-18	7.352553E-19
5.609393E+03	6.723652E-18	7.138255E-19
5.649393E+03	6.761154E-18	6.923456E-19
5.689393E+03	6.793724E-18	6.709700E-19
5.729393E+03	6.820944E-18	6.498538E-19
5.769393E+03	6.842490E-18	6.291425E-19
5.809393E+03	6.858133E-18	6.089691E-19
5.849393E+03	6.867736E-18	5.894524E-19
5.889393E+03	6.871267E-18	5.706929E-19
5.929393E+03	6.868799E-18	5.527690E-19
5.969393E+03	6.860497E-18	5.357364E-19
6.009393E+03	6.846605E-18	5.196281E-19
6.049393E+03	6.827446E-18	5.044581E-19
6.089393E+03	6.803440E-18	4.902252E-19
6.129393E+03	6.775103E-18	4.769155E-19
6.169393E+03	6.743023E-18	4.645042E-19
6.209393E+03	6.707845E-18	4.529602E-19
6.249393E+03	6.670274E-18	4.422487E-19
6.289393E+03	6.631058E-18	4.323313E-19
6.329393E+03	6.590970E-18	4.231658E-19
6.369393E+03	6.550772E-18	4.147070E-19
6.409393E+03	6.511189E-18	4.069088E-19
6.449393E+03	6.472912E-18	3.997245E-19
6.489393E+03	6.436619E-18	3.931070E-19
6.529393E+03	6.402985E-18	3.870096E-19
6.569393E+03	6.372685E-18	3.813856E-19
6.609393E+03	6.346370E-18	3.761896E-19
6.649393E+03	6.324648E-18	3.713810E-19
6.689393E+03	6.308063E-18	3.669285E-19
6.729393E+03	6.297092E-18	3.628114E-19
6.769393E+03	6.292169E-18	3.590167E-19
6.809393E+03	6.293692E-18	3.555358E-19
6.849393E+03	6.302002E-18	3.523601E-19
6.889393E+03	6.317341E-18	3.494811E-19
6.929393E+03	6.339842E-18	3.468910E-19
6.969393E+03	6.369523E-18	3.445822E-19
7.009393E+03	6.406301E-18	3.425437E-19
7.049393E+03	6.450010E-18	3.407538E-19
7.089393E+03	6.500413E-18	3.391676E-19
7.129393E+03	6.557205E-18	3.377056E-19
7.169393E+03	6.620007E-18	3.362505E-19
7.209393E+03	6.688346E-18	3.346519E-19
7.249393E+03	6.761633E-18	3.327360E-19
7.289393E+03	6.839160E-18	3.303144E-19
7.329393E+03	6.920127E-18	3.271938E-19
7.369393E+03	7.003656E-18	3.231870E-19
7.409393E+03	7.088778E-18	3.181201E-19
7.449393E+03	7.174437E-18	3.118395E-19
7.489393E+03	7.259510E-18	3.042229E-19
7.529393E+03	7.342825E-18	2.952049E-19
7.569393E+03	7.423163E-18	2.848176E-19
7.609393E+03	7.499269E-18	2.732433E-19
7.649393E+03	7.569858E-18	2.608762E-19
7.689393E+03	7.633645E-18	2.483872E-19
7.729393E+03	7.689362E-18	2.367713E-19
7.769393E+03	7.735760E-18	2.273369E-19
7.809393E+03	7.771652E-18	2.215504E-19
7.849393E+03	7.796059E-18	2.205280E-19
7.889393E+03	7.808525E-18	2.242022E-19
7.929393E+03	7.809121E-18	2.313960E-19
7.969393E+03	7.798228E-18	2.406545E-19
8.009393E+03	7.776453E-18	2.507109E-19
8.049393E+03	7.744575E-18	2.606272E-19
8.089393E+03	7.703492E-18	2.697852E-19
8.129393E+03	7.654192E-18	2.778254E-19
8.169393E+03	7.597721E-18	2.845787E-19
8.209393E+03	7.535173E-18	2.900043E-19
8.249393E+03	7.467696E-18	2.941378E-19
8.289393E+03	7.396519E-18	2.970552E-19
8.329393E+03	7.322917E-18	2.988587E-19
8.369393E+03	7.248144E-18	2.996686E-19
8.409393E+03	7.173371E-18	2.996022E-19
8.449393E+03	7.099634E-18	2.987547E-19
8.489393E+03	7.027815E-18	2.971934E-19
8.529393E+03	6.958636E-18	2.949555E-19
8.569393E+03	6.892646E-18	2.920449E-19
8.609393E+03	6.830241E-18	2.884306E-19
8.649393E+03	6.771692E-18	2.840578E-19
8.689393E+03	6.717164E-18	2.788752E-19
8.729393E+03	6.666731E-18	2.728547E-19
8.769393E+03	6.620375E-18	2.659961E-19
8.809393E+03	6.578021E-18	2.583271E-19
8.849393E+03	6.539597E-18	2.499103E-19
8.889393E+03	6.505074E-18	2.408586E-19
8.929393E+03	6.474469E-18	2.313603E-19
8.969393E+03	6.447832E-18	2.217015E-19
9.009393E+03	6.425281E-18	2.122840E-19
9.049393E+03	6.407008E-18	2.036447E-19
9.089393E+03	6.393297E-18	1.964581E-19
9.129393E+03	6.384561E-18	1.914943E-19
9.169393E+03	6.381332E-18	1.894929E-19
9.209393E+03	6.384033E-18	1.908525E-19
9.249393E+03	6.392565E-18	1.952256E-19
9.289393E+03	6.406412E-18	2.017488E-19
9.329393E+03	6.424919E-18	2.094917E-19
9.369393E+03	6.447352E-18	2.176498E-19
9.409393E+03	6.472932E-18	2.256046E-19
9.449393E+03	6.500860E-18	2.329189E-19
9.489393E+03	6.530341E-18	2.393105E-19
9.529393E+03	6.560596E-18	2.446285E-19
9.569393E+03	6.590846E-18	2.488354E-19
9.609393E+03	6.620307E-18	2.519906E-19
9.649393E+03	6.648201E-18	2.542399E-19
9.689393E+03	6.673780E-18	2.558176E-19
9.729393E+03	6.696314E-18	2.570571E-19
9.769393E+03	6.715108E-18	2.583926E-19
9.809393E+03	6.729510E-18	2.603418E-19
9.849393E+03	6.738935E-18	2.634635E-19
9.889393E+03	6.742914E-18	2.682747E-19
9.929393E+03	6.741196E-18	2.750745E-19
9.969393E+03	6.733952E-18	2.836598E-19
1.000939E+04	6.721630E-18	2.934843E-19
1.004939E+04	6.704752E-18	3.039400E-19
1.008939E+04	6.683864E-18	3.144678E-19
1.012939E+04	6.659515E-18	3.246023E-19
1.016939E+04	6.632251E-18	3.339877E-19
1.020939E+04	6.602609E-18	3.423771E-19
1.024939E+04	6.571109E-18	3.496242E-19
1.028939E+04	6.538261E-18	3.556681E-19
1.032939E+04	6.504575E-18	3.605149E-19
1.036939E+04	6.470570E-18	3.642207E-19
1.040939E+04	6.436765E-18	3.668797E-19
1.044939E+04	6.403659E-18	3.686120E-19
1.048939E+04	6.371688E-18	3.695488E-19
1.052939E+04	6.341195E-18	3.698212E-19
1.056939E+04	6.312421E-18	3.695550E-19
1.060939E+04	6.285518E-18	3.688692E-19
1.064939E+04	6.260569E-18	3.678772E-19
1.068939E+04	6.237602E-18	3.666870E-19
1.072939E+04	6.216593E-18	3.654002E-19
1.076939E+04	6.197461E-18	3.641124E-19
1.080939E+04	6.180070E-18	3.629136E-19
1.084939E+04	6.164255E-18	3.618837E-19
1.088939E+04	6.149892E-18	3.610844E-19
1.092939E+04	6.136930E-18	3.605543E-19
1.096939E+04	6.125339E-18	3.603139E-19
1.100939E+04	6.115059E-18	3.603690E-19
1.104939E+04	6.105998E-18	3.607074E-19
1.108939E+04	6.098069E-18	3.613009E-19
1.112939E+04	6.091205E-18	3.621094E-19
1.116939E+04	6.085352E-18	3.630850E-19
1.120939E+04	6.080473E-18	3.641738E-19
1.124939E+04	6.076572E-18	3.653211E-19
1.128939E+04	6.073711E-18	3.664791E-19
1.132939E+04	6.072004E-18	3.676117E-19
1.136939E+04	6.071612E-18	3.686974E-19
1.140939E+04	6.072744E-18	3.697275E-19
1.144939E+04	6.075640E-18	3.707025E-19
1.148939E+04	6.080571E-18	3.716292E-19
1.152939E+04	6.087842E-18	3.725173E-19
1.156939E+04	6.097758E-18	3.733765E-19
1.160939E+04	6.110583E-18	3.742150E-19
1.164939E+04	6.126540E-18	3.750399E-19
1.168939E+04	6.145812E-18	3.758567E-19
1.172939E+04	6.168530E-18	3.766680E-19
1.176939E+04	6.194768E-18	3.774736E-19
1.180939E+04	6.224543E-18	3.782709E-19
1.184939E+04	6.257796E-18	3.790536E-19
1.188939E+04	6.294364E-18	3.798116E-19
1.192939E+04	6.333970E-18	3.805317E-19
1.196939E+04	6.376221E-18	3.811992E-19
1.200939E+04	6.420622E-18	3.817981E-19
1.204939E+04	6.466576E-18	3.823158E-19
1.208939E+04	6.513385E-18	3.827523E-19
1.212939E+04	6.560242E-18	3.831239E-19
1.216939E+04	6.606255E-18	3.834618E-19
1.220939E+04	6.650484E-18	3.838099E-19
1.224939E+04	6.691978E-18	3.842205E-19
1.228939E+04	6.729797E-18	3.847492E-19
1.232939E+04	6.763031E-18	3.854492E-19
1.236939E+04	6.790832E-18	3.863628E-19
1.240939E+04	6.812442E-18	3.875131E-19
1.244939E+04	6.827243E-18	3.888954E-19
1.248939E+04	6.834801E-18	3.904690E-19
1.252939E+04	6.834898E-18	3.921598E-19
1.256939E+04	6.827556E-18	3.938712E-19
1.260939E+04	6.813081E-18	3.954963E-19
1.264939E+04	6.792093E-18	3.969336E-19
1.268939E+04	6.765507E-18	3.981003E-19
1.272939E+04	6.734475E-18	3.989424E-19
1.276939E+04	6.700331E-18	3.994416E-19
1.280939E+04	6.664551E-18	3.996193E-19
1.284939E+04	6.628711E-18	3.995345E-19
1.288939E+04	6.594425E-18	3.992765E-19
1.292939E+04	6.563276E-18	3.989561E-19
1.296939E+04	6.536766E-18	3.986999E-19
1.300939E+04	6.516281E-18	3.986449E-19
1.304939E+04	6.503060E-18	3.989304E-19
1.308939E+04	6.498187E-18	3.996898E-19
1.312939E+04	6.502583E-18	4.010423E-19
1.316939E+04	6.516958E-18	4.030862E-19
1.320939E+04	6.541758E-18	4.058940E-19
1.324939E+04	6.577140E-18	4.095095E-19
1.328939E+04	6.622988E-18	4.139448E-19
1.332939E+04	6.678921E-18	4.191782E-19
1.336939E+04	6.744319E-18	4.251510E-19
1.340939E+04	6.818342E-18	4.317670E-19
1.344939E+04	6.899936E-18	4.388964E-19
1.348939E+04	6.987842E-18	4.463820E-19
1.352939E+04	7.080592E-18	4.540461E-19
1.356939E+04	7.176527E-18	4.616987E-19
1.360939E+04	7.273857E-18	4.691469E-19
1.364939E+04	7.370772E-18	4.762051E-19
1.368939E+04	7.465555E-18	4.827064E-19
1.372939E+04	7.556685E-18	4.885109E-19
1.376939E+04	7.642881E-18	4.935080E-19
1.380939E+04	7.723049E-18	4.976166E-19
1.384939E+04	7.796223E-18	5.007850E-19
1.388939E+04	7.861572E-18	5.029918E-19
1.392939E+04	7.918467E-18	5.042416E-19
1.396939E+04	7.966562E-18	5.045548E-19
1.400939E+04	8.005788E-18	5.039610E-19
1.404939E+04	8.036288E-18	5.025008E-19
1.408939E+04	8.058388E-18	5.002301E-19
1.412939E+04	8.072588E-18	4.972224E-19
1.416939E+04	8.079539E-18	4.935620E-19
1.420939E+04	8.079956E-18	4.893410E-19
1.424939E+04	8.074595E-18	4.846619E-19
1.428939E+04	8.064310E-18	4.796351E-19
1.432939E+04	8.050056E-18	4.743689E-19
1.436939E+04	8.032822E-18	4.689632E-19
1.440939E+04	8.013561E-18	4.635105E-19
1.444939E+04	7.993160E-18	4.580988E-19
1.448939E+04	7.972477E-18	4.528081E-19
1.452939E+04	7.952383E-18	4.477053E-19
1.456939E+04	7.933713E-18	4.428424E-19
1.460939E+04	7.917203E-18	4.382582E-19
1.464939E+04	7.903533E-18	4.339775E-19
1.468939E+04	7.893379E-18	4.300148E-19
1.472939E+04	7.887420E-18	4.263818E-19
1.476939E+04	7.886322E-18	4.230914E-19
1.480939E+04	7.890697E-18	4.201571E-19
1.484939E+04	7.901104E-18	4.175865E-19
1.488939E+04	7.918166E-18	4.153734E-19
1.492939E+04	7.942578E-18	4.134973E-19
1.496939E+04	7.975001E-18	4.119333E-19
1.500939E+04	8.015982E-18	4.106598E-19
1.504939E+04	8.065947E-18	4.096615E-19
1.508939E+04	8.125215E-18	4.089330E-19
1.512939E+04	8.194010E-18	4.084884E-19
1.516939E+04	8.272480E-18	4.083674E-19
1.520939E+04	8.360702E-18	4.086320E-19
1.524939E+04	8.458686E-18	4.093522E-19
1.528939E+04	8.566375E-18	4.105911E-19
1.532939E+04	8.683617E-18	4.123931E-19
1.536939E+04	8.810141E-18	4.147785E-19
1.540939E+04	8.945575E-18	4.177344E-19
1.544939E+04	9.089450E-18	4.212006E-19
1.548939E+04	9.241191E-18	4.250543E-19
1.552939E+04	9.400046E-18	4.290890E-19
1.556939E+04	9.565028E-18	4.330110E-19
1.560939E+04	9.734897E-18	4.364571E-19
1.564939E+04	9.908077E-18	4.390219E-19
1.568939E+04	1.008261E-17	4.402666E-19
1.572939E+04	1.025620E-17	4.397138E-19
1.576939E+04	1.042641E-17	4.368530E-19
1.580939E+04	1.059068E-17	4.311809E-19
1.584939E+04	1.074631E-17	4.222572E-19
1.588939E+04	1.089042E-17	4.097535E-19
1.592939E+04	1.102012E-17	3.935005E-19
1.596939E+04	1.113243E-17	3.735405E-19
1.600939E+04	1.122446E-17	3.501866E-19
1.604939E+04	1.129361E-17	3.241121E-19
1.608939E+04	1.133801E-17	2.965109E-19
1.612939E+04	1.135691E-17	2.693249E-19
1.616939E+04	1.135093E-17	2.454745E-19
1.620939E+04	1.132209E-17	2.288441E-19
1.624939E+04	1.127340E-17	2.233145E-19
1.628939E+04	1.120710E-17	2.298855E-19
1.632939E+04	1.112338E-17	2.452173E-19
1.636939E+04	1.102280E-17	2.648920E-19
1.640939E+04	1.090694E-17	2.854393E-19
1.644939E+04	1.077820E-17	3.046556E-19
1.648939E+04	1.063947E-17	3.213500E-19
1.652939E+04	1.049371E-17	3.350392E-19
1.656939E+04	1.034376E-17	3.456918E-19
1.660939E+04	1.019220E-17	3.535455E-19
1.664939E+04	1.004135E-17	3.589804E-19
1.668939E+04	9.893140E-18	3.624232E-19
1.672939E+04	9.749018E-18	3.642902E-19
1.676939E+04	9.609989E-18	3.649910E-19
1.680939E+04	9.476694E-18	3.649238E-19
1.684939E+04	9.349477E-18	3.644311E-19
1.688939E+04	9.228505E-18	3.637607E-19
1.692939E+04	9.113825E-18	3.630644E-19
1.696939E+04	9.005351E-18	3.624267E-19
1.700939E+04	8.902881E-18	3.618866E-19
1.704939E+04	8.806148E-18	3.614532E-19
1.708939E+04	8.714893E-18	3.611192E-19
1.712939E+04	8.628898E-18	3.608695E-19
1.716939E+04	8.547968E-18	3.606924E-19
1.720939E+04	8.471913E-18	3.605869E-19
1.724939E+04	8.400575E-18	3.605698E-19
1.728939E+04	8.333884E-18	3.606755E-19
1.732939E+04	8.271917E-18	3.609427E-19
1.736939E+04	8.214857E-18	3.614149E-19
1.740939E+04	8.162879E-18	3.621586E-19
1.744939E+04	8.116120E-18	3.632667E-19
1.748939E+04	8.074756E-18	3.648311E-19
1.752939E+04	8.039056E-18	3.669195E-19
1.756939E+04	8.009320E-18	3.695782E-19
1.760939E+04	7.985847E-18	3.728343E-19
1.764939E+04	7.968945E-18	3.767055E-19
1.768939E+04	7.958921E-18	3.812200E-19
1.772939E+04	7.956049E-18	3.864268E-19
1.776939E+04	7.960558E-18	3.923933E-19
1.780939E+04	7.972630E-18	3.991907E-19
1.784939E+04	7.992387E-18	4.068772E-19
1.788939E+04	8.019835E-18	4.154907E-19
1.792939E+04	8.054798E-18	4.250451E-19
1.796939E+04	8.096902E-18	4.355238E-19
1.800939E+04	8.145638E-18	4.468681E-19
1.804939E+04	8.200398E-18	4.589788E-19
1.808939E+04	8.260459E-18	4.717338E-19
1.812939E+04	8.324977E-18	4.849970E-19
1.816939E+04	8.392959E-18	4.986187E-19
1.820939E+04	8.463242E-18	5.124340E-19
1.824939E+04	8.534541E-18	5.262687E-19
1.828939E+04	8.605515E-18	5.399484E-19
1.832939E+04	8.674835E-18	5.533021E-19
1.836939E+04	8.741233E-18	5.661599E-19
1.840939E+04	8.803482E-18	5.783526E-19
1.844939E+04	8.860347E-18	5.897125E-19
1.848939E+04	8.910635E-18	6.000712E-19
1.852939E+04	8.953347E-18	6.092654E-19
1.856939E+04	8.987777E-18	6.171398E-19
1.860939E+04	9.013466E-18	6.235446E-19
1.864939E+04	9.030113E-18	6.283456E-19
1.868939E+04	9.037545E-18	6.314425E-19
1.872939E+04	9.035734E-18	6.327844E-19
1.876939E+04	9.024895E-18	6.323785E-19
1.880939E+04	9.005521E-18	6.302914E-19
1.884939E+04	8.978315E-18	6.266416E-19
1.888939E+04	8.944114E-18	6.215868E-19
1.892939E+04	8.903929E-18	6.153090E-19
1.896939E+04	8.858879E-18	6.079979E-19
1.900939E+04	8.810101E-18	5.998379E-19
1.904939E+04	8.758724E-18	5.910075E-19
1.908939E+04	8.705849E-18	5.816841E-19
1.912939E+04	8.652526E-18	5.720397E-19
1.916939E+04	8.599726E-18	5.622323E-19
1.920939E+04	8.548376E-18	5.524031E-19
1.924939E+04	8.499368E-18	5.426829E-19
1.928939E+04	8.453525E-18	5.331988E-19
1.932939E+04	8.411581E-18	5.240713E-19
1.936939E+04	8.374153E-18	5.154042E-19
1.940939E+04	8.341723E-18	5.072798E-19
1.944939E+04	8.314626E-18	4.997596E-19
1.948939E+04	8.293041E-18	4.928875E-19
1.952939E+04	8.277005E-18	4.866944E-19
1.956939E+04	8.266449E-18	4.812047E-19
1.960939E+04	8.261237E-18	4.764435E-19
1.964939E+04	8.261216E-18	4.724385E-19
1.968939E+04	8.266203E-18	4.692186E-19
1.972939E+04	8.275954E-18	4.668097E-19
1.976939E+04	8.290171E-18	4.652234E-19
1.980939E+04	8.308527E-18	4.644462E-19
1.984939E+04	8.330704E-18	4.644347E-19
1.988939E+04	8.356419E-18	4.651137E-19
1.992939E+04	8.385419E-18	4.663770E-19
1.996939E+04	8.417488E-18	4.680939E-19
2.000939E+04	8.452433E-18	4.701206E-19
2.004939E+04	8.490038E-18	4.723180E-19
2.008939E+04	8.530034E-18	4.745708E-19
2.012939E+04	8.572103E-18	4.767990E-19
2.016939E+04	8.615886E-18	4.789589E-19
2.020939E+04	8.660982E-18	4.810414E-19
2.024939E+04	8.706938E-18	4.830637E-19
2.028939E+04	8.753244E-18	4.850549E-19
2.032939E+04	8.799405E-18	4.870392E-19
2.036939E+04	8.845008E-18	4.890253E-19
2.040939E+04	8.889738E-18	4.910011E-19
2.044939E+04	8.933334E-18	4.929326E-19
2.048939E+04	8.975572E-18	4.947669E-19
2.052939E+04	9.016262E-18	4.964416E-19
2.056939E+04	9.055249E-18	4.978981E-19
2.060939E+04	9.092372E-18	4.990909E-19
2.064939E+04	9.127424E-18	4.999881E-19
2.068939E+04	9.160134E-18	5.005694E-19
2.072939E+04	9.190178E-18	5.008261E-19
2.076939E+04	9.217188E-18	5.007608E-19
2.080939E+04	9.240754E-18	5.003844E-19
2.084939E+04	9.260438E-18	4.997130E-19
2.088939E+04	9.275769E-18	4.987633E-19
2.092939E+04	9.286240E-18	4.975509E-19
2.096939E+04	9.291327E-18	4.960886E-19
2.100939E+04	9.290505E-18	4.943831E-19
2.104939E+04	9.283266E-18	4.924336E-19
2.108939E+04	9.269196E-18	4.902393E-19
2.112939E+04	9.248021E-18	4.878077E-19
2.116939E+04	9.219608E-18	4.851594E-19
2.120939E+04	9.183968E-18	4.823271E-19
2.124939E+04	9.141235E-18	4.793494E-19
2.128939E+04	9.091654E-18	4.762668E-19
2.132939E+04	9.035570E-18	4.731208E-19
2.136939E+04	8.973424E-18	4.699536E-19
2.140939E+04	8.905719E-18	4.668068E-19
2.144939E+04	8.832997E-18	4.637179E-19
2.148939E+04	8.755811E-18	4.607167E-19
2.152939E+04	8.674679E-18	4.578189E-19
2.156939E+04	8.590051E-18	4.550244E-19
2.160939E+04	8.502340E-18	4.523262E-19
2.164939E+04	8.411925E-18	4.497148E-19
2.168939E+04	8.319168E-18	4.471795E-19
2.172939E+04	8.224424E-18	4.447099E-19
2.176939E+04	8.128056E-18	4.422981E-19
2.180939E+04	8.030421E-18	4.399406E-19
2.184939E+04	7.931873E-18	4.376388E-19
2.188939E+04	7.832758E-18	4.353974E-19
2.192939E+04	7.733404E-18	4.332234E-19
2.196939E+04	7.634103E-18	4.311241E-19
2.200939E+04	7.535118E-18	4.291062E-19
2.204939E+04	7.436704E-18	4.271760E-19
2.208939E+04	7.339109E-18	4.253392E-19
2.212939E+04	7.242591E-18	4.236002E-19
2.216939E+04	7.147404E-18	4.219611E-19
2.220939E+04	7.053781E-18	4.204216E-19
2.224939E+04	6.961939E-18	4.189776E-19
2.228939E+04	6.872097E-18	4.176219E-19
2.232939E+04	6.784496E-18	4.163448E-19
2.236939E+04	6.699394E-18	4.151338E-19
2.240939E+04	6.617034E-18	4.139753E-19
2.244939E+04	6.537621E-18	4.128546E-19
2.248939E+04	6.461322E-18	4.117563E-19
2.252939E+04	6.388276E-18	4.106653E-19
2.256939E+04	6.318612E-18	4.095695E-19
2.260939E+04	6.252458E-18	4.084618E-19
2.264939E+04	6.189911E-18	4.073389E-19
2.268939E+04	6.131025E-18	4.062017E-19
2.272939E+04	6.075813E-18	4.050571E-19
2.276939E+04	6.024266E-18	4.039200E-19
2.280939E+04	5.976381E-18	4.028157E-19
2.284939E+04	5.932178E-18	4.017768E-19
2.288939E+04	5.891684E-18	4.008383E-19
2.292939E+04	5.854928E-18	4.000354E-19
2.296939E+04	5.821944E-18	3.994018E-19
2.300939E+04	5.792772E-18	3.989685E-19
2.304939E+04	5.767462E-18	3.987618E-19
2.308939E+04	5.746064E-18	3.988021E-19
2.312939E+04	5.728630E-18	3.991052E-19
2.316939E+04	5.715210E-18	3.996829E-19
2.320939E+04	5.705850E-18	4.005442E-19
2.324939E+04	5.700586E-18	4.016970E-19
2.328939E+04	5.699436E-18	4.031480E-19
2.332939E+04	5.702408E-18	4.049017E-19
2.336939E+04	5.709504E-18	4.069610E-19
2.340939E+04	5.720736E-18	4.093290E-19
2.344939E+04	5.736125E-18	4.120114E-19
2.348939E+04	5.755698E-18	4.150178E-19
2.352939E+04	5.779484E-18	4.183638E-19
2.356939E+04	5.807518E-18	4.220721E-19
2.360939E+04	5.839837E-18	4.261751E-19
2.364939E+04	5.876484E-18	4.307159E-19
2.368939E+04	5.917492E-18	4.357483E-19
2.372939E+04	5.962869E-18	4.413369E-19
2.376939E+04	6.012590E-18	4.475600E-19
2.380939E+04	6.066601E-18	4.545137E-19
2.384939E+04	6.124832E-18	4.623154E-19
2.388939E+04	6.187200E-18	4.711060E-19
2.392939E+04	6.253607E-18	4.810546E-19
2.396939E+04	6.323929E-18	4.923618E-19
2.400939E+04	6.398010E-18	5.052604E-19
2.404939E+04	6.475656E-18	5.200121E-19
2.408939E+04	6.556654E-18	5.369025E-19
2.412939E+04	6.640770E-18	5.562335E-19
2.416939E+04	6.727761E-18	5.783138E-19
2.420939E+04	6.817405E-18	6.034495E-19
2.424939E+04	6.909529E-18	6.319349E-19
2.428939E+04	7.004004E-18	6.640408E-19
2.432939E+04	7.100705E-18	7.000038E-19
2.436939E+04	7.199508E-18	7.400168E-19
2.440939E+04	7.300315E-18	7.842232E-19
2.444939E+04	7.403060E-18	8.327167E-19
2.448939E+04	7.507697E-18	8.855444E-19
