#wls	flux	fluxerr
3.289393E+03	9.432936E-19	5.653019E-20
3.329393E+03	9.860709E-19	5.334199E-20
3.369393E+03	1.031444E-18	5.040142E-20
3.409393E+03	1.079538E-18	4.785941E-20
3.449393E+03	1.130483E-18	4.588526E-20
3.489393E+03	1.184406E-18	4.462788E-20
3.529393E+03	1.241432E-18	4.415690E-20
3.569393E+03	1.301674E-18	4.443458E-20
3.609393E+03	1.365236E-18	4.535501E-20
3.649393E+03	1.432202E-18	4.681536E-20
3.689393E+03	1.502637E-18	4.877733E-20
3.729393E+03	1.576578E-18	5.130306E-20
3.769393E+03	1.654039E-18	5.455708E-20
3.809393E+03	1.735022E-18	5.876145E-20
3.849393E+03	1.819548E-18	6.409961E-20
3.889393E+03	1.907686E-18	7.062168E-20
3.929393E+03	1.999560E-18	7.823424E-20
3.969393E+03	2.095322E-18	8.675641E-20
4.009393E+03	2.195143E-18	9.597187E-20
4.049393E+03	2.299190E-18	1.056557E-19
4.089393E+03	2.407636E-18	1.155840E-19
4.129393E+03	2.520652E-18	1.255359E-19
4.169393E+03	2.638410E-18	1.352926E-19
4.209393E+03	2.761082E-18	1.446352E-19
4.249393E+03	2.888844E-18	1.533437E-19
4.289393E+03	3.021865E-18	1.611959E-19
4.329393E+03	3.160307E-18	1.679681E-19
4.369393E+03	3.304316E-18	1.734369E-19
4.409393E+03	3.454008E-18	1.773835E-19
4.449393E+03	3.609473E-18	1.796024E-19
4.489393E+03	3.770761E-18	1.799134E-19
4.529393E+03	3.937891E-18	1.781829E-19
4.569393E+03	4.110849E-18	1.743561E-19
4.609393E+03	4.289593E-18	1.685127E-19
4.649393E+03	4.474045E-18	1.609569E-19
4.689393E+03	4.664079E-18	1.523606E-19
4.729393E+03	4.859510E-18	1.439679E-19
4.769393E+03	5.060094E-18	1.377908E-19
4.809393E+03	5.265537E-18	1.365002E-19
4.849393E+03	5.475501E-18	1.425388E-19
4.889393E+03	5.689588E-18	1.567706E-19
4.929393E+03	5.907334E-18	1.781996E-19
4.969393E+03	6.128223E-18	2.049814E-19
5.009393E+03	6.351663E-18	2.353482E-19
5.049393E+03	6.576965E-18	2.679146E-19
5.089393E+03	6.803332E-18	3.016520E-19
5.129393E+03	7.029865E-18	3.357900E-19
5.169393E+03	7.255580E-18	3.697327E-19
5.209393E+03	7.479436E-18	4.030022E-19
5.249393E+03	7.700362E-18	4.352022E-19
5.289393E+03	7.917265E-18	4.659942E-19
5.329393E+03	8.129036E-18	4.950794E-19
5.369393E+03	8.334561E-18	5.221861E-19
5.409393E+03	8.532740E-18	5.470607E-19
5.449393E+03	8.722507E-18	5.694634E-19
5.489393E+03	8.902872E-18	5.891670E-19
5.529393E+03	9.072960E-18	6.059566E-19
5.569393E+03	9.232037E-18	6.196330E-19
5.609393E+03	9.379514E-18	6.300190E-19
5.649393E+03	9.514962E-18	6.369697E-19
5.689393E+03	9.638109E-18	6.403785E-19
5.729393E+03	9.748835E-18	6.401767E-19
5.769393E+03	9.847168E-18	6.363291E-19
5.809393E+03	9.933273E-18	6.288309E-19
5.849393E+03	1.000745E-17	6.177042E-19
5.889393E+03	1.007016E-17	6.029944E-19
5.929393E+03	1.012200E-17	5.847679E-19
5.969393E+03	1.016368E-17	5.631154E-19
6.009393E+03	1.019604E-17	5.381593E-19
6.049393E+03	1.021998E-17	5.100629E-19
6.089393E+03	1.023644E-17	4.790438E-19
6.129393E+03	1.024641E-17	4.453986E-19
6.169393E+03	1.025089E-17	4.095469E-19
6.209393E+03	1.025090E-17	3.721077E-19
6.249393E+03	1.024749E-17	3.340208E-19
6.289393E+03	1.024167E-17	2.967365E-19
6.329393E+03	1.023445E-17	2.624826E-19
6.369393E+03	1.022679E-17	2.344962E-19
6.409393E+03	1.021962E-17	2.167182E-19
6.449393E+03	1.021402E-17	2.120981E-19
6.489393E+03	1.021152E-17	2.201466E-19
6.529393E+03	1.021413E-17	2.369944E-19
6.569393E+03	1.022408E-17	2.580532E-19
6.609393E+03	1.024352E-17	2.798456E-19
6.649393E+03	1.027454E-17	3.002586E-19
6.689393E+03	1.031899E-17	3.181976E-19
6.729393E+03	1.037843E-17	3.332185E-19
6.769393E+03	1.045396E-17	3.452630E-19
6.809393E+03	1.054614E-17	3.544906E-19
6.849393E+03	1.065497E-17	3.611830E-19
6.889393E+03	1.077980E-17	3.657003E-19
6.929393E+03	1.091942E-17	3.684697E-19
6.969393E+03	1.107203E-17	3.699781E-19
7.009393E+03	1.123552E-17	3.707536E-19
7.049393E+03	1.140756E-17	3.713247E-19
7.089393E+03	1.158580E-17	3.721469E-19
7.129393E+03	1.176792E-17	3.735155E-19
7.169393E+03	1.195188E-17	3.755080E-19
7.209393E+03	1.213600E-17	3.779829E-19
7.249393E+03	1.231877E-17	3.806185E-19
7.289393E+03	1.249872E-17	3.829725E-19
7.329393E+03	1.267439E-17	3.845521E-19
7.369393E+03	1.284448E-17	3.848614E-19
7.409393E+03	1.300815E-17	3.833945E-19
7.449393E+03	1.316524E-17	3.796043E-19
7.489393E+03	1.331645E-17	3.729026E-19
7.529393E+03	1.346345E-17	3.627188E-19
7.569393E+03	1.360883E-17	3.486085E-19
7.609393E+03	1.375589E-17	3.303999E-19
7.649393E+03	1.390807E-17	3.083895E-19
7.689393E+03	1.406812E-17	2.836260E-19
7.729393E+03	1.423757E-17	2.583436E-19
7.769393E+03	1.441675E-17	2.364749E-19
7.809393E+03	1.460500E-17	2.235062E-19
7.849393E+03	1.480010E-17	2.240408E-19
7.889393E+03	1.499713E-17	2.377994E-19
7.929393E+03	1.518868E-17	2.599183E-19
7.969393E+03	1.536670E-17	2.850331E-19
8.009393E+03	1.552413E-17	3.095034E-19
8.049393E+03	1.565577E-17	3.314731E-19
8.089393E+03	1.575859E-17	3.502953E-19
8.129393E+03	1.583171E-17	3.659787E-19
8.169393E+03	1.587626E-17	3.787805E-19
8.209393E+03	1.589513E-17	3.889745E-19
8.249393E+03	1.589266E-17	3.967768E-19
8.289393E+03	1.587427E-17	4.023705E-19
8.329393E+03	1.584597E-17	4.059863E-19
8.369393E+03	1.581377E-17	4.079681E-19
8.409393E+03	1.578318E-17	4.087608E-19
8.449393E+03	1.575881E-17	4.088518E-19
8.489393E+03	1.574428E-17	4.086953E-19
8.529393E+03	1.574217E-17	4.086132E-19
8.569393E+03	1.575413E-17	4.087012E-19
8.609393E+03	1.578102E-17	4.087898E-19
8.649393E+03	1.582304E-17	4.084906E-19
8.689393E+03	1.587990E-17	4.073087E-19
8.729393E+03	1.595077E-17	4.047543E-19
8.769393E+03	1.603435E-17	4.003928E-19
8.809393E+03	1.612901E-17	3.938377E-19
8.849393E+03	1.623317E-17	3.847092E-19
8.889393E+03	1.634553E-17	3.726018E-19
8.929393E+03	1.646519E-17	3.571146E-19
8.969393E+03	1.659157E-17	3.379542E-19
9.009393E+03	1.672438E-17	3.151515E-19
9.049393E+03	1.686339E-17	2.895249E-19
9.089393E+03	1.700835E-17	2.635121E-19
9.129393E+03	1.715878E-17	2.421946E-19
9.169393E+03	1.731402E-17	2.331498E-19
9.209393E+03	1.747339E-17	2.421585E-19
9.249393E+03	1.763617E-17	2.670576E-19
9.289393E+03	1.780152E-17	3.002110E-19
9.329393E+03	1.796803E-17	3.346026E-19
9.369393E+03	1.813360E-17	3.658164E-19
9.409393E+03	1.829542E-17	3.916001E-19
9.449393E+03	1.845009E-17	4.110681E-19
9.489393E+03	1.859378E-17	4.240621E-19
9.529393E+03	1.872232E-17	4.307055E-19
9.569393E+03	1.883145E-17	4.310955E-19
9.609393E+03	1.891743E-17	4.250931E-19
9.649393E+03	1.897784E-17	4.122877E-19
9.689393E+03	1.901195E-17	3.922325E-19
9.729393E+03	1.902056E-17	3.649473E-19
9.769393E+03	1.900596E-17	3.316468E-19
9.809393E+03	1.897198E-17	2.958192E-19
9.849393E+03	1.892401E-17	2.647699E-19
9.889393E+03	1.886855E-17	2.501334E-19
9.929393E+03	1.881188E-17	2.619327E-19
9.969393E+03	1.875837E-17	2.980009E-19
1.000939E+04	1.871080E-17	3.476427E-19
1.004939E+04	1.867139E-17	4.013612E-19
1.008939E+04	1.864223E-17	4.532717E-19
1.012939E+04	1.862533E-17	5.001025E-19
1.016939E+04	1.862275E-17	5.401666E-19
1.020939E+04	1.863654E-17	5.727883E-19
1.024939E+04	1.866874E-17	5.980175E-19
1.028939E+04	1.872142E-17	6.164737E-19
1.032939E+04	1.879676E-17	6.292354E-19
1.036939E+04	1.889695E-17	6.377245E-19
1.040939E+04	1.902415E-17	6.435591E-19
1.044939E+04	1.918022E-17	6.483566E-19
1.048939E+04	1.936637E-17	6.534890E-19
1.052939E+04	1.958278E-17	6.598891E-19
1.056939E+04	1.982853E-17	6.680502E-19
1.060939E+04	2.010174E-17	6.781622E-19
1.064939E+04	2.039970E-17	6.902317E-19
1.068939E+04	2.071908E-17	7.041695E-19
1.072939E+04	2.105607E-17	7.198849E-19
1.076939E+04	2.140681E-17	7.373527E-19
1.080939E+04	2.176783E-17	7.565931E-19
1.084939E+04	2.213630E-17	7.775844E-19
1.088939E+04	2.251010E-17	8.001826E-19
1.092939E+04	2.288756E-17	8.240633E-19
1.096939E+04	2.326715E-17	8.486701E-19
1.100939E+04	2.364723E-17	8.731697E-19
1.104939E+04	2.402592E-17	8.964343E-19
1.108939E+04	2.440105E-17	9.170659E-19
1.112939E+04	2.477010E-17	9.334637E-19
1.116939E+04	2.513022E-17	9.439183E-19
1.120939E+04	2.547815E-17	9.467267E-19
1.124939E+04	2.581012E-17	9.403287E-19
1.128939E+04	2.612173E-17	9.234542E-19
1.132939E+04	2.640799E-17	8.952822E-19
1.136939E+04	2.666328E-17	8.556313E-19
1.140939E+04	2.688145E-17	8.052107E-19
1.144939E+04	2.705588E-17	7.459782E-19
1.148939E+04	2.717975E-17	6.816639E-19
1.152939E+04	2.724647E-17	6.184339E-19
1.156939E+04	2.725035E-17	5.652745E-19
1.160939E+04	2.718759E-17	5.327460E-19
1.164939E+04	2.705785E-17	5.282359E-19
1.168939E+04	2.686671E-17	5.496934E-19
1.172939E+04	2.662463E-17	5.873906E-19
1.176939E+04	2.634407E-17	6.308698E-19
1.180939E+04	2.603777E-17	6.725147E-19
1.184939E+04	2.571782E-17	7.078107E-19
1.188939E+04	2.539489E-17	7.344875E-19
1.192939E+04	2.507786E-17	7.516594E-19
1.196939E+04	2.477343E-17	7.591994E-19
1.200939E+04	2.448620E-17	7.573218E-19
1.204939E+04	2.421867E-17	7.463270E-19
1.208939E+04	2.397134E-17	7.264436E-19
1.212939E+04	2.374280E-17	6.977492E-19
1.216939E+04	2.352990E-17	6.601804E-19
1.220939E+04	2.332808E-17	6.136534E-19
1.224939E+04	2.313192E-17	5.582762E-19
1.228939E+04	2.293577E-17	4.946935E-19
1.232939E+04	2.273433E-17	4.247664E-19
1.236939E+04	2.252321E-17	3.530213E-19
1.240939E+04	2.229949E-17	2.897083E-19
1.244939E+04	2.206184E-17	2.545093E-19
1.248939E+04	2.180988E-17	2.667573E-19
1.252939E+04	2.154232E-17	3.179570E-19
1.256939E+04	2.125800E-17	3.850295E-19
1.260939E+04	2.095735E-17	4.530218E-19
1.264939E+04	2.064243E-17	5.149257E-19
1.268939E+04	2.031660E-17	5.677994E-19
1.272939E+04	1.998406E-17	6.107436E-19
1.276939E+04	1.964961E-17	6.440051E-19
1.280939E+04	1.931828E-17	6.685379E-19
1.284939E+04	1.899520E-17	6.857324E-19
1.288939E+04	1.868549E-17	6.971987E-19
1.292939E+04	1.839412E-17	7.045840E-19
1.296939E+04	1.812578E-17	7.094442E-19
1.300939E+04	1.788468E-17	7.131708E-19
1.304939E+04	1.767435E-17	7.169562E-19
1.308939E+04	1.749746E-17	7.217722E-19
1.312939E+04	1.735579E-17	7.283588E-19
1.316939E+04	1.725028E-17	7.372457E-19
1.320939E+04	1.718108E-17	7.487942E-19
1.324939E+04	1.714761E-17	7.632282E-19
1.328939E+04	1.714866E-17	7.806442E-19
1.332939E+04	1.718242E-17	8.010063E-19
1.336939E+04	1.724655E-17	8.241361E-19
1.340939E+04	1.733814E-17	8.497033E-19
1.344939E+04	1.745382E-17	8.772290E-19
1.348939E+04	1.758982E-17	9.061140E-19
1.352939E+04	1.774204E-17	9.356925E-19
1.356939E+04	1.790616E-17	9.652864E-19
1.360939E+04	1.807767E-17	9.942441E-19
1.364939E+04	1.825204E-17	1.021963E-18
1.368939E+04	1.842488E-17	1.047906E-18
1.372939E+04	1.859212E-17	1.071604E-18
1.376939E+04	1.875019E-17	1.092652E-18
1.380939E+04	1.889597E-17	1.110704E-18
1.384939E+04	1.902681E-17	1.125478E-18
1.388939E+04	1.914059E-17	1.136767E-18
1.392939E+04	1.923573E-17	1.144452E-18
1.396939E+04	1.931126E-17	1.148505E-18
1.400939E+04	1.936678E-17	1.148992E-18
1.404939E+04	1.940244E-17	1.146060E-18
1.408939E+04	1.941885E-17	1.139928E-18
1.412939E+04	1.941690E-17	1.130883E-18
1.416939E+04	1.939775E-17	1.119267E-18
1.420939E+04	1.936271E-17	1.105473E-18
1.424939E+04	1.931325E-17	1.089922E-18
1.428939E+04	1.925098E-17	1.073055E-18
1.432939E+04	1.917769E-17	1.055318E-18
1.436939E+04	1.909535E-17	1.037159E-18
1.440939E+04	1.900605E-17	1.019018E-18
1.444939E+04	1.891199E-17	1.001295E-18
1.448939E+04	1.881544E-17	9.843073E-19
1.452939E+04	1.871867E-17	9.682600E-19
1.456939E+04	1.862394E-17	9.532351E-19
1.460939E+04	1.853342E-17	9.391833E-19
1.464939E+04	1.844921E-17	9.259218E-19
1.468939E+04	1.837329E-17	9.131578E-19
1.472939E+04	1.830756E-17	9.005400E-19
1.476939E+04	1.825375E-17	8.877166E-19
1.480939E+04	1.821338E-17	8.743791E-19
1.484939E+04	1.818773E-17	8.602837E-19
1.488939E+04	1.817771E-17	8.452531E-19
1.492939E+04	1.818390E-17	8.291652E-19
1.496939E+04	1.820651E-17	8.119443E-19
1.500939E+04	1.824541E-17	7.935578E-19
1.504939E+04	1.830023E-17	7.740323E-19
1.508939E+04	1.837044E-17	7.534954E-19
1.512939E+04	1.845535E-17	7.322366E-19
1.516939E+04	1.855410E-17	7.107690E-19
1.520939E+04	1.866565E-17	6.898836E-19
1.524939E+04	1.878872E-17	6.706847E-19
1.528939E+04	1.892182E-17	6.545851E-19
1.532939E+04	1.906325E-17	6.432107E-19
1.536939E+04	1.921109E-17	6.381548E-19
1.540939E+04	1.936313E-17	6.405348E-19
1.544939E+04	1.951691E-17	6.503162E-19
1.548939E+04	1.966976E-17	6.662045E-19
1.552939E+04	1.981888E-17	6.862961E-19
1.556939E+04	1.996147E-17	7.085659E-19
1.560939E+04	2.009470E-17	7.311524E-19
1.564939E+04	2.021575E-17	7.524793E-19
1.568939E+04	2.032185E-17	7.712747E-19
1.572939E+04	2.041033E-17	7.865504E-19
1.576939E+04	2.047873E-17	7.975846E-19
1.580939E+04	2.052490E-17	8.039204E-19
1.584939E+04	2.054710E-17	8.053681E-19
1.588939E+04	2.054405E-17	8.019994E-19
1.592939E+04	2.051489E-17	7.941340E-19
1.596939E+04	2.045921E-17	7.823338E-19
1.600939E+04	2.037716E-17	7.674081E-19
1.604939E+04	2.026940E-17	7.504193E-19
1.608939E+04	2.013718E-17	7.326767E-19
1.612939E+04	1.998220E-17	7.156966E-19
1.616939E+04	1.980651E-17	7.010944E-19
1.620939E+04	1.961242E-17	6.903857E-19
1.624939E+04	1.940233E-17	6.846790E-19
1.628939E+04	1.917871E-17	6.842213E-19
1.632939E+04	1.894400E-17	6.882211E-19
1.636939E+04	1.870066E-17	6.953783E-19
1.640939E+04	1.845111E-17	7.043120E-19
1.644939E+04	1.819762E-17	7.138026E-19
1.648939E+04	1.794232E-17	7.228974E-19
1.652939E+04	1.768713E-17	7.309289E-19
1.656939E+04	1.743376E-17	7.374847E-19
1.660939E+04	1.718366E-17	7.423608E-19
1.664939E+04	1.693803E-17	7.455140E-19
1.668939E+04	1.669787E-17	7.470227E-19
1.672939E+04	1.646396E-17	7.470559E-19
1.676939E+04	1.623688E-17	7.458455E-19
1.680939E+04	1.601708E-17	7.436575E-19
1.684939E+04	1.580490E-17	7.407623E-19
1.688939E+04	1.560058E-17	7.374130E-19
1.692939E+04	1.540434E-17	7.338311E-19
1.696939E+04	1.521637E-17	7.302005E-19
1.700939E+04	1.503686E-17	7.266660E-19
1.704939E+04	1.486600E-17	7.233363E-19
1.708939E+04	1.470403E-17	7.202891E-19
1.712939E+04	1.455122E-17	7.175780E-19
1.716939E+04	1.440793E-17	7.152387E-19
1.720939E+04	1.427462E-17	7.132973E-19
1.724939E+04	1.415183E-17	7.117770E-19
1.728939E+04	1.404021E-17	7.107069E-19
1.732939E+04	1.394049E-17	7.101283E-19
1.736939E+04	1.385346E-17	7.101005E-19
1.740939E+04	1.377998E-17	7.107061E-19
1.744939E+04	1.372096E-17	7.120556E-19
1.748939E+04	1.367733E-17	7.142882E-19
1.752939E+04	1.365007E-17	7.175696E-19
1.756939E+04	1.364014E-17	7.220877E-19
1.760939E+04	1.364854E-17	7.280472E-19
1.764939E+04	1.367623E-17	7.356659E-19
1.768939E+04	1.372421E-17	7.451712E-19
1.772939E+04	1.379345E-17	7.567978E-19
1.776939E+04	1.388484E-17	7.707804E-19
1.780939E+04	1.399920E-17	7.873429E-19
1.784939E+04	1.413715E-17	8.066852E-19
1.788939E+04	1.429907E-17	8.289694E-19
1.792939E+04	1.448502E-17	8.543039E-19
1.796939E+04	1.469466E-17	8.827288E-19
1.800939E+04	1.492714E-17	9.142039E-19
1.804939E+04	1.518107E-17	9.486027E-19
1.808939E+04	1.545445E-17	9.857088E-19
1.812939E+04	1.574470E-17	1.025210E-18
1.816939E+04	1.604856E-17	1.066688E-18
1.820939E+04	1.636208E-17	1.109608E-18
1.824939E+04	1.668063E-17	1.153320E-18
1.828939E+04	1.699900E-17	1.197072E-18
1.832939E+04	1.731156E-17	1.240029E-18
1.836939E+04	1.761242E-17	1.281305E-18
1.840939E+04	1.789583E-17	1.320015E-18
1.844939E+04	1.815641E-17	1.355328E-18
1.848939E+04	1.838944E-17	1.386505E-18
1.852939E+04	1.859091E-17	1.412945E-18
1.856939E+04	1.875770E-17	1.434193E-18
1.860939E+04	1.888754E-17	1.449945E-18
1.864939E+04	1.897911E-17	1.460041E-18
1.868939E+04	1.903196E-17	1.464455E-18
1.872939E+04	1.904660E-17	1.463299E-18
1.876939E+04	1.902447E-17	1.456831E-18
1.880939E+04	1.896788E-17	1.445463E-18
1.884939E+04	1.887985E-17	1.429731E-18
1.888939E+04	1.876386E-17	1.410255E-18
1.892939E+04	1.862360E-17	1.387685E-18
1.896939E+04	1.846288E-17	1.362667E-18
1.900939E+04	1.828552E-17	1.335826E-18
1.904939E+04	1.809539E-17	1.307759E-18
1.908939E+04	1.789635E-17	1.279031E-18
1.912939E+04	1.769215E-17	1.250166E-18
1.916939E+04	1.748632E-17	1.221629E-18
1.920939E+04	1.728210E-17	1.193820E-18
1.924939E+04	1.708246E-17	1.167082E-18
1.928939E+04	1.689010E-17	1.141699E-18
1.932939E+04	1.670745E-17	1.117895E-18
1.936939E+04	1.653659E-17	1.095826E-18
1.940939E+04	1.637921E-17	1.075587E-18
1.944939E+04	1.623655E-17	1.057217E-18
1.948939E+04	1.610947E-17	1.040707E-18
1.952939E+04	1.599849E-17	1.026014E-18
1.956939E+04	1.590382E-17	1.013074E-18
1.960939E+04	1.582548E-17	1.001820E-18
1.964939E+04	1.576328E-17	9.921857E-19
1.968939E+04	1.571685E-17	9.841129E-19
1.972939E+04	1.568560E-17	9.775432E-19
1.976939E+04	1.566880E-17	9.724120E-19
1.980939E+04	1.566555E-17	9.686377E-19
1.984939E+04	1.567483E-17	9.661109E-19
1.988939E+04	1.569547E-17	9.646875E-19
1.992939E+04	1.572621E-17	9.641876E-19
1.996939E+04	1.576566E-17	9.644015E-19
2.000939E+04	1.581241E-17	9.651059E-19
2.004939E+04	1.586501E-17	9.660875E-19
2.008939E+04	1.592200E-17	9.671674E-19
2.012939E+04	1.598192E-17	9.682150E-19
2.016939E+04	1.604328E-17	9.691490E-19
2.020939E+04	1.610458E-17	9.699280E-19
2.024939E+04	1.616433E-17	9.705383E-19
2.028939E+04	1.622106E-17	9.709803E-19
2.032939E+04	1.627338E-17	9.712539E-19
2.036939E+04	1.632002E-17	9.713444E-19
2.040939E+04	1.635983E-17	9.712133E-19
2.044939E+04	1.639180E-17	9.707951E-19
2.048939E+04	1.641506E-17	9.699995E-19
2.052939E+04	1.642887E-17	9.687208E-19
2.056939E+04	1.643267E-17	9.668515E-19
2.060939E+04	1.642597E-17	9.642956E-19
2.064939E+04	1.640842E-17	9.609781E-19
2.068939E+04	1.637981E-17	9.568494E-19
2.072939E+04	1.634001E-17	9.518876E-19
2.076939E+04	1.628903E-17	9.460959E-19
2.080939E+04	1.622700E-17	9.394971E-19
2.084939E+04	1.615416E-17	9.321269E-19
2.088939E+04	1.607087E-17	9.240292E-19
2.092939E+04	1.597765E-17	9.152537E-19
2.096939E+04	1.587509E-17	9.058547E-19
2.100939E+04	1.576392E-17	8.958932E-19
2.104939E+04	1.564495E-17	8.854402E-19
2.108939E+04	1.551911E-17	8.745822E-19
2.112939E+04	1.538745E-17	8.634250E-19
2.116939E+04	1.525111E-17	8.520961E-19
2.120939E+04	1.511134E-17	8.407459E-19
2.124939E+04	1.496946E-17	8.295460E-19
2.128939E+04	1.482689E-17	8.186863E-19
2.132939E+04	1.468511E-17	8.083692E-19
2.136939E+04	1.454561E-17	7.988007E-19
2.140939E+04	1.440984E-17	7.901780E-19
2.144939E+04	1.427909E-17	7.826711E-19
2.148939E+04	1.415437E-17	7.763964E-19
2.152939E+04	1.403606E-17	7.713713E-19
2.156939E+04	1.392371E-17	7.674928E-19
2.160939E+04	1.381647E-17	7.645940E-19
2.164939E+04	1.371331E-17	7.624822E-19
2.168939E+04	1.361310E-17	7.609609E-19
2.172939E+04	1.351472E-17	7.598441E-19
2.176939E+04	1.341711E-17	7.589657E-19
2.180939E+04	1.331934E-17	7.581847E-19
2.184939E+04	1.322062E-17	7.573877E-19
2.188939E+04	1.312034E-17	7.564890E-19
2.192939E+04	1.301801E-17	7.554282E-19
2.196939E+04	1.291330E-17	7.541662E-19
2.200939E+04	1.280599E-17	7.526816E-19
2.204939E+04	1.269593E-17	7.509666E-19
2.208939E+04	1.258308E-17	7.490233E-19
2.212939E+04	1.246750E-17	7.468611E-19
2.216939E+04	1.234935E-17	7.444936E-19
2.220939E+04	1.222886E-17	7.419366E-19
2.224939E+04	1.210637E-17	7.392063E-19
2.228939E+04	1.198228E-17	7.363193E-19
2.232939E+04	1.185705E-17	7.332926E-19
2.236939E+04	1.173119E-17	7.301432E-19
2.240939E+04	1.160526E-17	7.268869E-19
2.244939E+04	1.147982E-17	7.235374E-19
2.248939E+04	1.135544E-17	7.201061E-19
2.252939E+04	1.123265E-17	7.166030E-19
2.256939E+04	1.111196E-17	7.130389E-19
2.260939E+04	1.099386E-17	7.094272E-19
2.264939E+04	1.087879E-17	7.057847E-19
2.268939E+04	1.076715E-17	7.021324E-19
2.272939E+04	1.065925E-17	6.984948E-19
2.276939E+04	1.055533E-17	6.949013E-19
2.280939E+04	1.045557E-17	6.913876E-19
2.284939E+04	1.036007E-17	6.879948E-19
2.288939E+04	1.026896E-17	6.847653E-19
2.292939E+04	1.018230E-17	6.817399E-19
2.296939E+04	1.010018E-17	6.789558E-19
2.300939E+04	1.002268E-17	6.764464E-19
2.304939E+04	9.949879E-18	6.742416E-19
2.308939E+04	9.881825E-18	6.723669E-19
2.312939E+04	9.818584E-18	6.708435E-19
2.316939E+04	9.760241E-18	6.696893E-19
2.320939E+04	9.706903E-18	6.689204E-19
2.324939E+04	9.658688E-18	6.685537E-19
2.328939E+04	9.615723E-18	6.686071E-19
2.332939E+04	9.578170E-18	6.690988E-19
2.336939E+04	9.546229E-18	6.700461E-19
2.340939E+04	9.520140E-18	6.714647E-19
2.344939E+04	9.500165E-18	6.733698E-19
2.348939E+04	9.486571E-18	6.757792E-19
2.352939E+04	9.479611E-18	6.787169E-19
2.356939E+04	9.479509E-18	6.822176E-19
2.360939E+04	9.486450E-18	6.863302E-19
2.364939E+04	9.500591E-18	6.911211E-19
2.368939E+04	9.522075E-18	6.966776E-19
2.372939E+04	9.551025E-18	7.031113E-19
2.376939E+04	9.587529E-18	7.105616E-19
2.380939E+04	9.631631E-18	7.192020E-19
2.384939E+04	9.683349E-18	7.292463E-19
2.388939E+04	9.742689E-18	7.409547E-19
2.392939E+04	9.809651E-18	7.546384E-19
2.396939E+04	9.884211E-18	7.706611E-19
2.400939E+04	9.966318E-18	7.894367E-19
2.404939E+04	1.005588E-17	8.114214E-19
2.408939E+04	1.015278E-17	8.371033E-19
2.412939E+04	1.025686E-17	8.669904E-19
2.416939E+04	1.036797E-17	9.015968E-19
2.420939E+04	1.048598E-17	9.414277E-19
2.424939E+04	1.061078E-17	9.869637E-19
2.428939E+04	1.074227E-17	1.038645E-18
2.432939E+04	1.088037E-17	1.096855E-18
2.436939E+04	1.102496E-17	1.161909E-18
2.440939E+04	1.117592E-17	1.234046E-18
2.444939E+04	1.133307E-17	1.313425E-18
2.448939E+04	1.149623E-17	1.400130E-18
