#wls	flux	fluxerr
3.289393E+03	1.893406E-18	2.278194E-18
3.329393E+03	2.013973E-18	2.421281E-18
3.369393E+03	2.145940E-18	2.577818E-18
3.409393E+03	2.289058E-18	2.747470E-18
3.449393E+03	2.442031E-18	2.928646E-18
3.489393E+03	2.602304E-18	3.118256E-18
3.529393E+03	2.766003E-18	3.311637E-18
3.569393E+03	2.928303E-18	3.503005E-18
3.609393E+03	3.084070E-18	3.686225E-18
3.649393E+03	3.229007E-18	3.856185E-18
3.689393E+03	3.360321E-18	4.009582E-18
3.729393E+03	3.477014E-18	4.145268E-18
3.769393E+03	3.579389E-18	4.263647E-18
3.809393E+03	3.668267E-18	4.365738E-18
3.849393E+03	3.744717E-18	4.452853E-18
3.889393E+03	3.810005E-18	4.526535E-18
3.929393E+03	3.865314E-18	4.588222E-18
3.969393E+03	3.911784E-18	4.639294E-18
4.009393E+03	3.950358E-18	4.680899E-18
4.049393E+03	3.981984E-18	4.714183E-18
4.089393E+03	4.007352E-18	4.739983E-18
4.129393E+03	4.026977E-18	4.758927E-18
4.169393E+03	4.041245E-18	4.771490E-18
4.209393E+03	4.050058E-18	4.777571E-18
4.249393E+03	4.052852E-18	4.776525E-18
4.289393E+03	4.048190E-18	4.766678E-18
4.329393E+03	4.033170E-18	4.744642E-18
4.369393E+03	4.004156E-18	4.706174E-18
4.409393E+03	3.961119E-18	4.651289E-18
4.449393E+03	3.908994E-18	4.585821E-18
4.489393E+03	3.852402E-18	4.515216E-18
4.529393E+03	3.794344E-18	4.443004E-18
4.569393E+03	3.736610E-18	4.371284E-18
4.609393E+03	3.680259E-18	4.301295E-18
4.649393E+03	3.626118E-18	4.233997E-18
4.689393E+03	3.575603E-18	4.171035E-18
4.729393E+03	3.529790E-18	4.113652E-18
4.769393E+03	3.485546E-18	4.058185E-18
4.809393E+03	3.440799E-18	4.002219E-18
4.849393E+03	3.395156E-18	3.945299E-18
4.889393E+03	3.349047E-18	3.887930E-18
4.929393E+03	3.303140E-18	3.830886E-18
4.969393E+03	3.257985E-18	3.774805E-18
5.009393E+03	3.213992E-18	3.720160E-18
5.049393E+03	3.171377E-18	3.667196E-18
5.089393E+03	3.130227E-18	3.616011E-18
5.129393E+03	3.090507E-18	3.566560E-18
5.169393E+03	3.052096E-18	3.518697E-18
5.209393E+03	3.014728E-18	3.472112E-18
5.249393E+03	2.978204E-18	3.426575E-18
5.289393E+03	2.942159E-18	3.381661E-18
5.329393E+03	2.906237E-18	3.336961E-18
5.369393E+03	2.870038E-18	3.292017E-18
5.409393E+03	2.833088E-18	3.246288E-18
5.449393E+03	2.795042E-18	3.199380E-18
5.489393E+03	2.755841E-18	3.151229E-18
5.529393E+03	2.714848E-18	3.101116E-18
5.569393E+03	2.671777E-18	3.048717E-18
5.609393E+03	2.626727E-18	2.994157E-18
5.649393E+03	2.579769E-18	2.937521E-18
5.689393E+03	2.531105E-18	2.879047E-18
5.729393E+03	2.480824E-18	2.818844E-18
5.769393E+03	2.429173E-18	2.757198E-18
5.809393E+03	2.376259E-18	2.694236E-18
5.849393E+03	2.322369E-18	2.630289E-18
5.889393E+03	2.267756E-18	2.565647E-18
5.929393E+03	2.212692E-18	2.500619E-18
5.969393E+03	2.157566E-18	2.435650E-18
6.009393E+03	2.102733E-18	2.371138E-18
6.049393E+03	2.048662E-18	2.307612E-18
6.089393E+03	1.995809E-18	2.245583E-18
6.129393E+03	1.944886E-18	2.185848E-18
6.169393E+03	1.896954E-18	2.129590E-18
6.209393E+03	1.852821E-18	2.077705E-18
6.249393E+03	1.811492E-18	2.029065E-18
6.289393E+03	1.771999E-18	1.982576E-18
6.329393E+03	1.733851E-18	1.937684E-18
6.369393E+03	1.696786E-18	1.894091E-18
6.409393E+03	1.660804E-18	1.851793E-18
6.449393E+03	1.625837E-18	1.810710E-18
6.489393E+03	1.591633E-18	1.770560E-18
6.529393E+03	1.557948E-18	1.731069E-18
6.569393E+03	1.524590E-18	1.692022E-18
6.609393E+03	1.491398E-18	1.653239E-18
6.649393E+03	1.458257E-18	1.614592E-18
6.689393E+03	1.425168E-18	1.576085E-18
6.729393E+03	1.392134E-18	1.537719E-18
6.769393E+03	1.359199E-18	1.499545E-18
6.809393E+03	1.326388E-18	1.461587E-18
6.849393E+03	1.293765E-18	1.423919E-18
6.889393E+03	1.261374E-18	1.386588E-18
6.929393E+03	1.229278E-18	1.349661E-18
6.969393E+03	1.197516E-18	1.313182E-18
7.009393E+03	1.166086E-18	1.277148E-18
7.049393E+03	1.135069E-18	1.241645E-18
7.089393E+03	1.104461E-18	1.206669E-18
7.129393E+03	1.074320E-18	1.172281E-18
7.169393E+03	1.044701E-18	1.138540E-18
7.209393E+03	1.015619E-18	1.105460E-18
7.249393E+03	9.871672E-19	1.073141E-18
7.289393E+03	9.594158E-19	1.041658E-18
7.329393E+03	9.325310E-19	1.011186E-18
7.369393E+03	9.067894E-19	9.820241E-19
7.409393E+03	8.827655E-19	9.547878E-19
7.449393E+03	8.611090E-19	9.301725E-19
7.489393E+03	8.412547E-19	9.075589E-19
7.529393E+03	8.224118E-19	8.860876E-19
7.569393E+03	8.041874E-19	8.653320E-19
7.609393E+03	7.864782E-19	8.451788E-19
7.649393E+03	7.692392E-19	8.255777E-19
7.689393E+03	7.524807E-19	8.065381E-19
7.729393E+03	7.362128E-19	7.880689E-19
7.769393E+03	7.204980E-19	7.702351E-19
7.809393E+03	7.053434E-19	7.530423E-19
7.849393E+03	6.908080E-19	7.365509E-19
7.889393E+03	6.769822E-19	7.208552E-19
7.929393E+03	6.639186E-19	7.060080E-19
7.969393E+03	6.516838E-19	6.920771E-19
8.009393E+03	6.403078E-19	6.790909E-19
8.049393E+03	6.297853E-19	6.670403E-19
8.089393E+03	6.199793E-19	6.557770E-19
8.129393E+03	6.107090E-19	6.451070E-19
8.169393E+03	6.018003E-19	6.348447E-19
8.209393E+03	5.930860E-19	6.248124E-19
8.249393E+03	5.843901E-19	6.148243E-19
8.289393E+03	5.755905E-19	6.047523E-19
8.329393E+03	5.665248E-19	5.944262E-19
8.369393E+03	5.571138E-19	5.837646E-19
8.409393E+03	5.472524E-19	5.726591E-19
8.449393E+03	5.368708E-19	5.610385E-19
8.489393E+03	5.259322E-19	5.488669E-19
8.529393E+03	5.144030E-19	5.361116E-19
8.569393E+03	5.023090E-19	5.228022E-19
8.609393E+03	4.896906E-19	5.089829E-19
8.649393E+03	4.765869E-19	4.946966E-19
8.689393E+03	4.630919E-19	4.800429E-19
8.729393E+03	4.493369E-19	4.651592E-19
8.769393E+03	4.354342E-19	4.501627E-19
8.809393E+03	4.215313E-19	4.352064E-19
8.849393E+03	4.078217E-19	4.204896E-19
8.889393E+03	3.944632E-19	4.061741E-19
8.929393E+03	3.814131E-19	3.922143E-19
8.969393E+03	3.685034E-19	3.784363E-19
9.009393E+03	3.556119E-19	3.647143E-19
9.049393E+03	3.427095E-19	3.510182E-19
9.089393E+03	3.298052E-19	3.373571E-19
9.129393E+03	3.169442E-19	3.237770E-19
9.169393E+03	3.041692E-19	3.103213E-19
9.209393E+03	2.915445E-19	2.970548E-19
9.249393E+03	2.791194E-19	2.840269E-19
9.289393E+03	2.669403E-19	2.712839E-19
9.329393E+03	2.550625E-19	2.588808E-19
9.369393E+03	2.435158E-19	2.468461E-19
9.409393E+03	2.323500E-19	2.352290E-19
9.449393E+03	2.215683E-19	2.240310E-19
9.489393E+03	2.112057E-19	2.132856E-19
9.529393E+03	2.012735E-19	2.030025E-19
9.569393E+03	1.917819E-19	1.931901E-19
9.609393E+03	1.827196E-19	1.838350E-19
9.649393E+03	1.740955E-19	1.749445E-19
9.689393E+03	1.658974E-19	1.665046E-19
9.729393E+03	1.581234E-19	1.585115E-19
9.769393E+03	1.507515E-19	1.509413E-19
9.809393E+03	1.437701E-19	1.437809E-19
9.849393E+03	1.371770E-19	1.370265E-19
9.889393E+03	1.309420E-19	1.306463E-19
9.929393E+03	1.250542E-19	1.246282E-19
9.969393E+03	1.195030E-19	1.189601E-19
1.000939E+04	1.142603E-19	1.136127E-19
1.004939E+04	1.093164E-19	1.085753E-19
1.008939E+04	1.046533E-19	1.038288E-19
1.012939E+04	1.002623E-19	9.936342E-20
1.016939E+04	9.611794E-20	9.515296E-20
1.020939E+04	9.221235E-20	9.118876E-20
1.024939E+04	8.852979E-20	8.745433E-20
1.028939E+04	8.506316E-20	8.394182E-20
1.032939E+04	8.178961E-20	8.062790E-20
1.036939E+04	7.869517E-20	7.749811E-20
1.040939E+04	7.578189E-20	7.455379E-20
1.044939E+04	7.302867E-20	7.177357E-20
1.048939E+04	7.043042E-20	6.915186E-20
1.052939E+04	6.945585E-20	6.812875E-20
1.056939E+04	6.849813E-20	6.712495E-20
1.060939E+04	6.755722E-20	6.614032E-20
1.064939E+04	6.663305E-20	6.517473E-20
1.068939E+04	6.572555E-20	6.422801E-20
1.072939E+04	6.483465E-20	6.330001E-20
1.076939E+04	6.396026E-20	6.239055E-20
1.080939E+04	6.310227E-20	6.149946E-20
1.084939E+04	6.226058E-20	6.062656E-20
1.088939E+04	6.143508E-20	5.977165E-20
1.092939E+04	6.062564E-20	5.893455E-20
1.096939E+04	5.983215E-20	5.811504E-20
1.100939E+04	5.905447E-20	5.731293E-20
1.104939E+04	5.829246E-20	5.652800E-20
1.108939E+04	5.754597E-20	5.576006E-20
1.112939E+04	5.681487E-20	5.500887E-20
1.116939E+04	5.609899E-20	5.427422E-20
1.120939E+04	5.539818E-20	5.355590E-20
1.124939E+04	5.471228E-20	5.285367E-20
1.128939E+04	5.404113E-20	5.216733E-20
1.132939E+04	5.338457E-20	5.149664E-20
1.136939E+04	5.274242E-20	5.084138E-20
1.140939E+04	5.211452E-20	5.020132E-20
1.144939E+04	5.150071E-20	4.957625E-20
1.148939E+04	5.090080E-20	4.896594E-20
1.152939E+04	5.031462E-20	4.837016E-20
1.156939E+04	4.974201E-20	4.778870E-20
1.160939E+04	4.918279E-20	4.722133E-20
1.164939E+04	4.863680E-20	4.666783E-20
1.168939E+04	4.810385E-20	4.612800E-20
1.172939E+04	4.758377E-20	4.560161E-20
1.176939E+04	4.707641E-20	4.508846E-20
1.180939E+04	4.658159E-20	4.458833E-20
1.184939E+04	4.609914E-20	4.410102E-20
1.188939E+04	4.562889E-20	4.362633E-20
1.192939E+04	4.517070E-20	4.316405E-20
1.196939E+04	4.472438E-20	4.271400E-20
1.200939E+04	4.428980E-20	4.227597E-20
1.204939E+04	4.386678E-20	4.184978E-20
1.208939E+04	4.345518E-20	4.143525E-20
1.212939E+04	4.305485E-20	4.103219E-20
1.216939E+04	4.266563E-20	4.064042E-20
1.220939E+04	4.228740E-20	4.025978E-20
1.224939E+04	4.191999E-20	3.989009E-20
1.228939E+04	4.156329E-20	3.953119E-20
1.232939E+04	4.121715E-20	3.918293E-20
1.236939E+04	4.088144E-20	3.884513E-20
1.240939E+04	4.055605E-20	3.851766E-20
1.244939E+04	4.024084E-20	3.820037E-20
1.248939E+04	3.993569E-20	3.789312E-20
1.252939E+04	3.964051E-20	3.759577E-20
1.256939E+04	3.935516E-20	3.730818E-20
1.260939E+04	3.907956E-20	3.703024E-20
1.264939E+04	3.881360E-20	3.676182E-20
1.268939E+04	3.855718E-20	3.650280E-20
1.272939E+04	3.831021E-20	3.625307E-20
1.276939E+04	3.807260E-20	3.601253E-20
1.280939E+04	3.784428E-20	3.578107E-20
1.284939E+04	3.762516E-20	3.555860E-20
1.288939E+04	3.741517E-20	3.534502E-20
1.292939E+04	3.721424E-20	3.514025E-20
1.296939E+04	3.702231E-20	3.494421E-20
1.300939E+04	3.683932E-20	3.475682E-20
1.304939E+04	3.666523E-20	3.457802E-20
1.308939E+04	3.649997E-20	3.440772E-20
1.312939E+04	3.634352E-20	3.424589E-20
1.316939E+04	3.619582E-20	3.409245E-20
1.320939E+04	3.605686E-20	3.394737E-20
1.324939E+04	3.592661E-20	3.381059E-20
1.328939E+04	3.580504E-20	3.368209E-20
1.332939E+04	3.569214E-20	3.356182E-20
1.336939E+04	3.558790E-20	3.344976E-20
1.340939E+04	3.549232E-20	3.334589E-20
1.344939E+04	3.540540E-20	3.325020E-20
1.348939E+04	3.532716E-20	3.316267E-20
1.352939E+04	3.525760E-20	3.308329E-20
1.356939E+04	3.519675E-20	3.301208E-20
1.360939E+04	3.514463E-20	3.294903E-20
1.364939E+04	3.510128E-20	3.289417E-20
1.368939E+04	3.506675E-20	3.284750E-20
1.372939E+04	3.504107E-20	3.280907E-20
1.376939E+04	3.502430E-20	3.277889E-20
1.380939E+04	3.501651E-20	3.275701E-20
1.384939E+04	3.501776E-20	3.274347E-20
1.388939E+04	3.502813E-20	3.273832E-20
1.392939E+04	3.504770E-20	3.274162E-20
1.396939E+04	3.507657E-20	3.275344E-20
1.400939E+04	3.511482E-20	3.277385E-20
1.404939E+04	3.516258E-20	3.280292E-20
1.408939E+04	3.521995E-20	3.284075E-20
1.412939E+04	3.528706E-20	3.288742E-20
1.416939E+04	3.536404E-20	3.294304E-20
1.420939E+04	3.545104E-20	3.300771E-20
1.424939E+04	3.554819E-20	3.308155E-20
1.428939E+04	3.565568E-20	3.316469E-20
1.432939E+04	3.577365E-20	3.325725E-20
1.436939E+04	3.590230E-20	3.335938E-20
1.440939E+04	3.604182E-20	3.347124E-20
1.444939E+04	3.619240E-20	3.359296E-20
1.448939E+04	3.635426E-20	3.372474E-20
1.452939E+04	3.652762E-20	3.386673E-20
1.456939E+04	3.671271E-20	3.401914E-20
1.460939E+04	3.690980E-20	3.418214E-20
1.464939E+04	3.711912E-20	3.435597E-20
1.468939E+04	3.734097E-20	3.454082E-20
1.472939E+04	3.757563E-20	3.473693E-20
1.476939E+04	3.782339E-20	3.494454E-20
1.480939E+04	3.808458E-20	3.516389E-20
1.484939E+04	3.835952E-20	3.539527E-20
1.488939E+04	3.864856E-20	3.563893E-20
1.492939E+04	3.895207E-20	3.589517E-20
1.496939E+04	3.927042E-20	3.616429E-20
1.500939E+04	3.960401E-20	3.644661E-20
1.504939E+04	3.995326E-20	3.674245E-20
1.508939E+04	4.031861E-20	3.705216E-20
1.512939E+04	4.070050E-20	3.737610E-20
1.516939E+04	4.109941E-20	3.771465E-20
1.520939E+04	4.151585E-20	3.806819E-20
1.524939E+04	4.195032E-20	3.843714E-20
1.528939E+04	4.240338E-20	3.882192E-20
1.532939E+04	4.287558E-20	3.922298E-20
1.536939E+04	4.336753E-20	3.964078E-20
1.540939E+04	4.387983E-20	4.007580E-20
1.544939E+04	4.441313E-20	4.052854E-20
1.548939E+04	4.496811E-20	4.099953E-20
1.552939E+04	4.554547E-20	4.148931E-20
1.556939E+04	4.614594E-20	4.199845E-20
1.560939E+04	4.677029E-20	4.252755E-20
1.564939E+04	4.741932E-20	4.307721E-20
1.568939E+04	4.809387E-20	4.364807E-20
1.572939E+04	4.879481E-20	4.424081E-20
1.576939E+04	4.952304E-20	4.485611E-20
1.580939E+04	5.027952E-20	4.549469E-20
1.584939E+04	5.106524E-20	4.615731E-20
1.588939E+04	5.188123E-20	4.684473E-20
1.592939E+04	5.272856E-20	4.755778E-20
1.596939E+04	5.360837E-20	4.829729E-20
1.600939E+04	5.452183E-20	4.906414E-20
1.604939E+04	5.547017E-20	4.985923E-20
1.608939E+04	5.645465E-20	5.068351E-20
1.612939E+04	5.747662E-20	5.153795E-20
1.616939E+04	5.853747E-20	5.242358E-20
1.620939E+04	5.963864E-20	5.334145E-20
1.624939E+04	6.078165E-20	5.429266E-20
1.628939E+04	6.196808E-20	5.527833E-20
1.632939E+04	6.319957E-20	5.629966E-20
1.636939E+04	6.447784E-20	5.735786E-20
1.640939E+04	6.580467E-20	5.845420E-20
1.644939E+04	6.718192E-20	5.959000E-20
1.648939E+04	6.861155E-20	6.076661E-20
1.652939E+04	7.009558E-20	6.198545E-20
1.656939E+04	7.163611E-20	6.324797E-20
1.660939E+04	7.323534E-20	6.455569E-20
1.664939E+04	7.489557E-20	6.591016E-20
1.668939E+04	7.661918E-20	6.731300E-20
1.672939E+04	7.840865E-20	6.876589E-20
1.676939E+04	8.026657E-20	7.027054E-20
1.680939E+04	8.219563E-20	7.182873E-20
1.684939E+04	8.419864E-20	7.344232E-20
1.688939E+04	8.627850E-20	7.511318E-20
1.692939E+04	8.843825E-20	7.684328E-20
1.696939E+04	9.068105E-20	7.863463E-20
1.700939E+04	9.301017E-20	8.048930E-20
1.704939E+04	9.542901E-20	8.240942E-20
1.708939E+04	9.794112E-20	8.439718E-20
1.712939E+04	1.005502E-19	8.645485E-20
1.716939E+04	1.032600E-19	8.858472E-20
1.720939E+04	1.060745E-19	9.078916E-20
1.724939E+04	1.089979E-19	9.307061E-20
1.728939E+04	1.120344E-19	9.543154E-20
1.732939E+04	1.151883E-19	9.787450E-20
1.736939E+04	1.184644E-19	1.004021E-19
1.740939E+04	1.218672E-19	1.030169E-19
1.744939E+04	1.254018E-19	1.057217E-19
1.748939E+04	1.290732E-19	1.085191E-19
1.752939E+04	1.328866E-19	1.114121E-19
1.756939E+04	1.368474E-19	1.144033E-19
1.760939E+04	1.409613E-19	1.174956E-19
1.764939E+04	1.452340E-19	1.206920E-19
1.768939E+04	1.496714E-19	1.239952E-19
1.772939E+04	1.542796E-19	1.274083E-19
1.776939E+04	1.590650E-19	1.309341E-19
1.780939E+04	1.640340E-19	1.345755E-19
1.784939E+04	1.691933E-19	1.383356E-19
1.788939E+04	1.745497E-19	1.422171E-19
1.792939E+04	1.801101E-19	1.462229E-19
1.796939E+04	1.858817E-19	1.503560E-19
1.800939E+04	1.918719E-19	1.546189E-19
1.804939E+04	1.980881E-19	1.590145E-19
1.808939E+04	2.045378E-19	1.635454E-19
1.812939E+04	2.112290E-19	1.682141E-19
1.816939E+04	2.181694E-19	1.730230E-19
1.820939E+04	2.253671E-19	1.779744E-19
1.824939E+04	2.328301E-19	1.830704E-19
1.828939E+04	2.405666E-19	1.883130E-19
1.832939E+04	2.485850E-19	1.937041E-19
1.836939E+04	2.568934E-19	1.992450E-19
1.840939E+04	2.655004E-19	2.049373E-19
1.844939E+04	2.744142E-19	2.107818E-19
1.848939E+04	2.836432E-19	2.167795E-19
1.852939E+04	2.931957E-19	2.229307E-19
1.856939E+04	3.030800E-19	2.292356E-19
1.860939E+04	3.133042E-19	2.356940E-19
1.864939E+04	3.238764E-19	2.423051E-19
1.868939E+04	3.348044E-19	2.490680E-19
1.872939E+04	3.460959E-19	2.559811E-19
1.876939E+04	3.577582E-19	2.630424E-19
1.880939E+04	3.697985E-19	2.702493E-19
1.884939E+04	3.822237E-19	2.775989E-19
1.888939E+04	3.950400E-19	2.850873E-19
1.892939E+04	4.082535E-19	2.927105E-19
1.896939E+04	4.218698E-19	3.004635E-19
1.900939E+04	4.358938E-19	3.083408E-19
1.904939E+04	4.503298E-19	3.163361E-19
1.908939E+04	4.651817E-19	3.244427E-19
1.912939E+04	4.804524E-19	3.326527E-19
1.916939E+04	4.961443E-19	3.409580E-19
1.920939E+04	5.122588E-19	3.493493E-19
1.924939E+04	5.287964E-19	3.578169E-19
1.928939E+04	5.457570E-19	3.663500E-19
1.932939E+04	5.631390E-19	3.749374E-19
1.936939E+04	5.809400E-19	3.835669E-19
1.940939E+04	5.991566E-19	3.922255E-19
1.944939E+04	6.177840E-19	4.008999E-19
1.948939E+04	6.368162E-19	4.095756E-19
1.952939E+04	6.562462E-19	4.182377E-19
1.956939E+04	6.760653E-19	4.268708E-19
1.960939E+04	6.962637E-19	4.354587E-19
1.964939E+04	7.168300E-19	4.439847E-19
1.968939E+04	7.377517E-19	4.524319E-19
1.972939E+04	7.590145E-19	4.607828E-19
1.976939E+04	7.806028E-19	4.690197E-19
1.980939E+04	8.024995E-19	4.771248E-19
1.984939E+04	8.246860E-19	4.850801E-19
1.988939E+04	8.471422E-19	4.928679E-19
1.992939E+04	8.698467E-19	5.004703E-19
1.996939E+04	8.927764E-19	5.078701E-19
2.000939E+04	9.159071E-19	5.150502E-19
2.004939E+04	9.392131E-19	5.219944E-19
2.008939E+04	9.626673E-19	5.286871E-19
2.012939E+04	9.862416E-19	5.351138E-19
2.016939E+04	1.009907E-18	5.412609E-19
2.020939E+04	1.033632E-18	5.471163E-19
2.024939E+04	1.057387E-18	5.526692E-19
2.028939E+04	1.081138E-18	5.579106E-19
2.032939E+04	1.104853E-18	5.628333E-19
2.036939E+04	1.128499E-18	5.674321E-19
2.040939E+04	1.152041E-18	5.717041E-19
2.044939E+04	1.175446E-18	5.756487E-19
2.048939E+04	1.198678E-18	5.792679E-19
2.052939E+04	1.221704E-18	5.825665E-19
2.056939E+04	1.244490E-18	5.855519E-19
2.060939E+04	1.267000E-18	5.882347E-19
2.064939E+04	1.289203E-18	5.906286E-19
2.068939E+04	1.311065E-18	5.927503E-19
2.072939E+04	1.332555E-18	5.946199E-19
2.076939E+04	1.353641E-18	5.962606E-19
2.080939E+04	1.374294E-18	5.976988E-19
2.084939E+04	1.394485E-18	5.989642E-19
2.088939E+04	1.414188E-18	6.000896E-19
2.092939E+04	1.433377E-18	6.011104E-19
2.096939E+04	1.452028E-18	6.020650E-19
2.100939E+04	1.470121E-18	6.029942E-19
2.104939E+04	1.487634E-18	6.039408E-19
2.108939E+04	1.504550E-18	6.049494E-19
2.112939E+04	1.520854E-18	6.060659E-19
2.116939E+04	1.536532E-18	6.073370E-19
2.120939E+04	1.551573E-18	6.088096E-19
2.124939E+04	1.565969E-18	6.105303E-19
2.128939E+04	1.579712E-18	6.125446E-19
2.132939E+04	1.592800E-18	6.148963E-19
2.136939E+04	1.605230E-18	6.176266E-19
2.140939E+04	1.617003E-18	6.207736E-19
2.144939E+04	1.628122E-18	6.243706E-19
2.148939E+04	1.638592E-18	6.284447E-19
2.152939E+04	1.648422E-18	6.330149E-19
2.156939E+04	1.657620E-18	6.380915E-19
2.160939E+04	1.666198E-18	6.436769E-19
2.164939E+04	1.674168E-18	6.497671E-19
2.168939E+04	1.681546E-18	6.563535E-19
2.172939E+04	1.688349E-18	6.634229E-19
2.176939E+04	1.694595E-18	6.709587E-19
2.180939E+04	1.700303E-18	6.789415E-19
2.184939E+04	1.705495E-18	6.873494E-19
2.188939E+04	1.710193E-18	6.961589E-19
2.192939E+04	1.714419E-18	7.053451E-19
2.196939E+04	1.718198E-18	7.148824E-19
2.200939E+04	1.721554E-18	7.247450E-19
2.204939E+04	1.724512E-18	7.349068E-19
2.208939E+04	1.727099E-18	7.453426E-19
2.212939E+04	1.729338E-18	7.560274E-19
2.216939E+04	1.731258E-18	7.669376E-19
2.220939E+04	1.732883E-18	7.780506E-19
2.224939E+04	1.734240E-18	7.893449E-19
2.228939E+04	1.735353E-18	8.008009E-19
2.232939E+04	1.736250E-18	8.124000E-19
2.236939E+04	1.736956E-18	8.241255E-19
2.240939E+04	1.737494E-18	8.359623E-19
2.244939E+04	1.737889E-18	8.478967E-19
2.248939E+04	1.738166E-18	8.599169E-19
2.252939E+04	1.738347E-18	8.720123E-19
2.256939E+04	1.738455E-18	8.841739E-19
2.260939E+04	1.738512E-18	8.963943E-19
2.264939E+04	1.738540E-18	9.086673E-19
2.268939E+04	1.738558E-18	9.209881E-19
2.272939E+04	1.738586E-18	9.333529E-19
2.276939E+04	1.738643E-18	9.457594E-19
2.280939E+04	1.738748E-18	9.582060E-19
2.284939E+04	1.738918E-18	9.706923E-19
2.288939E+04	1.739169E-18	9.832187E-19
2.292939E+04	1.739517E-18	9.957863E-19
2.296939E+04	1.739977E-18	1.008397E-18
2.300939E+04	1.740564E-18	1.021054E-18
2.304939E+04	1.741290E-18	1.033760E-18
2.308939E+04	1.742169E-18	1.046519E-18
2.312939E+04	1.743213E-18	1.059334E-18
2.316939E+04	1.744432E-18	1.072211E-18
2.320939E+04	1.745837E-18	1.085155E-18
2.324939E+04	1.747438E-18	1.098171E-18
2.328939E+04	1.749244E-18	1.111264E-18
2.332939E+04	1.751264E-18	1.124439E-18
2.336939E+04	1.753506E-18	1.137704E-18
2.340939E+04	1.755977E-18	1.151063E-18
2.344939E+04	1.758684E-18	1.164522E-18
2.348939E+04	1.761633E-18	1.178089E-18
2.352939E+04	1.764829E-18	1.191768E-18
2.356939E+04	1.768278E-18	1.205566E-18
2.360939E+04	1.771985E-18	1.219489E-18
2.364939E+04	1.775954E-18	1.233544E-18
2.368939E+04	1.780189E-18	1.247735E-18
2.372939E+04	1.784692E-18	1.262069E-18
2.376939E+04	1.789467E-18	1.276551E-18
2.380939E+04	1.794517E-18	1.291188E-18
2.384939E+04	1.799843E-18	1.305984E-18
2.388939E+04	1.805448E-18	1.320945E-18
2.392939E+04	1.811333E-18	1.336076E-18
2.396939E+04	1.817499E-18	1.351382E-18
2.400939E+04	1.823947E-18	1.366869E-18
2.404939E+04	1.830677E-18	1.382540E-18
2.408939E+04	1.837691E-18	1.398400E-18
2.412939E+04	1.844987E-18	1.414453E-18
2.416939E+04	1.852567E-18	1.430705E-18
2.420939E+04	1.860428E-18	1.447157E-18
2.424939E+04	1.868571E-18	1.463815E-18
2.428939E+04	1.876994E-18	1.480682E-18
2.432939E+04	1.885697E-18	1.497760E-18
2.436939E+04	1.894678E-18	1.515054E-18
2.440939E+04	1.903935E-18	1.532565E-18
2.444939E+04	1.913467E-18	1.550297E-18
2.448939E+04	1.923272E-18	1.568252E-18
