#wls	flux	fluxerr
3.257341E+03	1.192752E-04	8.780109E-06
3.296951E+03	1.258058E-04	9.252025E-06
3.336561E+03	1.327152E-04	9.750830E-06
3.376171E+03	1.399920E-04	1.027560E-05
3.415782E+03	1.476190E-04	1.082500E-05
3.455392E+03	1.555603E-04	1.139633E-05
3.495002E+03	1.637692E-04	1.198608E-05
3.534612E+03	1.721606E-04	1.258799E-05
3.574223E+03	1.806264E-04	1.319411E-05
3.613833E+03	1.890556E-04	1.379633E-05
3.653443E+03	1.973105E-04	1.438461E-05
3.693053E+03	2.052903E-04	1.495165E-05
3.732664E+03	2.129611E-04	1.549505E-05
3.772274E+03	2.203430E-04	1.601633E-05
3.811884E+03	2.274889E-04	1.651939E-05
3.851494E+03	2.344815E-04	1.701029E-05
3.891105E+03	2.414137E-04	1.749580E-05
3.930715E+03	2.483813E-04	1.798286E-05
3.970325E+03	2.554822E-04	1.847856E-05
4.009935E+03	2.628130E-04	1.898984E-05
4.049545E+03	2.704580E-04	1.952275E-05
4.089156E+03	2.784848E-04	2.008210E-05
4.128766E+03	2.869504E-04	2.067191E-05
4.168376E+03	2.958769E-04	2.129369E-05
4.207986E+03	3.052527E-04	2.194652E-05
4.247597E+03	3.150183E-04	2.262602E-05
4.287207E+03	3.250492E-04	2.332320E-05
4.326817E+03	3.351555E-04	2.402438E-05
4.366427E+03	3.452256E-04	2.472157E-05
4.406038E+03	3.553200E-04	2.541913E-05
4.445648E+03	3.655022E-04	2.612158E-05
4.485258E+03	3.757592E-04	2.682800E-05
4.524868E+03	3.860296E-04	2.753401E-05
4.564479E+03	3.962273E-04	2.823350E-05
4.604089E+03	4.062679E-04	2.892046E-05
4.643699E+03	4.161038E-04	2.959157E-05
4.683309E+03	4.257227E-04	3.024603E-05
4.722919E+03	4.350345E-04	3.087749E-05
4.762530E+03	4.439066E-04	3.147664E-05
4.802140E+03	4.522370E-04	3.203635E-05
4.841750E+03	4.599473E-04	3.255122E-05
4.881360E+03	4.669860E-04	3.301775E-05
4.920971E+03	4.733463E-04	3.343561E-05
4.960581E+03	4.790294E-04	3.380505E-05
5.000191E+03	4.840576E-04	3.412778E-05
5.039801E+03	4.884484E-04	3.440519E-05
5.079412E+03	4.922120E-04	3.463815E-05
5.119022E+03	4.953487E-04	3.482681E-05
5.158632E+03	4.978537E-04	3.497097E-05
5.198242E+03	4.997107E-04	3.506963E-05
5.237853E+03	5.009068E-04	3.512203E-05
5.277463E+03	5.014405E-04	3.512819E-05
5.317073E+03	5.013439E-04	3.509051E-05
5.356683E+03	5.007486E-04	3.501831E-05
5.396293E+03	5.000035E-04	3.493607E-05
5.435904E+03	4.993665E-04	3.486185E-05
5.475514E+03	4.987456E-04	3.478921E-05
5.515124E+03	4.980231E-04	3.470996E-05
5.554734E+03	4.974092E-04	3.463877E-05
5.594345E+03	4.972035E-04	3.459649E-05
5.633955E+03	4.977096E-04	3.460415E-05
5.673565E+03	4.991687E-04	3.467843E-05
5.713175E+03	5.017903E-04	3.483371E-05
5.752786E+03	5.057050E-04	3.507892E-05
5.792396E+03	5.110098E-04	3.542057E-05
5.832006E+03	5.177233E-04	3.585980E-05
5.871616E+03	5.258054E-04	3.639363E-05
5.911227E+03	5.351420E-04	3.701402E-05
5.950837E+03	5.455290E-04	3.770674E-05
5.990447E+03	5.566842E-04	3.845219E-05
6.030057E+03	5.682122E-04	3.922303E-05
6.069667E+03	5.795851E-04	3.998286E-05
6.109278E+03	5.901145E-04	4.068429E-05
6.148888E+03	5.990321E-04	4.127456E-05
6.188498E+03	6.062825E-04	4.175011E-05
6.228108E+03	6.125620E-04	4.215911E-05
6.267719E+03	6.184148E-04	4.253914E-05
6.307329E+03	6.241443E-04	4.291116E-05
6.346939E+03	6.297751E-04	4.327689E-05
6.386549E+03	6.352493E-04	4.363239E-05
6.426160E+03	6.409897E-04	4.400676E-05
6.465770E+03	6.475809E-04	4.444009E-05
6.505380E+03	6.554197E-04	4.495959E-05
6.544990E+03	6.647070E-04	4.557895E-05
6.584601E+03	6.754975E-04	4.630187E-05
6.624211E+03	6.878185E-04	4.713017E-05
6.663821E+03	7.015666E-04	4.805671E-05
6.703431E+03	7.166247E-04	4.907344E-05
6.743041E+03	7.327967E-04	5.016696E-05
6.782652E+03	7.498773E-04	5.132322E-05
6.822262E+03	7.675664E-04	5.252172E-05
6.861872E+03	7.856009E-04	5.374455E-05
6.901482E+03	8.036409E-04	5.496852E-05
6.941093E+03	8.213852E-04	5.617314E-05
6.980703E+03	8.385107E-04	5.733641E-05
7.020313E+03	8.547311E-04	5.843889E-05
7.059923E+03	8.697730E-04	5.946197E-05
7.099534E+03	8.834316E-04	6.039179E-05
7.139144E+03	8.955189E-04	6.121557E-05
7.178754E+03	9.058786E-04	6.192274E-05
7.218364E+03	9.144060E-04	6.250620E-05
7.257975E+03	9.210988E-04	6.296585E-05
7.297585E+03	9.259024E-04	6.329799E-05
7.337195E+03	9.288301E-04	6.350354E-05
7.376805E+03	9.298913E-04	6.358315E-05
7.416415E+03	9.297781E-04	6.358413E-05
7.456026E+03	9.295602E-04	6.357962E-05
7.495636E+03	9.302328E-04	6.363771E-05
7.535246E+03	9.326310E-04	6.381559E-05
7.574856E+03	9.375305E-04	6.416648E-05
7.614467E+03	9.453171E-04	6.471693E-05
7.654077E+03	9.558191E-04	6.545540E-05
7.693687E+03	9.684818E-04	6.634409E-05
7.733297E+03	9.825903E-04	6.733417E-05
7.772908E+03	9.973650E-04	6.837234E-05
7.812518E+03	1.012038E-03	6.940603E-05
7.852128E+03	1.025747E-03	7.037611E-05
7.891738E+03	1.037529E-03	7.121636E-05
7.931349E+03	1.046882E-03	7.189226E-05
7.970959E+03	1.054249E-03	7.243388E-05
8.010569E+03	1.059945E-03	7.286278E-05
8.050179E+03	1.064219E-03	7.319586E-05
8.089789E+03	1.067283E-03	7.344748E-05
8.129400E+03	1.069379E-03	7.363415E-05
8.169010E+03	1.070677E-03	7.376748E-05
8.208620E+03	1.071424E-03	7.386430E-05
8.248230E+03	1.071798E-03	7.393691E-05
8.287841E+03	1.071929E-03	7.399405E-05
8.327451E+03	1.071857E-03	7.403840E-05
8.367061E+03	1.071661E-03	7.407553E-05
8.406671E+03	1.071262E-03	7.409977E-05
8.446282E+03	1.070626E-03	7.410870E-05
8.485892E+03	1.069759E-03	7.410271E-05
8.525502E+03	1.068566E-03	7.407513E-05
8.565112E+03	1.067050E-03	7.402611E-05
8.604723E+03	1.065221E-03	7.395616E-05
8.644333E+03	1.063012E-03	7.386065E-05
8.683943E+03	1.060437E-03	7.374032E-05
8.723553E+03	1.057185E-03	7.357349E-05
8.763163E+03	1.052926E-03	7.333706E-05
8.802774E+03	1.047675E-03	7.303183E-05
8.842384E+03	1.042465E-03	7.272963E-05
8.881994E+03	1.038095E-03	7.248623E-05
8.921604E+03	1.035115E-03	7.234021E-05
8.961215E+03	1.033852E-03	7.231453E-05
9.000825E+03	1.034510E-03	7.242391E-05
9.040435E+03	1.037178E-03	7.267481E-05
9.080045E+03	1.041868E-03	7.306853E-05
9.119656E+03	1.048625E-03	7.360845E-05
9.159266E+03	1.057260E-03	7.428166E-05
9.198876E+03	1.067773E-03	7.508868E-05
9.238486E+03	1.079993E-03	7.601764E-05
9.278097E+03	1.093812E-03	7.706126E-05
9.317707E+03	1.109087E-03	7.820991E-05
9.357317E+03	1.125695E-03	7.945508E-05
9.396927E+03	1.143397E-03	8.078008E-05
9.436537E+03	1.162138E-03	8.218133E-05
9.476148E+03	1.181585E-03	8.363542E-05
9.515758E+03	1.201492E-03	8.512511E-05
9.555368E+03	1.221569E-03	8.662983E-05
9.594978E+03	1.241393E-03	8.811963E-05
9.634589E+03	1.260578E-03	8.956698E-05
9.674199E+03	1.278538E-03	9.093009E-05
9.713809E+03	1.294762E-03	9.217226E-05
9.753419E+03	1.308860E-03	9.326548E-05
9.793030E+03	1.320408E-03	9.417885E-05
9.832640E+03	1.329051E-03	9.488668E-05
9.872250E+03	1.334536E-03	9.537008E-05
9.911857E+03	1.336720E-03	9.561826E-05
9.951468E+03	1.335588E-03	9.562943E-05
9.991078E+03	1.331255E-03	9.541108E-05
1.003069E+04	1.324205E-03	9.499734E-05
1.007030E+04	1.314423E-03	9.438639E-05
1.010991E+04	1.302713E-03	9.363557E-05
1.014952E+04	1.289567E-03	9.277982E-05
1.018913E+04	1.275225E-03	9.183605E-05
1.022874E+04	1.260541E-03	9.086565E-05
1.026835E+04	1.245770E-03	8.988683E-05
1.030796E+04	1.231297E-03	8.892745E-05
1.034757E+04	1.217075E-03	8.798408E-05
1.038718E+04	1.203429E-03	8.708036E-05
1.042679E+04	1.212700E-03	8.783445E-05
1.046640E+04	1.221090E-03	8.852580E-05
1.050601E+04	1.228319E-03	8.913385E-05
1.054562E+04	1.234103E-03	8.963779E-05
1.058523E+04	1.238182E-03	9.001835E-05
1.062484E+04	1.240332E-03	9.025884E-05
1.066445E+04	1.240371E-03	9.034568E-05
1.070406E+04	1.238168E-03	9.026887E-05
1.074367E+04	1.233647E-03	9.002231E-05
1.078328E+04	1.226789E-03	8.960416E-05
1.082289E+04	1.217635E-03	8.901701E-05
1.086250E+04	1.206287E-03	8.826778E-05
1.090211E+04	1.192900E-03	8.736742E-05
1.094172E+04	1.177677E-03	8.633035E-05
1.098133E+04	1.160857E-03	8.517385E-05
1.102094E+04	1.142709E-03	8.391722E-05
1.106055E+04	1.123512E-03	8.258087E-05
1.110016E+04	1.103548E-03	8.118522E-05
1.113977E+04	1.083082E-03	7.974970E-05
1.117938E+04	1.062357E-03	7.829212E-05
1.121900E+04	1.041587E-03	7.682817E-05
1.125861E+04	1.020954E-03	7.537138E-05
1.129822E+04	1.000611E-03	7.393311E-05
1.133783E+04	9.806870E-04	7.252286E-05
1.137744E+04	9.612872E-04	7.114858E-05
1.141705E+04	9.425032E-04	6.981716E-05
1.145666E+04	9.244189E-04	6.853492E-05
1.149627E+04	9.071166E-04	6.730816E-05
1.153588E+04	8.906818E-04	6.614335E-05
1.157549E+04	8.752055E-04	6.504744E-05
1.161510E+04	8.607823E-04	6.402764E-05
1.165471E+04	8.475041E-04	6.309102E-05
1.169432E+04	8.354542E-04	6.224398E-05
1.173393E+04	8.246980E-04	6.149165E-05
1.177354E+04	8.152773E-04	6.083737E-05
1.181315E+04	8.072046E-04	6.028234E-05
1.185276E+04	8.004585E-04	5.982517E-05
1.189237E+04	7.949776E-04	5.946153E-05
1.193198E+04	7.906566E-04	5.918376E-05
1.197159E+04	7.873418E-04	5.898053E-05
1.201120E+04	7.848295E-04	5.883677E-05
1.205081E+04	7.828687E-04	5.873376E-05
1.209042E+04	7.811667E-04	5.864964E-05
1.213003E+04	7.794007E-04	5.856019E-05
1.216964E+04	7.772326E-04	5.843996E-05
1.220925E+04	7.743273E-04	5.826370E-05
1.224886E+04	7.703754E-04	5.800798E-05
1.228847E+04	7.651189E-04	5.765319E-05
1.232808E+04	7.583811E-04	5.718581E-05
1.236769E+04	7.500949E-04	5.660054E-05
1.240730E+04	7.403210E-04	5.590173E-05
1.244691E+04	7.292456E-04	5.510324E-05
1.248652E+04	7.171588E-04	5.422679E-05
1.252613E+04	7.044193E-04	5.329940E-05
1.256574E+04	6.914180E-04	5.235057E-05
1.260535E+04	6.785451E-04	5.140986E-05
1.264496E+04	6.661644E-04	5.050487E-05
1.268457E+04	6.545959E-04	4.965998E-05
1.272418E+04	6.441048E-04	4.889545E-05
1.276379E+04	6.348973E-04	4.822710E-05
1.280340E+04	6.271221E-04	4.766645E-05
1.284301E+04	6.208738E-04	4.722090E-05
1.288262E+04	6.161993E-04	4.689425E-05
1.292224E+04	6.131033E-04	4.668708E-05
1.296185E+04	6.115544E-04	4.659722E-05
1.300146E+04	6.114902E-04	4.662013E-05
1.304107E+04	6.128225E-04	4.674930E-05
1.308068E+04	6.154434E-04	4.697665E-05
1.312029E+04	6.192286E-04	4.729288E-05
1.315990E+04	6.240416E-04	4.768769E-05
1.319951E+04	6.297357E-04	4.815001E-05
1.323912E+04	6.361550E-04	4.866800E-05
1.327873E+04	6.431360E-04	4.922925E-05
1.331834E+04	6.505096E-04	4.982086E-05
1.335795E+04	6.581027E-04	5.042959E-05
1.339756E+04	6.657410E-04	5.104211E-05
1.343717E+04	6.732518E-04	5.164518E-05
1.347678E+04	6.804666E-04	5.222581E-05
1.351639E+04	6.872245E-04	5.277162E-05
1.355600E+04	6.933759E-04	5.327105E-05
1.359561E+04	6.987864E-04	5.371370E-05
1.363522E+04	7.033421E-04	5.409069E-05
1.367483E+04	7.069530E-04	5.439503E-05
1.371444E+04	7.095558E-04	5.462170E-05
1.375405E+04	7.111147E-04	5.476785E-05
1.379366E+04	7.116213E-04	5.483271E-05
1.383327E+04	7.110922E-04	5.481744E-05
1.387288E+04	7.095661E-04	5.472493E-05
1.391249E+04	7.071011E-04	5.455954E-05
1.395210E+04	7.037703E-04	5.432682E-05
1.399171E+04	6.996591E-04	5.403330E-05
1.403132E+04	6.948620E-04	5.368619E-05
1.407093E+04	6.894806E-04	5.329329E-05
1.411054E+04	6.836214E-04	5.286279E-05
1.415015E+04	6.773948E-04	5.240317E-05
1.418976E+04	6.709132E-04	5.192313E-05
1.422937E+04	6.642907E-04	5.143147E-05
1.426898E+04	6.576417E-04	5.093706E-05
1.430859E+04	6.510815E-04	5.044883E-05
1.434820E+04	6.447262E-04	4.997580E-05
1.438781E+04	6.386930E-04	4.952709E-05
1.442742E+04	6.330990E-04	4.911183E-05
1.446703E+04	6.280605E-04	4.873907E-05
1.450664E+04	6.236889E-04	4.841752E-05
1.454625E+04	6.200884E-04	4.815535E-05
1.458587E+04	6.173504E-04	4.795973E-05
1.462548E+04	6.155484E-04	4.783642E-05
1.466509E+04	6.147333E-04	4.778949E-05
1.470470E+04	6.149285E-04	4.782083E-05
1.474431E+04	6.161284E-04	4.793007E-05
1.478392E+04	6.182956E-04	4.811439E-05
1.482353E+04	6.213616E-04	4.836853E-05
1.486314E+04	6.252288E-04	4.868496E-05
1.490275E+04	6.297729E-04	4.905405E-05
1.494236E+04	6.348485E-04	4.946450E-05
1.498197E+04	6.402921E-04	4.990363E-05
1.502158E+04	6.459278E-04	5.035771E-05
1.506119E+04	6.515716E-04	5.081244E-05
1.510080E+04	6.570391E-04	5.125340E-05
1.514041E+04	6.621535E-04	5.166679E-05
1.518002E+04	6.667562E-04	5.204020E-05
1.521963E+04	6.707162E-04	5.236337E-05
1.525924E+04	6.739365E-04	5.262868E-05
1.529885E+04	6.763556E-04	5.283128E-05
1.533846E+04	6.779459E-04	5.296895E-05
1.537807E+04	6.787063E-04	5.304157E-05
1.541768E+04	6.786539E-04	5.305043E-05
1.545729E+04	6.778162E-04	5.299762E-05
1.549690E+04	6.762233E-04	5.288546E-05
1.553651E+04	6.739047E-04	5.271623E-05
1.557612E+04	6.708888E-04	5.249210E-05
1.561573E+04	6.672045E-04	5.221531E-05
1.565534E+04	6.628839E-04	5.188835E-05
1.569495E+04	6.579649E-04	5.151414E-05
1.573456E+04	6.524902E-04	5.109603E-05
1.577417E+04	6.465059E-04	5.063758E-05
1.581378E+04	6.400564E-04	5.014228E-05
1.585339E+04	6.331808E-04	4.961317E-05
1.589300E+04	6.259091E-04	4.905258E-05
1.593261E+04	6.182612E-04	4.846207E-05
1.597222E+04	6.102497E-04	4.784264E-05
1.601183E+04	6.018871E-04	4.719524E-05
1.605144E+04	5.931932E-04	4.652142E-05
1.609105E+04	5.842047E-04	4.582407E-05
1.613066E+04	5.749824E-04	4.510794E-05
1.617027E+04	5.656119E-04	4.437977E-05
1.620988E+04	5.561994E-04	4.364789E-05
1.624949E+04	5.468623E-04	4.292152E-05
1.628911E+04	5.377161E-04	4.220975E-05
1.632872E+04	5.288633E-04	4.152062E-05
1.636833E+04	5.203842E-04	4.086049E-05
1.640794E+04	5.123348E-04	4.023375E-05
1.644755E+04	5.047448E-04	3.964277E-05
1.648716E+04	4.976208E-04	3.908809E-05
1.652677E+04	4.909495E-04	3.856867E-05
1.656638E+04	4.847023E-04	3.808232E-05
1.660599E+04	4.788418E-04	3.762608E-05
1.664560E+04	4.733273E-04	3.719679E-05
1.668521E+04	4.681206E-04	3.679146E-05
1.672482E+04	4.631889E-04	3.640752E-05
1.676443E+04	4.585067E-04	3.604299E-05
1.680404E+04	4.540532E-04	3.569623E-05
1.684365E+04	4.498099E-04	3.536581E-05
1.688326E+04	4.457565E-04	3.505014E-05
1.692287E+04	4.418677E-04	3.474722E-05
1.696248E+04	4.381128E-04	3.445468E-05
1.700209E+04	4.344558E-04	3.416966E-05
1.704170E+04	4.308584E-04	3.388917E-05
1.708131E+04	4.272836E-04	3.361032E-05
1.712092E+04	4.237006E-04	3.333066E-05
1.716053E+04	4.200873E-04	3.304847E-05
1.720014E+04	4.164338E-04	3.276298E-05
1.723975E+04	4.127452E-04	3.247459E-05
1.727936E+04	4.090416E-04	3.218489E-05
1.731897E+04	4.053578E-04	3.189662E-05
1.735858E+04	4.017417E-04	3.161355E-05
1.739819E+04	3.982515E-04	3.134027E-05
1.743780E+04	3.949525E-04	3.108192E-05
1.747741E+04	3.919133E-04	3.084390E-05
1.751702E+04	3.892029E-04	3.063166E-05
1.755663E+04	3.868874E-04	3.045039E-05
1.759624E+04	3.850272E-04	3.030487E-05
1.763585E+04	3.836748E-04	3.019923E-05
1.767546E+04	3.828715E-04	3.013672E-05
1.771507E+04	3.826470E-04	3.011969E-05
1.775468E+04	3.830166E-04	3.014936E-05
1.779429E+04	3.839817E-04	3.022582E-05
1.783390E+04	3.855281E-04	3.034796E-05
1.787351E+04	3.876281E-04	3.051362E-05
1.791312E+04	3.902413E-04	3.071961E-05
1.795274E+04	3.933171E-04	3.096194E-05
1.799235E+04	3.967960E-04	3.123595E-05
1.803196E+04	4.006117E-04	3.153640E-05
1.807157E+04	4.046927E-04	3.185767E-05
1.811118E+04	4.089635E-04	3.219381E-05
1.815079E+04	4.133463E-04	3.253871E-05
1.819040E+04	4.177635E-04	3.288624E-05
1.823001E+04	4.221389E-04	3.323043E-05
1.826962E+04	4.264008E-04	3.356561E-05
1.830923E+04	4.304828E-04	3.388656E-05
1.834884E+04	4.343255E-04	3.418861E-05
1.838845E+04	4.378764E-04	3.446763E-05
1.842806E+04	4.410904E-04	3.472006E-05
1.846767E+04	4.439289E-04	3.494289E-05
1.850728E+04	4.463610E-04	3.513366E-05
1.854689E+04	4.483624E-04	3.529048E-05
1.858650E+04	4.499173E-04	3.541210E-05
1.862611E+04	4.510174E-04	3.549788E-05
1.866572E+04	4.516618E-04	3.554774E-05
1.870533E+04	4.518566E-04	3.556219E-05
1.874494E+04	4.516151E-04	3.554226E-05
1.878455E+04	4.509581E-04	3.548959E-05
1.882416E+04	4.499144E-04	3.540647E-05
1.886377E+04	4.485221E-04	3.529589E-05
1.890338E+04	4.468281E-04	3.516155E-05
1.894299E+04	4.448886E-04	3.500787E-05
1.898260E+04	4.427666E-04	3.483983E-05
1.902221E+04	4.405307E-04	3.466281E-05
1.906182E+04	4.382523E-04	3.448245E-05
1.910143E+04	4.360033E-04	3.430440E-05
1.914104E+04	4.338535E-04	3.413416E-05
1.918065E+04	4.318677E-04	3.397683E-05
1.922026E+04	4.301037E-04	3.383695E-05
1.925987E+04	4.286096E-04	3.371831E-05
1.929948E+04	4.274213E-04	3.362375E-05
1.933909E+04	4.265625E-04	3.355510E-05
1.937870E+04	4.260424E-04	3.351312E-05
1.941831E+04	4.258564E-04	3.349743E-05
1.945792E+04	4.259860E-04	3.350658E-05
1.949753E+04	4.263994E-04	3.353806E-05
1.953714E+04	4.270537E-04	3.358852E-05
1.957675E+04	4.278982E-04	3.365395E-05
1.961636E+04	4.288778E-04	3.373003E-05
1.965598E+04	4.299370E-04	3.381239E-05
1.969559E+04	4.310236E-04	3.389694E-05
1.973520E+04	4.320902E-04	3.397995E-05
1.977481E+04	4.330961E-04	3.405822E-05
1.981442E+04	4.340058E-04	3.412896E-05
1.985403E+04	4.347877E-04	3.418969E-05
1.989364E+04	4.354115E-04	3.423804E-05
1.993325E+04	4.358466E-04	3.427161E-05
1.997286E+04	4.360607E-04	3.428784E-05
2.001247E+04	4.360195E-04	3.428407E-05
2.005208E+04	4.356885E-04	3.425757E-05
2.009169E+04	4.350353E-04	3.420581E-05
2.013130E+04	4.340331E-04	3.412668E-05
2.017091E+04	4.326656E-04	3.401890E-05
2.021052E+04	4.309312E-04	3.388235E-05
2.025013E+04	4.288445E-04	3.371819E-05
2.028974E+04	4.264384E-04	3.352899E-05
2.032935E+04	4.237595E-04	3.331844E-05
2.036896E+04	4.208655E-04	3.309105E-05
2.040857E+04	4.178187E-04	3.285175E-05
2.044818E+04	4.146814E-04	3.260542E-05
2.048779E+04	4.115109E-04	3.235657E-05
2.052740E+04	4.083557E-04	3.210903E-05
2.056701E+04	4.052532E-04	3.186572E-05
2.060662E+04	4.022280E-04	3.162858E-05
2.064623E+04	3.992919E-04	3.139855E-05
2.068584E+04	3.964449E-04	3.117563E-05
2.072545E+04	3.936767E-04	3.095900E-05
2.076506E+04	3.909690E-04	3.074724E-05
2.080467E+04	3.882982E-04	3.053848E-05
2.084428E+04	3.856376E-04	3.033063E-05
2.088389E+04	3.829600E-04	3.012155E-05
2.092350E+04	3.802395E-04	2.990920E-05
2.096311E+04	3.774544E-04	2.969188E-05
2.100272E+04	3.745885E-04	2.946831E-05
2.104233E+04	3.716350E-04	2.923795E-05
2.108194E+04	3.685984E-04	2.900116E-05
2.112155E+04	3.654979E-04	2.875945E-05
2.116116E+04	3.623697E-04	2.851566E-05
2.120077E+04	3.592659E-04	2.827388E-05
2.124038E+04	3.562494E-04	2.803905E-05
2.127999E+04	3.533801E-04	2.781589E-05
2.131961E+04	3.506784E-04	2.760601E-05
2.135922E+04	3.481032E-04	2.740615E-05
2.139883E+04	3.455953E-04	2.721167E-05
2.143844E+04	3.430993E-04	2.701819E-05
2.147805E+04	3.405711E-04	2.682224E-05
2.151766E+04	3.379778E-04	2.662122E-05
2.155727E+04	3.352971E-04	2.641336E-05
2.159688E+04	3.325146E-04	2.619753E-05
2.163649E+04	3.296221E-04	2.597307E-05
2.167610E+04	3.266142E-04	2.573955E-05
2.171571E+04	3.234875E-04	2.549668E-05
2.175532E+04	3.202386E-04	2.524420E-05
2.179493E+04	3.168640E-04	2.498183E-05
2.183454E+04	3.133605E-04	2.470928E-05
2.187415E+04	3.097258E-04	2.442639E-05
2.191376E+04	3.059599E-04	2.413312E-05
2.195337E+04	3.020664E-04	2.382978E-05
2.199298E+04	2.980532E-04	2.351695E-05
2.203259E+04	2.939323E-04	2.319559E-05
2.207220E+04	2.897205E-04	2.286700E-05
2.211181E+04	2.854387E-04	2.253285E-05
2.215142E+04	2.811111E-04	2.219502E-05
2.219103E+04	2.767650E-04	2.185566E-05
2.223064E+04	2.724288E-04	2.151701E-05
2.227025E+04	2.681318E-04	2.118140E-05
2.230986E+04	2.639038E-04	2.085115E-05
2.234947E+04	2.597735E-04	2.052855E-05
2.238908E+04	2.557685E-04	2.021578E-05
2.242869E+04	2.519146E-04	1.991487E-05
2.246830E+04	2.482350E-04	1.962767E-05
2.250791E+04	2.447496E-04	1.935575E-05
2.254752E+04	2.414742E-04	1.910038E-05
2.258713E+04	2.384207E-04	1.886249E-05
2.262674E+04	2.355958E-04	1.864262E-05
2.266635E+04	2.330018E-04	1.844098E-05
2.270596E+04	2.306371E-04	1.825742E-05
2.274557E+04	2.284959E-04	1.809152E-05
2.278518E+04	2.265696E-04	1.794260E-05
2.282479E+04	2.248476E-04	1.780981E-05
2.286440E+04	2.233173E-04	1.769218E-05
2.290401E+04	2.219651E-04	1.758863E-05
2.294362E+04	2.207777E-04	1.749812E-05
2.298323E+04	2.197423E-04	1.741964E-05
2.302285E+04	2.188471E-04	1.735226E-05
2.306246E+04	2.180824E-04	1.729521E-05
2.310207E+04	2.174395E-04	1.724782E-05
2.314168E+04	2.169115E-04	1.720953E-05
2.318129E+04	2.164918E-04	1.717984E-05
2.322090E+04	2.161749E-04	1.715829E-05
2.326051E+04	2.159547E-04	1.714443E-05
2.330012E+04	2.158249E-04	1.713775E-05
2.333973E+04	2.157787E-04	1.713771E-05
2.337934E+04	2.158081E-04	1.714368E-05
2.341895E+04	2.159050E-04	1.715502E-05
2.345856E+04	2.160605E-04	1.717104E-05
2.349817E+04	2.162653E-04	1.719098E-05
2.353778E+04	2.165101E-04	1.721411E-05
2.357739E+04	2.167844E-04	1.723961E-05
2.361700E+04	2.170782E-04	1.726667E-05
2.365661E+04	2.173803E-04	1.729440E-05
2.369622E+04	2.176794E-04	1.732189E-05
2.373583E+04	2.179633E-04	1.734820E-05
2.377544E+04	2.182203E-04	1.737237E-05
2.381505E+04	2.184374E-04	1.739338E-05
2.385466E+04	2.186023E-04	1.741024E-05
2.389427E+04	2.187031E-04	1.742198E-05
2.393388E+04	2.187285E-04	1.742773E-05
2.397349E+04	2.186688E-04	1.742669E-05
2.401310E+04	2.185164E-04	1.741825E-05
2.405271E+04	2.182656E-04	1.740197E-05
2.409232E+04	2.179137E-04	1.737761E-05
2.413193E+04	2.174603E-04	1.734513E-05
2.417154E+04	2.169070E-04	1.730466E-05
2.421115E+04	2.162581E-04	1.725654E-05
2.425076E+04	2.155189E-04	1.720119E-05
