#wls	flux	fluxerr
3.257341E+03	2.737594E-04	1.388727E-05
3.296951E+03	2.538759E-04	1.282415E-05
3.336561E+03	2.367191E-04	1.190638E-05
3.376171E+03	2.219671E-04	1.111613E-05
3.415782E+03	2.093431E-04	1.043811E-05
3.455392E+03	1.986111E-04	9.859256E-06
3.495002E+03	1.895703E-04	9.368439E-06
3.534612E+03	1.820507E-04	8.956211E-06
3.574223E+03	1.759090E-04	8.614576E-06
3.613833E+03	1.710240E-04	8.336719E-06
3.653443E+03	1.672947E-04	8.116912E-06
3.693053E+03	1.646366E-04	7.950303E-06
3.732664E+03	1.629793E-04	7.832791E-06
3.772274E+03	1.622643E-04	7.760887E-06
3.811884E+03	1.624428E-04	7.731628E-06
3.851494E+03	1.634744E-04	7.742471E-06
3.891105E+03	1.653241E-04	7.791169E-06
3.930715E+03	1.679605E-04	7.875666E-06
3.970325E+03	1.713540E-04	7.994018E-06
4.009935E+03	1.754755E-04	8.144319E-06
4.049545E+03	1.802948E-04	8.324641E-06
4.089156E+03	1.857805E-04	8.533019E-06
4.128766E+03	1.918970E-04	8.767334E-06
4.168376E+03	1.986057E-04	9.025351E-06
4.207986E+03	2.058625E-04	9.304616E-06
4.247597E+03	2.136184E-04	9.602504E-06
4.287207E+03	2.218187E-04	9.916181E-06
4.326817E+03	2.304028E-04	1.024259E-05
4.366427E+03	2.393057E-04	1.057856E-05
4.406038E+03	2.484599E-04	1.092086E-05
4.445648E+03	2.577998E-04	1.126640E-05
4.485258E+03	2.672645E-04	1.161237E-05
4.524868E+03	2.768015E-04	1.195639E-05
4.564479E+03	2.863723E-04	1.229673E-05
4.604089E+03	2.959589E-04	1.263258E-05
4.643699E+03	3.055710E-04	1.296431E-05
4.683309E+03	3.152498E-04	1.329363E-05
4.722919E+03	3.250659E-04	1.362342E-05
4.762530E+03	3.350995E-04	1.395690E-05
4.802140E+03	3.453883E-04	1.429545E-05
4.841750E+03	3.558557E-04	1.463571E-05
4.881360E+03	3.663343E-04	1.497068E-05
4.920971E+03	3.766432E-04	1.529301E-05
4.960581E+03	3.866078E-04	1.559575E-05
5.000191E+03	3.960652E-04	1.587264E-05
5.039801E+03	4.048632E-04	1.611802E-05
5.079412E+03	4.128644E-04	1.632696E-05
5.119022E+03	4.199512E-04	1.649546E-05
5.158632E+03	4.260308E-04	1.662064E-05
5.198242E+03	4.310361E-04	1.670069E-05
5.237853E+03	4.349325E-04	1.673515E-05
5.277463E+03	4.377248E-04	1.672509E-05
5.317073E+03	4.394573E-04	1.667309E-05
5.356683E+03	4.402185E-04	1.658336E-05
5.396293E+03	4.401460E-04	1.646182E-05
5.435904E+03	4.394245E-04	1.631603E-05
5.475514E+03	4.382733E-04	1.615461E-05
5.515124E+03	4.369308E-04	1.598665E-05
5.554734E+03	4.356500E-04	1.582151E-05
5.594345E+03	4.346858E-04	1.566834E-05
5.633955E+03	4.342666E-04	1.553507E-05
5.673565E+03	4.345702E-04	1.542759E-05
5.713175E+03	4.357243E-04	1.534983E-05
5.752786E+03	4.378220E-04	1.530436E-05
5.792396E+03	4.409315E-04	1.529279E-05
5.832006E+03	4.450978E-04	1.531586E-05
5.871616E+03	4.503383E-04	1.537334E-05
5.911227E+03	4.566380E-04	1.546384E-05
5.950837E+03	4.639453E-04	1.558480E-05
5.990447E+03	4.721683E-04	1.573237E-05
6.030057E+03	4.811648E-04	1.590111E-05
6.069667E+03	4.907290E-04	1.608370E-05
6.109278E+03	5.005796E-04	1.627056E-05
6.148888E+03	5.103663E-04	1.645022E-05
6.188498E+03	5.197214E-04	1.661102E-05
6.228108E+03	5.284252E-04	1.674639E-05
6.267719E+03	5.364655E-04	1.685654E-05
6.307329E+03	5.438880E-04	1.694348E-05
6.346939E+03	5.507656E-04	1.701000E-05
6.386549E+03	5.572198E-04	1.706032E-05
6.426160E+03	5.633800E-04	1.709877E-05
6.465770E+03	5.693664E-04	1.712924E-05
6.505380E+03	5.753393E-04	1.715670E-05
6.544990E+03	5.814883E-04	1.718678E-05
6.584601E+03	5.880054E-04	1.722498E-05
6.624211E+03	5.950619E-04	1.727604E-05
6.663821E+03	6.027945E-04	1.734347E-05
6.703431E+03	6.113016E-04	1.742961E-05
6.743041E+03	6.206403E-04	1.753549E-05
6.782652E+03	6.308097E-04	1.766050E-05
6.822262E+03	6.417370E-04	1.780204E-05
6.861872E+03	6.532797E-04	1.795565E-05
6.901482E+03	6.652441E-04	1.811566E-05
6.941093E+03	6.774207E-04	1.827616E-05
6.980703E+03	6.896072E-04	1.843167E-05
7.020313E+03	7.015992E-04	1.857684E-05
7.059923E+03	7.131974E-04	1.870667E-05
7.099534E+03	7.242465E-04	1.881751E-05
7.139144E+03	7.346544E-04	1.890749E-05
7.178754E+03	7.443675E-04	1.897580E-05
7.218364E+03	7.533461E-04	1.902203E-05
7.257975E+03	7.615514E-04	1.904587E-05
7.297585E+03	7.689647E-04	1.904748E-05
7.337195E+03	7.756457E-04	1.902901E-05
7.376805E+03	7.817903E-04	1.899583E-05
7.416415E+03	7.877616E-04	1.895716E-05
7.456026E+03	7.940998E-04	1.892609E-05
7.495636E+03	8.014942E-04	1.891876E-05
7.535246E+03	8.107029E-04	1.895228E-05
7.574856E+03	8.224150E-04	1.904152E-05
7.614467E+03	8.368628E-04	1.919028E-05
7.654077E+03	8.532834E-04	1.937958E-05
7.693687E+03	8.703509E-04	1.957843E-05
7.733297E+03	8.865681E-04	1.975319E-05
7.772908E+03	9.004975E-04	1.987280E-05
7.812518E+03	9.112483E-04	1.991935E-05
7.852128E+03	9.185183E-04	1.988826E-05
7.891738E+03	9.222843E-04	1.978115E-05
7.931349E+03	9.227345E-04	1.960408E-05
7.970959E+03	9.202572E-04	1.936712E-05
8.010569E+03	9.153928E-04	1.908319E-05
8.050179E+03	9.087653E-04	1.876646E-05
8.089789E+03	9.010241E-04	1.843114E-05
8.129400E+03	8.927726E-04	1.808997E-05
8.169010E+03	8.844930E-04	1.775280E-05
8.208620E+03	8.765375E-04	1.742656E-05
8.248230E+03	8.691811E-04	1.711636E-05
8.287841E+03	8.626431E-04	1.682607E-05
8.327451E+03	8.570439E-04	1.655747E-05
8.367061E+03	8.523837E-04	1.630999E-05
8.406671E+03	8.485575E-04	1.608107E-05
8.446282E+03	8.454058E-04	1.586721E-05
8.485892E+03	8.427819E-04	1.566530E-05
8.525502E+03	8.405685E-04	1.547288E-05
8.565112E+03	8.386836E-04	1.528823E-05
8.604723E+03	8.371057E-04	1.511080E-05
8.644333E+03	8.358784E-04	1.494123E-05
8.683943E+03	8.351053E-04	1.478119E-05
8.723553E+03	8.349373E-04	1.463314E-05
8.763163E+03	8.355532E-04	1.449991E-05
8.802774E+03	8.371477E-04	1.438453E-05
8.842384E+03	8.399135E-04	1.428986E-05
8.881994E+03	8.440176E-04	1.421822E-05
8.921604E+03	8.495841E-04	1.417114E-05
8.961215E+03	8.566736E-04	1.414904E-05
9.000825E+03	8.652437E-04	1.415064E-05
9.040435E+03	8.750940E-04	1.417220E-05
9.080045E+03	8.858418E-04	1.420716E-05
9.119656E+03	8.970488E-04	1.424841E-05
9.159266E+03	9.085697E-04	1.429371E-05
9.198876E+03	9.204447E-04	1.434371E-05
9.238486E+03	9.326788E-04	1.439848E-05
9.278097E+03	9.451950E-04	1.445683E-05
9.317707E+03	9.578400E-04	1.451648E-05
9.357317E+03	9.704025E-04	1.457439E-05
9.396927E+03	9.826487E-04	1.462732E-05
9.436537E+03	9.943641E-04	1.467246E-05
9.476148E+03	1.005380E-03	1.470776E-05
9.515758E+03	1.015605E-03	1.473244E-05
9.555368E+03	1.025062E-03	1.474737E-05
9.594978E+03	1.033887E-03	1.475504E-05
9.634589E+03	1.042331E-03	1.475951E-05
9.674199E+03	1.050779E-03	1.476663E-05
9.713809E+03	1.059771E-03	1.478427E-05
9.753419E+03	1.069990E-03	1.482208E-05
9.793030E+03	1.082186E-03	1.489043E-05
9.832640E+03	1.096975E-03	1.499762E-05
9.872250E+03	1.114361E-03	1.514352E-05
9.911857E+03	1.133858E-03	1.532130E-05
9.951468E+03	1.154833E-03	1.552241E-05
9.991078E+03	1.176675E-03	1.573886E-05
1.003069E+04	1.198847E-03	1.596383E-05
1.007030E+04	1.220911E-03	1.619199E-05
1.010991E+04	1.242522E-03	1.641936E-05
1.014952E+04	1.263393E-03	1.664280E-05
1.018913E+04	1.283252E-03	1.685938E-05
1.022874E+04	1.301819E-03	1.706608E-05
1.026835E+04	1.318812E-03	1.725991E-05
1.030796E+04	1.333968E-03	1.743802E-05
1.034757E+04	1.347263E-03	1.760068E-05
1.038718E+04	1.359319E-03	1.775641E-05
1.042679E+04	1.370721E-03	1.791260E-05
1.046640E+04	1.381732E-03	1.807233E-05
1.050601E+04	1.392372E-03	1.823538E-05
1.054562E+04	1.402508E-03	1.839956E-05
1.058523E+04	1.411896E-03	1.856115E-05
1.062484E+04	1.420209E-03	1.871531E-05
1.066445E+04	1.427067E-03	1.885643E-05
1.070406E+04	1.432072E-03	1.897857E-05
1.074367E+04	1.434852E-03	1.907607E-05
1.078328E+04	1.435101E-03	1.914406E-05
1.082289E+04	1.432597E-03	1.917873E-05
1.086250E+04	1.427219E-03	1.917758E-05
1.090211E+04	1.418939E-03	1.913933E-05
1.094172E+04	1.407800E-03	1.906368E-05
1.098133E+04	1.393936E-03	1.895161E-05
1.102094E+04	1.377599E-03	1.880571E-05
1.106055E+04	1.359127E-03	1.862991E-05
1.110016E+04	1.338908E-03	1.842888E-05
1.113977E+04	1.317342E-03	1.820762E-05
1.117938E+04	1.294817E-03	1.797107E-05
1.121900E+04	1.271706E-03	1.772411E-05
1.125861E+04	1.248367E-03	1.747154E-05
1.129822E+04	1.225141E-03	1.721802E-05
1.133783E+04	1.202344E-03	1.696798E-05
1.137744E+04	1.180260E-03	1.672550E-05
1.141705E+04	1.159130E-03	1.649416E-05
1.145666E+04	1.139163E-03	1.627715E-05
1.149627E+04	1.120547E-03	1.607740E-05
1.153588E+04	1.103441E-03	1.589755E-05
1.157549E+04	1.087989E-03	1.574002E-05
1.161510E+04	1.074316E-03	1.560705E-05
1.165471E+04	1.062531E-03	1.550067E-05
1.169432E+04	1.052705E-03	1.542240E-05
1.173393E+04	1.044868E-03	1.537320E-05
1.177354E+04	1.039006E-03	1.535342E-05
1.181315E+04	1.035068E-03	1.536285E-05
1.185276E+04	1.032955E-03	1.540061E-05
1.189237E+04	1.032523E-03	1.546512E-05
1.193198E+04	1.033566E-03	1.555386E-05
1.197159E+04	1.035814E-03	1.566332E-05
1.201120E+04	1.038926E-03	1.578887E-05
1.205081E+04	1.042498E-03	1.592480E-05
1.209042E+04	1.046064E-03	1.606437E-05
1.213003E+04	1.049101E-03	1.619980E-05
1.216964E+04	1.051028E-03	1.632222E-05
1.220925E+04	1.051211E-03	1.642174E-05
1.224886E+04	1.048970E-03	1.648745E-05
1.228847E+04	1.043596E-03	1.650739E-05
1.232808E+04	1.034385E-03	1.646904E-05
1.236769E+04	1.020850E-03	1.636298E-05
1.240730E+04	1.003396E-03	1.619385E-05
1.244691E+04	9.829439E-04	1.597489E-05
1.248652E+04	9.604268E-04	1.571981E-05
1.252613E+04	9.367010E-04	1.544159E-05
1.256574E+04	9.125289E-04	1.515199E-05
1.260535E+04	8.885713E-04	1.486150E-05
1.264496E+04	8.653878E-04	1.457925E-05
1.268457E+04	8.434387E-04	1.431300E-05
1.272418E+04	8.230903E-04	1.406916E-05
1.276379E+04	8.046208E-04	1.385285E-05
1.280340E+04	7.882255E-04	1.366792E-05
1.284301E+04	7.740283E-04	1.351710E-05
1.288262E+04	7.620944E-04	1.340214E-05
1.292224E+04	7.524403E-04	1.332402E-05
1.296185E+04	7.450371E-04	1.328289E-05
1.300146E+04	7.398137E-04	1.327814E-05
1.304107E+04	7.366625E-04	1.330847E-05
1.308068E+04	7.354518E-04	1.337208E-05
1.312029E+04	7.360380E-04	1.346687E-05
1.315990E+04	7.382640E-04	1.359042E-05
1.319951E+04	7.419571E-04	1.373995E-05
1.323912E+04	7.469288E-04	1.391227E-05
1.327873E+04	7.529770E-04	1.410385E-05
1.331834E+04	7.598903E-04	1.431089E-05
1.335795E+04	7.674563E-04	1.452948E-05
1.339756E+04	7.754667E-04	1.475567E-05
1.343717E+04	7.837177E-04	1.498553E-05
1.347678E+04	7.920087E-04	1.521512E-05
1.351639E+04	8.001411E-04	1.544045E-05
1.355600E+04	8.079214E-04	1.565757E-05
1.359561E+04	8.151661E-04	1.586269E-05
1.363522E+04	8.217104E-04	1.605232E-05
1.367483E+04	8.274182E-04	1.622351E-05
1.371444E+04	8.321891E-04	1.637401E-05
1.375405E+04	8.359548E-04	1.650218E-05
1.379366E+04	8.386760E-04	1.660699E-05
1.383327E+04	8.403390E-04	1.668792E-05
1.387288E+04	8.409534E-04	1.674495E-05
1.391249E+04	8.405468E-04	1.677846E-05
1.395210E+04	8.391617E-04	1.678916E-05
1.399171E+04	8.368540E-04	1.677806E-05
1.403132E+04	8.336928E-04	1.674648E-05
1.407093E+04	8.297618E-04	1.669608E-05
1.411054E+04	8.251565E-04	1.662877E-05
1.415015E+04	8.199853E-04	1.654680E-05
1.418976E+04	8.143728E-04	1.645273E-05
1.422937E+04	8.084517E-04	1.634933E-05
1.426898E+04	8.023544E-04	1.623942E-05
1.430859E+04	7.962135E-04	1.612579E-05
1.434820E+04	7.901619E-04	1.601128E-05
1.438781E+04	7.843336E-04	1.589878E-05
1.442742E+04	7.788578E-04	1.579106E-05
1.446703E+04	7.738544E-04	1.569071E-05
1.450664E+04	7.694369E-04	1.560019E-05
1.454625E+04	7.657147E-04	1.552189E-05
1.458587E+04	7.627841E-04	1.545791E-05
1.462548E+04	7.607165E-04	1.540985E-05
1.466509E+04	7.595572E-04	1.537877E-05
1.470470E+04	7.593247E-04	1.536519E-05
1.474431E+04	7.600129E-04	1.536913E-05
1.478392E+04	7.615873E-04	1.539004E-05
1.482353E+04	7.639848E-04	1.542680E-05
1.486314E+04	7.671184E-04	1.547780E-05
1.490275E+04	7.708850E-04	1.554115E-05
1.494236E+04	7.751716E-04	1.561477E-05
1.498197E+04	7.798613E-04	1.569651E-05
1.502158E+04	7.848358E-04	1.578424E-05
1.506119E+04	7.899718E-04	1.587573E-05
1.510080E+04	7.951383E-04	1.596864E-05
1.514041E+04	8.002039E-04	1.606064E-05
1.518002E+04	8.050471E-04	1.614961E-05
1.521963E+04	8.095654E-04	1.623385E-05
1.525924E+04	8.136804E-04	1.631216E-05
1.529885E+04	8.173393E-04	1.638384E-05
1.533846E+04	8.205139E-04	1.644872E-05
1.537807E+04	8.231982E-04	1.650705E-05
1.541768E+04	8.253954E-04	1.655928E-05
1.545729E+04	8.271065E-04	1.660581E-05
1.549690E+04	8.283258E-04	1.664691E-05
1.553651E+04	8.290414E-04	1.668269E-05
1.557612E+04	8.292399E-04	1.671323E-05
1.561573E+04	8.289039E-04	1.673852E-05
1.565534E+04	8.280149E-04	1.675848E-05
1.569495E+04	8.265574E-04	1.677309E-05
1.573456E+04	8.245192E-04	1.678232E-05
1.577417E+04	8.218824E-04	1.678603E-05
1.581378E+04	8.186131E-04	1.678368E-05
1.585339E+04	8.146496E-04	1.677410E-05
1.589300E+04	8.098995E-04	1.675542E-05
1.593261E+04	8.042364E-04	1.672495E-05
1.597222E+04	7.974975E-04	1.667909E-05
1.601183E+04	7.894814E-04	1.661303E-05
1.605144E+04	7.799548E-04	1.652088E-05
1.609105E+04	7.686923E-04	1.639670E-05
1.613066E+04	7.557118E-04	1.623956E-05
1.617027E+04	7.414514E-04	1.605752E-05
1.620988E+04	7.264030E-04	1.586006E-05
1.624949E+04	7.110022E-04	1.565573E-05
1.628911E+04	6.956125E-04	1.545177E-05
1.632872E+04	6.805159E-04	1.525390E-05
1.636833E+04	6.659152E-04	1.506631E-05
1.640794E+04	6.519471E-04	1.489188E-05
1.644755E+04	6.386958E-04	1.473245E-05
1.648716E+04	6.262047E-04	1.458901E-05
1.652677E+04	6.144838E-04	1.446189E-05
1.656638E+04	6.035129E-04	1.435073E-05
1.660599E+04	5.932526E-04	1.425476E-05
1.664560E+04	5.836548E-04	1.417296E-05
1.668521E+04	5.746677E-04	1.410425E-05
1.672482E+04	5.662375E-04	1.404747E-05
1.676443E+04	5.583111E-04	1.400143E-05
1.680404E+04	5.508354E-04	1.396494E-05
1.684365E+04	5.437576E-04	1.393678E-05
1.688326E+04	5.370297E-04	1.391579E-05
1.692287E+04	5.306095E-04	1.390097E-05
1.696248E+04	5.244616E-04	1.389143E-05
1.700209E+04	5.185553E-04	1.388641E-05
1.704170E+04	5.128664E-04	1.388530E-05
1.708131E+04	5.073817E-04	1.388775E-05
1.712092E+04	5.020973E-04	1.389371E-05
1.716053E+04	4.970181E-04	1.390334E-05
1.720014E+04	4.921538E-04	1.391697E-05
1.723975E+04	4.875218E-04	1.393517E-05
1.727936E+04	4.831474E-04	1.395879E-05
1.731897E+04	4.790623E-04	1.398887E-05
1.735858E+04	4.753011E-04	1.402660E-05
1.739819E+04	4.719014E-04	1.407333E-05
1.743780E+04	4.689015E-04	1.413046E-05
1.747741E+04	4.663384E-04	1.419940E-05
1.751702E+04	4.642483E-04	1.428163E-05
1.755663E+04	4.626682E-04	1.437866E-05
1.759624E+04	4.616335E-04	1.449202E-05
1.763585E+04	4.611729E-04	1.462309E-05
1.767546E+04	4.613074E-04	1.477302E-05
1.771507E+04	4.620495E-04	1.494273E-05
1.775468E+04	4.633997E-04	1.513277E-05
1.779429E+04	4.653467E-04	1.534329E-05
1.783390E+04	4.678662E-04	1.557400E-05
1.787351E+04	4.709218E-04	1.582417E-05
1.791312E+04	4.744700E-04	1.609280E-05
1.795274E+04	4.784640E-04	1.637869E-05
1.799235E+04	4.828510E-04	1.668041E-05
1.803196E+04	4.875688E-04	1.699611E-05
1.807157E+04	4.925492E-04	1.732365E-05
1.811118E+04	4.977191E-04	1.766065E-05
1.815079E+04	5.030002E-04	1.800443E-05
1.819040E+04	5.083101E-04	1.835207E-05
1.823001E+04	5.135652E-04	1.870053E-05
1.826962E+04	5.186857E-04	1.904676E-05
1.830923E+04	5.235967E-04	1.938783E-05
1.834884E+04	5.282328E-04	1.972106E-05
1.838845E+04	5.325375E-04	2.004402E-05
1.842806E+04	5.364578E-04	2.035438E-05
1.846767E+04	5.399422E-04	2.064976E-05
1.850728E+04	5.429423E-04	2.092788E-05
1.854689E+04	5.454173E-04	2.118667E-05
1.858650E+04	5.473403E-04	2.142459E-05
1.862611E+04	5.486980E-04	2.164058E-05
1.866572E+04	5.494875E-04	2.183401E-05
1.870533E+04	5.497108E-04	2.200443E-05
1.874494E+04	5.493761E-04	2.215165E-05
1.878455E+04	5.484995E-04	2.227583E-05
1.882416E+04	5.471077E-04	2.237758E-05
1.886377E+04	5.452387E-04	2.245800E-05
1.890338E+04	5.429436E-04	2.251881E-05
1.894299E+04	5.402891E-04	2.256241E-05
1.898260E+04	5.373516E-04	2.259173E-05
1.902221E+04	5.342115E-04	2.260991E-05
1.906182E+04	5.309483E-04	2.262020E-05
1.910143E+04	5.276402E-04	2.262585E-05
1.914104E+04	5.243645E-04	2.263015E-05
1.918065E+04	5.211922E-04	2.263625E-05
1.922026E+04	5.181861E-04	2.264696E-05
1.925987E+04	5.153960E-04	2.266464E-05
1.929948E+04	5.128587E-04	2.269109E-05
1.933909E+04	5.105993E-04	2.272765E-05
1.937870E+04	5.086335E-04	2.277524E-05
1.941831E+04	5.069691E-04	2.283446E-05
1.945792E+04	5.056065E-04	2.290557E-05
1.949753E+04	5.045337E-04	2.298827E-05
1.953714E+04	5.037251E-04	2.308162E-05
1.957675E+04	5.031436E-04	2.318410E-05
1.961636E+04	5.027444E-04	2.329383E-05
1.965598E+04	5.024775E-04	2.340861E-05
1.969559E+04	5.022930E-04	2.352621E-05
1.973520E+04	5.021442E-04	2.364449E-05
1.977481E+04	5.019874E-04	2.376140E-05
1.981442E+04	5.017830E-04	2.387507E-05
1.985403E+04	5.014924E-04	2.398361E-05
1.989364E+04	5.010765E-04	2.408508E-05
1.993325E+04	5.004933E-04	2.417737E-05
1.997286E+04	4.996992E-04	2.425823E-05
2.001247E+04	4.986472E-04	2.432524E-05
2.005208E+04	4.972861E-04	2.437571E-05
2.009169E+04	4.955644E-04	2.440689E-05
2.013130E+04	4.934355E-04	2.441624E-05
2.017091E+04	4.908656E-04	2.440180E-05
2.021052E+04	4.878375E-04	2.436244E-05
2.025013E+04	4.843581E-04	2.429820E-05
2.028974E+04	4.804570E-04	2.421029E-05
2.032935E+04	4.761823E-04	2.410089E-05
2.036896E+04	4.715925E-04	2.397274E-05
2.040857E+04	4.667474E-04	2.382871E-05
2.044818E+04	4.617024E-04	2.367151E-05
2.048779E+04	4.565061E-04	2.350355E-05
2.052740E+04	4.511986E-04	2.332682E-05
2.056701E+04	4.458094E-04	2.314281E-05
2.060662E+04	4.403581E-04	2.295254E-05
2.064623E+04	4.348585E-04	2.275670E-05
2.068584E+04	4.293244E-04	2.255603E-05
2.072545E+04	4.237707E-04	2.235133E-05
2.076506E+04	4.182154E-04	2.214357E-05
2.080467E+04	4.126809E-04	2.193397E-05
2.084428E+04	4.071938E-04	2.172400E-05
2.088389E+04	4.017823E-04	2.151521E-05
2.092350E+04	3.964729E-04	2.130912E-05
2.096311E+04	3.912879E-04	2.110701E-05
2.100272E+04	3.862458E-04	2.091000E-05
2.104233E+04	3.813634E-04	2.071910E-05
2.108194E+04	3.766615E-04	2.053557E-05
2.112155E+04	3.721660E-04	2.036095E-05
2.116116E+04	3.679083E-04	2.019711E-05
2.120077E+04	3.639283E-04	2.004640E-05
2.124038E+04	3.602694E-04	1.991140E-05
2.127999E+04	3.569702E-04	1.979444E-05
2.131961E+04	3.540399E-04	1.969625E-05
2.135922E+04	3.514449E-04	1.961518E-05
2.139883E+04	3.491286E-04	1.954824E-05
2.143844E+04	3.470291E-04	1.949213E-05
2.147805E+04	3.450853E-04	1.944352E-05
2.151766E+04	3.432369E-04	1.939910E-05
2.155727E+04	3.414260E-04	1.935566E-05
2.159688E+04	3.395985E-04	1.931014E-05
2.163649E+04	3.377045E-04	1.925970E-05
2.167610E+04	3.357017E-04	1.920190E-05
2.171571E+04	3.335589E-04	1.913490E-05
2.175532E+04	3.312546E-04	1.905741E-05
2.179493E+04	3.287743E-04	1.896853E-05
2.183454E+04	3.261052E-04	1.886744E-05
2.187415E+04	3.232366E-04	1.875344E-05
2.191376E+04	3.201629E-04	1.862613E-05
2.195337E+04	3.168884E-04	1.848567E-05
2.199298E+04	3.134238E-04	1.833262E-05
2.203259E+04	3.097860E-04	1.816788E-05
2.207220E+04	3.059969E-04	1.799269E-05
2.211181E+04	3.020842E-04	1.780863E-05
2.215142E+04	2.980786E-04	1.761747E-05
2.219103E+04	2.940135E-04	1.742116E-05
2.223064E+04	2.899232E-04	1.722175E-05
2.227025E+04	2.858420E-04	1.702128E-05
2.230986E+04	2.818045E-04	1.682183E-05
2.234947E+04	2.778454E-04	1.662553E-05
2.238908E+04	2.739995E-04	1.643451E-05
2.242869E+04	2.702998E-04	1.625082E-05
2.246830E+04	2.667770E-04	1.607639E-05
2.250791E+04	2.634578E-04	1.591293E-05
2.254752E+04	2.603675E-04	1.576206E-05
2.258713E+04	2.575280E-04	1.562522E-05
2.262674E+04	2.549566E-04	1.550359E-05
2.266635E+04	2.526621E-04	1.539781E-05
2.270596E+04	2.506469E-04	1.530816E-05
2.274557E+04	2.489122E-04	1.523483E-05
2.278518E+04	2.474584E-04	1.517796E-05
2.282479E+04	2.462833E-04	1.513754E-05
2.286440E+04	2.453784E-04	1.511315E-05
2.290401E+04	2.447321E-04	1.510419E-05
2.294362E+04	2.443323E-04	1.511002E-05
2.298323E+04	2.441686E-04	1.513008E-05
2.302285E+04	2.442313E-04	1.516385E-05
2.306246E+04	2.445119E-04	1.521091E-05
2.310207E+04	2.450024E-04	1.527083E-05
2.314168E+04	2.456954E-04	1.534322E-05
2.318129E+04	2.465839E-04	1.542772E-05
2.322090E+04	2.476596E-04	1.552387E-05
2.326051E+04	2.489130E-04	1.563115E-05
2.330012E+04	2.503333E-04	1.574892E-05
2.333973E+04	2.519074E-04	1.587642E-05
2.337934E+04	2.536205E-04	1.601277E-05
2.341895E+04	2.554578E-04	1.615708E-05
2.345856E+04	2.574050E-04	1.630847E-05
2.349817E+04	2.594484E-04	1.646610E-05
2.353778E+04	2.615745E-04	1.662915E-05
2.357739E+04	2.637705E-04	1.679682E-05
2.361700E+04	2.660231E-04	1.696828E-05
2.365661E+04	2.683194E-04	1.714272E-05
2.369622E+04	2.706461E-04	1.731929E-05
2.373583E+04	2.729887E-04	1.749707E-05
2.377544E+04	2.753328E-04	1.767514E-05
2.381505E+04	2.776629E-04	1.785250E-05
2.385466E+04	2.799626E-04	1.802808E-05
2.389427E+04	2.822156E-04	1.820081E-05
2.393388E+04	2.844049E-04	1.836958E-05
2.397349E+04	2.865154E-04	1.853339E-05
2.401310E+04	2.885343E-04	1.869139E-05
2.405271E+04	2.904528E-04	1.884296E-05
2.409232E+04	2.922647E-04	1.898768E-05
2.413193E+04	2.939668E-04	1.912532E-05
2.417154E+04	2.955581E-04	1.925576E-05
2.421115E+04	2.970402E-04	1.937907E-05
2.425076E+04	2.984166E-04	1.949547E-05
