#wls	flux	fluxerr
3.257341E+03	5.341699E-04	6.276838E-05
3.296951E+03	5.593758E-04	6.502014E-05
3.336561E+03	5.863812E-04	6.741120E-05
3.376171E+03	6.152360E-04	6.993994E-05
3.415782E+03	6.460065E-04	7.260630E-05
3.455392E+03	6.787086E-04	7.540423E-05
3.495002E+03	7.133332E-04	7.832480E-05
3.534612E+03	7.498088E-04	8.135234E-05
3.574223E+03	7.879685E-04	8.446132E-05
3.613833E+03	8.275815E-04	8.762027E-05
3.653443E+03	8.683748E-04	9.079455E-05
3.693053E+03	9.100772E-04	9.395112E-05
3.732664E+03	9.525670E-04	9.707365E-05
3.772274E+03	9.957937E-04	1.001537E-04
3.811884E+03	1.039885E-03	1.032007E-04
3.851494E+03	1.085011E-03	1.062276E-04
3.891105E+03	1.131412E-03	1.092534E-04
3.930715E+03	1.179338E-03	1.122968E-04
3.970325E+03	1.229021E-03	1.153734E-04
4.009935E+03	1.280657E-03	1.184941E-04
4.049545E+03	1.334348E-03	1.216607E-04
4.089156E+03	1.390058E-03	1.248617E-04
4.128766E+03	1.447606E-03	1.280732E-04
4.168376E+03	1.506609E-03	1.312550E-04
4.207986E+03	1.566404E-03	1.343446E-04
4.247597E+03	1.626091E-03	1.372636E-04
4.287207E+03	1.684592E-03	1.399238E-04
4.326817E+03	1.740804E-03	1.422407E-04
4.366427E+03	1.794164E-03	1.441794E-04
4.406038E+03	1.844398E-03	1.457312E-04
4.445648E+03	1.891114E-03	1.468793E-04
4.485258E+03	1.933870E-03	1.476057E-04
4.524868E+03	1.972310E-03	1.479006E-04
4.564479E+03	2.006124E-03	1.477595E-04
4.604089E+03	2.035091E-03	1.471863E-04
4.643699E+03	2.059021E-03	1.461879E-04
4.683309E+03	2.077762E-03	1.447751E-04
4.722919E+03	2.091055E-03	1.429520E-04
4.762530E+03	2.098589E-03	1.407207E-04
4.802140E+03	2.100127E-03	1.380892E-04
4.841750E+03	2.095691E-03	1.350836E-04
4.881360E+03	2.085675E-03	1.317527E-04
4.920971E+03	2.070721E-03	1.281586E-04
4.960581E+03	2.051502E-03	1.243620E-04
5.000191E+03	2.028658E-03	1.204179E-04
5.039801E+03	2.002597E-03	1.163646E-04
5.079412E+03	1.973584E-03	1.122298E-04
5.119022E+03	1.941580E-03	1.080230E-04
5.158632E+03	1.906444E-03	1.037483E-04
5.198242E+03	1.867970E-03	9.940659E-05
5.237853E+03	1.826008E-03	9.500249E-05
5.277463E+03	1.780706E-03	9.055613E-05
5.317073E+03	1.732765E-03	8.611416E-05
5.356683E+03	1.683612E-03	8.175451E-05
5.396293E+03	1.635355E-03	7.758081E-05
5.435904E+03	1.589231E-03	7.364655E-05
5.475514E+03	1.549069E-03	7.011745E-05
5.515124E+03	1.518583E-03	6.713764E-05
5.554734E+03	1.498418E-03	6.470371E-05
5.594345E+03	1.487205E-03	6.272621E-05
5.633955E+03	1.483088E-03	6.110251E-05
5.673565E+03	1.484411E-03	5.974665E-05
5.713175E+03	1.489631E-03	5.858454E-05
5.752786E+03	1.497418E-03	5.755685E-05
5.792396E+03	1.506538E-03	5.661333E-05
5.832006E+03	1.515786E-03	5.570959E-05
5.871616E+03	1.524100E-03	5.481063E-05
5.911227E+03	1.530450E-03	5.388601E-05
5.950837E+03	1.533956E-03	5.291338E-05
5.990447E+03	1.534194E-03	5.188777E-05
6.030057E+03	1.531381E-03	5.082608E-05
6.069667E+03	1.526973E-03	4.978410E-05
6.109278E+03	1.524436E-03	4.887804E-05
6.148888E+03	1.530080E-03	4.830645E-05
6.188498E+03	1.551657E-03	4.829957E-05
6.228108E+03	1.591573E-03	4.891151E-05
6.267719E+03	1.644880E-03	4.997360E-05
6.307329E+03	1.705597E-03	5.129532E-05
6.346939E+03	1.769204E-03	5.273811E-05
6.386549E+03	1.832946E-03	5.422088E-05
6.426160E+03	1.895849E-03	5.571698E-05
6.465770E+03	1.957202E-03	5.720759E-05
6.505380E+03	2.016768E-03	5.868749E-05
6.544990E+03	2.074428E-03	6.015451E-05
6.584601E+03	2.130021E-03	6.160482E-05
6.624211E+03	2.182981E-03	6.302275E-05
6.663821E+03	2.232722E-03	6.439201E-05
6.703431E+03	2.278222E-03	6.568364E-05
6.743041E+03	2.318402E-03	6.686708E-05
6.782652E+03	2.352036E-03	6.790742E-05
6.822262E+03	2.377809E-03	6.876691E-05
6.861872E+03	2.394486E-03	6.940974E-05
6.901482E+03	2.400929E-03	6.980230E-05
6.941093E+03	2.396372E-03	6.992105E-05
6.980703E+03	2.380242E-03	6.974727E-05
7.020313E+03	2.352419E-03	6.927443E-05
7.059923E+03	2.313239E-03	6.850842E-05
7.099534E+03	2.263495E-03	6.746794E-05
7.139144E+03	2.204425E-03	6.618413E-05
7.178754E+03	2.137607E-03	6.469810E-05
7.218364E+03	2.065006E-03	6.306275E-05
7.257975E+03	1.988627E-03	6.133294E-05
7.297585E+03	1.910714E-03	5.957205E-05
7.337195E+03	1.833712E-03	5.785186E-05
7.376805E+03	1.760883E-03	5.627315E-05
7.416415E+03	1.698542E-03	5.504071E-05
7.456026E+03	1.654775E-03	5.442627E-05
7.495636E+03	1.634240E-03	5.460378E-05
7.535246E+03	1.631677E-03	5.542463E-05
7.574856E+03	1.638901E-03	5.663139E-05
7.614467E+03	1.649263E-03	5.800374E-05
7.654077E+03	1.657841E-03	5.936781E-05
7.693687E+03	1.661340E-03	6.059635E-05
7.733297E+03	1.657712E-03	6.159938E-05
7.772908E+03	1.645928E-03	6.231912E-05
7.812518E+03	1.625234E-03	6.270486E-05
7.852128E+03	1.594934E-03	6.270556E-05
7.891738E+03	1.554004E-03	6.225454E-05
7.931349E+03	1.503313E-03	6.135909E-05
7.970959E+03	1.445993E-03	6.012309E-05
8.010569E+03	1.384742E-03	5.864178E-05
8.050179E+03	1.321477E-03	5.698536E-05
8.089789E+03	1.257605E-03	5.520810E-05
8.129400E+03	1.194129E-03	5.335104E-05
8.169010E+03	1.131936E-03	5.145349E-05
8.208620E+03	1.071806E-03	4.955312E-05
8.248230E+03	1.014337E-03	4.768171E-05
8.287841E+03	9.601616E-04	4.587507E-05
8.327451E+03	9.097876E-04	4.416494E-05
8.367061E+03	8.637460E-04	4.258609E-05
8.406671E+03	8.224997E-04	4.117153E-05
8.446282E+03	7.865356E-04	3.995693E-05
8.485892E+03	7.563059E-04	3.897754E-05
8.525502E+03	7.323324E-04	3.827344E-05
8.565112E+03	7.150851E-04	3.788325E-05
8.604723E+03	7.049732E-04	3.784331E-05
8.644333E+03	7.020843E-04	3.817312E-05
8.683943E+03	7.057395E-04	3.884962E-05
8.723553E+03	7.148814E-04	3.982631E-05
8.763163E+03	7.284812E-04	4.105499E-05
8.802774E+03	7.457256E-04	4.249660E-05
8.842384E+03	7.661226E-04	4.412810E-05
8.881994E+03	7.893845E-04	4.593679E-05
8.921604E+03	8.152724E-04	4.791175E-05
8.961215E+03	8.435022E-04	5.003847E-05
9.000825E+03	8.738537E-04	5.230528E-05
9.040435E+03	9.059871E-04	5.469250E-05
9.080045E+03	9.397043E-04	5.718804E-05
9.119656E+03	9.747219E-04	5.977394E-05
9.159266E+03	1.010854E-03	6.243748E-05
9.198876E+03	1.047878E-03	6.516301E-05
9.238486E+03	1.085665E-03	6.794040E-05
9.278097E+03	1.123912E-03	7.074790E-05
9.317707E+03	1.162493E-03	7.357460E-05
9.357317E+03	1.201262E-03	7.640786E-05
9.396927E+03	1.239878E-03	7.922253E-05
9.436537E+03	1.278201E-03	8.200574E-05
9.476148E+03	1.316024E-03	8.474020E-05
9.515758E+03	1.353050E-03	8.740268E-05
9.555368E+03	1.388850E-03	8.996133E-05
9.594978E+03	1.423236E-03	9.239975E-05
9.634589E+03	1.455722E-03	9.468206E-05
9.674199E+03	1.485993E-03	9.678397E-05
9.713809E+03	1.513520E-03	9.866719E-05
9.753419E+03	1.537982E-03	1.003074E-04
9.793030E+03	1.558829E-03	1.016659E-04
9.832640E+03	1.575758E-03	1.027207E-04
9.872250E+03	1.588240E-03	1.034359E-04
9.911857E+03	1.596044E-03	1.037958E-04
9.951468E+03	1.599015E-03	1.037905E-04
9.991078E+03	1.596642E-03	1.033885E-04
1.003069E+04	1.588935E-03	1.025928E-04
1.007030E+04	1.576045E-03	1.014165E-04
1.010991E+04	1.557985E-03	9.986514E-05
1.014952E+04	1.535432E-03	9.798726E-05
1.018913E+04	1.508690E-03	9.580800E-05
1.022874E+04	1.478986E-03	9.341129E-05
1.026835E+04	1.447741E-03	9.089220E-05
1.030796E+04	1.416285E-03	8.833836E-05
1.034757E+04	1.386919E-03	8.589556E-05
1.038718E+04	1.361953E-03	8.370580E-05
1.042679E+04	1.368405E-03	8.341220E-05
1.046640E+04	1.381567E-03	8.347381E-05
1.050601E+04	1.401898E-03	8.390612E-05
1.054562E+04	1.428575E-03	8.464635E-05
1.058523E+04	1.459910E-03	8.558172E-05
1.062484E+04	1.493915E-03	8.658533E-05
1.066445E+04	1.528726E-03	8.754212E-05
1.070406E+04	1.562807E-03	8.836053E-05
1.074367E+04	1.594993E-03	8.897425E-05
1.078328E+04	1.624468E-03	8.933991E-05
1.082289E+04	1.650699E-03	8.943270E-05
1.086250E+04	1.673386E-03	8.924247E-05
1.090211E+04	1.692405E-03	8.877005E-05
1.094172E+04	1.707771E-03	8.802461E-05
1.098133E+04	1.719594E-03	8.702087E-05
1.102094E+04	1.728063E-03	8.577757E-05
1.106055E+04	1.733408E-03	8.431553E-05
1.110016E+04	1.735881E-03	8.265630E-05
1.113977E+04	1.735740E-03	8.082128E-05
1.117938E+04	1.733235E-03	7.883092E-05
1.121900E+04	1.728597E-03	7.670420E-05
1.125861E+04	1.722025E-03	7.445832E-05
1.129822E+04	1.713699E-03	7.210901E-05
1.133783E+04	1.703768E-03	6.967040E-05
1.137744E+04	1.692360E-03	6.715545E-05
1.141705E+04	1.679582E-03	6.457612E-05
1.145666E+04	1.665532E-03	6.194378E-05
1.149627E+04	1.650301E-03	5.926961E-05
1.153588E+04	1.633975E-03	5.656440E-05
1.157549E+04	1.616639E-03	5.383898E-05
1.161510E+04	1.598361E-03	5.110370E-05
1.165471E+04	1.579192E-03	4.836851E-05
1.169432E+04	1.559141E-03	4.564255E-05
1.173393E+04	1.538161E-03	4.293401E-05
1.177354E+04	1.516113E-03	4.024991E-05
1.181315E+04	1.492752E-03	3.759638E-05
1.185276E+04	1.467696E-03	3.497893E-05
1.189237E+04	1.440405E-03	3.240322E-05
1.193198E+04	1.410186E-03	2.987634E-05
1.197159E+04	1.376219E-03	2.740848E-05
1.201120E+04	1.337660E-03	2.501545E-05
1.205081E+04	1.293821E-03	2.272130E-05
1.209042E+04	1.244504E-03	2.056160E-05
1.213003E+04	1.190501E-03	1.858614E-05
1.216964E+04	1.134295E-03	1.686200E-05
1.220925E+04	1.080870E-03	1.547672E-05
1.224886E+04	1.038280E-03	1.454175E-05
1.228847E+04	1.016753E-03	1.418640E-05
1.232808E+04	1.023286E-03	1.449990E-05
1.236769E+04	1.053324E-03	1.542404E-05
1.240730E+04	1.096561E-03	1.682674E-05
1.244691E+04	1.144230E-03	1.858462E-05
1.248652E+04	1.190763E-03	2.060062E-05
1.252613E+04	1.233351E-03	2.280322E-05
1.256574E+04	1.271083E-03	2.514285E-05
1.260535E+04	1.304171E-03	2.758809E-05
1.264496E+04	1.333404E-03	3.012185E-05
1.268457E+04	1.359763E-03	3.273734E-05
1.272418E+04	1.384224E-03	3.543488E-05
1.276379E+04	1.407634E-03	3.821888E-05
1.280340E+04	1.430670E-03	4.109557E-05
1.284301E+04	1.453831E-03	4.407133E-05
1.288262E+04	1.477453E-03	4.715159E-05
1.292224E+04	1.501723E-03	5.033989E-05
1.296185E+04	1.526710E-03	5.363744E-05
1.300146E+04	1.552382E-03	5.704273E-05
1.304107E+04	1.578636E-03	6.055173E-05
1.308068E+04	1.605305E-03	6.415754E-05
1.312029E+04	1.632180E-03	6.785075E-05
1.315990E+04	1.659028E-03	7.161963E-05
1.319951E+04	1.685592E-03	7.545016E-05
1.323912E+04	1.711605E-03	7.932632E-05
1.327873E+04	1.736793E-03	8.323029E-05
1.331834E+04	1.760884E-03	8.714263E-05
1.335795E+04	1.783602E-03	9.104220E-05
1.339756E+04	1.804682E-03	9.490692E-05
1.343717E+04	1.823865E-03	9.871350E-05
1.347678E+04	1.840922E-03	1.024389E-04
1.351639E+04	1.855649E-03	1.060603E-04
1.355600E+04	1.867886E-03	1.095567E-04
1.359561E+04	1.877520E-03	1.129088E-04
1.363522E+04	1.884482E-03	1.160998E-04
1.367483E+04	1.888755E-03	1.191161E-04
1.371444E+04	1.890365E-03	1.219469E-04
1.375405E+04	1.889387E-03	1.245849E-04
1.379366E+04	1.885929E-03	1.270262E-04
1.383327E+04	1.880142E-03	1.292702E-04
1.387288E+04	1.872206E-03	1.313197E-04
1.391249E+04	1.862329E-03	1.331806E-04
1.395210E+04	1.850740E-03	1.348619E-04
1.399171E+04	1.837686E-03	1.363749E-04
1.403132E+04	1.823419E-03	1.377334E-04
1.407093E+04	1.808186E-03	1.389518E-04
1.411054E+04	1.792236E-03	1.400463E-04
1.415015E+04	1.775799E-03	1.410328E-04
1.418976E+04	1.759090E-03	1.419276E-04
1.422937E+04	1.742314E-03	1.427468E-04
1.426898E+04	1.725658E-03	1.435065E-04
1.430859E+04	1.709296E-03	1.442225E-04
1.434820E+04	1.693392E-03	1.449104E-04
1.438781E+04	1.678093E-03	1.455855E-04
1.442742E+04	1.663539E-03	1.462626E-04
1.446703E+04	1.649851E-03	1.469558E-04
1.450664E+04	1.637127E-03	1.476776E-04
1.454625E+04	1.625441E-03	1.484383E-04
1.458587E+04	1.614831E-03	1.492456E-04
1.462548E+04	1.605301E-03	1.501038E-04
1.466509E+04	1.596806E-03	1.510125E-04
1.470470E+04	1.589264E-03	1.519676E-04
1.474431E+04	1.582540E-03	1.529592E-04
1.478392E+04	1.576454E-03	1.539727E-04
1.482353E+04	1.570782E-03	1.549882E-04
1.486314E+04	1.565257E-03	1.559804E-04
1.490275E+04	1.559582E-03	1.569201E-04
1.494236E+04	1.553429E-03	1.577739E-04
1.498197E+04	1.546455E-03	1.585054E-04
1.502158E+04	1.538319E-03	1.590775E-04
1.506119E+04	1.528687E-03	1.594525E-04
1.510080E+04	1.517249E-03	1.595941E-04
1.514041E+04	1.503735E-03	1.594696E-04
1.518002E+04	1.487922E-03	1.590504E-04
1.521963E+04	1.469648E-03	1.583140E-04
1.525924E+04	1.448813E-03	1.572442E-04
1.529885E+04	1.425389E-03	1.558330E-04
1.533846E+04	1.399407E-03	1.540788E-04
1.537807E+04	1.370967E-03	1.519878E-04
1.541768E+04	1.340217E-03	1.495726E-04
1.545729E+04	1.307354E-03	1.468518E-04
1.549690E+04	1.272622E-03	1.438499E-04
1.553651E+04	1.236303E-03	1.405970E-04
1.557612E+04	1.198716E-03	1.371280E-04
1.561573E+04	1.160218E-03	1.334835E-04
1.565534E+04	1.121204E-03	1.297093E-04
1.569495E+04	1.082113E-03	1.258576E-04
1.573456E+04	1.043437E-03	1.219877E-04
1.577417E+04	1.005734E-03	1.181681E-04
1.581378E+04	9.696552E-04	1.144791E-04
1.585339E+04	9.359616E-04	1.110158E-04
1.589300E+04	9.055470E-04	1.078904E-04
1.593261E+04	8.794242E-04	1.052308E-04
1.597222E+04	8.586405E-04	1.031709E-04
1.601183E+04	8.440766E-04	1.018260E-04
1.605144E+04	8.361534E-04	1.012568E-04
1.609105E+04	8.346106E-04	1.014412E-04
1.613066E+04	8.385603E-04	1.022796E-04
1.617027E+04	8.467813E-04	1.036293E-04
1.620988E+04	8.580309E-04	1.053426E-04
1.624949E+04	8.712260E-04	1.072890E-04
1.628911E+04	8.855001E-04	1.093632E-04
1.632872E+04	9.001897E-04	1.114832E-04
1.636833E+04	9.147961E-04	1.135868E-04
1.640794E+04	9.289471E-04	1.156268E-04
1.644755E+04	9.423646E-04	1.175675E-04
1.648716E+04	9.548414E-04	1.193815E-04
1.652677E+04	9.662255E-04	1.210484E-04
1.656638E+04	9.764100E-04	1.225533E-04
1.660599E+04	9.853270E-04	1.238864E-04
1.664560E+04	9.929449E-04	1.250424E-04
1.668521E+04	9.992662E-04	1.260204E-04
1.672482E+04	1.004324E-03	1.268236E-04
1.676443E+04	1.008180E-03	1.274589E-04
1.680404E+04	1.010915E-03	1.279358E-04
1.684365E+04	1.012625E-03	1.282658E-04
1.688326E+04	1.013408E-03	1.284611E-04
1.692287E+04	1.013362E-03	1.285337E-04
1.696248E+04	1.012578E-03	1.284951E-04
1.700209E+04	1.011138E-03	1.283555E-04
1.704170E+04	1.009116E-03	1.281244E-04
1.708131E+04	1.006586E-03	1.278112E-04
1.712092E+04	1.003619E-03	1.274251E-04
1.716053E+04	1.000296E-03	1.269766E-04
1.720014E+04	9.967056E-04	1.264771E-04
1.723975E+04	9.929525E-04	1.259402E-04
1.727936E+04	9.891561E-04	1.253812E-04
1.731897E+04	9.854505E-04	1.248174E-04
1.735858E+04	9.819827E-04	1.242677E-04
1.739819E+04	9.789092E-04	1.237518E-04
1.743780E+04	9.763897E-04	1.232900E-04
1.747741E+04	9.745840E-04	1.229024E-04
1.751702E+04	9.736461E-04	1.226082E-04
1.755663E+04	9.737195E-04	1.224250E-04
1.759624E+04	9.749328E-04	1.223684E-04
1.763585E+04	9.773952E-04	1.224514E-04
1.767546E+04	9.811918E-04	1.226837E-04
1.771507E+04	9.863804E-04	1.230713E-04
1.775468E+04	9.929872E-04	1.236162E-04
1.779429E+04	1.001004E-03	1.243160E-04
1.783390E+04	1.010385E-03	1.251633E-04
1.787351E+04	1.021045E-03	1.261461E-04
1.791312E+04	1.032859E-03	1.272471E-04
1.795274E+04	1.045659E-03	1.284440E-04
1.799235E+04	1.059240E-03	1.297102E-04
1.803196E+04	1.073358E-03	1.310144E-04
1.807157E+04	1.087738E-03	1.323220E-04
1.811118E+04	1.102081E-03	1.335957E-04
1.815079E+04	1.116070E-03	1.347969E-04
1.819040E+04	1.129381E-03	1.358865E-04
1.823001E+04	1.141699E-03	1.368271E-04
1.826962E+04	1.152718E-03	1.375834E-04
1.830923E+04	1.162166E-03	1.381244E-04
1.834884E+04	1.169797E-03	1.384232E-04
1.838845E+04	1.175407E-03	1.384585E-04
1.842806E+04	1.178834E-03	1.382145E-04
1.846767E+04	1.179965E-03	1.376816E-04
1.850728E+04	1.178737E-03	1.368565E-04
1.854689E+04	1.175143E-03	1.357429E-04
1.858650E+04	1.169228E-03	1.343506E-04
1.862611E+04	1.161088E-03	1.326950E-04
1.866572E+04	1.150860E-03	1.307968E-04
1.870533E+04	1.138717E-03	1.286800E-04
1.874494E+04	1.124852E-03	1.263708E-04
1.878455E+04	1.109476E-03	1.238971E-04
1.882416E+04	1.092815E-03	1.212878E-04
1.886377E+04	1.075101E-03	1.185721E-04
1.890338E+04	1.056574E-03	1.157796E-04
1.894299E+04	1.037476E-03	1.129393E-04
1.898260E+04	1.018046E-03	1.100792E-04
1.902221E+04	9.985125E-04	1.072259E-04
1.906182E+04	9.790927E-04	1.044035E-04
1.910143E+04	9.599833E-04	1.016337E-04
1.914104E+04	9.413580E-04	9.893505E-05
1.918065E+04	9.233633E-04	9.632264E-05
1.922026E+04	9.061159E-04	9.380803E-05
1.925987E+04	8.897018E-04	9.139916E-05
1.929948E+04	8.741772E-04	8.910067E-05
1.933909E+04	8.595703E-04	8.691410E-05
1.937870E+04	8.458846E-04	8.483839E-05
1.941831E+04	8.331011E-04	8.287018E-05
1.945792E+04	8.211825E-04	8.100434E-05
1.949753E+04	8.100748E-04	7.923420E-05
1.953714E+04	7.997119E-04	7.755207E-05
1.957675E+04	7.900185E-04	7.594958E-05
1.961636E+04	7.809144E-04	7.441815E-05
1.965598E+04	7.723182E-04	7.294933E-05
1.969559E+04	7.641487E-04	7.153500E-05
1.973520E+04	7.563278E-04	7.016755E-05
1.977481E+04	7.487806E-04	6.883998E-05
1.981442E+04	7.414355E-04	6.754585E-05
1.985403E+04	7.342244E-04	6.627927E-05
1.989364E+04	7.270810E-04	6.503475E-05
1.993325E+04	7.199397E-04	6.380713E-05
1.997286E+04	7.127348E-04	6.259140E-05
2.001247E+04	7.054002E-04	6.138278E-05
2.005208E+04	6.978704E-04	6.017674E-05
2.009169E+04	6.900828E-04	5.896917E-05
2.013130E+04	6.819802E-04	5.775662E-05
2.017091E+04	6.735136E-04	5.653647E-05
2.021052E+04	6.646438E-04	5.530702E-05
2.025013E+04	6.553428E-04	5.406750E-05
2.028974E+04	6.455927E-04	5.281805E-05
2.032935E+04	6.353851E-04	5.155949E-05
2.036896E+04	6.247191E-04	5.029318E-05
2.040857E+04	6.135990E-04	4.902078E-05
2.044818E+04	6.020323E-04	4.774405E-05
2.048779E+04	5.900284E-04	4.646476E-05
2.052740E+04	5.775981E-04	4.518458E-05
2.056701E+04	5.647539E-04	4.390514E-05
2.060662E+04	5.515112E-04	4.262806E-05
2.064623E+04	5.378893E-04	4.135506E-05
2.068584E+04	5.239143E-04	4.008810E-05
2.072545E+04	5.096215E-04	3.882961E-05
2.076506E+04	4.950569E-04	3.758256E-05
2.080467E+04	4.802800E-04	3.635065E-05
2.084428E+04	4.653648E-04	3.513843E-05
2.088389E+04	4.504018E-04	3.395143E-05
2.092350E+04	4.354999E-04	3.279632E-05
2.096311E+04	4.207897E-04	3.168125E-05
2.100272E+04	4.064278E-04	3.061621E-05
2.104233E+04	3.926051E-04	2.961373E-05
2.108194E+04	3.795571E-04	2.868941E-05
2.112155E+04	3.675807E-04	2.786340E-05
2.116116E+04	3.570559E-04	2.716271E-05
2.120077E+04	3.484709E-04	2.662353E-05
2.124038E+04	3.424323E-04	2.629238E-05
2.127999E+04	3.395853E-04	2.622045E-05
2.131961E+04	3.401173E-04	2.642538E-05
2.135922E+04	3.434074E-04	2.686293E-05
2.139883E+04	3.487150E-04	2.747895E-05
2.143844E+04	3.554175E-04	2.822753E-05
2.147805E+04	3.630258E-04	2.907228E-05
2.151766E+04	3.711558E-04	2.998421E-05
2.155727E+04	3.795012E-04	3.093969E-05
2.159688E+04	3.878119E-04	3.191884E-05
2.163649E+04	3.958790E-04	3.290435E-05
2.167610E+04	4.035254E-04	3.388087E-05
2.171571E+04	4.105993E-04	3.483439E-05
2.175532E+04	4.169701E-04	3.575216E-05
2.179493E+04	4.225268E-04	3.662243E-05
2.183454E+04	4.271766E-04	3.743454E-05
2.187415E+04	4.308456E-04	3.817895E-05
2.191376E+04	4.334785E-04	3.884741E-05
2.195337E+04	4.350399E-04	3.943307E-05
2.199298E+04	4.355149E-04	3.993073E-05
2.203259E+04	4.349088E-04	4.033690E-05
2.207220E+04	4.332472E-04	4.064990E-05
2.211181E+04	4.305752E-04	4.086994E-05
2.215142E+04	4.269556E-04	4.099908E-05
2.219103E+04	4.224664E-04	4.104112E-05
2.223064E+04	4.171987E-04	4.100140E-05
2.227025E+04	4.112523E-04	4.088661E-05
2.230986E+04	4.047336E-04	4.070448E-05
2.234947E+04	3.977512E-04	4.046353E-05
2.238908E+04	3.904140E-04	4.017279E-05
2.242869E+04	3.828286E-04	3.984162E-05
2.246830E+04	3.750968E-04	3.947939E-05
2.250791E+04	3.673141E-04	3.909531E-05
2.254752E+04	3.595683E-04	3.869826E-05
2.258713E+04	3.519379E-04	3.829656E-05
2.262674E+04	3.444917E-04	3.789788E-05
2.266635E+04	3.372878E-04	3.750907E-05
2.270596E+04	3.303742E-04	3.713612E-05
2.274557E+04	3.237891E-04	3.678422E-05
2.278518E+04	3.175620E-04	3.645773E-05
2.282479E+04	3.117144E-04	3.616026E-05
2.286440E+04	3.062606E-04	3.589472E-05
2.290401E+04	3.012094E-04	3.566342E-05
2.294362E+04	2.965648E-04	3.546819E-05
2.298323E+04	2.923274E-04	3.531043E-05
2.302285E+04	2.884948E-04	3.519125E-05
2.306246E+04	2.850631E-04	3.511153E-05
2.310207E+04	2.820272E-04	3.507199E-05
2.314168E+04	2.793807E-04	3.507316E-05
2.318129E+04	2.771167E-04	3.511551E-05
2.322090E+04	2.752277E-04	3.519937E-05
2.326051E+04	2.737054E-04	3.532492E-05
2.330012E+04	2.725410E-04	3.549227E-05
2.333973E+04	2.717247E-04	3.570132E-05
2.337934E+04	2.712459E-04	3.595184E-05
2.341895E+04	2.710934E-04	3.624343E-05
2.345856E+04	2.712547E-04	3.657551E-05
2.349817E+04	2.717167E-04	3.694728E-05
2.353778E+04	2.724650E-04	3.735777E-05
2.357739E+04	2.734843E-04	3.780576E-05
2.361700E+04	2.747581E-04	3.828981E-05
2.365661E+04	2.762682E-04	3.880815E-05
2.369622E+04	2.779957E-04	3.935884E-05
2.373583E+04	2.799201E-04	3.993959E-05
2.377544E+04	2.820204E-04	4.054798E-05
2.381505E+04	2.842749E-04	4.118136E-05
2.385466E+04	2.866617E-04	4.183696E-05
2.389427E+04	2.891594E-04	4.251198E-05
2.393388E+04	2.917472E-04	4.320362E-05
2.397349E+04	2.944054E-04	4.390915E-05
2.401310E+04	2.971157E-04	4.462598E-05
2.405271E+04	2.998612E-04	4.535162E-05
2.409232E+04	3.026263E-04	4.608375E-05
2.413193E+04	3.053971E-04	4.682018E-05
2.417154E+04	3.081609E-04	4.755892E-05
2.421115E+04	3.109059E-04	4.829803E-05
2.425076E+04	3.136219E-04	4.903578E-05
