#wls	flux	fluxerr
3.257341E+03	4.196430E-05	3.505459E-06
3.296951E+03	4.397037E-05	3.650214E-06
3.336561E+03	4.613843E-05	3.806189E-06
3.376171E+03	4.848291E-05	3.974309E-06
3.415782E+03	5.101839E-05	4.155481E-06
3.455392E+03	5.375913E-05	4.350555E-06
3.495002E+03	5.671881E-05	4.560304E-06
3.534612E+03	5.990997E-05	4.785381E-06
3.574223E+03	6.334357E-05	5.026290E-06
3.613833E+03	6.702844E-05	5.283340E-06
3.653443E+03	7.097100E-05	5.556636E-06
3.693053E+03	7.517511E-05	5.846069E-06
3.732664E+03	7.964240E-05	6.151352E-06
3.772274E+03	8.437331E-05	6.472103E-06
3.811884E+03	8.936867E-05	6.807969E-06
3.851494E+03	9.463208E-05	7.158808E-06
3.891105E+03	1.001704E-04	7.524713E-06
3.930715E+03	1.059931E-04	7.905969E-06
3.970325E+03	1.121119E-04	8.302997E-06
4.009935E+03	1.185403E-04	8.716326E-06
4.049545E+03	1.252933E-04	9.146577E-06
4.089156E+03	1.323874E-04	9.594456E-06
4.128766E+03	1.398412E-04	1.006077E-05
4.168376E+03	1.476751E-04	1.054644E-05
4.207986E+03	1.559119E-04	1.105250E-05
4.247597E+03	1.645768E-04	1.158013E-05
4.287207E+03	1.736973E-04	1.213062E-05
4.326817E+03	1.833036E-04	1.270538E-05
4.366427E+03	1.934274E-04	1.330588E-05
4.406038E+03	2.041020E-04	1.393364E-05
4.445648E+03	2.153604E-04	1.459010E-05
4.485258E+03	2.272340E-04	1.527655E-05
4.524868E+03	2.397495E-04	1.599388E-05
4.564479E+03	2.529263E-04	1.674249E-05
4.604089E+03	2.667718E-04	1.752195E-05
4.643699E+03	2.812763E-04	1.833071E-05
4.683309E+03	2.964072E-04	1.916580E-05
4.722919E+03	3.121047E-04	2.002257E-05
4.762530E+03	3.282783E-04	2.089456E-05
4.802140E+03	3.448098E-04	2.177377E-05
4.841750E+03	3.615772E-04	2.265222E-05
4.881360E+03	3.784571E-04	2.352209E-05
4.920971E+03	3.953108E-04	2.437487E-05
4.960581E+03	4.119811E-04	2.520124E-05
5.000191E+03	4.282941E-04	2.599110E-05
5.039801E+03	4.440632E-04	2.673391E-05
5.079412E+03	4.590945E-04	2.741902E-05
5.119022E+03	4.731947E-04	2.803616E-05
5.158632E+03	4.861774E-04	2.857584E-05
5.198242E+03	4.978740E-04	2.902993E-05
5.237853E+03	5.081429E-04	2.939216E-05
5.277463E+03	5.168808E-04	2.965869E-05
5.317073E+03	5.240345E-04	2.982869E-05
5.356683E+03	5.296076E-04	2.990461E-05
5.396293E+03	5.336673E-04	2.989244E-05
5.435904E+03	5.363430E-04	2.980144E-05
5.475514E+03	5.378219E-04	2.964385E-05
5.515124E+03	5.383394E-04	2.943416E-05
5.554734E+03	5.381664E-04	2.918834E-05
5.594345E+03	5.375947E-04	2.892303E-05
5.633955E+03	5.369234E-04	2.865471E-05
5.673565E+03	5.364464E-04	2.839909E-05
5.713175E+03	5.364446E-04	2.817070E-05
5.752786E+03	5.371797E-04	2.798258E-05
5.792396E+03	5.388929E-04	2.784631E-05
5.832006E+03	5.418012E-04	2.777184E-05
5.871616E+03	5.460975E-04	2.776756E-05
5.911227E+03	5.519460E-04	2.784014E-05
5.950837E+03	5.594773E-04	2.799432E-05
5.990447E+03	5.687792E-04	2.823258E-05
6.030057E+03	5.798829E-04	2.855450E-05
6.069667E+03	5.927437E-04	2.895596E-05
6.109278E+03	6.072155E-04	2.942805E-05
6.148888E+03	6.230226E-04	2.995591E-05
6.188498E+03	6.397329E-04	3.051769E-05
6.228108E+03	6.567440E-04	3.108417E-05
6.267719E+03	6.732906E-04	3.161940E-05
6.307329E+03	6.884844E-04	3.208285E-05
6.346939E+03	7.013968E-04	3.243338E-05
6.386549E+03	7.112089E-04	3.263617E-05
6.426160E+03	7.175404E-04	3.267744E-05
6.465770E+03	7.205453E-04	3.256785E-05
6.505380E+03	7.206458E-04	3.232959E-05
6.544990E+03	7.184009E-04	3.199034E-05
6.584601E+03	7.144219E-04	3.157924E-05
6.624211E+03	7.093091E-04	3.112409E-05
6.663821E+03	7.036047E-04	3.064940E-05
6.703431E+03	6.977646E-04	3.017521E-05
6.743041E+03	6.921415E-04	2.971657E-05
6.782652E+03	6.869824E-04	2.928360E-05
6.822262E+03	6.824328E-04	2.888185E-05
6.861872E+03	6.785494E-04	2.851295E-05
6.901482E+03	6.753159E-04	2.817548E-05
6.941093E+03	6.726609E-04	2.786575E-05
6.980703E+03	6.704792E-04	2.757880E-05
7.020313E+03	6.686522E-04	2.730925E-05
7.059923E+03	6.670711E-04	2.705227E-05
7.099534E+03	6.656586E-04	2.680447E-05
7.139144E+03	6.643906E-04	2.656463E-05
7.178754E+03	6.633152E-04	2.633449E-05
7.218364E+03	6.625709E-04	2.611930E-05
7.257975E+03	6.624058E-04	2.592842E-05
7.297585E+03	6.631948E-04	2.577592E-05
7.337195E+03	6.654571E-04	2.568102E-05
7.376805E+03	6.698645E-04	2.566826E-05
7.416415E+03	6.772331E-04	2.576695E-05
7.456026E+03	6.884936E-04	2.600988E-05
7.495636E+03	7.046230E-04	2.643063E-05
7.535246E+03	7.265087E-04	2.705847E-05
7.574856E+03	7.546984E-04	2.790921E-05
7.614467E+03	7.889521E-04	2.896926E-05
7.654077E+03	8.277201E-04	3.017762E-05
7.693687E+03	8.682208E-04	3.143038E-05
7.733297E+03	9.068341E-04	3.259637E-05
7.772908E+03	9.398445E-04	3.354473E-05
7.812518E+03	9.647909E-04	3.419280E-05
7.852128E+03	9.808946E-04	3.451936E-05
7.891738E+03	9.884884E-04	3.454244E-05
7.931349E+03	9.886125E-04	3.430416E-05
7.970959E+03	9.826975E-04	3.385903E-05
8.010569E+03	9.723085E-04	3.326469E-05
8.050179E+03	9.589612E-04	3.257561E-05
8.089789E+03	9.440032E-04	3.183912E-05
8.129400E+03	9.285592E-04	3.109380E-05
8.169010E+03	9.135174E-04	3.036932E-05
8.208620E+03	8.995461E-04	2.968728E-05
8.248230E+03	8.871175E-04	2.906221E-05
8.287841E+03	8.765337E-04	2.850271E-05
8.327451E+03	8.679500E-04	2.801236E-05
8.367061E+03	8.613994E-04	2.759067E-05
8.406671E+03	8.568197E-04	2.723414E-05
8.446282E+03	8.540817E-04	2.693723E-05
8.485892E+03	8.530171E-04	2.669330E-05
8.525502E+03	8.534420E-04	2.649543E-05
8.565112E+03	8.551732E-04	2.633690E-05
8.604723E+03	8.580406E-04	2.621163E-05
8.644333E+03	8.618923E-04	2.611424E-05
8.683943E+03	8.665954E-04	2.604014E-05
8.723553E+03	8.720340E-04	2.598538E-05
8.763163E+03	8.781038E-04	2.594652E-05
8.802774E+03	8.847017E-04	2.592029E-05
8.842384E+03	8.917118E-04	2.590319E-05
8.881994E+03	8.989857E-04	2.589093E-05
8.921604E+03	9.063229E-04	2.587795E-05
8.961215E+03	9.134592E-04	2.585711E-05
9.000825E+03	9.200700E-04	2.581989E-05
9.040435E+03	9.257906E-04	2.575699E-05
9.080045E+03	9.302605E-04	2.565963E-05
9.119656E+03	9.332290E-04	2.552240E-05
9.159266E+03	9.347405E-04	2.534792E-05
9.198876E+03	9.350394E-04	2.514394E-05
9.238486E+03	9.344051E-04	2.491889E-05
9.278097E+03	9.330908E-04	2.468026E-05
9.317707E+03	9.313044E-04	2.443416E-05
9.357317E+03	9.292104E-04	2.418542E-05
9.396927E+03	9.269406E-04	2.393789E-05
9.436537E+03	9.246098E-04	2.369493E-05
9.476148E+03	9.223342E-04	2.345986E-05
9.515758E+03	9.202493E-04	2.323644E-05
9.555368E+03	9.185272E-04	2.302930E-05
9.594978E+03	9.173963E-04	2.284438E-05
9.634589E+03	9.171606E-04	2.268942E-05
9.674199E+03	9.182160E-04	2.257425E-05
9.713809E+03	9.210540E-04	2.251093E-05
9.753419E+03	9.262405E-04	2.251316E-05
9.793030E+03	9.343557E-04	2.259484E-05
9.832640E+03	9.458726E-04	2.276721E-05
9.872250E+03	9.609786E-04	2.303465E-05
9.911857E+03	9.796086E-04	2.339536E-05
9.951468E+03	1.001577E-03	2.384492E-05
9.991078E+03	1.026635E-03	2.437778E-05
1.003069E+04	1.054488E-03	2.498762E-05
1.007030E+04	1.084777E-03	2.566694E-05
1.010991E+04	1.117033E-03	2.640594E-05
1.014952E+04	1.150620E-03	2.719112E-05
1.018913E+04	1.184675E-03	2.800383E-05
1.022874E+04	1.218090E-03	2.881967E-05
1.026835E+04	1.249576E-03	2.960992E-05
1.030796E+04	1.277868E-03	3.034605E-05
1.034757E+04	1.302090E-03	3.100843E-05
1.038718E+04	1.322094E-03	3.159411E-05
1.042679E+04	1.338260E-03	3.211173E-05
1.046640E+04	1.351208E-03	3.257469E-05
1.050601E+04	1.361601E-03	3.299737E-05
1.054562E+04	1.370042E-03	3.339272E-05
1.058523E+04	1.377029E-03	3.377130E-05
1.062484E+04	1.382957E-03	3.414132E-05
1.066445E+04	1.388134E-03	3.450895E-05
1.070406E+04	1.392795E-03	3.487879E-05
1.074367E+04	1.397120E-03	3.525418E-05
1.078328E+04	1.401243E-03	3.563748E-05
1.082289E+04	1.405260E-03	3.603020E-05
1.086250E+04	1.409235E-03	3.643313E-05
1.090211E+04	1.413202E-03	3.684640E-05
1.094172E+04	1.417166E-03	3.726949E-05
1.098133E+04	1.421108E-03	3.770126E-05
1.102094E+04	1.424980E-03	3.813984E-05
1.106055E+04	1.428705E-03	3.858260E-05
1.110016E+04	1.432176E-03	3.902607E-05
1.113977E+04	1.435251E-03	3.946577E-05
1.117938E+04	1.437755E-03	3.989620E-05
1.121900E+04	1.439476E-03	4.031071E-05
1.125861E+04	1.440170E-03	4.070152E-05
1.129822E+04	1.439563E-03	4.105983E-05
1.133783E+04	1.437363E-03	4.137605E-05
1.137744E+04	1.433289E-03	4.164046E-05
1.141705E+04	1.427103E-03	4.184397E-05
1.145666E+04	1.418651E-03	4.197957E-05
1.149627E+04	1.407910E-03	4.204415E-05
1.153588E+04	1.394993E-03	4.203861E-05
1.157549E+04	1.379957E-03	4.196235E-05
1.161510E+04	1.362865E-03	4.181504E-05
1.165471E+04	1.343927E-03	4.160103E-05
1.169432E+04	1.323462E-03	4.132842E-05
1.173393E+04	1.301843E-03	4.100733E-05
1.177354E+04	1.279449E-03	4.064859E-05
1.181315E+04	1.256635E-03	4.026269E-05
1.185276E+04	1.233707E-03	3.985902E-05
1.189237E+04	1.210908E-03	3.944525E-05
1.193198E+04	1.188406E-03	3.902692E-05
1.197159E+04	1.166293E-03	3.860722E-05
1.201120E+04	1.144586E-03	3.818700E-05
1.205081E+04	1.123237E-03	3.776494E-05
1.209042E+04	1.102145E-03	3.733797E-05
1.213003E+04	1.081176E-03	3.690168E-05
1.216964E+04	1.060175E-03	3.645097E-05
1.220925E+04	1.038992E-03	3.598061E-05
1.224886E+04	1.017497E-03	3.548574E-05
1.228847E+04	9.956023E-04	3.496291E-05
1.232808E+04	9.732840E-04	3.441084E-05
1.236769E+04	9.505843E-04	3.383065E-05
1.240730E+04	9.276052E-04	3.322571E-05
1.244691E+04	9.045068E-04	3.260160E-05
1.248652E+04	8.815009E-04	3.196601E-05
1.252613E+04	8.588306E-04	3.132795E-05
1.256574E+04	8.367486E-04	3.069704E-05
1.260535E+04	8.154973E-04	3.008277E-05
1.264496E+04	7.952963E-04	2.949394E-05
1.268457E+04	7.763335E-04	2.893839E-05
1.272418E+04	7.587607E-04	2.842269E-05
1.276379E+04	7.426939E-04	2.795220E-05
1.280340E+04	7.282139E-04	2.753094E-05
1.284301E+04	7.153697E-04	2.716177E-05
1.288262E+04	7.041811E-04	2.684641E-05
1.292224E+04	6.946434E-04	2.658560E-05
1.296185E+04	6.867287E-04	2.637913E-05
1.300146E+04	6.803903E-04	2.622599E-05
1.304107E+04	6.755643E-04	2.612443E-05
1.308068E+04	6.721722E-04	2.607202E-05
1.312029E+04	6.701217E-04	2.606572E-05
1.315990E+04	6.693089E-04	2.610194E-05
1.319951E+04	6.696185E-04	2.617655E-05
1.323912E+04	6.709258E-04	2.628497E-05
1.327873E+04	6.730965E-04	2.642215E-05
1.331834E+04	6.759894E-04	2.658272E-05
1.335795E+04	6.794566E-04	2.676094E-05
1.339756E+04	6.833460E-04	2.695091E-05
1.343717E+04	6.875031E-04	2.714654E-05
1.347678E+04	6.917744E-04	2.734178E-05
1.351639E+04	6.960090E-04	2.753065E-05
1.355600E+04	7.000625E-04	2.770745E-05
1.359561E+04	7.038001E-04	2.786684E-05
1.363522E+04	7.070989E-04	2.800397E-05
1.367483E+04	7.098510E-04	2.811465E-05
1.371444E+04	7.119648E-04	2.819534E-05
1.375405E+04	7.133674E-04	2.824329E-05
1.379366E+04	7.140046E-04	2.825654E-05
1.383327E+04	7.138417E-04	2.823395E-05
1.387288E+04	7.128630E-04	2.817518E-05
1.391249E+04	7.110715E-04	2.808068E-05
1.395210E+04	7.084882E-04	2.795163E-05
1.399171E+04	7.051501E-04	2.778989E-05
1.403132E+04	7.011088E-04	2.759792E-05
1.407093E+04	6.964288E-04	2.737871E-05
1.411054E+04	6.911850E-04	2.713567E-05
1.415015E+04	6.854608E-04	2.687254E-05
1.418976E+04	6.793472E-04	2.659335E-05
1.422937E+04	6.729390E-04	2.630230E-05
1.426898E+04	6.663339E-04	2.600366E-05
1.430859E+04	6.596303E-04	2.570171E-05
1.434820E+04	6.529255E-04	2.540068E-05
1.438781E+04	6.463135E-04	2.510463E-05
1.442742E+04	6.398841E-04	2.481746E-05
1.446703E+04	6.337203E-04	2.454276E-05
1.450664E+04	6.278979E-04	2.428384E-05
1.454625E+04	6.224844E-04	2.404369E-05
1.458587E+04	6.175379E-04	2.382490E-05
1.462548E+04	6.131070E-04	2.362971E-05
1.466509E+04	6.092307E-04	2.346000E-05
1.470470E+04	6.059388E-04	2.331732E-05
1.474431E+04	6.032521E-04	2.320286E-05
1.478392E+04	6.011833E-04	2.311755E-05
1.482353E+04	5.997387E-04	2.306210E-05
1.486314E+04	5.989184E-04	2.303703E-05
1.490275E+04	5.987187E-04	2.304271E-05
1.494236E+04	5.991331E-04	2.307951E-05
1.498197E+04	6.001541E-04	2.314775E-05
1.502158E+04	6.017746E-04	2.324783E-05
1.506119E+04	6.039899E-04	2.338032E-05
1.510080E+04	6.068006E-04	2.354601E-05
1.514041E+04	6.102137E-04	2.374600E-05
1.518002E+04	6.142423E-04	2.398171E-05
1.521963E+04	6.188952E-04	2.425444E-05
1.525924E+04	6.241548E-04	2.456437E-05
1.529885E+04	6.299836E-04	2.491054E-05
1.533846E+04	6.363270E-04	2.529126E-05
1.537807E+04	6.430838E-04	2.570296E-05
1.541768E+04	6.501235E-04	2.614081E-05
1.545729E+04	6.573017E-04	2.659935E-05
1.549690E+04	6.644665E-04	2.707263E-05
1.553651E+04	6.714625E-04	2.755437E-05
1.557612E+04	6.781344E-04	2.803811E-05
1.561573E+04	6.843288E-04	2.851720E-05
1.565534E+04	6.898973E-04	2.898498E-05
1.569495E+04	6.946962E-04	2.943468E-05
1.573456E+04	6.985892E-04	2.985959E-05
1.577417E+04	7.014468E-04	3.025302E-05
1.581378E+04	7.031469E-04	3.060827E-05
1.585339E+04	7.035740E-04	3.091867E-05
1.589300E+04	7.026218E-04	3.117768E-05
1.593261E+04	7.001942E-04	3.137889E-05
1.597222E+04	6.962113E-04	3.151639E-05
1.601183E+04	6.906172E-04	3.158504E-05
1.605144E+04	6.833969E-04	3.158131E-05
1.609105E+04	6.745943E-04	3.150424E-05
1.613066E+04	6.643451E-04	3.135725E-05
1.617027E+04	6.528876E-04	3.114882E-05
1.620988E+04	6.405041E-04	3.089002E-05
1.624949E+04	6.274784E-04	3.059257E-05
1.628911E+04	6.140718E-04	3.026764E-05
1.632872E+04	6.005109E-04	2.992529E-05
1.636833E+04	5.869836E-04	2.957411E-05
1.640794E+04	5.736407E-04	2.922128E-05
1.644755E+04	5.605986E-04	2.887256E-05
1.648716E+04	5.479438E-04	2.853248E-05
1.652677E+04	5.357384E-04	2.820451E-05
1.656638E+04	5.240233E-04	2.789118E-05
1.660599E+04	5.128239E-04	2.759435E-05
1.664560E+04	5.021530E-04	2.731524E-05
1.668521E+04	4.920131E-04	2.705463E-05
1.672482E+04	4.824005E-04	2.681295E-05
1.676443E+04	4.733065E-04	2.659041E-05
1.680404E+04	4.647190E-04	2.638700E-05
1.684365E+04	4.566242E-04	2.620264E-05
1.688326E+04	4.490080E-04	2.603720E-05
1.692287E+04	4.418565E-04	2.589057E-05
1.696248E+04	4.351576E-04	2.576270E-05
1.700209E+04	4.289008E-04	2.565366E-05
1.704170E+04	4.230777E-04	2.556362E-05
1.708131E+04	4.176832E-04	2.549293E-05
1.712092E+04	4.127149E-04	2.544215E-05
1.716053E+04	4.081732E-04	2.541195E-05
1.720014E+04	4.040617E-04	2.540328E-05
1.723975E+04	4.003865E-04	2.541722E-05
1.727936E+04	3.971564E-04	2.545507E-05
1.731897E+04	3.943822E-04	2.551826E-05
1.735858E+04	3.920764E-04	2.560840E-05
1.739819E+04	3.902528E-04	2.572719E-05
1.743780E+04	3.889257E-04	2.587640E-05
1.747741E+04	3.881099E-04	2.605787E-05
1.751702E+04	3.878187E-04	2.627340E-05
1.755663E+04	3.880645E-04	2.652472E-05
1.759624E+04	3.888569E-04	2.681343E-05
1.763585E+04	3.902030E-04	2.714094E-05
1.767546E+04	3.921050E-04	2.750837E-05
1.771507E+04	3.945608E-04	2.791652E-05
1.775468E+04	3.975628E-04	2.836577E-05
1.779429E+04	4.010963E-04	2.885599E-05
1.783390E+04	4.051405E-04	2.938655E-05
1.787351E+04	4.096661E-04	2.995615E-05
1.791312E+04	4.146366E-04	3.056290E-05
1.795274E+04	4.200072E-04	3.120416E-05
1.799235E+04	4.257244E-04	3.187657E-05
1.803196E+04	4.317270E-04	3.257604E-05
1.807157E+04	4.379465E-04	3.329777E-05
1.811118E+04	4.443074E-04	3.403629E-05
1.815079E+04	4.507291E-04	3.478552E-05
1.819040E+04	4.571270E-04	3.553893E-05
1.823001E+04	4.634146E-04	3.628962E-05
1.826962E+04	4.695055E-04	3.703051E-05
1.830923E+04	4.753153E-04	3.775448E-05
1.834884E+04	4.807633E-04	3.845454E-05
1.838845E+04	4.857749E-04	3.912399E-05
1.842806E+04	4.902823E-04	3.975657E-05
1.846767E+04	4.942263E-04	4.034654E-05
1.850728E+04	4.975576E-04	4.088887E-05
1.854689E+04	5.002380E-04	4.137936E-05
1.858650E+04	5.022413E-04	4.181472E-05
1.862611E+04	5.035536E-04	4.219269E-05
1.866572E+04	5.041733E-04	4.251198E-05
1.870533E+04	5.041107E-04	4.277235E-05
1.874494E+04	5.033873E-04	4.297456E-05
1.878455E+04	5.020354E-04	4.312033E-05
1.882416E+04	5.000975E-04	4.321237E-05
1.886377E+04	4.976254E-04	4.325428E-05
1.890338E+04	4.946789E-04	4.325048E-05
1.894299E+04	4.913241E-04	4.320609E-05
1.898260E+04	4.876310E-04	4.312672E-05
1.902221E+04	4.836720E-04	4.301831E-05
1.906182E+04	4.795195E-04	4.288699E-05
1.910143E+04	4.752430E-04	4.273877E-05
1.914104E+04	4.709091E-04	4.257952E-05
1.918065E+04	4.665782E-04	4.241469E-05
1.922026E+04	4.623050E-04	4.224934E-05
1.925987E+04	4.581365E-04	4.208791E-05
1.929948E+04	4.541121E-04	4.193422E-05
1.933909E+04	4.502627E-04	4.179142E-05
1.937870E+04	4.466113E-04	4.166192E-05
1.941831E+04	4.431726E-04	4.154742E-05
1.945792E+04	4.399533E-04	4.144889E-05
1.949753E+04	4.369529E-04	4.136663E-05
1.953714E+04	4.341637E-04	4.130025E-05
1.957675E+04	4.315729E-04	4.124882E-05
1.961636E+04	4.291612E-04	4.121081E-05
1.965598E+04	4.269060E-04	4.118431E-05
1.969559E+04	4.247806E-04	4.116695E-05
1.973520E+04	4.227559E-04	4.115613E-05
1.977481E+04	4.208006E-04	4.114893E-05
1.981442E+04	4.188822E-04	4.114227E-05
1.985403E+04	4.169668E-04	4.113288E-05
1.989364E+04	4.150197E-04	4.111737E-05
1.993325E+04	4.130067E-04	4.109230E-05
1.997286E+04	4.108935E-04	4.105421E-05
2.001247E+04	4.086469E-04	4.099966E-05
2.005208E+04	4.062361E-04	4.092541E-05
2.009169E+04	4.036334E-04	4.082848E-05
2.013130E+04	4.008148E-04	4.070625E-05
2.017091E+04	3.977617E-04	4.055657E-05
2.021052E+04	3.944605E-04	4.037783E-05
2.025013E+04	3.909033E-04	4.016894E-05
2.028974E+04	3.870882E-04	3.992945E-05
2.032935E+04	3.830185E-04	3.965943E-05
2.036896E+04	3.787027E-04	3.935953E-05
2.040857E+04	3.741534E-04	3.903081E-05
2.044818E+04	3.693866E-04	3.867474E-05
2.048779E+04	3.644219E-04	3.829316E-05
2.052740E+04	3.592806E-04	3.788818E-05
2.056701E+04	3.539869E-04	3.746217E-05
2.060662E+04	3.485661E-04	3.701773E-05
2.064623E+04	3.430462E-04	3.655775E-05
2.068584E+04	3.374562E-04	3.608529E-05
2.072545E+04	3.318279E-04	3.560371E-05
2.076506E+04	3.261942E-04	3.511660E-05
2.080467E+04	3.205905E-04	3.462782E-05
2.084428E+04	3.150534E-04	3.414142E-05
2.088389E+04	3.096211E-04	3.366168E-05
2.092350E+04	3.043326E-04	3.319300E-05
2.096311E+04	2.992280E-04	3.274000E-05
2.100272E+04	2.943467E-04	3.230722E-05
2.104233E+04	2.897280E-04	3.189927E-05
2.108194E+04	2.854095E-04	3.152062E-05
2.112155E+04	2.814268E-04	3.117554E-05
2.116116E+04	2.778119E-04	3.086797E-05
2.120077E+04	2.745913E-04	3.060126E-05
2.124038E+04	2.717841E-04	3.037795E-05
2.127999E+04	2.693984E-04	3.019939E-05
2.131961E+04	2.674232E-04	3.006478E-05
2.135922E+04	2.658254E-04	2.997080E-05
2.139883E+04	2.645590E-04	2.991261E-05
2.143844E+04	2.635708E-04	2.988453E-05
2.147805E+04	2.628048E-04	2.988045E-05
2.151766E+04	2.622039E-04	2.989410E-05
2.155727E+04	2.617127E-04	2.991928E-05
2.159688E+04	2.612779E-04	2.995000E-05
2.163649E+04	2.608504E-04	2.998068E-05
2.167610E+04	2.603856E-04	3.000619E-05
2.171571E+04	2.598450E-04	3.002205E-05
2.175532E+04	2.591953E-04	3.002433E-05
2.179493E+04	2.584100E-04	3.000988E-05
2.183454E+04	2.574687E-04	2.997619E-05
2.187415E+04	2.563573E-04	2.992152E-05
2.191376E+04	2.550683E-04	2.984481E-05
2.195337E+04	2.535999E-04	2.974573E-05
2.199298E+04	2.519558E-04	2.962459E-05
2.203259E+04	2.501455E-04	2.948234E-05
2.207220E+04	2.481827E-04	2.932048E-05
2.211181E+04	2.460850E-04	2.914100E-05
2.215142E+04	2.438733E-04	2.894627E-05
2.219103E+04	2.415713E-04	2.873903E-05
2.223064E+04	2.392042E-04	2.852223E-05
2.227025E+04	2.367985E-04	2.829902E-05
2.230986E+04	2.343809E-04	2.807257E-05
2.234947E+04	2.319785E-04	2.784613E-05
2.238908E+04	2.296176E-04	2.762291E-05
2.242869E+04	2.273230E-04	2.740596E-05
2.246830E+04	2.251186E-04	2.719821E-05
2.250791E+04	2.230258E-04	2.700236E-05
2.254752E+04	2.210642E-04	2.682088E-05
2.258713E+04	2.192505E-04	2.665591E-05
2.262674E+04	2.175996E-04	2.650940E-05
2.266635E+04	2.161232E-04	2.638291E-05
2.270596E+04	2.148311E-04	2.627778E-05
2.274557E+04	2.137305E-04	2.619503E-05
2.278518E+04	2.128264E-04	2.613544E-05
2.282479E+04	2.121222E-04	2.609957E-05
2.286440E+04	2.116192E-04	2.608772E-05
2.290401E+04	2.113174E-04	2.610004E-05
2.294362E+04	2.112154E-04	2.613652E-05
2.298323E+04	2.113110E-04	2.619702E-05
2.302285E+04	2.116012E-04	2.628130E-05
2.306246E+04	2.120822E-04	2.638902E-05
2.310207E+04	2.127498E-04	2.651980E-05
2.314168E+04	2.135991E-04	2.667313E-05
2.318129E+04	2.146251E-04	2.684853E-05
2.322090E+04	2.158220E-04	2.704536E-05
2.326051E+04	2.171840E-04	2.726302E-05
2.330012E+04	2.187041E-04	2.750072E-05
2.333973E+04	2.203751E-04	2.775764E-05
2.337934E+04	2.221895E-04	2.803295E-05
2.341895E+04	2.241388E-04	2.832562E-05
2.345856E+04	2.262146E-04	2.863470E-05
2.349817E+04	2.284076E-04	2.895907E-05
2.353778E+04	2.307086E-04	2.929761E-05
2.357739E+04	2.331079E-04	2.964915E-05
2.361700E+04	2.355950E-04	3.001241E-05
2.365661E+04	2.381598E-04	3.038612E-05
2.369622E+04	2.407915E-04	3.076896E-05
2.373583E+04	2.434795E-04	3.115959E-05
2.377544E+04	2.462137E-04	3.155673E-05
2.381505E+04	2.489832E-04	3.195900E-05
2.385466E+04	2.517779E-04	3.236512E-05
2.389427E+04	2.545878E-04	3.277379E-05
2.393388E+04	2.574026E-04	3.318369E-05
2.397349E+04	2.602128E-04	3.359358E-05
2.401310E+04	2.630090E-04	3.400223E-05
2.405271E+04	2.657823E-04	3.440846E-05
2.409232E+04	2.685242E-04	3.481117E-05
2.413193E+04	2.712269E-04	3.520929E-05
2.417154E+04	2.738833E-04	3.560189E-05
2.421115E+04	2.764870E-04	3.598809E-05
2.425076E+04	2.790326E-04	3.636715E-05
