#wls	flux	fluxerr
1.584409E+03	8.991542E-05	1.215695E-05
1.624020E+03	9.229033E-05	1.244258E-05
1.663630E+03	9.481409E-05	1.274549E-05
1.703240E+03	9.752735E-05	1.307087E-05
1.742850E+03	1.004249E-04	1.341771E-05
1.782461E+03	1.035189E-04	1.378728E-05
1.822071E+03	1.068298E-04	1.418195E-05
1.861681E+03	1.103596E-04	1.460156E-05
1.901291E+03	1.141183E-04	1.504703E-05
1.940902E+03	1.181152E-04	1.551910E-05
1.980512E+03	1.223413E-04	1.601613E-05
2.020122E+03	1.268130E-04	1.653977E-05
2.059732E+03	1.315027E-04	1.708588E-05
2.099342E+03	1.363826E-04	1.765039E-05
2.138953E+03	1.414334E-04	1.823030E-05
2.178563E+03	1.466103E-04	1.881939E-05
2.218173E+03	1.518438E-04	1.940838E-05
2.257783E+03	1.571317E-04	1.999665E-05
2.297394E+03	1.624543E-04	2.058143E-05
2.337004E+03	1.678562E-04	2.116802E-05
2.376614E+03	1.733869E-04	2.176230E-05
2.416224E+03	1.790926E-04	2.236955E-05
2.455835E+03	1.850233E-04	2.299542E-05
2.495445E+03	1.911937E-04	2.364104E-05
2.535055E+03	1.976454E-04	2.431080E-05
2.574665E+03	2.043769E-04	2.500369E-05
2.614276E+03	2.113903E-04	2.571911E-05
2.653886E+03	2.186684E-04	2.645407E-05
2.693496E+03	2.261969E-04	2.720602E-05
2.733106E+03	2.339425E-04	2.797008E-05
2.772716E+03	2.418607E-04	2.874014E-05
2.812327E+03	2.499164E-04	2.951134E-05
2.851937E+03	2.580639E-04	3.027764E-05
2.891547E+03	2.662720E-04	3.103484E-05
2.931157E+03	2.745185E-04	3.177985E-05
2.970768E+03	2.827872E-04	3.251035E-05
2.980670E+03	2.848546E-04	3.269028E-05
2.990573E+03	2.869225E-04	3.286918E-05
3.000475E+03	2.889899E-04	3.304691E-05
3.010378E+03	2.910615E-04	3.322402E-05
3.020280E+03	2.931295E-04	3.339960E-05
3.030183E+03	2.951926E-04	3.357351E-05
3.040086E+03	2.972621E-04	3.374702E-05
3.049988E+03	2.993236E-04	3.391850E-05
3.059891E+03	3.013886E-04	3.408923E-05
3.069793E+03	3.034488E-04	3.425829E-05
3.079696E+03	3.055031E-04	3.442553E-05
3.089598E+03	3.075621E-04	3.459216E-05
3.099501E+03	3.096120E-04	3.475661E-05
3.109403E+03	3.116572E-04	3.491938E-05
3.119306E+03	3.136965E-04	3.508033E-05
3.129209E+03	3.157340E-04	3.523992E-05
3.139111E+03	3.177626E-04	3.539735E-05
3.149014E+03	3.197860E-04	3.555304E-05
3.158916E+03	3.218029E-04	3.570683E-05
3.168819E+03	3.238061E-04	3.585795E-05
3.178721E+03	3.257999E-04	3.600685E-05
3.188624E+03	3.277880E-04	3.615394E-05
3.198526E+03	3.297581E-04	3.629789E-05
3.208429E+03	3.317197E-04	3.643974E-05
3.218332E+03	3.336602E-04	3.657809E-05
3.228234E+03	3.355949E-04	3.671465E-05
3.238137E+03	3.375062E-04	3.684748E-05
3.248039E+03	3.393980E-04	3.697703E-05
3.257942E+03	3.412749E-04	3.710380E-05
3.267844E+03	3.431301E-04	3.722706E-05
3.277747E+03	3.449685E-04	3.734737E-05
3.287650E+03	3.467786E-04	3.746346E-05
3.297552E+03	3.485655E-04	3.757592E-05
3.307455E+03	3.503289E-04	3.768472E-05
3.317357E+03	3.520688E-04	3.778988E-05
3.327260E+03	3.537856E-04	3.789145E-05
3.337162E+03	3.554746E-04	3.798895E-05
3.347065E+03	3.571367E-04	3.808249E-05
3.356967E+03	3.587732E-04	3.817220E-05
3.366870E+03	3.603852E-04	3.825825E-05
3.376773E+03	3.619695E-04	3.834029E-05
3.386675E+03	3.635277E-04	3.841852E-05
3.396578E+03	3.650618E-04	3.849316E-05
3.406480E+03	3.665692E-04	3.856395E-05
3.416383E+03	3.680525E-04	3.863119E-05
3.426285E+03	3.695144E-04	3.869517E-05
3.436188E+03	3.709486E-04	3.875524E-05
3.446090E+03	3.723629E-04	3.881224E-05
3.455993E+03	3.737561E-04	3.886606E-05
3.465896E+03	3.751275E-04	3.891664E-05
3.475798E+03	3.764812E-04	3.896441E-05
3.485701E+03	3.778126E-04	3.900892E-05
3.495603E+03	3.791258E-04	3.905061E-05
3.505506E+03	3.804214E-04	3.908954E-05
3.515408E+03	3.817000E-04	3.912579E-05
3.525311E+03	3.829619E-04	3.915940E-05
3.535213E+03	3.842085E-04	3.919053E-05
3.545116E+03	3.854360E-04	3.921880E-05
3.555019E+03	3.866501E-04	3.924481E-05
3.564921E+03	3.878479E-04	3.926828E-05
3.574824E+03	3.890347E-04	3.928974E-05
3.584726E+03	3.902041E-04	3.930856E-05
3.594629E+03	3.913658E-04	3.932573E-05
3.604531E+03	3.925093E-04	3.934022E-05
3.614434E+03	3.936405E-04	3.935262E-05
3.624337E+03	3.947577E-04	3.936276E-05
3.634239E+03	3.958669E-04	3.937127E-05
3.644142E+03	3.969621E-04	3.937755E-05
3.654044E+03	3.980501E-04	3.938228E-05
3.663947E+03	3.991290E-04	3.938530E-05
3.673849E+03	4.002049E-04	3.938720E-05
3.683752E+03	4.012763E-04	3.938784E-05
3.693654E+03	4.023526E-04	3.938816E-05
3.703557E+03	4.034288E-04	3.938764E-05
3.713460E+03	4.045137E-04	3.938717E-05
3.723362E+03	4.056095E-04	3.938694E-05
3.733265E+03	4.067207E-04	3.938740E-05
3.743167E+03	4.078488E-04	3.938865E-05
3.753070E+03	4.090024E-04	3.939155E-05
3.762972E+03	4.101785E-04	3.939576E-05
3.772875E+03	4.113852E-04	3.940206E-05
3.782777E+03	4.126269E-04	3.941084E-05
3.792680E+03	4.139078E-04	3.942248E-05
3.802583E+03	4.152316E-04	3.943730E-05
3.812485E+03	4.165987E-04	3.945531E-05
3.822388E+03	4.180202E-04	3.947753E-05
3.832290E+03	4.194996E-04	3.950423E-05
3.842193E+03	4.210365E-04	3.953535E-05
3.852095E+03	4.226383E-04	3.957154E-05
3.861998E+03	4.243081E-04	3.961304E-05
3.871900E+03	4.260521E-04	3.966036E-05
3.881803E+03	4.278698E-04	3.971341E-05
3.891706E+03	4.297710E-04	3.977303E-05
3.901608E+03	4.317544E-04	3.983906E-05
3.911511E+03	4.338293E-04	3.991228E-05
3.921413E+03	4.359944E-04	3.999249E-05
3.931316E+03	4.382510E-04	4.007976E-05
3.941218E+03	4.406080E-04	4.017482E-05
3.951121E+03	4.430635E-04	4.027743E-05
3.961024E+03	4.456219E-04	4.038789E-05
3.970926E+03	4.482845E-04	4.050627E-05
3.980829E+03	4.510557E-04	4.063287E-05
3.990731E+03	4.539363E-04	4.076767E-05
4.000634E+03	4.569274E-04	4.091071E-05
4.010536E+03	4.600332E-04	4.106226E-05
4.020439E+03	4.632586E-04	4.122268E-05
4.030341E+03	4.665962E-04	4.139122E-05
4.040244E+03	4.700592E-04	4.156895E-05
4.050147E+03	4.736405E-04	4.175518E-05
4.060049E+03	4.773492E-04	4.195059E-05
4.069952E+03	4.811826E-04	4.215487E-05
4.079854E+03	4.851465E-04	4.236842E-05
4.089757E+03	4.892424E-04	4.259127E-05
4.099659E+03	4.934723E-04	4.282352E-05
4.109562E+03	4.978386E-04	4.306525E-05
4.119464E+03	5.023435E-04	4.331656E-05
4.129367E+03	5.069941E-04	4.357796E-05
4.139270E+03	5.117932E-04	4.384958E-05
4.149172E+03	5.167399E-04	4.413124E-05
4.159075E+03	5.218375E-04	4.442312E-05
4.168977E+03	5.270897E-04	4.472541E-05
4.178880E+03	5.325046E-04	4.503869E-05
4.188782E+03	5.380812E-04	4.536277E-05
4.198685E+03	5.438239E-04	4.569788E-05
4.208587E+03	5.497317E-04	4.604385E-05
4.218490E+03	5.558133E-04	4.640128E-05
4.228393E+03	5.620680E-04	4.676998E-05
4.238295E+03	5.684996E-04	4.715016E-05
4.248198E+03	5.751121E-04	4.754202E-05
4.258100E+03	5.819002E-04	4.794500E-05
4.268003E+03	5.888771E-04	4.836008E-05
4.277905E+03	5.960376E-04	4.878669E-05
4.287808E+03	6.033855E-04	4.922503E-05
4.297711E+03	6.109201E-04	4.967493E-05
4.307613E+03	6.186553E-04	5.013738E-05
4.317516E+03	6.265800E-04	5.061137E-05
4.327418E+03	6.347078E-04	5.109787E-05
4.337321E+03	6.430414E-04	5.159697E-05
4.347223E+03	6.515876E-04	5.210909E-05
4.357126E+03	6.603578E-04	5.263500E-05
4.367028E+03	6.693541E-04	5.317474E-05
4.376931E+03	6.785912E-04	5.372934E-05
4.386834E+03	6.880654E-04	5.429835E-05
4.396736E+03	6.977933E-04	5.488296E-05
4.406639E+03	7.077721E-04	5.548278E-05
4.416541E+03	7.180022E-04	5.609770E-05
4.426444E+03	7.284944E-04	5.672843E-05
4.436346E+03	7.392272E-04	5.737314E-05
4.446249E+03	7.502153E-04	5.803286E-05
4.456151E+03	7.614336E-04	5.870552E-05
4.466054E+03	7.728874E-04	5.939139E-05
4.475957E+03	7.845611E-04	6.008918E-05
4.485859E+03	7.964435E-04	6.079789E-05
4.495762E+03	8.085212E-04	6.151641E-05
4.505664E+03	8.207642E-04	6.224236E-05
4.515567E+03	8.331682E-04	6.297535E-05
4.525469E+03	8.456971E-04	6.371259E-05
4.535372E+03	8.583254E-04	6.445212E-05
4.545274E+03	8.710253E-04	6.519185E-05
4.555177E+03	8.837635E-04	6.592930E-05
4.565080E+03	8.964955E-04	6.666118E-05
4.574982E+03	9.091714E-04	6.738387E-05
4.584885E+03	9.217445E-04	6.809401E-05
4.594787E+03	9.341623E-04	6.878787E-05
4.604690E+03	9.463684E-04	6.946148E-05
4.614592E+03	9.582819E-04	7.010914E-05
4.624495E+03	9.698432E-04	7.072677E-05
4.634398E+03	9.809692E-04	7.130863E-05
4.644300E+03	9.915715E-04	7.184868E-05
4.654203E+03	1.001565E-03	7.234121E-05
4.664105E+03	1.010851E-03	7.277961E-05
4.674008E+03	1.019329E-03	7.315712E-05
4.683910E+03	1.026895E-03	7.346697E-05
4.693813E+03	1.033446E-03	7.370250E-05
4.703715E+03	1.038885E-03	7.385758E-05
4.713618E+03	1.043127E-03	7.392685E-05
4.723521E+03	1.046101E-03	7.390622E-05
4.733423E+03	1.047750E-03	7.379257E-05
4.743326E+03	1.048085E-03	7.358754E-05
4.753228E+03	1.047148E-03	7.329490E-05
4.763131E+03	1.045047E-03	7.292307E-05
4.773033E+03	1.041870E-03	7.247897E-05
4.782936E+03	1.037748E-03	7.197233E-05
4.792838E+03	1.032807E-03	7.141252E-05
4.802741E+03	1.027157E-03	7.080755E-05
4.812644E+03	1.020944E-03	7.016791E-05
4.822546E+03	1.014279E-03	6.950154E-05
4.832449E+03	1.007287E-03	6.881718E-05
4.842351E+03	1.000045E-03	6.812020E-05
4.852254E+03	9.926787E-04	6.741921E-05
4.862156E+03	9.852539E-04	6.671878E-05
4.872059E+03	9.778575E-04	6.602471E-05
4.881961E+03	9.705457E-04	6.534073E-05
4.891864E+03	9.633849E-04	6.467119E-05
4.901767E+03	9.564042E-04	6.401791E-05
4.911669E+03	9.496527E-04	6.338401E-05
4.921572E+03	9.431719E-04	6.277209E-05
4.931474E+03	9.369684E-04	6.218237E-05
4.941377E+03	9.310614E-04	6.161595E-05
4.951279E+03	9.254740E-04	6.107415E-05
4.961182E+03	9.202147E-04	6.055730E-05
4.971085E+03	9.152700E-04	6.006431E-05
4.980987E+03	9.106501E-04	5.959565E-05
4.990890E+03	9.063526E-04	5.915096E-05
5.000792E+03	9.023734E-04	5.872976E-05
5.010695E+03	8.986975E-04	5.833090E-05
5.020597E+03	8.953177E-04	5.795371E-05
5.030500E+03	8.922353E-04	5.759813E-05
5.040402E+03	8.894257E-04	5.726237E-05
5.050305E+03	8.868905E-04	5.694639E-05
5.060208E+03	8.846147E-04	5.664908E-05
5.070110E+03	8.825928E-04	5.636993E-05
5.080013E+03	8.808189E-04	5.610845E-05
5.089915E+03	8.792878E-04	5.586415E-05
5.099818E+03	8.779847E-04	5.563597E-05
5.109720E+03	8.769115E-04	5.542392E-05
5.119623E+03	8.760425E-04	5.522626E-05
5.129525E+03	8.753770E-04	5.504284E-05
5.139428E+03	8.748943E-04	5.487227E-05
5.149331E+03	8.745799E-04	5.471355E-05
5.159233E+03	8.744174E-04	5.456558E-05
5.169136E+03	8.743871E-04	5.442708E-05
5.179038E+03	8.744494E-04	5.429551E-05
5.188941E+03	8.745969E-04	5.417040E-05
5.198843E+03	8.747760E-04	5.404839E-05
5.208746E+03	8.749745E-04	5.392872E-05
5.218648E+03	8.751438E-04	5.380841E-05
5.228551E+03	8.752592E-04	5.368597E-05
5.238454E+03	8.752781E-04	5.355881E-05
5.248356E+03	8.751564E-04	5.342432E-05
5.258259E+03	8.748667E-04	5.328088E-05
5.268161E+03	8.743551E-04	5.312530E-05
5.278064E+03	8.735932E-04	5.295597E-05
5.287966E+03	8.725359E-04	5.277027E-05
5.297869E+03	8.711388E-04	5.256567E-05
5.307772E+03	8.693679E-04	5.234025E-05
5.317674E+03	8.671923E-04	5.209232E-05
5.327577E+03	8.645852E-04	5.182045E-05
5.337479E+03	8.615103E-04	5.152260E-05
5.347382E+03	8.579819E-04	5.119981E-05
5.357284E+03	8.540119E-04	5.085293E-05
5.367187E+03	8.496371E-04	5.048429E-05
5.377089E+03	8.448773E-04	5.009520E-05
5.386992E+03	8.398009E-04	4.968982E-05
5.396895E+03	8.344669E-04	4.927173E-05
5.406797E+03	8.289808E-04	4.884719E-05
5.416700E+03	8.233857E-04	4.841879E-05
5.426602E+03	8.176873E-04	4.798685E-05
5.436505E+03	8.119105E-04	4.755286E-05
5.446407E+03	8.061064E-04	4.711979E-05
5.456310E+03	8.003567E-04	4.669239E-05
5.466212E+03	7.947003E-04	4.627289E-05
5.476115E+03	7.892203E-04	4.586605E-05
5.486018E+03	7.839539E-04	4.547395E-05
5.495920E+03	7.789550E-04	4.509961E-05
5.505823E+03	7.742677E-04	4.474548E-05
5.515725E+03	7.699247E-04	4.441331E-05
5.525628E+03	7.659358E-04	4.410354E-05
5.535530E+03	7.623201E-04	4.381711E-05
5.545433E+03	7.590909E-04	4.355461E-05
5.555335E+03	7.562499E-04	4.331601E-05
5.565238E+03	7.537939E-04	4.310095E-05
5.575141E+03	7.517321E-04	4.290982E-05
5.585043E+03	7.500459E-04	4.274141E-05
5.594946E+03	7.487306E-04	4.259532E-05
5.604848E+03	7.477696E-04	4.247048E-05
5.614751E+03	7.471528E-04	4.236619E-05
5.624653E+03	7.468606E-04	4.228122E-05
5.634556E+03	7.468730E-04	4.221432E-05
5.644459E+03	7.471770E-04	4.216467E-05
5.654361E+03	7.477613E-04	4.213152E-05
5.664264E+03	7.485999E-04	4.211334E-05
5.674166E+03	7.496847E-04	4.210958E-05
5.684069E+03	7.510026E-04	4.211943E-05
5.693971E+03	7.525437E-04	4.214226E-05
5.703874E+03	7.543171E-04	4.217853E-05
5.713776E+03	7.563044E-04	4.222712E-05
5.723679E+03	7.585227E-04	4.228894E-05
5.733582E+03	7.609682E-04	4.236371E-05
5.743484E+03	7.636570E-04	4.245226E-05
5.753387E+03	7.666002E-04	4.255515E-05
5.763289E+03	7.698106E-04	4.267303E-05
5.773192E+03	7.733124E-04	4.280716E-05
5.783094E+03	7.771140E-04	4.295797E-05
5.792997E+03	7.812423E-04	4.312684E-05
5.802899E+03	7.857157E-04	4.331473E-05
5.812802E+03	7.905440E-04	4.352212E-05
5.822705E+03	7.957631E-04	4.375089E-05
5.832607E+03	8.013727E-04	4.400096E-05
5.842510E+03	8.074068E-04	4.427412E-05
5.852412E+03	8.138719E-04	4.457063E-05
5.862315E+03	8.207818E-04	4.489120E-05
5.872217E+03	8.281590E-04	4.523695E-05
5.882120E+03	8.359976E-04	4.560749E-05
5.892022E+03	8.443180E-04	4.600388E-05
5.901925E+03	8.531420E-04	4.642719E-05
5.911828E+03	8.624603E-04	4.687687E-05
5.921730E+03	8.722925E-04	4.735391E-05
5.931633E+03	8.826470E-04	4.785869E-05
5.941535E+03	8.935191E-04	4.839089E-05
5.951438E+03	9.049124E-04	4.895064E-05
5.961340E+03	9.168257E-04	4.953782E-05
5.971243E+03	9.292438E-04	5.015155E-05
5.981146E+03	9.421555E-04	5.079119E-05
5.991048E+03	9.555557E-04	5.145642E-05
6.000951E+03	9.693868E-04	5.214411E-05
6.010853E+03	9.836385E-04	5.285367E-05
6.020756E+03	9.982329E-04	5.358094E-05
6.030658E+03	1.013139E-03	5.432423E-05
6.040561E+03	1.028252E-03	5.507796E-05
6.050463E+03	1.043501E-03	5.583836E-05
6.060366E+03	1.058761E-03	5.659882E-05
6.070269E+03	1.073930E-03	5.735393E-05
6.080171E+03	1.088850E-03	5.809540E-05
6.090074E+03	1.103363E-03	5.881488E-05
6.099976E+03	1.117325E-03	5.950486E-05
6.109879E+03	1.130544E-03	6.015534E-05
6.119781E+03	1.142869E-03	6.075837E-05
6.129684E+03	1.154135E-03	6.130552E-05
6.139586E+03	1.164192E-03	6.178893E-05
6.149489E+03	1.172902E-03	6.220165E-05
6.159392E+03	1.180186E-03	6.253959E-05
6.169294E+03	1.185962E-03	6.279877E-05
6.179197E+03	1.190201E-03	6.297789E-05
6.189099E+03	1.192910E-03	6.307750E-05
6.199002E+03	1.194165E-03	6.310188E-05
6.208904E+03	1.194017E-03	6.305393E-05
6.218807E+03	1.192578E-03	6.293978E-05
6.228709E+03	1.190001E-03	6.276757E-05
6.238612E+03	1.186435E-03	6.254541E-05
6.248515E+03	1.182028E-03	6.228106E-05
6.258417E+03	1.176925E-03	6.198230E-05
6.268320E+03	1.171305E-03	6.165844E-05
6.278222E+03	1.165290E-03	6.131592E-05
6.288125E+03	1.159026E-03	6.096237E-05
6.298027E+03	1.152630E-03	6.060391E-05
6.307930E+03	1.146209E-03	6.024606E-05
6.317833E+03	1.139855E-03	5.989358E-05
6.327735E+03	1.133646E-03	5.955060E-05
6.337638E+03	1.127651E-03	5.922056E-05
6.347540E+03	1.121908E-03	5.890547E-05
6.357443E+03	1.116478E-03	5.860845E-05
6.367345E+03	1.111398E-03	5.833134E-05
6.377248E+03	1.106711E-03	5.807639E-05
6.387150E+03	1.102455E-03	5.784553E-05
6.397053E+03	1.098631E-03	5.763871E-05
6.406956E+03	1.095282E-03	5.745820E-05
6.416858E+03	1.092417E-03	5.730437E-05
6.426761E+03	1.090056E-03	5.717828E-05
6.436663E+03	1.088184E-03	5.707911E-05
6.446566E+03	1.086833E-03	5.700847E-05
6.456468E+03	1.085981E-03	5.696524E-05
6.466371E+03	1.085640E-03	5.694993E-05
6.476273E+03	1.085782E-03	5.696113E-05
6.486176E+03	1.086413E-03	5.699912E-05
6.496079E+03	1.087537E-03	5.706404E-05
6.505981E+03	1.089105E-03	5.715326E-05
6.515884E+03	1.091117E-03	5.726678E-05
6.525786E+03	1.093572E-03	5.740452E-05
6.535689E+03	1.096416E-03	5.756358E-05
6.545591E+03	1.099662E-03	5.774463E-05
6.555494E+03	1.103252E-03	5.794461E-05
6.565396E+03	1.107199E-03	5.816412E-05
6.575299E+03	1.111440E-03	5.839992E-05
6.585202E+03	1.115969E-03	5.865162E-05
6.595104E+03	1.120762E-03	5.891791E-05
6.605007E+03	1.125775E-03	5.919650E-05
6.614909E+03	1.131006E-03	5.948723E-05
6.624812E+03	1.136415E-03	5.978800E-05
6.634714E+03	1.141986E-03	6.009792E-05
6.644617E+03	1.147723E-03	6.041727E-05
6.654520E+03	1.153598E-03	6.074442E-05
6.664422E+03	1.159580E-03	6.107788E-05
6.674325E+03	1.165706E-03	6.141945E-05
6.684227E+03	1.171930E-03	6.176674E-05
6.694130E+03	1.178269E-03	6.212065E-05
6.704032E+03	1.184721E-03	6.248101E-05
6.713935E+03	1.191260E-03	6.284653E-05
6.723837E+03	1.197883E-03	6.321696E-05
6.733740E+03	1.204584E-03	6.359201E-05
6.743643E+03	1.211377E-03	6.397243E-05
6.753545E+03	1.218231E-03	6.435657E-05
6.763448E+03	1.225112E-03	6.474258E-05
6.773350E+03	1.232026E-03	6.513084E-05
6.783253E+03	1.238955E-03	6.552039E-05
6.793155E+03	1.245880E-03	6.591018E-05
6.803058E+03	1.252755E-03	6.629783E-05
6.812960E+03	1.259557E-03	6.668209E-05
6.822863E+03	1.266285E-03	6.706296E-05
6.832766E+03	1.272894E-03	6.743796E-05
6.842668E+03	1.279359E-03	6.780590E-05
6.852571E+03	1.285660E-03	6.816563E-05
6.862473E+03	1.291777E-03	6.851614E-05
6.872376E+03	1.297692E-03	6.885646E-05
6.882278E+03	1.303390E-03	6.918576E-05
6.892181E+03	1.308829E-03	6.950197E-05
6.902083E+03	1.314000E-03	6.980446E-05
6.911986E+03	1.318917E-03	7.009406E-05
6.921889E+03	1.323572E-03	7.037038E-05
6.931791E+03	1.327909E-03	7.063042E-05
6.941694E+03	1.331975E-03	7.087677E-05
6.951596E+03	1.335745E-03	7.110799E-05
6.961499E+03	1.339218E-03	7.132416E-05
6.971401E+03	1.342371E-03	7.152407E-05
6.981304E+03	1.345237E-03	7.170942E-05
6.991207E+03	1.347823E-03	7.188073E-05
7.001109E+03	1.350142E-03	7.203869E-05
7.011012E+03	1.352185E-03	7.218280E-05
7.020914E+03	1.353973E-03	7.231426E-05
7.030817E+03	1.355561E-03	7.243604E-05
7.040719E+03	1.356955E-03	7.254851E-05
7.050622E+03	1.358168E-03	7.265239E-05
7.060524E+03	1.359299E-03	7.275309E-05
7.070427E+03	1.360371E-03	7.285190E-05
7.080330E+03	1.361440E-03	7.295183E-05
7.090232E+03	1.362535E-03	7.305457E-05
7.100135E+03	1.363745E-03	7.316494E-05
7.110037E+03	1.365132E-03	7.328631E-05
7.119940E+03	1.366728E-03	7.342063E-05
7.129842E+03	1.368595E-03	7.357125E-05
7.139745E+03	1.370819E-03	7.374298E-05
7.149647E+03	1.373429E-03	7.393744E-05
7.159550E+03	1.376475E-03	7.415752E-05
7.169453E+03	1.380003E-03	7.440582E-05
7.179355E+03	1.384051E-03	7.468457E-05
7.189258E+03	1.388619E-03	7.499403E-05
7.199160E+03	1.393788E-03	7.533867E-05
7.209063E+03	1.399540E-03	7.571782E-05
7.218965E+03	1.405821E-03	7.612866E-05
7.228868E+03	1.412711E-03	7.657587E-05
7.238770E+03	1.420107E-03	7.705403E-05
7.248673E+03	1.428045E-03	7.756533E-05
7.258576E+03	1.436464E-03	7.810672E-05
7.268478E+03	1.445325E-03	7.867636E-05
7.278381E+03	1.454554E-03	7.927042E-05
7.288283E+03	1.464098E-03	7.988633E-05
7.298186E+03	1.473902E-03	8.052127E-05
7.308088E+03	1.483904E-03	8.117210E-05
7.317991E+03	1.493971E-03	8.183186E-05
7.327894E+03	1.504062E-03	8.249847E-05
7.337796E+03	1.514033E-03	8.316421E-05
7.347699E+03	1.523764E-03	8.382267E-05
7.357601E+03	1.533128E-03	8.446706E-05
7.367504E+03	1.542060E-03	8.509390E-05
7.377406E+03	1.550457E-03	8.569760E-05
7.387309E+03	1.558282E-03	8.627619E-05
7.397211E+03	1.565499E-03	8.682771E-05
7.407114E+03	1.571972E-03	8.734460E-05
7.417017E+03	1.577637E-03	8.782337E-05
7.426919E+03	1.582477E-03	8.826298E-05
7.436822E+03	1.586345E-03	8.865517E-05
7.446724E+03	1.589253E-03	8.900037E-05
7.456627E+03	1.591155E-03	8.929597E-05
7.466529E+03	1.592028E-03	8.954040E-05
7.476432E+03	1.591867E-03	8.973312E-05
7.486334E+03	1.590684E-03	8.987466E-05
7.496237E+03	1.588549E-03	8.996863E-05
7.506140E+03	1.585474E-03	9.001548E-05
7.516042E+03	1.581561E-03	9.002068E-05
7.525945E+03	1.576850E-03	8.998626E-05
7.535847E+03	1.571466E-03	8.991902E-05
7.545750E+03	1.565503E-03	8.982418E-05
7.555652E+03	1.559026E-03	8.970521E-05
7.565555E+03	1.552173E-03	8.956991E-05
7.575457E+03	1.545048E-03	8.942397E-05
7.585360E+03	1.537711E-03	8.927061E-05
7.595263E+03	1.530282E-03	8.911648E-05
7.605165E+03	1.522799E-03	8.896358E-05
7.615068E+03	1.515404E-03	8.881984E-05
7.624970E+03	1.508082E-03	8.868436E-05
7.634873E+03	1.500922E-03	8.856214E-05
7.644775E+03	1.493931E-03	8.845348E-05
7.654678E+03	1.487179E-03	8.836248E-05
7.664581E+03	1.480693E-03	8.829066E-05
7.674483E+03	1.474492E-03	8.823913E-05
7.684386E+03	1.468552E-03	8.820640E-05
7.694288E+03	1.462912E-03	8.819488E-05
7.704191E+03	1.457571E-03	8.820447E-05
7.714093E+03	1.452486E-03	8.823258E-05
7.723996E+03	1.447680E-03	8.828063E-05
7.733898E+03	1.443101E-03	8.834549E-05
7.743801E+03	1.438766E-03	8.842811E-05
7.753704E+03	1.434581E-03	8.852284E-05
7.763606E+03	1.430630E-03	8.863477E-05
7.773509E+03	1.426786E-03	8.875593E-05
7.783411E+03	1.423060E-03	8.888707E-05
7.793314E+03	1.419396E-03	8.902460E-05
7.803216E+03	1.415812E-03	8.916949E-05
7.813119E+03	1.412256E-03	8.931838E-05
7.823021E+03	1.408677E-03	8.946794E-05
7.832924E+03	1.405062E-03	8.961721E-05
7.842827E+03	1.401401E-03	8.976533E-05
7.852729E+03	1.397649E-03	8.990924E-05
7.862632E+03	1.393763E-03	9.004592E-05
7.872534E+03	1.389699E-03	9.017235E-05
7.882437E+03	1.385451E-03	9.028784E-05
7.892339E+03	1.380943E-03	9.038708E-05
7.902242E+03	1.376276E-03	9.047636E-05
7.912144E+03	1.371444E-03	9.055508E-05
7.922047E+03	1.366444E-03	9.062270E-05
7.931950E+03	1.361341E-03	9.068336E-05
7.941852E+03	1.356134E-03	9.073664E-05
7.951755E+03	1.350888E-03	9.078684E-05
7.961657E+03	1.345531E-03	9.082883E-05
7.971560E+03	1.340165E-03	9.086942E-05
7.981462E+03	1.334754E-03	9.090589E-05
7.991365E+03	1.329293E-03	9.093793E-05
8.001268E+03	1.323818E-03	9.096764E-05
8.011170E+03	1.318324E-03	9.099474E-05
8.021073E+03	1.312774E-03	9.101648E-05
8.030975E+03	1.307201E-03	9.103500E-05
8.040878E+03	1.301603E-03	9.105000E-05
8.050780E+03	1.296012E-03	9.106371E-05
8.060683E+03	1.290360E-03	9.107107E-05
8.070585E+03	1.284680E-03	9.107448E-05
8.080488E+03	1.278977E-03	9.107400E-05
8.090391E+03	1.273254E-03	9.106986E-05
8.100293E+03	1.267519E-03	9.106243E-05
8.110196E+03	1.261780E-03	9.105227E-05
8.120098E+03	1.256013E-03	9.103758E-05
8.130001E+03	1.250267E-03	9.102170E-05
8.139903E+03	1.244555E-03	9.100562E-05
8.149806E+03	1.238893E-03	9.099047E-05
8.159708E+03	1.233265E-03	9.097494E-05
8.169611E+03	1.227687E-03	9.096037E-05
8.179514E+03	1.222214E-03	9.095071E-05
8.189416E+03	1.216832E-03	9.094493E-05
8.199319E+03	1.211560E-03	9.094458E-05
8.209221E+03	1.206454E-03	9.095381E-05
8.219124E+03	1.201464E-03	9.096904E-05
8.229026E+03	1.196677E-03	9.099687E-05
8.238929E+03	1.192074E-03	9.103609E-05
8.248831E+03	1.187635E-03	9.108519E-05
8.258734E+03	1.183437E-03	9.115026E-05
8.268637E+03	1.179416E-03	9.122657E-05
8.278539E+03	1.175607E-03	9.131689E-05
8.288442E+03	1.172004E-03	9.142097E-05
8.298344E+03	1.168562E-03	9.153545E-05
8.308247E+03	1.165300E-03	9.166193E-05
8.318149E+03	1.162165E-03	9.179629E-05
8.328052E+03	1.159132E-03	9.193674E-05
8.337955E+03	1.156210E-03	9.208398E-05
8.347857E+03	1.153336E-03	9.223316E-05
8.357760E+03	1.150484E-03	9.238204E-05
8.367662E+03	1.147659E-03	9.253114E-05
8.377565E+03	1.144769E-03	9.267292E-05
8.387467E+03	1.141825E-03	9.280823E-05
8.397370E+03	1.138809E-03	9.293551E-05
8.407272E+03	1.135708E-03	9.305358E-05
8.417175E+03	1.132480E-03	9.315888E-05
8.427078E+03	1.129155E-03	9.325380E-05
8.436980E+03	1.125738E-03	9.333847E-05
8.446883E+03	1.122200E-03	9.341058E-05
8.456785E+03	1.118556E-03	9.347102E-05
8.466688E+03	1.114853E-03	9.352377E-05
8.476590E+03	1.111077E-03	9.356749E-05
8.486493E+03	1.107248E-03	9.360379E-05
8.496395E+03	1.103388E-03	9.363453E-05
8.506298E+03	1.099522E-03	9.366163E-05
8.516201E+03	1.095638E-03	9.368428E-05
8.526103E+03	1.091831E-03	9.371035E-05
8.536006E+03	1.088057E-03	9.373629E-05
8.545908E+03	1.084343E-03	9.376435E-05
8.555811E+03	1.080748E-03	9.379975E-05
8.565713E+03	1.077264E-03	9.384197E-05
8.575616E+03	1.073919E-03	9.389332E-05
8.585518E+03	1.070736E-03	9.395615E-05
8.595421E+03	1.067740E-03	9.403269E-05
8.605324E+03	1.064953E-03	9.412509E-05
8.615226E+03	1.062362E-03	9.423232E-05
8.625129E+03	1.059983E-03	9.435613E-05
8.635031E+03	1.057866E-03	9.450110E-05
8.644934E+03	1.055992E-03	9.466571E-05
8.654836E+03	1.054373E-03	9.485125E-05
8.664739E+03	1.052985E-03	9.505592E-05
8.674642E+03	1.051873E-03	9.528380E-05
8.684544E+03	1.051008E-03	9.553273E-05
8.694447E+03	1.050398E-03	9.580346E-05
8.704349E+03	1.050010E-03	9.609337E-05
8.714252E+03	1.049882E-03	9.640593E-05
8.724154E+03	1.050011E-03	9.674131E-05
8.734057E+03	1.050327E-03	9.709307E-05
8.743959E+03	1.050893E-03	9.746736E-05
8.753862E+03	1.051634E-03	9.785733E-05
8.763765E+03	1.052576E-03	9.826569E-05
8.773667E+03	1.053713E-03	9.869183E-05
8.783570E+03	1.055034E-03	9.913504E-05
8.793472E+03	1.056565E-03	9.959791E-05
8.803375E+03	1.058296E-03	1.000796E-04
8.813277E+03	1.060214E-03	1.005791E-04
8.823180E+03	1.062343E-03	1.010989E-04
8.833082E+03	1.064705E-03	1.016412E-04
8.842985E+03	1.067248E-03	1.022011E-04
8.852888E+03	1.069951E-03	1.027769E-04
8.862790E+03	1.072873E-03	1.033744E-04
8.872693E+03	1.075957E-03	1.039882E-04
8.882595E+03	1.079182E-03	1.046164E-04
8.892498E+03	1.082608E-03	1.052650E-04
8.902400E+03	1.086137E-03	1.059246E-04
8.912303E+03	1.089833E-03	1.066015E-04
8.951913E+03	1.105763E-03	1.094324E-04
8.991523E+03	1.123350E-03	1.124473E-04
9.031134E+03	1.142608E-03	1.156520E-04
9.070744E+03	1.163612E-03	1.190583E-04
9.110354E+03	1.186583E-03	1.226938E-04
9.149964E+03	1.211922E-03	1.266052E-04
9.189575E+03	1.240130E-03	1.308512E-04
9.229185E+03	1.271225E-03	1.354416E-04
9.268795E+03	1.304888E-03	1.403489E-04
9.308405E+03	1.340271E-03	1.454871E-04
9.348016E+03	1.376492E-03	1.507628E-04
9.387626E+03	1.412609E-03	1.560725E-04
9.427236E+03	1.447692E-03	1.613104E-04
9.466846E+03	1.481443E-03	1.664383E-04
9.506456E+03	1.514039E-03	1.714708E-04
9.546067E+03	1.545988E-03	1.764613E-04
9.585677E+03	1.578116E-03	1.815014E-04
9.625287E+03	1.610743E-03	1.866274E-04
9.664897E+03	1.643628E-03	1.918107E-04
9.704508E+03	1.676574E-03	1.970277E-04
9.744118E+03	1.709397E-03	2.022551E-04
9.783728E+03	1.741823E-03	2.074587E-04
9.823338E+03	1.773172E-03	2.125548E-04
9.862949E+03	1.802361E-03	2.174090E-04
9.902559E+03	1.828130E-03	2.218625E-04
9.942169E+03	1.849270E-03	2.257593E-04
9.981779E+03	1.864855E-03	2.289750E-04
1.002139E+04	1.873893E-03	2.313751E-04
1.006100E+04	1.875462E-03	2.328316E-04
1.010061E+04	1.869484E-03	2.333201E-04
1.014022E+04	1.856482E-03	2.328919E-04
1.017983E+04	1.837171E-03	2.316246E-04
1.021944E+04	1.812849E-03	2.296721E-04
