#wls	flux	fluxerr
3.257341E+03	1.182834E-03	8.309594E-05
3.296951E+03	1.231911E-03	8.548770E-05
3.336561E+03	1.284749E-03	8.805002E-05
3.376171E+03	1.341516E-03	9.078452E-05
3.415782E+03	1.402413E-03	9.369436E-05
3.455392E+03	1.467519E-03	9.677403E-05
3.495002E+03	1.536840E-03	1.000129E-04
3.534612E+03	1.610212E-03	1.033897E-04
3.574223E+03	1.687223E-03	1.068678E-04
3.613833E+03	1.767262E-03	1.103998E-04
3.653443E+03	1.849547E-03	1.139298E-04
3.693053E+03	1.933206E-03	1.173995E-04
3.732664E+03	2.017577E-03	1.207661E-04
3.772274E+03	2.102042E-03	1.239921E-04
3.811884E+03	2.186261E-03	1.270582E-04
3.851494E+03	2.269903E-03	1.299470E-04
3.891105E+03	2.352743E-03	1.326483E-04
3.930715E+03	2.434587E-03	1.351549E-04
3.970325E+03	2.515266E-03	1.374613E-04
4.009935E+03	2.594659E-03	1.395657E-04
4.049545E+03	2.672661E-03	1.414674E-04
4.089156E+03	2.749120E-03	1.431642E-04
4.128766E+03	2.823887E-03	1.446544E-04
4.168376E+03	2.896705E-03	1.459315E-04
4.207986E+03	2.967001E-03	1.469747E-04
4.247597E+03	3.033840E-03	1.477472E-04
4.287207E+03	3.095763E-03	1.481907E-04
4.326817E+03	3.150716E-03	1.482238E-04
4.366427E+03	3.196846E-03	1.477808E-04
4.406038E+03	3.233486E-03	1.468561E-04
4.445648E+03	3.263186E-03	1.455894E-04
4.485258E+03	3.289015E-03	1.441340E-04
4.524868E+03	3.313401E-03	1.426056E-04
4.564479E+03	3.338125E-03	1.410853E-04
4.604089E+03	3.364596E-03	1.396329E-04
4.643699E+03	3.393776E-03	1.382861E-04
4.683309E+03	3.425908E-03	1.370514E-04
4.722919E+03	3.459555E-03	1.358688E-04
4.762530E+03	3.491506E-03	1.346143E-04
4.802140E+03	3.520074E-03	1.332306E-04
4.841750E+03	3.545046E-03	1.317188E-04
4.881360E+03	3.566587E-03	1.300944E-04
4.920971E+03	3.585144E-03	1.283821E-04
4.960581E+03	3.601285E-03	1.266098E-04
5.000191E+03	3.615730E-03	1.248091E-04
5.039801E+03	3.629087E-03	1.230057E-04
5.079412E+03	3.641945E-03	1.212235E-04
5.119022E+03	3.654446E-03	1.194702E-04
5.158632E+03	3.666420E-03	1.177436E-04
5.198242E+03	3.677128E-03	1.160237E-04
5.237853E+03	3.685064E-03	1.142688E-04
5.277463E+03	3.687944E-03	1.124166E-04
5.317073E+03	3.682813E-03	1.103891E-04
5.356683E+03	3.666938E-03	1.081204E-04
5.396293E+03	3.640978E-03	1.056466E-04
5.435904E+03	3.603886E-03	1.029530E-04
5.475514E+03	3.558147E-03	1.001246E-04
5.515124E+03	3.505903E-03	9.723121E-05
5.554734E+03	3.451726E-03	9.440310E-05
5.594345E+03	3.402313E-03	9.182001E-05
5.633955E+03	3.361579E-03	8.957829E-05
5.673565E+03	3.331592E-03	8.772130E-05
5.713175E+03	3.313016E-03	8.625467E-05
5.752786E+03	3.305938E-03	8.516994E-05
5.792396E+03	3.310062E-03	8.445035E-05
5.832006E+03	3.324783E-03	8.407331E-05
5.871616E+03	3.349508E-03	8.401853E-05
5.911227E+03	3.383243E-03	8.425781E-05
5.950837E+03	3.424462E-03	8.475177E-05
5.990447E+03	3.470979E-03	8.544688E-05
6.030057E+03	3.519238E-03	8.625706E-05
6.069667E+03	3.563936E-03	8.705332E-05
6.109278E+03	3.597612E-03	8.765514E-05
6.148888E+03	3.610877E-03	8.783570E-05
6.188498E+03	3.592537E-03	8.732297E-05
6.228108E+03	3.541149E-03	8.607722E-05
6.267719E+03	3.470481E-03	8.442443E-05
6.307329E+03	3.392265E-03	8.263990E-05
6.346939E+03	3.313927E-03	8.089497E-05
6.386549E+03	3.240054E-03	7.929335E-05
6.426160E+03	3.174017E-03	7.791107E-05
6.465770E+03	3.116757E-03	7.676636E-05
6.505380E+03	3.068407E-03	7.585890E-05
6.544990E+03	3.028462E-03	7.517367E-05
6.584601E+03	2.996041E-03	7.468693E-05
6.624211E+03	2.969698E-03	7.436123E-05
6.663821E+03	2.948146E-03	7.416308E-05
6.703431E+03	2.929771E-03	7.405070E-05
6.743041E+03	2.913186E-03	7.398770E-05
6.782652E+03	2.897098E-03	7.393984E-05
6.822262E+03	2.880340E-03	7.387582E-05
6.861872E+03	2.862046E-03	7.377178E-05
6.901482E+03	2.841578E-03	7.360963E-05
6.941093E+03	2.818795E-03	7.338417E-05
6.980703E+03	2.793753E-03	7.309548E-05
7.020313E+03	2.766945E-03	7.275542E-05
7.059923E+03	2.739238E-03	7.238623E-05
7.099534E+03	2.711830E-03	7.201951E-05
7.139144E+03	2.686165E-03	7.169421E-05
7.178754E+03	2.663737E-03	7.145163E-05
7.218364E+03	2.646064E-03	7.133452E-05
7.257975E+03	2.634048E-03	7.137000E-05
7.297585E+03	2.627858E-03	7.156572E-05
7.337195E+03	2.626218E-03	7.189013E-05
7.376805E+03	2.626345E-03	7.226951E-05
7.416415E+03	2.626413E-03	7.265513E-05
7.456026E+03	2.623893E-03	7.297694E-05
7.495636E+03	2.614413E-03	7.310947E-05
7.535246E+03	2.596934E-03	7.301796E-05
7.574856E+03	2.570307E-03	7.266353E-05
7.614467E+03	2.532916E-03	7.199321E-05
7.654077E+03	2.486108E-03	7.103807E-05
7.693687E+03	2.432158E-03	6.985685E-05
7.733297E+03	2.372835E-03	6.849549E-05
7.772908E+03	2.309525E-03	6.699029E-05
7.812518E+03	2.242705E-03	6.535225E-05
7.852128E+03	2.172036E-03	6.356919E-05
7.891738E+03	2.096124E-03	6.159822E-05
7.931349E+03	2.015668E-03	5.945811E-05
7.970959E+03	1.934010E-03	5.724675E-05
8.010569E+03	1.853657E-03	5.503897E-05
8.050179E+03	1.775995E-03	5.287758E-05
8.089789E+03	1.701768E-03	5.078665E-05
8.129400E+03	1.631256E-03	4.877683E-05
8.169010E+03	1.564710E-03	4.685781E-05
8.208620E+03	1.502367E-03	4.503890E-05
8.248230E+03	1.444342E-03	4.332565E-05
8.287841E+03	1.390931E-03	4.172883E-05
8.327451E+03	1.342352E-03	4.025675E-05
8.367061E+03	1.298950E-03	3.892108E-05
8.406671E+03	1.261018E-03	3.773174E-05
8.446282E+03	1.228912E-03	3.669991E-05
8.485892E+03	1.202911E-03	3.583409E-05
8.525502E+03	1.183348E-03	3.514366E-05
8.565112E+03	1.170381E-03	3.463222E-05
8.604723E+03	1.164011E-03	3.429806E-05
8.644333E+03	1.164009E-03	3.413200E-05
8.683943E+03	1.169814E-03	3.411476E-05
8.723553E+03	1.180561E-03	3.421803E-05
8.763163E+03	1.195338E-03	3.441212E-05
8.802774E+03	1.213436E-03	3.467353E-05
8.842384E+03	1.234539E-03	3.499015E-05
8.881994E+03	1.258554E-03	3.535603E-05
8.921604E+03	1.285374E-03	3.576471E-05
8.961215E+03	1.314755E-03	3.620582E-05
9.000825E+03	1.346510E-03	3.667057E-05
9.040435E+03	1.380236E-03	3.714436E-05
9.080045E+03	1.415729E-03	3.761827E-05
9.119656E+03	1.452645E-03	3.807977E-05
9.159266E+03	1.490777E-03	3.852038E-05
9.198876E+03	1.529864E-03	3.893051E-05
9.238486E+03	1.569792E-03	3.930460E-05
9.278097E+03	1.610203E-03	3.963133E-05
9.317707E+03	1.651022E-03	3.990696E-05
9.357317E+03	1.692168E-03	4.012774E-05
9.396927E+03	1.733322E-03	4.028477E-05
9.436537E+03	1.774482E-03	4.037713E-05
9.476148E+03	1.815598E-03	4.040298E-05
9.515758E+03	1.856530E-03	4.035900E-05
9.555368E+03	1.897015E-03	4.023972E-05
9.594978E+03	1.937148E-03	4.004803E-05
9.634589E+03	1.976649E-03	3.977941E-05
9.674199E+03	2.015483E-03	3.943525E-05
9.713809E+03	2.053314E-03	3.901174E-05
9.753419E+03	2.090071E-03	3.851128E-05
9.793030E+03	2.125337E-03	3.793091E-05
9.832640E+03	2.158984E-03	3.727432E-05
9.872250E+03	2.190512E-03	3.654014E-05
9.911857E+03	2.219762E-03	3.573461E-05
9.951468E+03	2.246623E-03	3.486573E-05
9.991078E+03	2.270422E-03	3.393479E-05
1.003069E+04	2.291179E-03	3.295553E-05
1.007030E+04	2.309094E-03	3.194538E-05
1.010991E+04	2.324140E-03	3.091948E-05
1.014952E+04	2.337239E-03	2.990644E-05
1.018913E+04	2.348677E-03	2.892644E-05
1.022874E+04	2.359962E-03	2.801484E-05
1.026835E+04	2.372544E-03	2.720490E-05
1.030796E+04	2.386912E-03	2.651814E-05
1.034757E+04	2.403522E-03	2.597600E-05
1.038718E+04	2.419345E-03	2.556302E-05
1.042679E+04	2.467744E-03	2.564359E-05
1.046640E+04	2.475119E-03	2.546422E-05
1.050601E+04	2.439105E-03	2.501082E-05
1.054562E+04	2.389405E-03	2.457039E-05
1.058523E+04	2.340646E-03	2.426606E-05
1.062484E+04	2.297423E-03	2.411914E-05
1.066445E+04	2.260453E-03	2.411417E-05
1.070406E+04	2.229087E-03	2.422453E-05
1.074367E+04	2.202289E-03	2.442206E-05
1.078328E+04	2.179005E-03	2.468049E-05
1.082289E+04	2.158291E-03	2.497649E-05
1.086250E+04	2.139359E-03	2.528998E-05
1.090211E+04	2.121566E-03	2.560391E-05
1.094172E+04	2.104406E-03	2.590405E-05
1.098133E+04	2.087492E-03	2.617875E-05
1.102094E+04	2.070542E-03	2.641871E-05
1.106055E+04	2.053363E-03	2.661674E-05
1.110016E+04	2.035834E-03	2.676759E-05
1.113977E+04	2.017902E-03	2.686774E-05
1.117938E+04	1.999558E-03	2.691513E-05
1.121900E+04	1.980834E-03	2.690901E-05
1.125861E+04	1.961787E-03	2.684970E-05
1.129822E+04	1.942487E-03	2.673837E-05
1.133783E+04	1.923017E-03	2.657691E-05
1.137744E+04	1.903459E-03	2.636781E-05
1.141705E+04	1.883899E-03	2.611404E-05
1.145666E+04	1.864424E-03	2.581904E-05
1.149627E+04	1.845126E-03	2.548675E-05
1.153588E+04	1.826109E-03	2.512164E-05
1.157549E+04	1.807494E-03	2.472878E-05
1.161510E+04	1.789426E-03	2.431392E-05
1.165471E+04	1.772079E-03	2.388351E-05
1.169432E+04	1.755657E-03	2.344478E-05
1.173393E+04	1.740402E-03	2.300571E-05
1.177354E+04	1.726586E-03	2.257505E-05
1.181315E+04	1.714511E-03	2.216225E-05
1.185276E+04	1.704508E-03	2.177747E-05
1.189237E+04	1.696922E-03	2.143152E-05
1.193198E+04	1.692110E-03	2.113582E-05
1.197159E+04	1.690417E-03	2.090221E-05
1.201120E+04	1.692145E-03	2.074275E-05
1.205081E+04	1.697510E-03	2.066925E-05
1.209042E+04	1.706568E-03	2.069251E-05
1.213003E+04	1.719103E-03	2.082095E-05
1.216964E+04	1.734410E-03	2.105788E-05
1.220925E+04	1.750771E-03	2.139457E-05
1.224886E+04	1.764007E-03	2.179101E-05
1.228847E+04	1.763995E-03	2.212464E-05
1.232808E+04	1.737482E-03	2.221338E-05
1.236769E+04	1.694731E-03	2.216109E-05
1.240730E+04	1.649030E-03	2.211811E-05
1.244691E+04	1.606047E-03	2.214584E-05
1.248652E+04	1.568003E-03	2.226622E-05
1.252613E+04	1.535705E-03	2.248586E-05
1.256574E+04	1.509292E-03	2.280469E-05
1.260535E+04	1.488537E-03	2.321902E-05
1.264496E+04	1.473009E-03	2.372299E-05
1.268457E+04	1.462170E-03	2.430943E-05
1.272418E+04	1.455442E-03	2.497044E-05
1.276379E+04	1.452257E-03	2.569787E-05
1.280340E+04	1.452080E-03	2.648363E-05
1.284301E+04	1.454427E-03	2.731990E-05
1.288262E+04	1.458870E-03	2.819929E-05
1.292224E+04	1.465037E-03	2.911480E-05
1.296185E+04	1.472600E-03	3.005985E-05
1.300146E+04	1.481273E-03	3.102814E-05
1.304107E+04	1.490799E-03	3.201354E-05
1.308068E+04	1.500944E-03	3.300999E-05
1.312029E+04	1.511489E-03	3.401139E-05
1.315990E+04	1.522228E-03	3.501155E-05
1.319951E+04	1.532958E-03	3.600412E-05
1.323912E+04	1.543485E-03	3.698254E-05
1.327873E+04	1.553614E-03	3.794007E-05
1.331834E+04	1.563154E-03	3.886970E-05
1.335795E+04	1.571912E-03	3.976424E-05
1.339756E+04	1.579699E-03	4.061637E-05
1.343717E+04	1.586332E-03	4.141877E-05
1.347678E+04	1.591641E-03	4.216433E-05
1.351639E+04	1.595474E-03	4.284637E-05
1.355600E+04	1.597701E-03	4.345879E-05
1.359561E+04	1.598220E-03	4.399628E-05
1.363522E+04	1.596955E-03	4.445445E-05
1.367483E+04	1.593864E-03	4.482992E-05
1.371444E+04	1.588932E-03	4.512038E-05
1.375405E+04	1.582180E-03	4.532472E-05
1.379366E+04	1.573658E-03	4.544305E-05
1.383327E+04	1.563449E-03	4.547668E-05
1.387288E+04	1.551666E-03	4.542818E-05
1.391249E+04	1.538451E-03	4.530126E-05
1.395210E+04	1.523968E-03	4.510068E-05
1.399171E+04	1.508403E-03	4.483210E-05
1.403132E+04	1.491955E-03	4.450187E-05
1.407093E+04	1.474828E-03	4.411675E-05
1.411054E+04	1.457228E-03	4.368376E-05
1.415015E+04	1.439354E-03	4.320985E-05
1.418976E+04	1.421393E-03	4.270180E-05
1.422937E+04	1.403519E-03	4.216599E-05
1.426898E+04	1.385886E-03	4.160827E-05
1.430859E+04	1.368630E-03	4.103394E-05
1.434820E+04	1.351863E-03	4.044758E-05
1.438781E+04	1.335679E-03	3.985313E-05
1.442742E+04	1.320150E-03	3.925385E-05
1.446703E+04	1.305328E-03	3.865235E-05
1.450664E+04	1.291247E-03	3.805060E-05
1.454625E+04	1.277924E-03	3.744999E-05
1.458587E+04	1.265356E-03	3.685131E-05
1.462548E+04	1.253523E-03	3.625476E-05
1.466509E+04	1.242383E-03	3.565997E-05
1.470470E+04	1.231875E-03	3.506593E-05
1.474431E+04	1.221916E-03	3.447108E-05
1.478392E+04	1.212398E-03	3.387332E-05
1.482353E+04	1.203195E-03	3.327002E-05
1.486314E+04	1.194155E-03	3.265818E-05
1.490275E+04	1.185115E-03	3.203461E-05
1.494236E+04	1.175897E-03	3.139609E-05
1.498197E+04	1.166324E-03	3.073968E-05
1.502158E+04	1.156225E-03	3.006299E-05
1.506119E+04	1.145450E-03	2.936455E-05
1.510080E+04	1.133880E-03	2.864398E-05
1.514041E+04	1.121436E-03	2.790224E-05
1.518002E+04	1.108086E-03	2.714170E-05
1.521963E+04	1.093850E-03	2.636611E-05
1.525924E+04	1.078792E-03	2.558046E-05
1.529885E+04	1.063022E-03	2.479071E-05
1.533846E+04	1.046685E-03	2.400357E-05
1.537807E+04	1.029951E-03	2.322617E-05
1.541768E+04	1.013008E-03	2.246583E-05
1.545729E+04	9.960585E-04	2.172988E-05
1.549690E+04	9.793092E-04	2.102555E-05
1.553651E+04	9.629740E-04	2.035990E-05
1.557612E+04	9.472739E-04	1.973988E-05
1.561573E+04	9.324400E-04	1.917241E-05
1.565534E+04	9.187173E-04	1.866444E-05
1.569495E+04	9.063708E-04	1.822313E-05
1.573456E+04	8.956846E-04	1.785587E-05
1.577417E+04	8.869574E-04	1.757027E-05
1.581378E+04	8.804798E-04	1.737383E-05
1.585339E+04	8.764771E-04	1.727291E-05
1.589300E+04	8.749895E-04	1.727055E-05
1.593261E+04	8.756276E-04	1.736156E-05
1.597222E+04	8.771035E-04	1.752113E-05
1.601183E+04	8.764339E-04	1.768763E-05
1.605144E+04	8.688952E-04	1.776054E-05
1.609105E+04	8.550469E-04	1.774212E-05
1.613066E+04	8.397610E-04	1.772428E-05
1.617027E+04	8.257965E-04	1.775961E-05
1.620988E+04	8.142480E-04	1.786886E-05
1.624949E+04	8.053738E-04	1.805661E-05
1.628911E+04	7.990510E-04	1.831995E-05
1.632872E+04	7.950021E-04	1.865284E-05
1.636833E+04	7.929006E-04	1.904806E-05
1.640794E+04	7.924179E-04	1.949810E-05
1.644755E+04	7.932427E-04	1.999554E-05
1.648716E+04	7.950885E-04	2.053317E-05
1.652677E+04	7.976960E-04	2.110404E-05
1.656638E+04	8.008320E-04	2.170148E-05
1.660599E+04	8.042881E-04	2.231904E-05
1.664560E+04	8.078789E-04	2.295056E-05
1.668521E+04	8.114390E-04	2.359005E-05
1.672482E+04	8.148216E-04	2.423176E-05
1.676443E+04	8.178974E-04	2.487016E-05
1.680404E+04	8.205553E-04	2.550002E-05
1.684365E+04	8.227033E-04	2.611650E-05
1.688326E+04	8.242708E-04	2.671530E-05
1.692287E+04	8.252130E-04	2.729286E-05
1.696248E+04	8.255144E-04	2.784656E-05
1.700209E+04	8.251899E-04	2.837487E-05
1.704170E+04	8.242878E-04	2.887757E-05
1.708131E+04	8.228877E-04	2.935572E-05
1.712092E+04	8.210982E-04	2.981176E-05
1.716053E+04	8.190517E-04	3.024932E-05
1.720014E+04	8.168987E-04	3.067310E-05
1.723975E+04	8.148026E-04	3.108875E-05
1.727936E+04	8.129322E-04	3.150253E-05
1.731897E+04	8.114579E-04	3.192120E-05
1.735858E+04	8.105465E-04	3.235181E-05
1.739819E+04	8.103569E-04	3.280143E-05
1.743780E+04	8.110380E-04	3.327709E-05
1.747741E+04	8.127251E-04	3.378554E-05
1.751702E+04	8.155382E-04	3.433314E-05
1.755663E+04	8.195804E-04	3.492568E-05
1.759624E+04	8.249350E-04	3.556828E-05
1.763585E+04	8.316645E-04	3.626521E-05
1.767546E+04	8.398075E-04	3.701971E-05
1.771507E+04	8.493782E-04	3.783391E-05
1.775468E+04	8.603629E-04	3.870859E-05
1.779429E+04	8.727192E-04	3.964311E-05
1.783390E+04	8.863732E-04	4.063517E-05
1.787351E+04	9.012179E-04	4.168073E-05
1.791312E+04	9.171105E-04	4.277380E-05
1.795274E+04	9.338722E-04	4.390637E-05
1.799235E+04	9.512867E-04	4.506832E-05
1.803196E+04	9.691017E-04	4.624744E-05
1.807157E+04	9.870330E-04	4.742959E-05
1.811118E+04	1.004770E-03	4.859896E-05
1.815079E+04	1.021983E-03	4.973848E-05
1.819040E+04	1.038337E-03	5.083035E-05
1.823001E+04	1.053497E-03	5.185666E-05
1.826962E+04	1.067149E-03	5.280003E-05
1.830923E+04	1.079000E-03	5.364422E-05
1.834884E+04	1.088799E-03	5.437476E-05
1.838845E+04	1.096336E-03	5.497936E-05
1.842806E+04	1.101457E-03	5.544842E-05
1.846767E+04	1.104062E-03	5.577532E-05
1.850728E+04	1.104112E-03	5.595667E-05
1.854689E+04	1.101630E-03	5.599244E-05
1.858650E+04	1.096697E-03	5.588582E-05
1.862611E+04	1.089448E-03	5.564300E-05
1.866572E+04	1.080059E-03	5.527261E-05
1.870533E+04	1.068737E-03	5.478515E-05
1.874494E+04	1.055710E-03	5.419244E-05
1.878455E+04	1.041216E-03	5.350702E-05
1.882416E+04	1.025498E-03	5.274191E-05
1.886377E+04	1.008797E-03	5.191030E-05
1.890338E+04	9.913541E-04	5.102525E-05
1.894299E+04	9.734005E-04	5.009964E-05
1.898260E+04	9.551594E-04	4.914587E-05
1.902221E+04	9.368407E-04	4.817572E-05
1.906182E+04	9.186379E-04	4.720007E-05
1.910143E+04	9.007262E-04	4.622888E-05
1.914104E+04	8.832587E-04	4.527088E-05
1.918065E+04	8.663657E-04	4.433355E-05
1.922026E+04	8.501529E-04	4.342306E-05
1.925987E+04	8.347022E-04	4.254426E-05
1.929948E+04	8.200740E-04	4.170080E-05
1.933909E+04	8.063081E-04	4.089522E-05
1.937870E+04	7.934281E-04	4.012916E-05
1.941831E+04	7.814413E-04	3.940334E-05
1.945792E+04	7.703419E-04	3.871777E-05
1.949753E+04	7.601103E-04	3.807174E-05
1.953714E+04	7.507144E-04	3.746385E-05
1.957675E+04	7.421094E-04	3.689205E-05
1.961636E+04	7.342379E-04	3.635368E-05
1.965598E+04	7.270318E-04	3.584554E-05
1.969559E+04	7.204128E-04	3.536399E-05
1.973520E+04	7.142950E-04	3.490503E-05
1.977481E+04	7.085879E-04	3.446454E-05
1.981442E+04	7.031985E-04	3.403833E-05
1.985403E+04	6.980349E-04	3.362235E-05
1.989364E+04	6.930079E-04	3.321279E-05
1.993325E+04	6.880325E-04	3.280612E-05
1.997286E+04	6.830297E-04	3.239920E-05
2.001247E+04	6.779274E-04	3.198929E-05
2.005208E+04	6.726602E-04	3.157406E-05
2.009169E+04	6.671716E-04	3.115166E-05
2.013130E+04	6.614147E-04	3.072078E-05
2.017091E+04	6.553528E-04	3.028059E-05
2.021052E+04	6.489596E-04	2.983080E-05
2.025013E+04	6.422199E-04	2.937165E-05
2.028974E+04	6.351274E-04	2.890376E-05
2.032935E+04	6.276846E-04	2.842816E-05
2.036896E+04	6.199013E-04	2.794617E-05
2.040857E+04	6.117923E-04	2.745929E-05
2.044818E+04	6.033768E-04	2.696917E-05
2.048779E+04	5.946783E-04	2.647760E-05
2.052740E+04	5.857240E-04	2.598643E-05
2.056701E+04	5.765463E-04	2.549770E-05
2.060662E+04	5.671831E-04	2.501358E-05
2.064623E+04	5.576806E-04	2.453653E-05
2.068584E+04	5.480949E-04	2.406936E-05
2.072545E+04	5.384935E-04	2.361528E-05
2.076506E+04	5.289582E-04	2.317803E-05
2.080467E+04	5.195841E-04	2.276187E-05
2.084428E+04	5.104807E-04	2.237165E-05
2.088389E+04	5.017697E-04	2.201270E-05
2.092350E+04	4.935835E-04	2.169083E-05
2.096311E+04	4.860610E-04	2.141221E-05
2.100272E+04	4.793425E-04	2.118316E-05
2.104233E+04	4.735610E-04	2.100980E-05
2.108194E+04	4.688274E-04	2.089735E-05
2.112155E+04	4.652066E-04	2.084862E-05
2.116116E+04	4.626787E-04	2.086278E-05
2.120077E+04	4.610783E-04	2.093252E-05
2.124038E+04	4.600041E-04	2.103975E-05
2.127999E+04	4.587567E-04	2.115218E-05
2.131961E+04	4.570063E-04	2.125366E-05
2.135922E+04	4.553957E-04	2.137309E-05
2.139883E+04	4.544448E-04	2.153464E-05
2.143844E+04	4.543744E-04	2.174917E-05
2.147805E+04	4.552066E-04	2.201846E-05
2.151766E+04	4.568445E-04	2.233868E-05
2.155727E+04	4.591238E-04	2.270254E-05
2.159688E+04	4.618457E-04	2.310078E-05
2.163649E+04	4.647980E-04	2.352306E-05
2.167610E+04	4.677672E-04	2.395850E-05
2.171571E+04	4.705461E-04	2.439604E-05
2.175532E+04	4.729407E-04	2.482478E-05
2.179493E+04	4.747722E-04	2.523409E-05
2.183454E+04	4.758799E-04	2.561382E-05
2.187415E+04	4.761246E-04	2.595449E-05
2.191376E+04	4.753906E-04	2.624751E-05
2.195337E+04	4.735877E-04	2.648530E-05
2.199298E+04	4.706531E-04	2.666155E-05
2.203259E+04	4.665539E-04	2.677145E-05
2.207220E+04	4.612868E-04	2.681173E-05
2.211181E+04	4.548783E-04	2.678085E-05
2.215142E+04	4.473842E-04	2.667909E-05
2.219103E+04	4.388864E-04	2.650843E-05
2.223064E+04	4.294900E-04	2.627254E-05
2.227025E+04	4.193195E-04	2.597659E-05
2.230986E+04	4.085136E-04	2.562706E-05
2.234947E+04	3.972206E-04	2.523147E-05
2.238908E+04	3.855927E-04	2.479810E-05
2.242869E+04	3.737825E-04	2.433576E-05
2.246830E+04	3.619383E-04	2.385348E-05
2.250791E+04	3.501999E-04	2.336023E-05
2.254752E+04	3.386951E-04	2.286465E-05
2.258713E+04	3.275377E-04	2.237487E-05
2.262674E+04	3.168254E-04	2.189830E-05
2.266635E+04	3.066383E-04	2.144145E-05
2.270596E+04	2.970404E-04	2.101001E-05
2.274557E+04	2.880791E-04	2.060865E-05
2.278518E+04	2.797874E-04	2.024122E-05
2.282479E+04	2.721854E-04	1.991073E-05
2.286440E+04	2.652819E-04	1.961944E-05
2.290401E+04	2.590770E-04	1.936897E-05
2.294362E+04	2.535633E-04	1.916043E-05
2.298323E+04	2.487282E-04	1.899445E-05
2.302285E+04	2.445552E-04	1.887139E-05
2.306246E+04	2.410256E-04	1.879131E-05
2.310207E+04	2.381191E-04	1.875416E-05
2.314168E+04	2.358148E-04	1.875971E-05
2.318129E+04	2.340927E-04	1.880778E-05
2.322090E+04	2.329328E-04	1.889808E-05
2.326051E+04	2.323162E-04	1.903037E-05
2.330012E+04	2.322246E-04	1.920440E-05
2.333973E+04	2.326409E-04	1.941991E-05
2.337934E+04	2.335482E-04	1.967666E-05
2.341895E+04	2.349301E-04	1.997432E-05
2.345856E+04	2.367706E-04	2.031260E-05
2.349817E+04	2.390527E-04	2.069102E-05
2.353778E+04	2.417603E-04	2.110915E-05
2.357739E+04	2.448757E-04	2.156633E-05
2.361700E+04	2.483808E-04	2.206182E-05
2.365661E+04	2.522567E-04	2.259475E-05
2.369622E+04	2.564837E-04	2.316410E-05
2.373583E+04	2.610405E-04	2.376862E-05
2.377544E+04	2.659056E-04	2.440700E-05
2.381505E+04	2.710568E-04	2.507780E-05
2.385466E+04	2.764714E-04	2.577942E-05
2.389427E+04	2.821268E-04	2.651022E-05
2.393388E+04	2.880002E-04	2.726849E-05
2.397349E+04	2.940695E-04	2.805246E-05
2.401310E+04	3.003126E-04	2.886035E-05
2.405271E+04	3.067082E-04	2.969036E-05
2.409232E+04	3.132352E-04	3.054064E-05
2.413193E+04	3.198737E-04	3.140942E-05
2.417154E+04	3.266040E-04	3.229485E-05
2.421115E+04	3.334071E-04	3.319514E-05
2.425076E+04	3.402652E-04	3.410854E-05
