#wls	flux	fluxerr
1.584409E+03	7.807949E-05	7.951311E-06
1.624020E+03	8.002209E-05	8.134931E-06
1.663630E+03	8.209625E-05	8.330789E-06
1.703240E+03	8.432008E-05	8.540607E-06
1.742850E+03	8.668708E-05	8.763600E-06
1.782461E+03	8.921370E-05	9.001293E-06
1.822071E+03	9.189971E-05	9.253516E-06
1.861681E+03	9.475939E-05	9.521551E-06
1.901291E+03	9.779807E-05	9.805761E-06
1.940902E+03	1.010198E-04	1.010637E-05
1.980512E+03	1.044123E-04	1.042196E-05
2.020122E+03	1.079771E-04	1.075249E-05
2.059732E+03	1.117070E-04	1.109705E-05
2.099342E+03	1.155714E-04	1.145238E-05
2.138953E+03	1.195389E-04	1.181523E-05
2.178563E+03	1.235564E-04	1.218016E-05
2.218173E+03	1.275641E-04	1.254115E-05
2.257783E+03	1.315310E-04	1.289510E-05
2.297394E+03	1.354399E-04	1.324025E-05
2.337004E+03	1.393411E-04	1.358143E-05
2.376614E+03	1.432732E-04	1.392232E-05
2.416224E+03	1.472638E-04	1.426546E-05
2.455835E+03	1.513488E-04	1.461416E-05
2.495445E+03	1.555393E-04	1.496927E-05
2.535055E+03	1.598290E-04	1.532999E-05
2.574665E+03	1.642265E-04	1.569691E-05
2.614276E+03	1.687045E-04	1.606721E-05
2.653886E+03	1.732446E-04	1.643893E-05
2.693496E+03	1.778016E-04	1.680762E-05
2.733106E+03	1.823456E-04	1.717028E-05
2.772716E+03	1.868221E-04	1.752171E-05
2.812327E+03	1.911873E-04	1.785776E-05
2.851937E+03	1.954022E-04	1.817479E-05
2.891547E+03	1.994369E-04	1.847009E-05
2.931157E+03	2.032755E-04	1.874230E-05
2.970768E+03	2.069144E-04	1.899119E-05
2.980670E+03	2.077911E-04	1.904963E-05
2.990573E+03	2.086576E-04	1.910682E-05
3.000475E+03	2.095079E-04	1.916223E-05
3.010378E+03	2.103505E-04	1.921665E-05
3.020280E+03	2.111796E-04	1.926953E-05
3.030183E+03	2.119944E-04	1.932081E-05
3.040086E+03	2.127941E-04	1.937041E-05
3.049988E+03	2.135862E-04	1.941903E-05
3.059891E+03	2.143611E-04	1.946579E-05
3.069793E+03	2.151265E-04	1.951140E-05
3.079696E+03	2.158770E-04	1.955537E-05
3.089598E+03	2.166160E-04	1.959801E-05
3.099501E+03	2.173424E-04	1.963922E-05
3.109403E+03	2.180551E-04	1.967891E-05
3.119306E+03	2.187533E-04	1.971700E-05
3.129209E+03	2.194400E-04	1.975378E-05
3.139111E+03	2.201102E-04	1.978879E-05
3.149014E+03	2.207669E-04	1.982232E-05
3.158916E+03	2.214093E-04	1.985428E-05
3.168819E+03	2.220364E-04	1.988460E-05
3.178721E+03	2.226511E-04	1.991353E-05
3.188624E+03	2.232447E-04	1.994031E-05
3.198526E+03	2.238279E-04	1.996589E-05
3.208429E+03	2.243885E-04	1.998920E-05
3.218332E+03	2.249370E-04	2.001117E-05
3.228234E+03	2.254650E-04	2.003106E-05
3.238137E+03	2.259756E-04	2.004914E-05
3.248039E+03	2.264680E-04	2.006537E-05
3.257942E+03	2.269376E-04	2.007933E-05
3.267844E+03	2.273915E-04	2.009166E-05
3.277747E+03	2.278215E-04	2.010164E-05
3.287650E+03	2.282278E-04	2.010930E-05
3.297552E+03	2.286165E-04	2.011518E-05
3.307455E+03	2.289811E-04	2.011871E-05
3.317357E+03	2.293215E-04	2.011991E-05
3.327260E+03	2.296381E-04	2.011880E-05
3.337162E+03	2.299347E-04	2.011574E-05
3.347065E+03	2.302055E-04	2.011022E-05
3.356967E+03	2.304513E-04	2.010231E-05
3.366870E+03	2.306761E-04	2.009238E-05
3.376773E+03	2.308775E-04	2.008024E-05
3.386675E+03	2.310573E-04	2.006604E-05
3.396578E+03	2.312100E-04	2.004931E-05
3.406480E+03	2.313406E-04	2.003050E-05
3.416383E+03	2.314502E-04	2.000971E-05
3.426285E+03	2.315348E-04	1.998661E-05
3.436188E+03	2.315963E-04	1.996136E-05
3.446090E+03	2.316338E-04	1.993391E-05
3.455993E+03	2.316524E-04	1.990470E-05
3.465896E+03	2.316463E-04	1.987324E-05
3.475798E+03	2.316212E-04	1.984001E-05
3.485701E+03	2.315742E-04	1.980481E-05
3.495603E+03	2.315061E-04	1.976768E-05
3.505506E+03	2.314174E-04	1.972869E-05
3.515408E+03	2.313061E-04	1.968768E-05
3.525311E+03	2.311760E-04	1.964498E-05
3.535213E+03	2.310230E-04	1.960024E-05
3.545116E+03	2.308482E-04	1.955358E-05
3.555019E+03	2.306555E-04	1.950533E-05
3.564921E+03	2.304435E-04	1.945538E-05
3.574824E+03	2.302139E-04	1.940388E-05
3.584726E+03	2.299654E-04	1.935075E-05
3.594629E+03	2.296975E-04	1.929593E-05
3.604531E+03	2.294119E-04	1.923957E-05
3.614434E+03	2.291057E-04	1.918147E-05
3.624337E+03	2.287832E-04	1.912196E-05
3.634239E+03	2.284418E-04	1.906085E-05
3.644142E+03	2.280832E-04	1.899830E-05
3.654044E+03	2.277119E-04	1.893467E-05
3.663947E+03	2.273254E-04	1.886978E-05
3.673849E+03	2.269252E-04	1.880375E-05
3.683752E+03	2.265178E-04	1.873712E-05
3.693654E+03	2.261021E-04	1.866983E-05
3.703557E+03	2.256799E-04	1.860200E-05
3.713460E+03	2.252561E-04	1.853407E-05
3.723362E+03	2.248301E-04	1.846596E-05
3.733265E+03	2.244049E-04	1.839793E-05
3.743167E+03	2.239851E-04	1.833038E-05
3.753070E+03	2.235714E-04	1.826334E-05
3.762972E+03	2.231665E-04	1.819703E-05
3.772875E+03	2.227730E-04	1.813167E-05
3.782777E+03	2.223930E-04	1.806744E-05
3.792680E+03	2.220307E-04	1.800464E-05
3.802583E+03	2.216866E-04	1.794334E-05
3.812485E+03	2.213646E-04	1.788382E-05
3.822388E+03	2.210682E-04	1.782637E-05
3.832290E+03	2.207975E-04	1.777097E-05
3.842193E+03	2.205538E-04	1.771775E-05
3.852095E+03	2.203425E-04	1.766710E-05
3.861998E+03	2.201645E-04	1.761909E-05
3.871900E+03	2.200192E-04	1.757365E-05
3.881803E+03	2.199107E-04	1.753111E-05
3.891706E+03	2.198417E-04	1.749166E-05
3.901608E+03	2.198092E-04	1.745504E-05
3.911511E+03	2.198170E-04	1.742154E-05
3.921413E+03	2.198672E-04	1.739131E-05
3.931316E+03	2.199602E-04	1.736436E-05
3.941218E+03	2.200940E-04	1.734052E-05
3.951121E+03	2.202739E-04	1.732018E-05
3.961024E+03	2.204982E-04	1.730320E-05
3.970926E+03	2.207663E-04	1.728949E-05
3.980829E+03	2.210814E-04	1.727931E-05
3.990731E+03	2.214414E-04	1.727245E-05
4.000634E+03	2.218491E-04	1.726912E-05
4.010536E+03	2.223006E-04	1.726899E-05
4.020439E+03	2.228004E-04	1.727241E-05
4.030341E+03	2.233465E-04	1.727917E-05
4.040244E+03	2.239379E-04	1.728920E-05
4.050147E+03	2.245780E-04	1.730272E-05
4.060049E+03	2.252624E-04	1.731939E-05
4.069952E+03	2.259960E-04	1.733955E-05
4.079854E+03	2.267747E-04	1.736288E-05
4.089757E+03	2.275992E-04	1.738939E-05
4.099659E+03	2.284708E-04	1.741919E-05
4.109562E+03	2.293871E-04	1.745204E-05
4.119464E+03	2.303489E-04	1.748801E-05
4.129367E+03	2.313551E-04	1.752698E-05
4.139270E+03	2.324031E-04	1.756874E-05
4.149172E+03	2.334957E-04	1.761348E-05
4.159075E+03	2.346280E-04	1.766081E-05
4.168977E+03	2.358028E-04	1.771093E-05
4.178880E+03	2.370151E-04	1.776344E-05
4.188782E+03	2.382658E-04	1.781839E-05
4.198685E+03	2.395536E-04	1.787567E-05
4.208587E+03	2.408735E-04	1.793489E-05
4.218490E+03	2.422280E-04	1.799623E-05
4.228393E+03	2.436142E-04	1.805945E-05
4.238295E+03	2.450283E-04	1.812425E-05
4.248198E+03	2.464671E-04	1.819040E-05
4.258100E+03	2.479310E-04	1.825791E-05
4.268003E+03	2.494180E-04	1.832663E-05
4.277905E+03	2.509202E-04	1.839596E-05
4.287808E+03	2.524398E-04	1.846607E-05
4.297711E+03	2.539680E-04	1.853630E-05
4.307613E+03	2.555068E-04	1.860681E-05
4.317516E+03	2.570492E-04	1.867707E-05
4.327418E+03	2.585945E-04	1.874705E-05
4.337321E+03	2.601421E-04	1.881669E-05
4.347223E+03	2.616912E-04	1.888595E-05
4.357126E+03	2.632414E-04	1.895480E-05
4.367028E+03	2.647942E-04	1.902335E-05
4.376931E+03	2.663514E-04	1.909173E-05
4.386834E+03	2.679132E-04	1.915996E-05
4.396736E+03	2.694816E-04	1.922818E-05
4.406639E+03	2.710542E-04	1.929623E-05
4.416541E+03	2.726364E-04	1.936448E-05
4.426444E+03	2.742258E-04	1.943278E-05
4.436346E+03	2.758234E-04	1.950118E-05
4.446249E+03	2.774293E-04	1.956972E-05
4.456151E+03	2.790446E-04	1.963844E-05
4.466054E+03	2.806700E-04	1.970741E-05
4.475957E+03	2.823061E-04	1.977668E-05
4.485859E+03	2.839495E-04	1.984600E-05
4.495762E+03	2.856058E-04	1.991577E-05
4.505664E+03	2.872715E-04	1.998574E-05
4.515567E+03	2.889483E-04	2.005603E-05
4.525469E+03	2.906349E-04	2.012655E-05
4.535372E+03	2.923364E-04	2.019767E-05
4.545274E+03	2.940525E-04	2.026935E-05
4.555177E+03	2.957803E-04	2.034140E-05
4.565080E+03	2.975285E-04	2.041441E-05
4.574982E+03	2.992951E-04	2.048825E-05
4.584885E+03	3.010813E-04	2.056300E-05
4.594787E+03	3.028941E-04	2.063913E-05
4.604690E+03	3.047386E-04	2.071698E-05
4.614592E+03	3.066117E-04	2.079633E-05
4.624495E+03	3.085251E-04	2.087799E-05
4.634398E+03	3.104826E-04	2.096218E-05
4.644300E+03	3.124882E-04	2.104917E-05
4.654203E+03	3.145498E-04	2.113947E-05
4.664105E+03	3.166724E-04	2.123341E-05
4.674008E+03	3.188645E-04	2.133152E-05
4.683910E+03	3.211262E-04	2.143381E-05
4.693813E+03	3.234666E-04	2.154084E-05
4.703715E+03	3.258955E-04	2.165325E-05
4.713618E+03	3.284109E-04	2.177088E-05
4.723521E+03	3.310266E-04	2.189461E-05
4.733423E+03	3.337464E-04	2.202465E-05
4.743326E+03	3.365697E-04	2.216093E-05
4.753228E+03	3.394980E-04	2.230352E-05
4.763131E+03	3.425154E-04	2.245135E-05
4.773033E+03	3.456248E-04	2.260456E-05
4.782936E+03	3.488092E-04	2.276204E-05
4.792838E+03	3.520681E-04	2.292373E-05
4.802741E+03	3.553875E-04	2.308869E-05
4.812644E+03	3.587671E-04	2.325690E-05
4.822546E+03	3.621922E-04	2.342740E-05
4.832449E+03	3.656595E-04	2.359996E-05
4.842351E+03	3.691617E-04	2.377413E-05
4.852254E+03	3.726882E-04	2.394920E-05
4.862156E+03	3.762323E-04	2.412474E-05
4.872059E+03	3.797870E-04	2.430029E-05
4.881961E+03	3.833493E-04	2.447566E-05
4.891864E+03	3.869052E-04	2.464995E-05
4.901767E+03	3.904561E-04	2.482325E-05
4.911669E+03	3.939878E-04	2.499467E-05
4.921572E+03	3.974984E-04	2.516408E-05
4.931474E+03	4.009782E-04	2.533090E-05
4.941377E+03	4.044211E-04	2.549472E-05
4.951279E+03	4.078217E-04	2.565525E-05
4.961182E+03	4.111782E-04	2.581236E-05
4.971085E+03	4.144765E-04	2.596521E-05
4.980987E+03	4.177158E-04	2.611375E-05
4.990890E+03	4.208861E-04	2.625739E-05
5.000792E+03	4.239865E-04	2.639608E-05
5.010695E+03	4.270073E-04	2.652925E-05
5.020597E+03	4.299389E-04	2.665633E-05
5.030500E+03	4.327798E-04	2.677725E-05
5.040402E+03	4.355249E-04	2.689174E-05
5.050305E+03	4.381644E-04	2.699920E-05
5.060208E+03	4.406885E-04	2.709910E-05
5.070110E+03	4.431018E-04	2.719173E-05
5.080013E+03	4.453918E-04	2.727636E-05
5.089915E+03	4.475550E-04	2.735283E-05
5.099818E+03	4.495890E-04	2.742102E-05
5.109720E+03	4.514931E-04	2.748095E-05
5.119623E+03	4.532610E-04	2.753225E-05
5.129525E+03	4.548967E-04	2.757523E-05
5.139428E+03	4.563902E-04	2.760931E-05
5.149331E+03	4.577455E-04	2.763478E-05
5.159233E+03	4.589535E-04	2.765115E-05
5.169136E+03	4.600238E-04	2.765902E-05
5.179038E+03	4.609479E-04	2.765793E-05
5.188941E+03	4.617313E-04	2.764826E-05
5.198843E+03	4.623665E-04	2.762961E-05
5.208746E+03	4.628595E-04	2.760237E-05
5.218648E+03	4.632128E-04	2.756674E-05
5.228551E+03	4.634195E-04	2.752235E-05
5.238454E+03	4.634819E-04	2.746939E-05
5.248356E+03	4.634064E-04	2.740827E-05
5.258259E+03	4.631904E-04	2.733890E-05
5.268161E+03	4.628300E-04	2.726107E-05
5.278064E+03	4.623263E-04	2.717491E-05
5.287966E+03	4.616799E-04	2.708049E-05
5.297869E+03	4.608905E-04	2.697783E-05
5.307772E+03	4.599543E-04	2.686676E-05
5.317674E+03	4.588755E-04	2.674758E-05
5.327577E+03	4.576499E-04	2.662009E-05
5.337479E+03	4.562841E-04	2.648470E-05
5.347382E+03	4.547757E-04	2.634134E-05
5.357284E+03	4.531356E-04	2.619068E-05
5.367187E+03	4.513739E-04	2.603335E-05
5.377089E+03	4.494910E-04	2.586939E-05
5.386992E+03	4.475061E-04	2.569997E-05
5.396895E+03	4.454270E-04	2.552555E-05
5.406797E+03	4.432446E-04	2.534565E-05
5.416700E+03	4.409804E-04	2.516154E-05
5.426602E+03	4.386370E-04	2.497338E-05
5.436505E+03	4.362168E-04	2.478133E-05
5.446407E+03	4.337262E-04	2.458579E-05
5.456310E+03	4.311693E-04	2.438701E-05
5.466212E+03	4.285501E-04	2.418524E-05
5.476115E+03	4.258809E-04	2.398119E-05
5.486018E+03	4.231671E-04	2.377519E-05
5.495920E+03	4.204261E-04	2.356822E-05
5.505823E+03	4.176720E-04	2.336108E-05
5.515725E+03	4.149169E-04	2.315445E-05
5.525628E+03	4.121817E-04	2.294950E-05
5.535530E+03	4.094827E-04	2.274712E-05
5.545433E+03	4.068373E-04	2.254826E-05
5.555335E+03	4.042672E-04	2.235410E-05
5.565238E+03	4.017885E-04	2.216550E-05
5.575141E+03	3.994162E-04	2.198326E-05
5.585043E+03	3.971679E-04	2.180829E-05
5.594946E+03	3.950558E-04	2.164122E-05
5.604848E+03	3.930931E-04	2.148271E-05
5.614751E+03	3.912876E-04	2.133314E-05
5.624653E+03	3.896454E-04	2.119278E-05
5.634556E+03	3.881746E-04	2.106200E-05
5.644459E+03	3.868783E-04	2.094090E-05
5.654361E+03	3.857589E-04	2.082954E-05
5.664264E+03	3.848211E-04	2.072812E-05
5.674166E+03	3.840657E-04	2.063659E-05
5.684069E+03	3.834966E-04	2.055510E-05
5.693971E+03	3.831097E-04	2.048336E-05
5.703874E+03	3.829121E-04	2.042167E-05
5.713776E+03	3.828997E-04	2.036973E-05
5.723679E+03	3.830713E-04	2.032741E-05
5.733582E+03	3.834349E-04	2.029506E-05
5.743484E+03	3.839811E-04	2.027210E-05
5.753387E+03	3.847173E-04	2.025886E-05
5.763289E+03	3.856429E-04	2.025522E-05
5.773192E+03	3.867572E-04	2.026106E-05
5.783094E+03	3.880556E-04	2.027608E-05
5.792997E+03	3.895464E-04	2.030063E-05
5.802899E+03	3.912256E-04	2.033441E-05
5.812802E+03	3.930978E-04	2.037760E-05
5.822705E+03	3.951641E-04	2.043018E-05
5.832607E+03	3.974205E-04	2.049184E-05
5.842510E+03	3.998719E-04	2.056277E-05
5.852412E+03	4.025228E-04	2.064312E-05
5.862315E+03	4.053642E-04	2.073234E-05
5.872217E+03	4.083998E-04	2.083054E-05
5.882120E+03	4.116285E-04	2.093759E-05
5.892022E+03	4.150535E-04	2.105357E-05
5.901925E+03	4.186634E-04	2.117781E-05
5.911828E+03	4.224649E-04	2.131059E-05
5.921730E+03	4.264456E-04	2.145120E-05
5.931633E+03	4.306064E-04	2.159960E-05
5.941535E+03	4.349425E-04	2.175548E-05
5.951438E+03	4.394441E-04	2.191829E-05
5.961340E+03	4.441102E-04	2.208789E-05
5.971243E+03	4.489236E-04	2.226338E-05
5.981146E+03	4.538867E-04	2.244482E-05
5.991048E+03	4.589750E-04	2.263092E-05
6.000951E+03	4.641882E-04	2.282164E-05
6.010853E+03	4.695040E-04	2.301581E-05
6.020756E+03	4.749133E-04	2.321297E-05
6.030658E+03	4.803889E-04	2.341175E-05
6.040561E+03	4.859125E-04	2.361123E-05
6.050463E+03	4.914577E-04	2.381013E-05
6.060366E+03	4.970011E-04	2.400731E-05
6.070269E+03	5.025058E-04	2.420101E-05
6.080171E+03	5.079371E-04	2.438957E-05
6.090074E+03	5.132644E-04	2.457159E-05
6.099976E+03	5.184489E-04	2.474525E-05
6.109879E+03	5.234349E-04	2.490798E-05
6.119781E+03	5.281827E-04	2.505799E-05
6.129684E+03	5.326449E-04	2.519316E-05
6.139586E+03	5.367773E-04	2.531153E-05
6.149489E+03	5.405409E-04	2.541143E-05
6.159392E+03	5.438963E-04	2.549118E-05
6.169294E+03	5.468091E-04	2.554936E-05
6.179197E+03	5.492641E-04	2.558547E-05
6.189099E+03	5.512687E-04	2.560006E-05
6.199002E+03	5.528573E-04	2.559493E-05
6.208904E+03	5.540966E-04	2.557335E-05
6.218807E+03	5.550314E-04	2.553755E-05
6.228709E+03	5.556891E-04	2.548892E-05
6.238612E+03	5.561319E-04	2.543044E-05
6.248515E+03	5.563770E-04	2.536300E-05
6.258417E+03	5.564742E-04	2.528895E-05
6.268320E+03	5.564422E-04	2.520918E-05
6.278222E+03	5.563133E-04	2.512521E-05
6.288125E+03	5.561093E-04	2.503806E-05
6.298027E+03	5.558507E-04	2.494866E-05
6.307930E+03	5.555570E-04	2.485792E-05
6.317833E+03	5.552384E-04	2.476630E-05
6.327735E+03	5.549045E-04	2.467423E-05
6.337638E+03	5.545791E-04	2.458277E-05
6.347540E+03	5.542606E-04	2.449185E-05
6.357443E+03	5.539699E-04	2.440237E-05
6.367345E+03	5.537111E-04	2.431450E-05
6.377248E+03	5.534943E-04	2.422867E-05
6.387150E+03	5.533367E-04	2.414562E-05
6.397053E+03	5.532634E-04	2.406640E-05
6.406956E+03	5.532817E-04	2.399130E-05
6.416858E+03	5.534066E-04	2.392092E-05
6.426761E+03	5.536527E-04	2.385585E-05
6.436663E+03	5.540158E-04	2.379587E-05
6.446566E+03	5.545166E-04	2.374180E-05
6.456468E+03	5.551580E-04	2.369373E-05
6.466371E+03	5.559333E-04	2.365130E-05
6.476273E+03	5.568609E-04	2.361524E-05
6.486176E+03	5.579330E-04	2.358517E-05
6.496079E+03	5.591404E-04	2.356063E-05
6.505981E+03	5.605004E-04	2.354231E-05
6.515884E+03	5.620031E-04	2.352974E-05
6.525786E+03	5.636493E-04	2.352289E-05
6.535689E+03	5.654483E-04	2.352209E-05
6.545591E+03	5.673819E-04	2.352654E-05
6.555494E+03	5.694497E-04	2.353617E-05
6.565396E+03	5.716701E-04	2.355169E-05
6.575299E+03	5.740227E-04	2.357221E-05
6.585202E+03	5.765050E-04	2.359759E-05
6.595104E+03	5.791237E-04	2.362805E-05
6.605007E+03	5.818650E-04	2.366299E-05
6.614909E+03	5.847237E-04	2.370215E-05
6.624812E+03	5.877039E-04	2.374566E-05
6.634714E+03	5.907794E-04	2.379245E-05
6.644617E+03	5.939448E-04	2.384226E-05
6.654520E+03	5.972147E-04	2.389566E-05
6.664422E+03	6.005635E-04	2.395159E-05
6.674325E+03	6.039868E-04	2.400987E-05
6.684227E+03	6.074921E-04	2.407076E-05
6.694130E+03	6.110653E-04	2.413368E-05
6.704032E+03	6.147053E-04	2.419854E-05
6.713935E+03	6.184111E-04	2.426529E-05
6.723837E+03	6.221826E-04	2.433389E-05
6.733740E+03	6.260107E-04	2.440395E-05
6.743643E+03	6.299090E-04	2.447599E-05
6.753545E+03	6.338802E-04	2.455008E-05
6.763448E+03	6.379143E-04	2.462581E-05
6.773350E+03	6.420239E-04	2.470364E-05
6.783253E+03	6.461978E-04	2.478311E-05
6.793155E+03	6.504329E-04	2.486409E-05
6.803058E+03	6.547260E-04	2.494643E-05
6.812960E+03	6.590605E-04	2.502949E-05
6.822863E+03	6.634543E-04	2.511394E-05
6.832766E+03	6.678892E-04	2.519907E-05
6.842668E+03	6.723452E-04	2.528412E-05
6.852571E+03	6.768265E-04	2.536926E-05
6.862473E+03	6.813120E-04	2.545369E-05
6.872376E+03	6.857933E-04	2.553712E-05
6.882278E+03	6.902746E-04	2.561971E-05
6.892181E+03	6.947347E-04	2.570070E-05
6.902083E+03	6.991664E-04	2.577984E-05
6.911986E+03	7.035627E-04	2.585691E-05
6.921889E+03	7.079171E-04	2.593170E-05
6.931791E+03	7.122108E-04	2.600356E-05
6.941694E+03	7.164678E-04	2.607341E-05
6.951596E+03	7.206568E-04	2.614014E-05
6.961499E+03	7.247746E-04	2.620370E-05
6.971401E+03	7.288321E-04	2.626454E-05
6.981304E+03	7.328121E-04	2.632208E-05
6.991207E+03	7.367109E-04	2.637625E-05
7.001109E+03	7.405255E-04	2.642702E-05
7.011012E+03	7.442531E-04	2.647433E-05
7.020914E+03	7.479073E-04	2.651875E-05
7.030817E+03	7.514587E-04	2.655930E-05
7.040719E+03	7.549087E-04	2.659612E-05
7.050622E+03	7.582765E-04	2.662994E-05
7.060524E+03	7.615665E-04	2.666101E-05
7.070427E+03	7.647707E-04	2.668911E-05
7.080330E+03	7.679127E-04	2.671514E-05
7.090232E+03	7.709691E-04	2.673838E-05
7.100135E+03	7.739807E-04	2.676032E-05
7.110037E+03	7.769425E-04	2.678085E-05
7.119940E+03	7.798669E-04	2.680049E-05
7.129842E+03	7.827509E-04	2.681919E-05
7.139745E+03	7.856398E-04	2.683860E-05
7.149647E+03	7.885127E-04	2.685806E-05
7.159550E+03	7.913969E-04	2.687858E-05
7.169453E+03	7.942857E-04	2.690001E-05
7.179355E+03	7.972015E-04	2.692318E-05
7.189258E+03	8.001317E-04	2.694773E-05
7.199160E+03	8.030780E-04	2.697381E-05
7.209063E+03	8.060534E-04	2.700194E-05
7.218965E+03	8.090339E-04	2.703139E-05
7.228868E+03	8.120287E-04	2.706257E-05
7.238770E+03	8.149911E-04	2.709401E-05
7.248673E+03	8.179243E-04	2.712594E-05
7.258576E+03	8.208320E-04	2.715857E-05
7.268478E+03	8.236644E-04	2.719039E-05
7.278381E+03	8.264243E-04	2.722161E-05
7.288283E+03	8.290791E-04	2.725127E-05
7.298186E+03	8.316317E-04	2.727962E-05
7.308088E+03	8.340494E-04	2.730572E-05
7.317991E+03	8.363173E-04	2.732922E-05
7.327894E+03	8.384217E-04	2.734981E-05
7.337796E+03	8.403304E-04	2.736661E-05
7.347699E+03	8.420310E-04	2.737934E-05
7.357601E+03	8.435163E-04	2.738793E-05
7.367504E+03	8.447808E-04	2.739235E-05
7.377406E+03	8.458394E-04	2.739323E-05
7.387309E+03	8.466760E-04	2.739018E-05
7.397211E+03	8.473328E-04	2.738471E-05
7.407114E+03	8.478174E-04	2.737718E-05
7.417017E+03	8.481428E-04	2.736815E-05
7.426919E+03	8.483241E-04	2.735823E-05
7.436822E+03	8.483777E-04	2.734805E-05
7.446724E+03	8.483635E-04	2.733966E-05
7.456627E+03	8.482639E-04	2.733260E-05
7.466529E+03	8.481188E-04	2.732826E-05
7.476432E+03	8.479566E-04	2.732765E-05
7.486334E+03	8.478242E-04	2.733239E-05
7.496237E+03	8.477100E-04	2.734220E-05
7.506140E+03	8.476697E-04	2.735898E-05
7.516042E+03	8.477409E-04	2.738405E-05
7.525945E+03	8.479799E-04	2.741933E-05
7.535847E+03	8.483829E-04	2.746482E-05
7.545750E+03	8.490248E-04	2.752306E-05
7.555652E+03	8.499192E-04	2.759463E-05
7.565555E+03	8.510782E-04	2.768006E-05
7.575457E+03	8.525717E-04	2.778179E-05
7.585360E+03	8.543958E-04	2.789986E-05
7.595263E+03	8.565304E-04	2.803379E-05
7.605165E+03	8.589408E-04	2.818264E-05
7.615068E+03	8.615911E-04	2.834539E-05
7.624970E+03	8.644492E-04	2.852106E-05
7.634873E+03	8.675049E-04	2.870933E-05
7.644775E+03	8.706853E-04	2.890781E-05
7.654678E+03	8.740106E-04	2.911720E-05
7.664581E+03	8.774394E-04	2.933611E-05
7.674483E+03	8.809511E-04	2.956387E-05
7.684386E+03	8.845284E-04	2.979988E-05
7.694288E+03	8.881754E-04	3.004428E-05
7.704191E+03	8.918525E-04	3.029569E-05
7.714093E+03	8.955435E-04	3.055356E-05
7.723996E+03	8.992314E-04	3.081724E-05
7.733898E+03	9.029216E-04	3.108687E-05
7.743801E+03	9.065751E-04	3.136106E-05
7.753704E+03	9.101745E-04	3.163913E-05
7.763606E+03	9.137254E-04	3.192118E-05
7.773509E+03	9.171650E-04	3.220493E-05
7.783411E+03	9.205235E-04	3.249132E-05
7.793314E+03	9.237601E-04	3.277879E-05
7.803216E+03	9.268576E-04	3.306659E-05
7.813119E+03	9.297984E-04	3.335394E-05
7.823021E+03	9.325643E-04	3.364001E-05
7.832924E+03	9.351127E-04	3.392306E-05
7.842827E+03	9.374249E-04	3.420222E-05
7.852729E+03	9.395077E-04	3.447749E-05
7.862632E+03	9.412972E-04	3.474628E-05
7.872534E+03	9.427792E-04	3.500779E-05
7.882437E+03	9.439667E-04	3.526221E-05
7.892339E+03	9.448282E-04	3.550805E-05
7.902242E+03	9.453346E-04	3.574391E-05
7.912144E+03	9.455597E-04	3.597225E-05
7.922047E+03	9.454823E-04	3.619195E-05
7.931950E+03	9.451084E-04	3.640294E-05
7.941852E+03	9.444723E-04	3.660623E-05
7.951755E+03	9.436099E-04	3.680293E-05
7.961657E+03	9.424829E-04	3.699126E-05
7.971560E+03	9.411819E-04	3.717451E-05
7.981462E+03	9.396482E-04	3.735011E-05
7.991365E+03	9.379771E-04	3.752161E-05
8.001268E+03	9.361374E-04	3.768753E-05
8.011170E+03	9.341994E-04	3.785050E-05
8.021073E+03	9.321322E-04	3.800909E-05
8.030975E+03	9.299568E-04	3.816397E-05
8.040878E+03	9.277455E-04	3.831794E-05
8.050780E+03	9.254698E-04	3.846970E-05
8.060683E+03	9.231785E-04	3.862115E-05
8.070585E+03	9.208674E-04	3.877202E-05
8.080488E+03	9.185839E-04	3.892422E-05
8.090391E+03	9.163227E-04	3.907746E-05
8.100293E+03	9.141239E-04	3.923340E-05
8.110196E+03	9.119740E-04	3.939145E-05
8.120098E+03	9.098841E-04	3.955204E-05
8.130001E+03	9.078840E-04	3.971646E-05
8.139903E+03	9.059250E-04	3.988257E-05
8.149806E+03	9.040599E-04	4.005269E-05
8.159708E+03	9.022375E-04	4.022453E-05
8.169611E+03	9.005076E-04	4.040032E-05
8.179514E+03	8.988198E-04	4.057779E-05
8.189416E+03	8.972302E-04	4.075947E-05
8.199319E+03	8.956951E-04	4.094338E-05
8.209221E+03	8.942231E-04	4.112993E-05
8.219124E+03	8.928528E-04	4.132090E-05
8.229026E+03	8.915995E-04	4.151703E-05
8.238929E+03	8.904539E-04	4.171794E-05
8.248831E+03	8.894585E-04	4.192569E-05
8.258734E+03	8.886059E-04	4.214000E-05
8.268637E+03	8.879124E-04	4.236173E-05
8.278539E+03	8.874115E-04	4.259259E-05
8.288442E+03	8.870832E-04	4.283173E-05
8.298344E+03	8.869325E-04	4.307950E-05
8.308247E+03	8.869571E-04	4.333592E-05
8.318149E+03	8.871280E-04	4.359966E-05
8.328052E+03	8.874925E-04	4.387316E-05
8.337955E+03	8.880169E-04	4.415488E-05
8.347857E+03	8.886929E-04	4.444449E-05
8.357760E+03	8.894851E-04	4.474033E-05
8.367662E+03	8.904050E-04	4.504305E-05
8.377565E+03	8.914115E-04	4.535062E-05
8.387467E+03	8.925160E-04	4.566368E-05
8.397370E+03	8.937016E-04	4.598141E-05
8.407272E+03	8.949247E-04	4.630160E-05
8.417175E+03	8.961705E-04	4.662348E-05
8.427078E+03	8.974527E-04	4.694776E-05
8.436980E+03	8.987071E-04	4.727107E-05
8.446883E+03	8.999784E-04	4.759571E-05
8.456785E+03	9.012350E-04	4.792001E-05
8.466688E+03	9.024736E-04	4.824375E-05
8.476590E+03	9.036926E-04	4.856679E-05
8.486493E+03	9.048903E-04	4.888901E-05
8.496395E+03	9.060387E-04	4.920884E-05
8.506298E+03	9.071652E-04	4.952771E-05
8.516201E+03	9.082678E-04	4.984548E-05
8.526103E+03	9.093182E-04	5.016054E-05
8.536006E+03	9.103158E-04	5.047279E-05
8.545908E+03	9.112851E-04	5.078353E-05
8.555811E+03	9.121957E-04	5.109101E-05
8.565713E+03	9.130460E-04	5.139509E-05
8.575616E+03	9.138350E-04	5.169562E-05
8.585518E+03	9.145628E-04	5.199254E-05
8.595421E+03	9.152010E-04	5.228417E-05
8.605324E+03	9.158071E-04	5.257372E-05
8.615226E+03	9.162957E-04	5.285620E-05
8.625129E+03	9.167565E-04	5.313672E-05
8.635031E+03	9.171132E-04	5.341078E-05
8.644934E+03	9.174084E-04	5.368078E-05
8.654836E+03	9.176840E-04	5.394911E-05
8.664739E+03	9.178920E-04	5.421292E-05
8.674642E+03	9.180715E-04	5.447445E-05
8.684544E+03	9.182029E-04	5.473249E-05
8.694447E+03	9.182941E-04	5.498748E-05
8.704349E+03	9.183529E-04	5.523984E-05
8.714252E+03	9.183572E-04	5.548818E-05
8.724154E+03	9.183419E-04	5.573458E-05
8.734057E+03	9.182823E-04	5.597751E-05
8.743959E+03	9.181833E-04	5.621721E-05
8.753862E+03	9.180190E-04	5.645206E-05
8.763765E+03	9.177937E-04	5.668225E-05
8.773667E+03	9.175431E-04	5.690996E-05
8.783570E+03	9.172735E-04	5.713554E-05
8.793472E+03	9.170221E-04	5.736129E-05
8.803375E+03	9.167948E-04	5.758759E-05
8.813277E+03	9.166239E-04	5.781650E-05
8.823180E+03	9.165104E-04	5.804811E-05
8.833082E+03	9.164541E-04	5.828245E-05
8.842985E+03	9.164528E-04	5.851942E-05
8.852888E+03	9.165695E-04	5.876309E-05
8.862790E+03	9.167372E-04	5.900923E-05
8.872693E+03	9.170188E-04	5.926194E-05
8.882595E+03	9.174127E-04	5.952120E-05
8.892498E+03	9.179178E-04	5.978701E-05
8.902400E+03	9.185007E-04	6.005728E-05
8.912303E+03	9.192308E-04	6.033661E-05
8.951913E+03	9.234494E-04	6.153497E-05
8.991523E+03	9.302849E-04	6.290384E-05
9.031134E+03	9.400270E-04	6.447022E-05
9.070744E+03	9.523672E-04	6.622042E-05
9.110354E+03	9.665263E-04	6.810620E-05
9.149964E+03	9.816261E-04	7.006913E-05
9.189575E+03	9.975441E-04	7.210213E-05
9.229185E+03	1.014465E-03	7.422004E-05
9.268795E+03	1.032686E-03	7.644679E-05
9.308405E+03	1.052121E-03	7.877825E-05
9.348016E+03	1.072519E-03	8.119763E-05
9.387626E+03	1.093458E-03	8.367416E-05
9.427236E+03	1.114681E-03	8.618824E-05
9.466846E+03	1.136447E-03	8.875991E-05
9.506456E+03	1.158945E-03	9.140440E-05
9.546067E+03	1.182359E-03	9.413717E-05
9.585677E+03	1.206665E-03	9.695727E-05
9.625287E+03	1.231264E-03	9.981717E-05
9.664897E+03	1.255460E-03	1.026597E-04
9.704508E+03	1.278863E-03	1.054508E-04
9.744118E+03	1.301441E-03	1.081856E-04
9.783728E+03	1.323887E-03	1.109194E-04
9.823338E+03	1.346586E-03	1.136839E-04
9.862949E+03	1.369666E-03	1.164897E-04
9.902559E+03	1.392905E-03	1.193178E-04
9.942169E+03	1.415383E-03	1.220884E-04
9.981779E+03	1.436108E-03	1.247133E-04
1.002139E+04	1.454373E-03	1.271273E-04
1.006100E+04	1.468963E-03	1.292186E-04
1.010061E+04	1.479381E-03	1.309369E-04
1.014022E+04	1.485352E-03	1.322510E-04
1.017983E+04	1.486852E-03	1.331517E-04
1.021944E+04	1.484005E-03	1.336435E-04
