#wls	flux	fluxerr
3.257341E+03	3.386036E-04	3.444644E-05
3.296951E+03	3.414228E-04	3.416586E-05
3.336561E+03	3.453431E-04	3.398771E-05
3.376171E+03	3.506403E-04	3.393369E-05
3.415782E+03	3.576453E-04	3.402904E-05
3.455392E+03	3.667198E-04	3.429985E-05
3.495002E+03	3.781527E-04	3.476342E-05
3.534612E+03	3.921092E-04	3.542423E-05
3.574223E+03	4.087494E-04	3.628558E-05
3.613833E+03	4.283116E-04	3.735688E-05
3.653443E+03	4.511556E-04	3.865672E-05
3.693053E+03	4.778012E-04	4.021523E-05
3.732664E+03	5.089673E-04	4.207632E-05
3.772274E+03	5.455752E-04	4.429658E-05
3.811884E+03	5.885654E-04	4.692940E-05
3.851494E+03	6.384572E-04	4.999042E-05
3.891105E+03	6.953683E-04	5.346188E-05
3.930715E+03	7.592226E-04	5.731148E-05
3.970325E+03	8.297857E-04	6.149642E-05
4.009935E+03	9.066284E-04	6.596172E-05
4.049545E+03	9.890690E-04	7.063747E-05
4.089156E+03	1.076108E-03	7.543570E-05
4.128766E+03	1.166359E-03	8.024779E-05
4.168376E+03	1.257995E-03	8.494278E-05
4.207986E+03	1.348713E-03	8.936798E-05
4.247597E+03	1.435763E-03	9.335324E-05
4.287207E+03	1.516060E-03	9.672041E-05
4.326817E+03	1.586405E-03	9.929892E-05
4.366427E+03	1.643871E-03	1.009493E-04
4.406038E+03	1.686377E-03	1.015957E-04
4.445648E+03	1.713256E-03	1.012542E-04
4.485258E+03	1.725101E-03	1.000150E-04
4.524868E+03	1.723448E-03	9.801750E-05
4.564479E+03	1.710536E-03	9.543162E-05
4.604089E+03	1.689131E-03	9.244503E-05
4.643699E+03	1.662461E-03	8.925766E-05
4.683309E+03	1.634253E-03	8.608131E-05
4.722919E+03	1.608785E-03	8.314080E-05
4.762530E+03	1.591013E-03	8.067878E-05
4.802140E+03	1.586073E-03	7.892827E-05
4.841750E+03	1.595167E-03	7.791236E-05
4.881360E+03	1.615508E-03	7.745877E-05
4.920971E+03	1.643740E-03	7.737822E-05
4.960581E+03	1.676903E-03	7.751256E-05
5.000191E+03	1.712463E-03	7.773352E-05
5.039801E+03	1.748151E-03	7.793362E-05
5.079412E+03	1.781796E-03	7.801698E-05
5.119022E+03	1.811199E-03	7.789344E-05
5.158632E+03	1.834104E-03	7.747701E-05
5.198242E+03	1.848252E-03	7.668814E-05
5.237853E+03	1.851566E-03	7.546101E-05
5.277463E+03	1.842467E-03	7.375542E-05
5.317073E+03	1.820329E-03	7.157266E-05
5.356683E+03	1.786168E-03	6.897859E-05
5.396293E+03	1.743508E-03	6.613058E-05
5.435904E+03	1.697831E-03	6.324887E-05
5.475514E+03	1.655338E-03	6.056520E-05
5.515124E+03	1.621415E-03	5.826576E-05
5.554734E+03	1.597352E-03	5.637739E-05
5.594345E+03	1.581271E-03	5.481301E-05
5.633955E+03	1.571111E-03	5.348517E-05
5.673565E+03	1.565192E-03	5.232489E-05
5.713175E+03	1.562201E-03	5.128030E-05
5.752786E+03	1.561147E-03	5.031360E-05
5.792396E+03	1.561325E-03	4.939915E-05
5.832006E+03	1.562299E-03	4.852195E-05
5.871616E+03	1.563905E-03	4.767702E-05
5.911227E+03	1.566276E-03	4.686925E-05
5.950837E+03	1.569886E-03	4.611403E-05
5.990447E+03	1.575674E-03	4.543991E-05
6.030057E+03	1.585173E-03	4.489114E-05
6.069667E+03	1.600621E-03	4.452947E-05
6.109278E+03	1.624882E-03	4.443065E-05
6.148888E+03	1.660973E-03	4.467115E-05
6.188498E+03	1.711040E-03	4.530160E-05
6.228108E+03	1.775343E-03	4.632333E-05
6.267719E+03	1.852103E-03	4.768898E-05
6.307329E+03	1.938145E-03	4.932067E-05
6.346939E+03	2.030291E-03	5.114473E-05
6.386549E+03	2.126193E-03	5.310753E-05
6.426160E+03	2.222424E-03	5.512730E-05
6.465770E+03	2.313889E-03	5.708238E-05
6.505380E+03	2.396422E-03	5.887178E-05
6.544990E+03	2.467488E-03	6.042878E-05
6.584601E+03	2.526012E-03	6.171970E-05
6.624211E+03	2.571961E-03	6.273431E-05
6.663821E+03	2.605905E-03	6.347591E-05
6.703431E+03	2.628649E-03	6.395344E-05
6.743041E+03	2.640967E-03	6.417569E-05
6.782652E+03	2.643418E-03	6.414764E-05
6.822262E+03	2.636309E-03	6.386998E-05
6.861872E+03	2.619781E-03	6.334172E-05
6.901482E+03	2.593908E-03	6.256266E-05
6.941093E+03	2.558784E-03	6.153570E-05
6.980703E+03	2.514633E-03	6.026946E-05
7.020313E+03	2.461928E-03	5.878085E-05
7.059923E+03	2.401477E-03	5.709677E-05
7.099534E+03	2.334524E-03	5.525599E-05
7.139144E+03	2.262819E-03	5.330997E-05
7.178754E+03	2.188607E-03	5.132184E-05
7.218364E+03	2.114528E-03	4.936339E-05
7.257975E+03	2.043492E-03	4.751144E-05
7.297585E+03	1.978625E-03	4.584656E-05
7.337195E+03	1.923377E-03	4.445560E-05
7.376805E+03	1.881642E-03	4.343514E-05
7.416415E+03	1.857591E-03	4.288876E-05
7.456026E+03	1.854929E-03	4.291156E-05
7.495636E+03	1.875112E-03	4.354490E-05
7.535246E+03	1.915700E-03	4.473744E-05
7.574856E+03	1.971341E-03	4.637216E-05
7.614467E+03	2.035408E-03	4.830106E-05
7.654077E+03	2.101189E-03	5.037013E-05
7.693687E+03	2.162858E-03	5.244050E-05
7.733297E+03	2.216298E-03	5.440673E-05
7.772908E+03	2.259088E-03	5.619218E-05
7.812518E+03	2.287298E-03	5.767486E-05
7.852128E+03	2.295834E-03	5.869618E-05
7.891738E+03	2.281670E-03	5.914335E-05
7.931349E+03	2.244498E-03	5.897126E-05
7.970959E+03	2.186405E-03	5.819999E-05
8.010569E+03	2.111096E-03	5.689896E-05
8.050179E+03	2.022967E-03	5.516496E-05
8.089789E+03	1.926415E-03	5.310391E-05
8.129400E+03	1.825435E-03	5.081921E-05
8.169010E+03	1.723474E-03	4.840612E-05
8.208620E+03	1.623405E-03	4.594923E-05
8.248230E+03	1.527559E-03	4.352168E-05
8.287841E+03	1.437805E-03	4.118584E-05
8.327451E+03	1.355623E-03	3.899411E-05
8.367061E+03	1.282200E-03	3.699073E-05
8.406671E+03	1.218552E-03	3.521428E-05
8.446282E+03	1.165631E-03	3.370031E-05
8.485892E+03	1.124426E-03	3.248364E-05
8.525502E+03	1.096035E-03	3.160015E-05
8.565112E+03	1.081713E-03	3.108757E-05
8.604723E+03	1.082785E-03	3.098274E-05
8.644333E+03	1.100113E-03	3.130597E-05
8.683943E+03	1.133121E-03	3.203342E-05
8.723553E+03	1.180418E-03	3.311632E-05
8.763163E+03	1.240362E-03	3.449828E-05
8.802774E+03	1.311094E-03	3.611734E-05
8.842384E+03	1.390486E-03	3.790565E-05
8.881994E+03	1.476119E-03	3.979013E-05
8.921604E+03	1.565352E-03	4.169563E-05
8.961215E+03	1.655564E-03	4.355240E-05
9.000825E+03	1.744596E-03	4.530811E-05
9.040435E+03	1.831274E-03	4.694090E-05
9.080045E+03	1.915713E-03	4.846558E-05
9.119656E+03	1.998267E-03	4.990530E-05
9.159266E+03	2.075839E-03	5.120014E-05
9.198876E+03	2.143080E-03	5.223981E-05
9.238486E+03	2.195432E-03	5.293156E-05
9.278097E+03	2.229851E-03	5.321976E-05
9.317707E+03	2.244952E-03	5.308966E-05
9.357317E+03	2.240872E-03	5.256199E-05
9.396927E+03	2.218957E-03	5.168379E-05
9.436537E+03	2.181405E-03	5.051902E-05
9.476148E+03	2.130940E-03	4.914048E-05
9.515758E+03	2.070545E-03	4.762361E-05
9.555368E+03	2.003282E-03	4.604255E-05
9.594978E+03	1.932245E-03	4.446962E-05
9.634589E+03	1.860662E-03	4.297842E-05
9.674199E+03	1.792091E-03	4.164950E-05
9.713809E+03	1.730600E-03	4.057642E-05
9.753419E+03	1.680816E-03	3.986969E-05
9.793030E+03	1.647650E-03	3.965392E-05
9.832640E+03	1.634611E-03	4.002681E-05
9.872250E+03	1.639560E-03	4.094595E-05
9.911857E+03	1.657101E-03	4.228615E-05
9.951468E+03	1.682147E-03	4.392305E-05
9.991078E+03	1.710589E-03	4.574825E-05
1.003069E+04	1.739328E-03	4.767142E-05
1.007030E+04	1.766117E-03	4.961792E-05
1.010991E+04	1.789381E-03	5.152607E-05
1.014952E+04	1.808025E-03	5.334397E-05
1.018913E+04	1.821357E-03	5.502886E-05
1.022874E+04	1.829071E-03	5.654858E-05
1.026835E+04	1.831369E-03	5.788708E-05
1.030796E+04	1.829238E-03	5.905527E-05
1.034757E+04	1.824878E-03	6.010802E-05
1.038718E+04	1.822176E-03	6.116380E-05
1.042679E+04	1.826676E-03	6.240812E-05
1.046640E+04	1.843630E-03	6.402920E-05
1.050601E+04	1.873929E-03	6.607172E-05
1.054562E+04	1.913554E-03	6.840406E-05
1.058523E+04	1.957405E-03	7.084516E-05
1.062484E+04	2.001608E-03	7.324835E-05
1.066445E+04	2.043769E-03	7.551490E-05
1.070406E+04	2.082581E-03	7.758370E-05
1.074367E+04	2.117378E-03	7.941687E-05
1.078328E+04	2.147830E-03	8.098988E-05
1.082289E+04	2.173755E-03	8.228501E-05
1.086250E+04	2.195048E-03	8.328889E-05
1.090211E+04	2.211633E-03	8.399102E-05
1.094172E+04	2.223480E-03	8.438433E-05
1.098133E+04	2.230588E-03	8.446478E-05
1.102094E+04	2.233001E-03	8.423199E-05
1.106055E+04	2.230813E-03	8.368924E-05
1.110016E+04	2.224147E-03	8.284289E-05
1.113977E+04	2.213168E-03	8.170255E-05
1.117938E+04	2.198066E-03	8.028049E-05
1.121900E+04	2.179052E-03	7.859123E-05
1.125861E+04	2.156350E-03	7.665117E-05
1.129822E+04	2.130197E-03	7.447840E-05
1.133783E+04	2.100834E-03	7.209221E-05
1.137744E+04	2.068509E-03	6.951304E-05
1.141705E+04	2.033476E-03	6.676228E-05
1.145666E+04	1.995993E-03	6.386198E-05
1.149627E+04	1.956320E-03	6.083467E-05
1.153588E+04	1.914710E-03	5.770300E-05
1.157549E+04	1.871423E-03	5.448984E-05
1.161510E+04	1.826697E-03	5.121754E-05
1.165471E+04	1.780757E-03	4.790805E-05
1.169432E+04	1.733796E-03	4.458257E-05
1.173393E+04	1.685976E-03	4.126167E-05
1.177354E+04	1.637411E-03	3.796527E-05
1.181315E+04	1.588170E-03	3.471317E-05
1.185276E+04	1.538280E-03	3.152589E-05
1.189237E+04	1.487744E-03	2.842574E-05
1.193198E+04	1.436577E-03	2.543862E-05
1.197159E+04	1.384868E-03	2.259619E-05
1.201120E+04	1.332886E-03	1.993874E-05
1.205081E+04	1.281219E-03	1.751809E-05
1.209042E+04	1.230958E-03	1.540058E-05
1.213003E+04	1.183860E-03	1.366777E-05
1.216964E+04	1.142387E-03	1.241182E-05
1.220925E+04	1.109351E-03	1.171999E-05
1.224886E+04	1.086731E-03	1.164442E-05
1.228847E+04	1.073448E-03	1.214843E-05
1.232808E+04	1.065969E-03	1.312014E-05
1.236769E+04	1.066541E-03	1.451042E-05
1.240730E+04	1.077082E-03	1.629671E-05
1.244691E+04	1.095977E-03	1.843695E-05
1.248652E+04	1.120456E-03	2.088015E-05
1.252613E+04	1.148045E-03	2.357718E-05
1.256574E+04	1.177027E-03	2.648691E-05
1.260535E+04	1.206410E-03	2.957861E-05
1.264496E+04	1.235746E-03	3.283173E-05
1.268457E+04	1.264922E-03	3.623432E-05
1.272418E+04	1.294013E-03	3.978083E-05
1.276379E+04	1.323159E-03	4.346989E-05
1.280340E+04	1.352510E-03	4.730240E-05
1.284301E+04	1.382179E-03	5.127989E-05
1.288262E+04	1.412227E-03	5.540327E-05
1.292224E+04	1.442660E-03	5.967202E-05
1.296185E+04	1.473425E-03	6.408342E-05
1.300146E+04	1.504424E-03	6.863238E-05
1.304107E+04	1.535519E-03	7.331111E-05
1.308068E+04	1.566537E-03	7.810919E-05
1.312029E+04	1.597284E-03	8.301358E-05
1.315990E+04	1.627548E-03	8.800870E-05
1.319951E+04	1.657109E-03	9.307682E-05
1.323912E+04	1.685744E-03	9.819830E-05
1.327873E+04	1.713232E-03	1.033517E-04
1.331834E+04	1.739355E-03	1.085142E-04
1.335795E+04	1.763907E-03	1.136620E-04
1.339756E+04	1.786695E-03	1.187706E-04
1.343717E+04	1.807539E-03	1.238148E-04
1.347678E+04	1.826283E-03	1.287700E-04
1.351639E+04	1.842789E-03	1.336120E-04
1.355600E+04	1.856948E-03	1.383173E-04
1.359561E+04	1.868675E-03	1.428642E-04
1.363522E+04	1.877916E-03	1.472327E-04
1.367483E+04	1.884651E-03	1.514053E-04
1.371444E+04	1.888889E-03	1.553673E-04
1.375405E+04	1.890669E-03	1.591067E-04
1.379366E+04	1.890066E-03	1.626150E-04
1.383327E+04	1.887176E-03	1.658867E-04
1.387288E+04	1.882126E-03	1.689199E-04
1.391249E+04	1.875065E-03	1.717160E-04
1.395210E+04	1.866156E-03	1.742790E-04
1.399171E+04	1.855579E-03	1.766159E-04
1.403132E+04	1.843520E-03	1.787359E-04
1.407093E+04	1.830172E-03	1.806504E-04
1.411054E+04	1.815725E-03	1.823720E-04
1.415015E+04	1.800369E-03	1.839149E-04
1.418976E+04	1.784288E-03	1.852938E-04
1.422937E+04	1.767655E-03	1.865241E-04
1.426898E+04	1.750637E-03	1.876215E-04
1.430859E+04	1.733384E-03	1.886011E-04
1.434820E+04	1.716034E-03	1.894777E-04
1.438781E+04	1.698710E-03	1.902653E-04
1.442742E+04	1.681512E-03	1.909763E-04
1.446703E+04	1.664519E-03	1.916212E-04
1.450664E+04	1.647788E-03	1.922083E-04
1.454625E+04	1.631345E-03	1.927427E-04
1.458587E+04	1.615188E-03	1.932265E-04
1.462548E+04	1.599285E-03	1.936577E-04
1.466509E+04	1.583573E-03	1.940304E-04
1.470470E+04	1.567953E-03	1.943343E-04
1.474431E+04	1.552301E-03	1.945550E-04
1.478392E+04	1.536464E-03	1.946737E-04
1.482353E+04	1.520262E-03	1.946676E-04
1.486314E+04	1.503499E-03	1.945108E-04
1.490275E+04	1.485966E-03	1.941745E-04
1.494236E+04	1.467444E-03	1.936283E-04
1.498197E+04	1.447718E-03	1.928404E-04
1.502158E+04	1.426587E-03	1.917808E-04
1.506119E+04	1.403864E-03	1.904202E-04
1.510080E+04	1.379401E-03	1.887341E-04
1.514041E+04	1.353083E-03	1.867020E-04
1.518002E+04	1.324843E-03	1.843098E-04
1.521963E+04	1.294667E-03	1.815509E-04
1.525924E+04	1.262590E-03	1.784260E-04
1.529885E+04	1.228708E-03	1.749447E-04
1.533846E+04	1.193164E-03	1.711241E-04
1.537807E+04	1.156155E-03	1.669899E-04
1.541768E+04	1.117914E-03	1.625742E-04
1.545729E+04	1.078714E-03	1.579159E-04
1.549690E+04	1.038854E-03	1.530592E-04
1.553651E+04	9.986522E-04	1.480521E-04
1.557612E+04	9.584373E-04	1.429458E-04
1.561573E+04	9.185410E-04	1.377927E-04
1.565534E+04	8.792896E-04	1.326460E-04
1.569495E+04	8.409992E-04	1.275579E-04
1.573456E+04	8.039740E-04	1.225800E-04
1.577417E+04	7.685137E-04	1.177641E-04
1.581378E+04	7.349340E-04	1.131649E-04
1.585339E+04	7.036109E-04	1.088472E-04
1.589300E+04	6.750601E-04	1.048985E-04
1.593261E+04	6.500571E-04	1.014475E-04
1.597222E+04	6.297710E-04	9.868645E-05
1.601183E+04	6.157421E-04	9.686832E-05
1.605144E+04	6.092094E-04	9.620132E-05
1.609105E+04	6.098642E-04	9.665034E-05
1.613066E+04	6.160265E-04	9.796037E-05
1.617027E+04	6.259655E-04	9.986371E-05
1.620988E+04	6.384487E-04	1.021682E-04
1.624949E+04	6.526906E-04	1.047505E-04
1.628911E+04	6.681910E-04	1.075314E-04
1.632872E+04	6.846088E-04	1.104564E-04
1.636833E+04	7.016835E-04	1.134832E-04
1.640794E+04	7.191932E-04	1.165752E-04
1.644755E+04	7.369357E-04	1.196986E-04
1.648716E+04	7.547210E-04	1.228214E-04
1.652677E+04	7.723708E-04	1.259132E-04
1.656638E+04	7.897210E-04	1.289455E-04
1.660599E+04	8.066238E-04	1.318927E-04
1.664560E+04	8.229519E-04	1.347322E-04
1.668521E+04	8.385988E-04	1.374449E-04
1.672482E+04	8.534816E-04	1.400157E-04
1.676443E+04	8.675387E-04	1.424327E-04
1.680404E+04	8.807296E-04	1.446880E-04
1.684365E+04	8.930314E-04	1.467765E-04
1.688326E+04	9.044359E-04	1.486955E-04
1.692287E+04	9.149461E-04	1.504446E-04
1.696248E+04	9.245730E-04	1.520246E-04
1.700209E+04	9.333345E-04	1.534377E-04
1.704170E+04	9.412537E-04	1.546871E-04
1.708131E+04	9.483596E-04	1.557769E-04
1.712092E+04	9.546876E-04	1.567127E-04
1.716053E+04	9.602813E-04	1.575013E-04
1.720014E+04	9.651943E-04	1.581514E-04
1.723975E+04	9.694912E-04	1.586734E-04
1.727936E+04	9.732488E-04	1.590798E-04
1.731897E+04	9.765559E-04	1.593852E-04
1.735858E+04	9.795123E-04	1.596060E-04
1.739819E+04	9.822268E-04	1.597597E-04
1.743780E+04	9.848143E-04	1.598652E-04
1.747741E+04	9.873919E-04	1.599412E-04
1.751702E+04	9.900748E-04	1.600061E-04
1.755663E+04	9.929720E-04	1.600773E-04
1.759624E+04	9.961821E-04	1.601700E-04
1.763585E+04	9.997889E-04	1.602970E-04
1.767546E+04	1.003859E-03	1.604682E-04
1.771507E+04	1.008438E-03	1.606899E-04
1.775468E+04	1.013550E-03	1.609648E-04
1.779429E+04	1.019196E-03	1.612915E-04
1.783390E+04	1.025352E-03	1.616653E-04
1.787351E+04	1.031973E-03	1.620776E-04
1.791312E+04	1.038991E-03	1.625165E-04
1.795274E+04	1.046322E-03	1.629673E-04
1.799235E+04	1.053862E-03	1.634131E-04
1.803196E+04	1.061496E-03	1.638350E-04
1.807157E+04	1.069099E-03	1.642130E-04
1.811118E+04	1.076541E-03	1.645268E-04
1.815079E+04	1.083689E-03	1.647559E-04
1.819040E+04	1.090410E-03	1.648805E-04
1.823001E+04	1.096579E-03	1.648825E-04
1.826962E+04	1.102079E-03	1.647452E-04
1.830923E+04	1.106801E-03	1.644538E-04
1.834884E+04	1.110653E-03	1.639967E-04
1.838845E+04	1.113556E-03	1.633645E-04
1.842806E+04	1.115448E-03	1.625507E-04
1.846767E+04	1.116281E-03	1.615513E-04
1.850728E+04	1.116026E-03	1.603653E-04
1.854689E+04	1.114666E-03	1.589940E-04
1.858650E+04	1.112206E-03	1.574417E-04
1.862611E+04	1.108663E-03	1.557147E-04
1.866572E+04	1.104069E-03	1.538216E-04
1.870533E+04	1.098472E-03	1.517732E-04
1.874494E+04	1.091930E-03	1.495812E-04
1.878455E+04	1.084509E-03	1.472589E-04
1.882416E+04	1.076286E-03	1.448205E-04
1.886377E+04	1.067347E-03	1.422812E-04
1.890338E+04	1.057781E-03	1.396564E-04
1.894299E+04	1.047684E-03	1.369622E-04
1.898260E+04	1.037156E-03	1.342144E-04
1.902221E+04	1.026294E-03	1.314283E-04
1.906182E+04	1.015197E-03	1.286188E-04
1.910143E+04	1.003960E-03	1.257999E-04
1.914104E+04	9.926705E-04	1.229842E-04
1.918065E+04	9.814086E-04	1.201829E-04
1.922026E+04	9.702443E-04	1.174054E-04
1.925987E+04	9.592356E-04	1.146595E-04
1.929948E+04	9.484273E-04	1.119510E-04
1.933909E+04	9.378502E-04	1.092837E-04
1.937870E+04	9.275206E-04	1.066596E-04
1.941831E+04	9.174408E-04	1.040791E-04
1.945792E+04	9.076000E-04	1.015411E-04
1.949753E+04	8.979754E-04	9.904296E-05
1.953714E+04	8.885343E-04	9.658151E-05
1.957675E+04	8.792359E-04	9.415272E-05
1.961636E+04	8.700337E-04	9.175228E-05
1.965598E+04	8.608773E-04	8.937579E-05
1.969559E+04	8.517145E-04	8.701907E-05
1.973520E+04	8.424922E-04	8.467820E-05
1.977481E+04	8.331575E-04	8.234971E-05
1.981442E+04	8.236584E-04	8.003059E-05
1.985403E+04	8.139434E-04	7.771830E-05
1.989364E+04	8.039618E-04	7.541079E-05
1.993325E+04	7.936639E-04	7.310650E-05
1.997286E+04	7.830012E-04	7.080435E-05
2.001247E+04	7.719270E-04	6.850386E-05
2.005208E+04	7.603980E-04	6.620513E-05
2.009169E+04	7.483749E-04	6.390901E-05
2.013130E+04	7.358241E-04	6.161706E-05
2.017091E+04	7.227192E-04	5.933171E-05
2.021052E+04	7.090417E-04	5.705615E-05
2.025013E+04	6.947823E-04	5.479441E-05
2.028974E+04	6.799404E-04	5.255113E-05
2.032935E+04	6.645245E-04	5.033163E-05
2.036896E+04	6.485520E-04	4.814160E-05
2.040857E+04	6.320486E-04	4.598712E-05
2.044818E+04	6.150479E-04	4.387440E-05
2.048779E+04	5.975916E-04	4.180976E-05
2.052740E+04	5.797287E-04	3.979945E-05
2.056701E+04	5.615164E-04	3.784962E-05
2.060662E+04	5.430198E-04	3.596621E-05
2.064623E+04	5.243128E-04	3.415491E-05
2.068584E+04	5.054781E-04	3.242110E-05
2.072545E+04	4.866078E-04	3.076985E-05
2.076506E+04	4.678037E-04	2.920587E-05
2.080467E+04	4.491772E-04	2.773351E-05
2.084428E+04	4.308492E-04	2.635682E-05
2.088389E+04	4.129495E-04	2.507957E-05
2.092350E+04	3.956170E-04	2.390538E-05
2.096311E+04	3.789997E-04	2.283794E-05
2.100272E+04	3.632559E-04	2.188128E-05
2.104233E+04	3.485573E-04	2.104006E-05
2.108194E+04	3.350957E-04	2.031925E-05
2.112155E+04	3.230946E-04	1.972620E-05
2.116116E+04	3.128261E-04	1.927273E-05
2.120077E+04	3.046296E-04	1.897682E-05
2.124038E+04	2.989199E-04	1.886371E-05
2.127999E+04	2.961292E-04	1.896289E-05
2.131961E+04	2.963640E-04	1.928629E-05
2.135922E+04	2.991876E-04	1.981226E-05
2.139883E+04	3.040682E-04	2.051241E-05
2.143844E+04	3.105530E-04	2.136236E-05
2.147805E+04	3.182767E-04	2.234229E-05
2.151766E+04	3.269411E-04	2.343568E-05
2.155727E+04	3.362918E-04	2.462781E-05
2.159688E+04	3.461038E-04	2.590473E-05
2.163649E+04	3.561696E-04	2.725255E-05
2.167610E+04	3.662946E-04	2.865695E-05
2.171571E+04	3.762945E-04	3.010308E-05
2.175532E+04	3.859951E-04	3.157553E-05
2.179493E+04	3.952335E-04	3.305846E-05
2.183454E+04	4.038595E-04	3.453583E-05
2.187415E+04	4.117390E-04	3.599174E-05
2.191376E+04	4.187556E-04	3.741073E-05
2.195337E+04	4.248131E-04	3.877821E-05
2.199298E+04	4.298374E-04	4.008078E-05
2.203259E+04	4.337778E-04	4.130663E-05
2.207220E+04	4.366076E-04	4.244585E-05
2.211181E+04	4.383240E-04	4.349062E-05
2.215142E+04	4.389466E-04	4.443538E-05
2.219103E+04	4.385163E-04	4.527694E-05
2.223064E+04	4.370928E-04	4.601442E-05
2.227025E+04	4.347514E-04	4.664914E-05
2.230986E+04	4.315804E-04	4.718451E-05
2.234947E+04	4.276774E-04	4.762577E-05
2.238908E+04	4.231462E-04	4.797967E-05
2.242869E+04	4.180935E-04	4.825423E-05
2.246830E+04	4.126261E-04	4.845842E-05
2.250791E+04	4.068479E-04	4.860178E-05
2.254752E+04	4.008580E-04	4.869419E-05
2.258713E+04	3.947490E-04	4.874552E-05
2.262674E+04	3.886054E-04	4.876550E-05
2.266635E+04	3.825027E-04	4.876339E-05
2.270596E+04	3.765078E-04	4.874798E-05
2.274557E+04	3.706785E-04	4.872741E-05
2.278518E+04	3.650635E-04	4.870914E-05
2.282479E+04	3.597040E-04	4.869995E-05
2.286440E+04	3.546334E-04	4.870595E-05
2.290401E+04	3.498788E-04	4.873259E-05
2.294362E+04	3.454617E-04	4.878474E-05
2.298323E+04	3.413986E-04	4.886677E-05
2.302285E+04	3.377021E-04	4.898255E-05
2.306246E+04	3.343816E-04	4.913559E-05
2.310207E+04	3.314433E-04	4.932897E-05
2.314168E+04	3.288914E-04	4.956551E-05
2.318129E+04	3.267282E-04	4.984775E-05
2.322090E+04	3.249539E-04	5.017791E-05
2.326051E+04	3.235673E-04	5.055795E-05
2.330012E+04	3.225661E-04	5.098966E-05
2.333973E+04	3.219460E-04	5.147444E-05
2.337934E+04	3.217022E-04	5.201355E-05
2.341895E+04	3.218278E-04	5.260786E-05
2.345856E+04	3.223151E-04	5.325805E-05
2.349817E+04	3.231552E-04	5.396446E-05
2.353778E+04	3.243375E-04	5.472716E-05
2.357739E+04	3.258507E-04	5.554590E-05
2.361700E+04	3.276823E-04	5.642015E-05
2.365661E+04	3.298187E-04	5.734909E-05
2.369622E+04	3.322450E-04	5.833158E-05
2.373583E+04	3.349461E-04	5.936628E-05
2.377544E+04	3.379058E-04	6.045154E-05
2.381505E+04	3.411074E-04	6.158552E-05
2.385466E+04	3.445342E-04	6.276619E-05
2.389427E+04	3.481692E-04	6.399143E-05
2.393388E+04	3.519956E-04	6.525893E-05
2.397349E+04	3.559971E-04	6.656642E-05
2.401310E+04	3.601577E-04	6.791157E-05
2.405271E+04	3.644625E-04	6.929210E-05
2.409232E+04	3.688973E-04	7.070581E-05
2.413193E+04	3.734493E-04	7.215063E-05
2.417154E+04	3.781063E-04	7.362456E-05
2.421115E+04	3.828580E-04	7.512584E-05
2.425076E+04	3.876947E-04	7.665284E-05
