#wls	flux	fluxerr
1.584409E+03	6.144876E-05	0.000000E+00
1.624020E+03	6.274355E-05	0.000000E+00
1.663630E+03	6.412411E-05	0.000000E+00
1.703240E+03	6.558425E-05	0.000000E+00
1.742850E+03	6.714226E-05	0.000000E+00
1.782461E+03	6.879054E-05	0.000000E+00
1.822071E+03	7.053328E-05	0.000000E+00
1.861681E+03	7.238580E-05	0.000000E+00
1.901291E+03	7.433819E-05	0.000000E+00
1.940902E+03	7.639768E-05	0.000000E+00
1.980512E+03	7.855867E-05	0.000000E+00
2.020122E+03	8.082623E-05	0.000000E+00
2.059732E+03	8.318160E-05	0.000000E+00
2.099342E+03	8.561144E-05	0.000000E+00
2.138953E+03	8.809670E-05	0.000000E+00
2.178563E+03	9.059147E-05	0.000000E+00
2.218173E+03	9.304649E-05	0.000000E+00
2.257783E+03	9.543586E-05	0.000000E+00
2.297394E+03	9.775533E-05	0.000000E+00
2.337004E+03	1.000556E-04	0.000000E+00
2.376614E+03	1.023734E-04	0.000000E+00
2.416224E+03	1.047366E-04	0.000000E+00
2.455835E+03	1.071795E-04	0.000000E+00
2.495445E+03	1.097045E-04	0.000000E+00
2.535055E+03	1.123211E-04	0.000000E+00
2.574665E+03	1.150278E-04	0.000000E+00
2.614276E+03	1.178259E-04	0.000000E+00
2.653886E+03	1.207023E-04	0.000000E+00
2.693496E+03	1.236438E-04	0.000000E+00
2.733106E+03	1.266332E-04	0.000000E+00
2.772716E+03	1.296501E-04	0.000000E+00
2.812327E+03	1.326752E-04	0.000000E+00
2.851937E+03	1.356985E-04	0.000000E+00
2.891547E+03	1.387176E-04	0.000000E+00
2.931157E+03	1.417444E-04	0.000000E+00
2.970768E+03	1.447997E-04	0.000000E+00
2.980670E+03	1.455749E-04	0.000000E+00
2.990573E+03	1.463506E-04	0.000000E+00
3.000475E+03	1.471330E-04	0.000000E+00
3.010378E+03	1.479185E-04	0.000000E+00
3.020280E+03	1.487100E-04	0.000000E+00
3.030183E+03	1.495102E-04	0.000000E+00
3.040086E+03	1.503124E-04	0.000000E+00
3.049988E+03	1.511257E-04	0.000000E+00
3.059891E+03	1.519434E-04	0.000000E+00
3.069793E+03	1.527713E-04	0.000000E+00
3.079696E+03	1.536060E-04	0.000000E+00
3.089598E+03	1.544469E-04	0.000000E+00
3.099501E+03	1.552999E-04	0.000000E+00
3.109403E+03	1.561584E-04	0.000000E+00
3.119306E+03	1.570310E-04	0.000000E+00
3.129209E+03	1.579084E-04	0.000000E+00
3.139111E+03	1.587991E-04	0.000000E+00
3.149014E+03	1.596967E-04	0.000000E+00
3.158916E+03	1.606067E-04	0.000000E+00
3.168819E+03	1.615258E-04	0.000000E+00
3.178721E+03	1.624565E-04	0.000000E+00
3.188624E+03	1.633984E-04	0.000000E+00
3.198526E+03	1.643510E-04	0.000000E+00
3.208429E+03	1.653114E-04	0.000000E+00
3.218332E+03	1.662847E-04	0.000000E+00
3.228234E+03	1.672677E-04	0.000000E+00
3.238137E+03	1.682629E-04	0.000000E+00
3.248039E+03	1.692673E-04	0.000000E+00
3.257942E+03	1.702807E-04	0.000000E+00
3.267844E+03	1.713053E-04	0.000000E+00
3.277747E+03	1.723385E-04	0.000000E+00
3.287650E+03	1.733824E-04	0.000000E+00
3.297552E+03	1.744370E-04	0.000000E+00
3.307455E+03	1.754968E-04	0.000000E+00
3.317357E+03	1.765672E-04	0.000000E+00
3.327260E+03	1.776450E-04	0.000000E+00
3.337162E+03	1.787305E-04	0.000000E+00
3.347065E+03	1.798234E-04	0.000000E+00
3.356967E+03	1.809190E-04	0.000000E+00
3.366870E+03	1.820223E-04	0.000000E+00
3.376773E+03	1.831305E-04	0.000000E+00
3.386675E+03	1.842416E-04	0.000000E+00
3.396578E+03	1.853558E-04	0.000000E+00
3.406480E+03	1.864730E-04	0.000000E+00
3.416383E+03	1.875890E-04	0.000000E+00
3.426285E+03	1.887064E-04	0.000000E+00
3.436188E+03	1.898209E-04	0.000000E+00
3.446090E+03	1.909327E-04	0.000000E+00
3.455993E+03	1.920401E-04	0.000000E+00
3.465896E+03	1.931413E-04	0.000000E+00
3.475798E+03	1.942348E-04	0.000000E+00
3.485701E+03	1.953187E-04	0.000000E+00
3.495603E+03	1.963896E-04	0.000000E+00
3.505506E+03	1.974437E-04	0.000000E+00
3.515408E+03	1.984798E-04	0.000000E+00
3.525311E+03	1.994945E-04	0.000000E+00
3.535213E+03	2.004867E-04	0.000000E+00
3.545116E+03	2.014512E-04	0.000000E+00
3.555019E+03	2.023869E-04	0.000000E+00
3.564921E+03	2.032908E-04	0.000000E+00
3.574824E+03	2.041644E-04	0.000000E+00
3.584726E+03	2.050026E-04	0.000000E+00
3.594629E+03	2.058051E-04	0.000000E+00
3.604531E+03	2.065647E-04	0.000000E+00
3.614434E+03	2.072814E-04	0.000000E+00
3.624337E+03	2.079524E-04	0.000000E+00
3.634239E+03	2.085754E-04	0.000000E+00
3.644142E+03	2.091502E-04	0.000000E+00
3.654044E+03	2.096761E-04	0.000000E+00
3.663947E+03	2.101512E-04	0.000000E+00
3.673849E+03	2.105771E-04	0.000000E+00
3.683752E+03	2.109513E-04	0.000000E+00
3.693654E+03	2.112775E-04	0.000000E+00
3.703557E+03	2.115553E-04	0.000000E+00
3.713460E+03	2.117841E-04	0.000000E+00
3.723362E+03	2.119658E-04	0.000000E+00
3.733265E+03	2.121032E-04	0.000000E+00
3.743167E+03	2.121961E-04	0.000000E+00
3.753070E+03	2.122476E-04	0.000000E+00
3.762972E+03	2.122570E-04	0.000000E+00
3.772875E+03	2.122258E-04	0.000000E+00
3.782777E+03	2.121567E-04	0.000000E+00
3.792680E+03	2.120526E-04	0.000000E+00
3.802583E+03	2.119130E-04	0.000000E+00
3.812485E+03	2.117421E-04	0.000000E+00
3.822388E+03	2.115373E-04	0.000000E+00
3.832290E+03	2.113051E-04	0.000000E+00
3.842193E+03	2.110425E-04	0.000000E+00
3.852095E+03	2.107555E-04	0.000000E+00
3.861998E+03	2.104431E-04	0.000000E+00
3.871900E+03	2.101080E-04	0.000000E+00
3.881803E+03	2.097504E-04	0.000000E+00
3.891706E+03	2.093725E-04	0.000000E+00
3.901608E+03	2.089751E-04	0.000000E+00
3.911511E+03	2.085618E-04	0.000000E+00
3.921413E+03	2.081315E-04	0.000000E+00
3.931316E+03	2.076861E-04	0.000000E+00
3.941218E+03	2.072261E-04	0.000000E+00
3.951121E+03	2.067549E-04	0.000000E+00
3.961024E+03	2.062730E-04	0.000000E+00
3.970926E+03	2.057804E-04	0.000000E+00
3.980829E+03	2.052771E-04	0.000000E+00
3.990731E+03	2.047669E-04	0.000000E+00
4.000634E+03	2.042481E-04	0.000000E+00
4.010536E+03	2.037240E-04	0.000000E+00
4.020439E+03	2.031928E-04	0.000000E+00
4.030341E+03	2.026566E-04	0.000000E+00
4.040244E+03	2.021167E-04	0.000000E+00
4.050147E+03	2.015730E-04	0.000000E+00
4.060049E+03	2.010257E-04	0.000000E+00
4.069952E+03	2.004743E-04	0.000000E+00
4.079854E+03	1.999222E-04	0.000000E+00
4.089757E+03	1.993677E-04	0.000000E+00
4.099659E+03	1.988120E-04	0.000000E+00
4.109562E+03	1.982536E-04	0.000000E+00
4.119464E+03	1.976937E-04	0.000000E+00
4.129367E+03	1.971338E-04	0.000000E+00
4.139270E+03	1.965721E-04	0.000000E+00
4.149172E+03	1.960100E-04	0.000000E+00
4.159075E+03	1.954455E-04	0.000000E+00
4.168977E+03	1.948800E-04	0.000000E+00
4.178880E+03	1.943117E-04	0.000000E+00
4.188782E+03	1.937420E-04	0.000000E+00
4.198685E+03	1.931692E-04	0.000000E+00
4.208587E+03	1.925926E-04	0.000000E+00
4.218490E+03	1.920107E-04	0.000000E+00
4.228393E+03	1.914246E-04	0.000000E+00
4.238295E+03	1.908326E-04	0.000000E+00
4.248198E+03	1.902343E-04	0.000000E+00
4.258100E+03	1.896280E-04	0.000000E+00
4.268003E+03	1.890118E-04	0.000000E+00
4.277905E+03	1.883854E-04	0.000000E+00
4.287808E+03	1.877484E-04	0.000000E+00
4.297711E+03	1.870992E-04	0.000000E+00
4.307613E+03	1.864371E-04	0.000000E+00
4.317516E+03	1.857607E-04	0.000000E+00
4.327418E+03	1.850709E-04	0.000000E+00
4.337321E+03	1.843673E-04	0.000000E+00
4.347223E+03	1.836543E-04	0.000000E+00
4.357126E+03	1.829311E-04	0.000000E+00
4.367028E+03	1.822007E-04	0.000000E+00
4.376931E+03	1.814640E-04	0.000000E+00
4.386834E+03	1.807251E-04	0.000000E+00
4.396736E+03	1.799837E-04	0.000000E+00
4.406639E+03	1.792407E-04	0.000000E+00
4.416541E+03	1.784989E-04	0.000000E+00
4.426444E+03	1.777594E-04	0.000000E+00
4.436346E+03	1.770230E-04	0.000000E+00
4.446249E+03	1.762896E-04	0.000000E+00
4.456151E+03	1.755615E-04	0.000000E+00
4.466054E+03	1.748386E-04	0.000000E+00
4.475957E+03	1.741220E-04	0.000000E+00
4.485859E+03	1.734125E-04	0.000000E+00
4.495762E+03	1.727086E-04	0.000000E+00
4.505664E+03	1.720127E-04	0.000000E+00
4.515567E+03	1.713245E-04	0.000000E+00
4.525469E+03	1.706452E-04	0.000000E+00
4.535372E+03	1.699729E-04	0.000000E+00
4.545274E+03	1.693102E-04	0.000000E+00
4.555177E+03	1.686554E-04	0.000000E+00
4.565080E+03	1.680110E-04	0.000000E+00
4.574982E+03	1.673754E-04	0.000000E+00
4.584885E+03	1.667497E-04	0.000000E+00
4.594787E+03	1.661335E-04	0.000000E+00
4.604690E+03	1.655296E-04	0.000000E+00
4.614592E+03	1.649362E-04	0.000000E+00
4.624495E+03	1.643560E-04	0.000000E+00
4.634398E+03	1.637888E-04	0.000000E+00
4.644300E+03	1.632342E-04	0.000000E+00
4.654203E+03	1.626951E-04	0.000000E+00
4.664105E+03	1.621696E-04	0.000000E+00
4.674008E+03	1.616591E-04	0.000000E+00
4.683910E+03	1.611619E-04	0.000000E+00
4.693813E+03	1.606792E-04	0.000000E+00
4.703715E+03	1.602079E-04	0.000000E+00
4.713618E+03	1.597493E-04	0.000000E+00
4.723521E+03	1.593018E-04	0.000000E+00
4.733423E+03	1.588665E-04	0.000000E+00
4.743326E+03	1.584420E-04	0.000000E+00
4.753228E+03	1.580281E-04	0.000000E+00
4.763131E+03	1.576245E-04	0.000000E+00
4.773033E+03	1.572313E-04	0.000000E+00
4.782936E+03	1.568483E-04	0.000000E+00
4.792838E+03	1.564739E-04	0.000000E+00
4.802741E+03	1.561094E-04	0.000000E+00
4.812644E+03	1.557548E-04	0.000000E+00
4.822546E+03	1.554086E-04	0.000000E+00
4.832449E+03	1.550706E-04	0.000000E+00
4.842351E+03	1.547423E-04	0.000000E+00
4.852254E+03	1.544207E-04	0.000000E+00
4.862156E+03	1.541087E-04	0.000000E+00
4.872059E+03	1.538048E-04	0.000000E+00
4.881961E+03	1.535075E-04	0.000000E+00
4.891864E+03	1.532184E-04	0.000000E+00
4.901767E+03	1.529372E-04	0.000000E+00
4.911669E+03	1.526628E-04	0.000000E+00
4.921572E+03	1.523965E-04	0.000000E+00
4.931474E+03	1.521354E-04	0.000000E+00
4.941377E+03	1.518826E-04	0.000000E+00
4.951279E+03	1.516367E-04	0.000000E+00
4.961182E+03	1.513962E-04	0.000000E+00
4.971085E+03	1.511627E-04	0.000000E+00
4.980987E+03	1.509349E-04	0.000000E+00
4.990890E+03	1.507129E-04	0.000000E+00
5.000792E+03	1.504967E-04	0.000000E+00
5.010695E+03	1.502867E-04	0.000000E+00
5.020597E+03	1.500814E-04	0.000000E+00
5.030500E+03	1.498825E-04	0.000000E+00
5.040402E+03	1.496887E-04	0.000000E+00
5.050305E+03	1.495002E-04	0.000000E+00
5.060208E+03	1.493157E-04	0.000000E+00
5.070110E+03	1.491370E-04	0.000000E+00
5.080013E+03	1.489614E-04	0.000000E+00
5.089915E+03	1.487920E-04	0.000000E+00
5.099818E+03	1.486261E-04	0.000000E+00
5.109720E+03	1.484656E-04	0.000000E+00
5.119623E+03	1.483092E-04	0.000000E+00
5.129525E+03	1.481558E-04	0.000000E+00
5.139428E+03	1.480071E-04	0.000000E+00
5.149331E+03	1.478621E-04	0.000000E+00
5.159233E+03	1.477210E-04	0.000000E+00
5.169136E+03	1.475843E-04	0.000000E+00
5.179038E+03	1.474507E-04	0.000000E+00
5.188941E+03	1.473207E-04	0.000000E+00
5.198843E+03	1.471933E-04	0.000000E+00
5.208746E+03	1.470702E-04	0.000000E+00
5.218648E+03	1.469504E-04	0.000000E+00
5.228551E+03	1.468343E-04	0.000000E+00
5.238454E+03	1.467224E-04	0.000000E+00
5.248356E+03	1.466136E-04	0.000000E+00
5.258259E+03	1.465083E-04	0.000000E+00
5.268161E+03	1.464069E-04	0.000000E+00
5.278064E+03	1.463100E-04	0.000000E+00
5.287966E+03	1.462165E-04	0.000000E+00
5.297869E+03	1.461283E-04	0.000000E+00
5.307772E+03	1.460459E-04	0.000000E+00
5.317674E+03	1.459698E-04	0.000000E+00
5.327577E+03	1.458988E-04	0.000000E+00
5.337479E+03	1.458365E-04	0.000000E+00
5.347382E+03	1.457818E-04	0.000000E+00
5.357284E+03	1.457381E-04	0.000000E+00
5.367187E+03	1.457044E-04	0.000000E+00
5.377089E+03	1.456826E-04	0.000000E+00
5.386992E+03	1.456732E-04	0.000000E+00
5.396895E+03	1.456796E-04	0.000000E+00
5.406797E+03	1.457008E-04	0.000000E+00
5.416700E+03	1.457358E-04	0.000000E+00
5.426602E+03	1.457822E-04	0.000000E+00
5.436505E+03	1.458403E-04	0.000000E+00
5.446407E+03	1.459078E-04	0.000000E+00
5.456310E+03	1.459836E-04	0.000000E+00
5.466212E+03	1.460665E-04	0.000000E+00
5.476115E+03	1.461556E-04	0.000000E+00
5.486018E+03	1.462497E-04	0.000000E+00
5.495920E+03	1.463491E-04	0.000000E+00
5.505823E+03	1.464528E-04	0.000000E+00
5.515725E+03	1.465624E-04	0.000000E+00
5.525628E+03	1.466753E-04	0.000000E+00
5.535530E+03	1.467946E-04	0.000000E+00
5.545433E+03	1.469178E-04	0.000000E+00
5.555335E+03	1.470463E-04	0.000000E+00
5.565238E+03	1.471819E-04	0.000000E+00
5.575141E+03	1.473218E-04	0.000000E+00
5.585043E+03	1.474705E-04	0.000000E+00
5.594946E+03	1.476267E-04	0.000000E+00
5.604848E+03	1.477889E-04	0.000000E+00
5.614751E+03	1.479617E-04	0.000000E+00
5.624653E+03	1.481421E-04	0.000000E+00
5.634556E+03	1.483316E-04	0.000000E+00
5.644459E+03	1.485317E-04	0.000000E+00
5.654361E+03	1.487424E-04	0.000000E+00
5.664264E+03	1.489635E-04	0.000000E+00
5.674166E+03	1.491950E-04	0.000000E+00
5.684069E+03	1.494383E-04	0.000000E+00
5.693971E+03	1.496948E-04	0.000000E+00
5.703874E+03	1.499613E-04	0.000000E+00
5.713776E+03	1.502421E-04	0.000000E+00
5.723679E+03	1.505340E-04	0.000000E+00
5.733582E+03	1.508400E-04	0.000000E+00
5.743484E+03	1.511580E-04	0.000000E+00
5.753387E+03	1.514896E-04	0.000000E+00
5.763289E+03	1.518343E-04	0.000000E+00
5.773192E+03	1.521936E-04	0.000000E+00
5.783094E+03	1.525655E-04	0.000000E+00
5.792997E+03	1.529496E-04	0.000000E+00
5.802899E+03	1.533471E-04	0.000000E+00
5.812802E+03	1.537595E-04	0.000000E+00
5.822705E+03	1.541829E-04	0.000000E+00
5.832607E+03	1.546204E-04	0.000000E+00
5.842510E+03	1.550698E-04	0.000000E+00
5.852412E+03	1.555324E-04	0.000000E+00
5.862315E+03	1.560078E-04	0.000000E+00
5.872217E+03	1.564938E-04	0.000000E+00
5.882120E+03	1.569917E-04	0.000000E+00
5.892022E+03	1.575009E-04	0.000000E+00
5.901925E+03	1.580193E-04	0.000000E+00
5.911828E+03	1.585499E-04	0.000000E+00
5.921730E+03	1.590887E-04	0.000000E+00
5.931633E+03	1.596368E-04	0.000000E+00
5.941535E+03	1.601938E-04	0.000000E+00
5.951438E+03	1.607573E-04	0.000000E+00
5.961340E+03	1.613287E-04	0.000000E+00
5.971243E+03	1.619036E-04	0.000000E+00
5.981146E+03	1.624851E-04	0.000000E+00
5.991048E+03	1.630690E-04	0.000000E+00
6.000951E+03	1.636564E-04	0.000000E+00
6.010853E+03	1.642450E-04	0.000000E+00
6.020756E+03	1.648340E-04	0.000000E+00
6.030658E+03	1.654208E-04	0.000000E+00
6.040561E+03	1.660028E-04	0.000000E+00
6.050463E+03	1.665812E-04	0.000000E+00
6.060366E+03	1.671494E-04	0.000000E+00
6.070269E+03	1.677084E-04	0.000000E+00
6.080171E+03	1.682534E-04	0.000000E+00
6.090074E+03	1.687835E-04	0.000000E+00
6.099976E+03	1.692896E-04	0.000000E+00
6.109879E+03	1.697726E-04	0.000000E+00
6.119781E+03	1.702252E-04	0.000000E+00
6.129684E+03	1.706441E-04	0.000000E+00
6.139586E+03	1.710237E-04	0.000000E+00
6.149489E+03	1.713670E-04	0.000000E+00
6.159392E+03	1.716794E-04	0.000000E+00
6.169294E+03	1.719663E-04	0.000000E+00
6.179197E+03	1.722335E-04	0.000000E+00
6.189099E+03	1.724802E-04	0.000000E+00
6.199002E+03	1.727170E-04	0.000000E+00
6.208904E+03	1.729410E-04	0.000000E+00
6.218807E+03	1.731588E-04	0.000000E+00
6.228709E+03	1.733746E-04	0.000000E+00
6.238612E+03	1.735859E-04	0.000000E+00
6.248515E+03	1.737971E-04	0.000000E+00
6.258417E+03	1.740104E-04	0.000000E+00
6.268320E+03	1.742284E-04	0.000000E+00
6.278222E+03	1.744485E-04	0.000000E+00
6.288125E+03	1.746733E-04	0.000000E+00
6.298027E+03	1.749027E-04	0.000000E+00
6.307930E+03	1.751369E-04	0.000000E+00
6.317833E+03	1.753737E-04	0.000000E+00
6.327735E+03	1.756105E-04	0.000000E+00
6.337638E+03	1.758451E-04	0.000000E+00
6.347540E+03	1.760770E-04	0.000000E+00
6.357443E+03	1.763040E-04	0.000000E+00
6.367345E+03	1.765183E-04	0.000000E+00
6.377248E+03	1.767276E-04	0.000000E+00
6.387150E+03	1.769316E-04	0.000000E+00
6.397053E+03	1.771330E-04	0.000000E+00
6.406956E+03	1.773372E-04	0.000000E+00
6.416858E+03	1.775417E-04	0.000000E+00
6.426761E+03	1.777520E-04	0.000000E+00
6.436663E+03	1.779684E-04	0.000000E+00
6.446566E+03	1.781941E-04	0.000000E+00
6.456468E+03	1.784234E-04	0.000000E+00
6.466371E+03	1.786652E-04	0.000000E+00
6.476273E+03	1.789142E-04	0.000000E+00
6.486176E+03	1.791735E-04	0.000000E+00
6.496079E+03	1.794435E-04	0.000000E+00
6.505981E+03	1.797216E-04	0.000000E+00
6.515884E+03	1.800111E-04	0.000000E+00
6.525786E+03	1.803120E-04	0.000000E+00
6.535689E+03	1.806221E-04	0.000000E+00
6.545591E+03	1.809415E-04	0.000000E+00
6.555494E+03	1.812707E-04	0.000000E+00
6.565396E+03	1.816127E-04	0.000000E+00
6.575299E+03	1.819621E-04	0.000000E+00
6.585202E+03	1.823221E-04	0.000000E+00
6.595104E+03	1.826929E-04	0.000000E+00
6.605007E+03	1.830719E-04	0.000000E+00
6.614909E+03	1.834625E-04	0.000000E+00
6.624812E+03	1.838620E-04	0.000000E+00
6.634714E+03	1.842735E-04	0.000000E+00
6.644617E+03	1.846915E-04	0.000000E+00
6.654520E+03	1.851192E-04	0.000000E+00
6.664422E+03	1.855604E-04	0.000000E+00
6.674325E+03	1.860087E-04	0.000000E+00
6.684227E+03	1.864680E-04	0.000000E+00
6.694130E+03	1.869353E-04	0.000000E+00
6.704032E+03	1.874145E-04	0.000000E+00
6.713935E+03	1.879022E-04	0.000000E+00
6.723837E+03	1.883994E-04	0.000000E+00
6.733740E+03	1.889094E-04	0.000000E+00
6.743643E+03	1.894261E-04	0.000000E+00
6.753545E+03	1.899567E-04	0.000000E+00
6.763448E+03	1.904947E-04	0.000000E+00
6.773350E+03	1.910474E-04	0.000000E+00
6.783253E+03	1.916086E-04	0.000000E+00
6.793155E+03	1.921782E-04	0.000000E+00
6.803058E+03	1.927607E-04	0.000000E+00
6.812960E+03	1.933560E-04	0.000000E+00
6.822863E+03	1.939576E-04	0.000000E+00
6.832766E+03	1.945729E-04	0.000000E+00
6.842668E+03	1.951989E-04	0.000000E+00
6.852571E+03	1.958394E-04	0.000000E+00
6.862473E+03	1.964876E-04	0.000000E+00
6.872376E+03	1.971471E-04	0.000000E+00
6.882278E+03	1.978186E-04	0.000000E+00
6.892181E+03	1.984985E-04	0.000000E+00
6.902083E+03	1.991907E-04	0.000000E+00
6.911986E+03	1.998957E-04	0.000000E+00
6.921889E+03	2.006098E-04	0.000000E+00
6.931791E+03	2.013329E-04	0.000000E+00
6.941694E+03	2.020655E-04	0.000000E+00
6.951596E+03	2.028115E-04	0.000000E+00
6.961499E+03	2.035630E-04	0.000000E+00
6.971401E+03	2.043283E-04	0.000000E+00
6.981304E+03	2.050996E-04	0.000000E+00
6.991207E+03	2.058806E-04	0.000000E+00
7.001109E+03	2.066674E-04	0.000000E+00
7.011012E+03	2.074643E-04	0.000000E+00
7.020914E+03	2.082710E-04	0.000000E+00
7.030817E+03	2.090835E-04	0.000000E+00
7.040719E+03	2.098975E-04	0.000000E+00
7.050622E+03	2.107214E-04	0.000000E+00
7.060524E+03	2.115508E-04	0.000000E+00
7.070427E+03	2.123853E-04	0.000000E+00
7.080330E+03	2.132253E-04	0.000000E+00
7.090232E+03	2.140658E-04	0.000000E+00
7.100135E+03	2.149110E-04	0.000000E+00
7.110037E+03	2.157562E-04	0.000000E+00
7.119940E+03	2.166014E-04	0.000000E+00
7.129842E+03	2.174502E-04	0.000000E+00
7.139745E+03	2.182982E-04	0.000000E+00
7.149647E+03	2.191493E-04	0.000000E+00
7.159550E+03	2.199942E-04	0.000000E+00
7.169453E+03	2.208368E-04	0.000000E+00
7.179355E+03	2.216766E-04	0.000000E+00
7.189258E+03	2.225130E-04	0.000000E+00
7.199160E+03	2.233455E-04	0.000000E+00
7.209063E+03	2.241738E-04	0.000000E+00
7.218965E+03	2.249923E-04	0.000000E+00
7.228868E+03	2.258052E-04	0.000000E+00
7.238770E+03	2.266119E-04	0.000000E+00
7.248673E+03	2.274119E-04	0.000000E+00
7.258576E+03	2.281996E-04	0.000000E+00
7.268478E+03	2.289792E-04	0.000000E+00
7.278381E+03	2.297553E-04	0.000000E+00
7.288283E+03	2.305175E-04	0.000000E+00
7.298186E+03	2.312701E-04	0.000000E+00
7.308088E+03	2.320128E-04	0.000000E+00
7.317991E+03	2.327502E-04	0.000000E+00
7.327894E+03	2.334770E-04	0.000000E+00
7.337796E+03	2.341979E-04	0.000000E+00
7.347699E+03	2.349182E-04	0.000000E+00
7.357601E+03	2.356325E-04	0.000000E+00
7.367504E+03	2.363516E-04	0.000000E+00
7.377406E+03	2.370648E-04	0.000000E+00
7.387309E+03	2.377778E-04	0.000000E+00
7.397211E+03	2.384851E-04	0.000000E+00
7.407114E+03	2.391927E-04	0.000000E+00
7.417017E+03	2.398898E-04	0.000000E+00
7.426919E+03	2.405821E-04	0.000000E+00
7.436822E+03	2.412700E-04	0.000000E+00
7.446724E+03	2.419483E-04	0.000000E+00
7.456627E+03	2.426287E-04	0.000000E+00
7.466529E+03	2.433003E-04	0.000000E+00
7.476432E+03	2.439692E-04	0.000000E+00
7.486334E+03	2.446299E-04	0.000000E+00
7.496237E+03	2.452887E-04	0.000000E+00
7.506140E+03	2.459401E-04	0.000000E+00
7.516042E+03	2.465902E-04	0.000000E+00
7.525945E+03	2.472335E-04	0.000000E+00
7.535847E+03	2.478699E-04	0.000000E+00
7.545750E+03	2.485057E-04	0.000000E+00
7.555652E+03	2.491347E-04	0.000000E+00
7.565555E+03	2.497568E-04	0.000000E+00
7.575457E+03	2.503776E-04	0.000000E+00
7.585360E+03	2.509909E-04	0.000000E+00
7.595263E+03	2.516021E-04	0.000000E+00
7.605165E+03	2.521981E-04	0.000000E+00
7.615068E+03	2.527904E-04	0.000000E+00
7.624970E+03	2.533781E-04	0.000000E+00
7.634873E+03	2.539537E-04	0.000000E+00
7.644775E+03	2.545223E-04	0.000000E+00
7.654678E+03	2.550762E-04	0.000000E+00
7.664581E+03	2.556136E-04	0.000000E+00
7.674483E+03	2.561393E-04	0.000000E+00
7.684386E+03	2.566518E-04	0.000000E+00
7.694288E+03	2.571493E-04	0.000000E+00
7.704191E+03	2.576234E-04	0.000000E+00
7.714093E+03	2.580785E-04	0.000000E+00
7.723996E+03	2.585131E-04	0.000000E+00
7.733898E+03	2.589248E-04	0.000000E+00
7.743801E+03	2.593121E-04	0.000000E+00
7.753704E+03	2.596727E-04	0.000000E+00
7.763606E+03	2.600117E-04	0.000000E+00
7.773509E+03	2.603205E-04	0.000000E+00
7.783411E+03	2.605972E-04	0.000000E+00
7.793314E+03	2.608403E-04	0.000000E+00
7.803216E+03	2.610619E-04	0.000000E+00
7.813119E+03	2.612468E-04	0.000000E+00
7.823021E+03	2.614006E-04	0.000000E+00
7.832924E+03	2.615151E-04	0.000000E+00
7.842827E+03	2.616034E-04	0.000000E+00
7.852729E+03	2.616646E-04	0.000000E+00
7.862632E+03	2.616837E-04	0.000000E+00
7.872534E+03	2.616818E-04	0.000000E+00
7.882437E+03	2.616511E-04	0.000000E+00
7.892339E+03	2.615917E-04	0.000000E+00
7.902242E+03	2.615106E-04	0.000000E+00
7.912144E+03	2.614009E-04	0.000000E+00
7.922047E+03	2.612558E-04	0.000000E+00
7.931950E+03	2.610900E-04	0.000000E+00
7.941852E+03	2.608828E-04	0.000000E+00
7.951755E+03	2.606563E-04	0.000000E+00
7.961657E+03	2.603904E-04	0.000000E+00
7.971560E+03	2.600999E-04	0.000000E+00
7.981462E+03	2.597722E-04	0.000000E+00
7.991365E+03	2.594228E-04	0.000000E+00
8.001268E+03	2.590390E-04	0.000000E+00
8.011170E+03	2.586294E-04	0.000000E+00
8.021073E+03	2.581889E-04	0.000000E+00
8.030975E+03	2.577263E-04	0.000000E+00
8.040878E+03	2.572438E-04	0.000000E+00
8.050780E+03	2.567289E-04	0.000000E+00
8.060683E+03	2.561984E-04	0.000000E+00
8.070585E+03	2.556474E-04	0.000000E+00
8.080488E+03	2.550782E-04	0.000000E+00
8.090391E+03	2.544859E-04	0.000000E+00
8.100293E+03	2.538876E-04	0.000000E+00
8.110196E+03	2.532714E-04	0.000000E+00
8.120098E+03	2.526469E-04	0.000000E+00
8.130001E+03	2.520169E-04	0.000000E+00
8.139903E+03	2.513770E-04	0.000000E+00
8.149806E+03	2.507297E-04	0.000000E+00
8.159708E+03	2.500848E-04	0.000000E+00
8.169611E+03	2.494451E-04	0.000000E+00
8.179514E+03	2.487988E-04	0.000000E+00
8.189416E+03	2.481629E-04	0.000000E+00
8.199319E+03	2.475327E-04	0.000000E+00
8.209221E+03	2.469109E-04	0.000000E+00
8.219124E+03	2.462997E-04	0.000000E+00
8.229026E+03	2.457018E-04	0.000000E+00
8.238929E+03	2.451190E-04	0.000000E+00
8.248831E+03	2.445540E-04	0.000000E+00
8.258734E+03	2.440086E-04	0.000000E+00
8.268637E+03	2.434848E-04	0.000000E+00
8.278539E+03	2.429773E-04	0.000000E+00
8.288442E+03	2.424952E-04	0.000000E+00
8.298344E+03	2.420397E-04	0.000000E+00
8.308247E+03	2.416053E-04	0.000000E+00
8.318149E+03	2.412008E-04	0.000000E+00
8.328052E+03	2.408196E-04	0.000000E+00
8.337955E+03	2.404703E-04	0.000000E+00
8.347857E+03	2.401469E-04	0.000000E+00
8.357760E+03	2.398496E-04	0.000000E+00
8.367662E+03	2.395866E-04	0.000000E+00
8.377565E+03	2.393512E-04	0.000000E+00
8.387467E+03	2.391439E-04	0.000000E+00
8.397370E+03	2.389648E-04	0.000000E+00
8.407272E+03	2.388141E-04	0.000000E+00
8.417175E+03	2.386921E-04	0.000000E+00
8.427078E+03	2.385916E-04	0.000000E+00
8.436980E+03	2.385266E-04	0.000000E+00
8.446883E+03	2.384901E-04	0.000000E+00
8.456785E+03	2.384744E-04	0.000000E+00
8.466688E+03	2.384865E-04	0.000000E+00
8.476590E+03	2.385187E-04	0.000000E+00
8.486493E+03	2.385778E-04	0.000000E+00
8.496395E+03	2.386563E-04	0.000000E+00
8.506298E+03	2.387606E-04	0.000000E+00
8.516201E+03	2.388830E-04	0.000000E+00
8.526103E+03	2.390230E-04	0.000000E+00
8.536006E+03	2.391796E-04	0.000000E+00
8.545908E+03	2.393524E-04	0.000000E+00
8.555811E+03	2.395482E-04	0.000000E+00
8.565713E+03	2.397510E-04	0.000000E+00
8.575616E+03	2.399680E-04	0.000000E+00
8.585518E+03	2.401905E-04	0.000000E+00
8.595421E+03	2.404330E-04	0.000000E+00
8.605324E+03	2.406719E-04	0.000000E+00
8.615226E+03	2.409293E-04	0.000000E+00
8.625129E+03	2.411813E-04	0.000000E+00
8.635031E+03	2.414425E-04	0.000000E+00
8.644934E+03	2.416967E-04	0.000000E+00
8.654836E+03	2.419583E-04	0.000000E+00
8.664739E+03	2.422188E-04	0.000000E+00
8.674642E+03	2.424695E-04	0.000000E+00
8.684544E+03	2.427095E-04	0.000000E+00
8.694447E+03	2.429456E-04	0.000000E+00
8.704349E+03	2.431690E-04	0.000000E+00
8.714252E+03	2.433789E-04	0.000000E+00
8.724154E+03	2.435740E-04	0.000000E+00
8.734057E+03	2.437456E-04	0.000000E+00
8.743959E+03	2.438924E-04	0.000000E+00
8.753862E+03	2.440133E-04	0.000000E+00
8.763765E+03	2.440991E-04	0.000000E+00
8.773667E+03	2.441648E-04	0.000000E+00
8.783570E+03	2.442013E-04	0.000000E+00
8.793472E+03	2.442239E-04	0.000000E+00
8.803375E+03	2.442238E-04	0.000000E+00
8.813277E+03	2.442079E-04	0.000000E+00
8.823180E+03	2.441673E-04	0.000000E+00
8.833082E+03	2.441261E-04	0.000000E+00
8.842985E+03	2.440670E-04	0.000000E+00
8.852888E+03	2.439976E-04	0.000000E+00
8.862790E+03	2.439256E-04	0.000000E+00
8.872693E+03	2.438419E-04	0.000000E+00
8.882595E+03	2.437456E-04	0.000000E+00
8.892498E+03	2.436450E-04	0.000000E+00
8.902400E+03	2.435393E-04	0.000000E+00
8.912303E+03	2.434281E-04	0.000000E+00
8.951913E+03	2.429426E-04	0.000000E+00
8.991523E+03	2.424096E-04	0.000000E+00
9.031134E+03	2.418840E-04	0.000000E+00
9.070744E+03	2.413966E-04	0.000000E+00
9.110354E+03	2.410092E-04	0.000000E+00
9.149964E+03	2.407708E-04	0.000000E+00
9.189575E+03	2.407197E-04	0.000000E+00
9.229185E+03	2.408871E-04	0.000000E+00
9.268795E+03	2.412820E-04	0.000000E+00
9.308405E+03	2.418890E-04	0.000000E+00
9.348016E+03	2.426968E-04	0.000000E+00
9.387626E+03	2.436652E-04	0.000000E+00
9.427236E+03	2.447444E-04	0.000000E+00
9.466846E+03	2.459366E-04	0.000000E+00
9.506456E+03	2.472179E-04	0.000000E+00
9.546067E+03	2.485795E-04	0.000000E+00
9.585677E+03	2.500601E-04	0.000000E+00
9.625287E+03	2.516479E-04	0.000000E+00
9.664897E+03	2.534273E-04	0.000000E+00
9.704508E+03	2.553881E-04	0.000000E+00
9.744118E+03	2.576346E-04	0.000000E+00
9.783728E+03	2.602012E-04	0.000000E+00
9.823338E+03	2.631588E-04	0.000000E+00
9.862949E+03	2.665076E-04	0.000000E+00
9.902559E+03	2.703204E-04	0.000000E+00
9.942169E+03	2.745906E-04	0.000000E+00
9.981779E+03	2.793673E-04	0.000000E+00
1.002139E+04	2.845884E-04	0.000000E+00
1.006100E+04	2.902507E-04	0.000000E+00
1.010061E+04	2.963427E-04	0.000000E+00
1.014022E+04	3.027867E-04	0.000000E+00
1.017983E+04	3.095828E-04	0.000000E+00
1.021944E+04	3.166019E-04	0.000000E+00
