#wls	flux	fluxerr
3.257341E+03	2.959566E-05	4.299106E-06
3.296951E+03	3.101012E-05	4.487824E-06
3.336561E+03	3.252954E-05	4.690020E-06
3.376171E+03	3.416083E-05	4.906498E-06
3.415782E+03	3.591083E-05	5.138032E-06
3.455392E+03	3.778604E-05	5.385334E-06
3.495002E+03	3.979251E-05	5.649030E-06
3.534612E+03	4.193559E-05	5.929634E-06
3.574223E+03	4.421973E-05	6.227517E-06
3.613833E+03	4.664837E-05	6.542895E-06
3.653443E+03	4.922373E-05	6.875802E-06
3.693053E+03	5.194704E-05	7.226127E-06
3.732664E+03	5.481879E-05	7.593651E-06
3.772274E+03	5.783948E-05	7.978148E-06
3.811884E+03	6.101069E-05	8.379539E-06
3.851494E+03	6.433615E-05	8.798036E-06
3.891105E+03	6.782221E-05	9.234187E-06
3.930715E+03	7.147769E-05	9.688861E-06
3.970325E+03	7.531355E-05	1.016319E-05
4.009935E+03	7.934245E-05	1.065851E-05
4.049545E+03	8.357854E-05	1.117631E-05
4.089156E+03	8.803726E-05	1.171822E-05
4.128766E+03	9.273524E-05	1.228598E-05
4.168376E+03	9.769013E-05	1.288143E-05
4.207986E+03	1.029206E-04	1.350647E-05
4.247597E+03	1.084460E-04	1.416307E-05
4.287207E+03	1.142862E-04	1.485321E-05
4.326817E+03	1.204617E-04	1.557883E-05
4.366427E+03	1.269922E-04	1.634181E-05
4.406038E+03	1.338971E-04	1.714387E-05
4.445648E+03	1.411942E-04	1.798647E-05
4.485258E+03	1.488989E-04	1.887074E-05
4.524868E+03	1.570237E-04	1.979737E-05
4.564479E+03	1.655765E-04	2.076648E-05
4.604089E+03	1.745605E-04	2.177750E-05
4.643699E+03	1.839726E-04	2.282913E-05
4.683309E+03	1.938026E-04	2.391918E-05
4.722919E+03	2.040327E-04	2.504451E-05
4.762530E+03	2.146370E-04	2.620110E-05
4.802140E+03	2.255817E-04	2.738397E-05
4.841750E+03	2.368247E-04	2.858728E-05
4.881360E+03	2.483159E-04	2.980429E-05
4.920971E+03	2.599954E-04	3.102729E-05
4.960581E+03	2.717934E-04	3.224749E-05
5.000191E+03	2.836294E-04	3.345509E-05
5.039801E+03	2.954135E-04	3.463937E-05
5.079412E+03	3.070471E-04	3.578886E-05
5.119022E+03	3.184253E-04	3.689166E-05
5.158632E+03	3.294402E-04	3.793580E-05
5.198242E+03	3.399847E-04	3.890971E-05
5.237853E+03	3.499577E-04	3.980284E-05
5.277463E+03	3.592699E-04	4.060626E-05
5.317073E+03	3.678498E-04	4.131330E-05
5.356683E+03	3.756494E-04	4.192013E-05
5.396293E+03	3.826492E-04	4.242624E-05
5.435904E+03	3.888589E-04	4.283442E-05
5.475514E+03	3.943184E-04	4.315071E-05
5.515124E+03	3.990945E-04	4.338402E-05
5.554734E+03	4.032763E-04	4.354545E-05
5.594345E+03	4.069676E-04	4.364744E-05
5.633955E+03	4.102811E-04	4.370309E-05
5.673565E+03	4.133304E-04	4.372526E-05
5.713175E+03	4.162239E-04	4.372596E-05
5.752786E+03	4.190611E-04	4.371591E-05
5.792396E+03	4.219276E-04	4.370417E-05
5.832006E+03	4.248931E-04	4.369786E-05
5.871616E+03	4.280091E-04	4.370208E-05
5.911227E+03	4.313079E-04	4.371978E-05
5.950837E+03	4.348005E-04	4.375173E-05
5.990447E+03	4.384773E-04	4.379659E-05
6.030057E+03	4.423091E-04	4.385110E-05
6.069667E+03	4.462467E-04	4.391014E-05
6.109278E+03	4.502242E-04	4.396709E-05
6.148888E+03	4.541615E-04	4.401417E-05
6.188498E+03	4.579685E-04	4.404287E-05
6.228108E+03	4.615517E-04	4.404464E-05
6.267719E+03	4.648220E-04	4.401162E-05
6.307329E+03	4.677054E-04	4.393763E-05
6.346939E+03	4.701502E-04	4.381883E-05
6.386549E+03	4.721372E-04	4.365448E-05
6.426160E+03	4.736773E-04	4.344670E-05
6.465770E+03	4.748120E-04	4.320027E-05
6.505380E+03	4.756115E-04	4.292248E-05
6.544990E+03	4.761679E-04	4.262229E-05
6.584601E+03	4.765842E-04	4.230942E-05
6.624211E+03	4.769644E-04	4.199335E-05
6.663821E+03	4.774057E-04	4.168266E-05
6.703431E+03	4.779913E-04	4.138447E-05
6.743041E+03	4.787868E-04	4.110411E-05
6.782652E+03	4.798366E-04	4.084495E-05
6.822262E+03	4.811617E-04	4.060825E-05
6.861872E+03	4.827612E-04	4.039337E-05
6.901482E+03	4.846126E-04	4.019793E-05
6.941093E+03	4.866766E-04	4.001819E-05
6.980703E+03	4.889010E-04	3.984951E-05
7.020313E+03	4.912282E-04	3.968698E-05
7.059923E+03	4.936028E-04	3.952602E-05
7.099534E+03	4.959810E-04	3.936314E-05
7.139144E+03	4.983393E-04	3.919659E-05
7.178754E+03	5.006842E-04	3.902701E-05
7.218364E+03	5.030614E-04	3.885809E-05
7.257975E+03	5.055669E-04	3.869722E-05
7.297585E+03	5.083590E-04	3.855627E-05
7.337195E+03	5.116685E-04	3.845213E-05
7.376805E+03	5.158059E-04	3.840700E-05
7.416415E+03	5.211579E-04	3.844786E-05
7.456026E+03	5.281691E-04	3.860492E-05
7.495636E+03	5.372990E-04	3.890831E-05
7.535246E+03	5.489437E-04	3.938240E-05
7.574856E+03	5.633069E-04	4.003696E-05
7.614467E+03	5.802221E-04	4.085521E-05
7.654077E+03	5.989989E-04	4.178441E-05
7.693687E+03	6.184985E-04	4.274272E-05
7.733297E+03	6.373399E-04	4.363476E-05
7.772908E+03	6.541780E-04	4.437113E-05
7.812518E+03	6.680262E-04	4.488993E-05
7.852128E+03	6.783919E-04	4.516444E-05
7.891738E+03	6.852020E-04	4.519657E-05
7.931349E+03	6.886977E-04	4.500875E-05
7.970959E+03	6.893247E-04	4.463600E-05
8.010569E+03	6.876368E-04	4.411902E-05
8.050179E+03	6.842193E-04	4.349914E-05
8.089789E+03	6.796377E-04	4.281499E-05
8.129400E+03	6.744070E-04	4.210067E-05
8.169010E+03	6.689761E-04	4.138503E-05
8.208620E+03	6.637237E-04	4.069158E-05
8.248230E+03	6.589584E-04	4.003874E-05
8.287841E+03	6.549170E-04	3.943998E-05
8.327451E+03	6.517679E-04	3.890419E-05
8.367061E+03	6.496122E-04	3.843602E-05
8.406671E+03	6.484920E-04	3.803649E-05
8.446282E+03	6.484000E-04	3.770370E-05
8.485892E+03	6.492909E-04	3.743370E-05
8.525502E+03	6.510926E-04	3.722114E-05
8.565112E+03	6.537155E-04	3.705989E-05
8.604723E+03	6.570597E-04	3.694350E-05
8.644333E+03	6.610202E-04	3.686549E-05
8.683943E+03	6.654906E-04	3.681955E-05
8.723553E+03	6.703663E-04	3.679973E-05
8.763163E+03	6.755452E-04	3.680045E-05
8.802774E+03	6.809275E-04	3.681647E-05
8.842384E+03	6.864131E-04	3.684276E-05
8.881994E+03	6.918967E-04	3.687421E-05
8.921604E+03	6.972625E-04	3.690532E-05
8.961215E+03	7.023846E-04	3.693029E-05
9.000825E+03	7.071336E-04	3.694327E-05
9.040435E+03	7.113889E-04	3.693906E-05
9.080045E+03	7.150580E-04	3.691405E-05
9.119656E+03	7.180961E-04	3.686714E-05
9.159266E+03	7.205205E-04	3.680024E-05
9.198876E+03	7.223971E-04	3.671734E-05
9.238486E+03	7.238134E-04	3.662341E-05
9.278097E+03	7.248575E-04	3.652328E-05
9.317707E+03	7.256069E-04	3.642114E-05
9.357317E+03	7.261265E-04	3.632048E-05
9.396927E+03	7.264716E-04	3.622422E-05
9.436537E+03	7.266944E-04	3.613507E-05
9.476148E+03	7.268516E-04	3.605595E-05
9.515758E+03	7.270144E-04	3.599042E-05
9.555368E+03	7.272764E-04	3.594317E-05
9.594978E+03	7.277649E-04	3.592049E-05
9.634589E+03	7.286504E-04	3.593080E-05
9.674199E+03	7.301548E-04	3.598507E-05
9.713809E+03	7.325514E-04	3.609682E-05
9.753419E+03	7.361495E-04	3.628145E-05
9.793030E+03	7.412593E-04	3.655450E-05
9.832640E+03	7.481338E-04	3.692889E-05
9.872250E+03	7.568922E-04	3.741096E-05
9.911857E+03	7.675316E-04	3.800072E-05
9.951468E+03	7.799783E-04	3.869484E-05
9.991078E+03	7.941179E-04	3.948806E-05
1.003069E+04	8.098055E-04	4.037363E-05
1.007030E+04	8.268617E-04	4.134315E-05
1.010991E+04	8.450579E-04	4.238567E-05
1.014952E+04	8.640941E-04	4.348659E-05
1.018913E+04	8.835847E-04	4.462678E-05
1.022874E+04	9.030657E-04	4.578289E-05
1.026835E+04	9.220342E-04	4.692916E-05
1.030796E+04	9.400231E-04	4.804124E-05
1.034757E+04	9.566824E-04	4.910032E-05
1.038718E+04	9.718336E-04	5.009606E-05
1.042679E+04	9.854709E-04	5.102681E-05
1.046640E+04	9.977160E-04	5.189750E-05
1.050601E+04	1.008762E-03	5.271687E-05
1.054562E+04	1.018825E-03	5.349498E-05
1.058523E+04	1.028115E-03	5.424179E-05
1.062484E+04	1.036823E-03	5.496653E-05
1.066445E+04	1.045119E-03	5.567744E-05
1.070406E+04	1.053152E-03	5.638177E-05
1.074367E+04	1.061045E-03	5.708566E-05
1.078328E+04	1.068896E-03	5.779402E-05
1.082289E+04	1.076775E-03	5.851036E-05
1.086250E+04	1.084723E-03	5.923671E-05
1.090211E+04	1.092748E-03	5.997341E-05
1.094172E+04	1.100828E-03	6.071905E-05
1.098133E+04	1.108903E-03	6.147035E-05
1.102094E+04	1.116886E-03	6.222222E-05
1.106055E+04	1.124654E-03	6.296772E-05
1.110016E+04	1.132058E-03	6.369820E-05
1.113977E+04	1.138923E-03	6.440347E-05
1.117938E+04	1.145053E-03	6.507198E-05
1.121900E+04	1.150238E-03	6.569117E-05
1.125861E+04	1.154260E-03	6.624774E-05
1.129822E+04	1.156899E-03	6.672814E-05
1.133783E+04	1.157941E-03	6.711897E-05
1.137744E+04	1.157191E-03	6.740757E-05
1.141705E+04	1.154475E-03	6.758249E-05
1.145666E+04	1.149663E-03	6.763433E-05
1.149627E+04	1.142673E-03	6.755641E-05
1.153588E+04	1.133496E-03	6.734604E-05
1.157549E+04	1.122226E-03	6.700683E-05
1.161510E+04	1.109052E-03	6.654799E-05
1.165471E+04	1.094210E-03	6.598208E-05
1.169432E+04	1.077972E-03	6.532386E-05
1.173393E+04	1.060625E-03	6.458956E-05
1.177354E+04	1.042461E-03	6.379592E-05
1.181315E+04	1.023763E-03	6.295948E-05
1.185276E+04	1.004786E-03	6.209557E-05
1.189237E+04	9.857522E-04	6.121764E-05
1.193198E+04	9.668379E-04	6.033660E-05
1.197159E+04	9.481715E-04	5.946058E-05
1.201120E+04	9.298334E-04	5.859488E-05
1.205081E+04	9.118621E-04	5.774221E-05
1.209042E+04	8.942624E-04	5.690321E-05
1.213003E+04	8.770135E-04	5.607691E-05
1.216964E+04	8.600794E-04	5.526132E-05
1.220925E+04	8.434183E-04	5.445402E-05
1.224886E+04	8.269887E-04	5.365242E-05
1.228847E+04	8.107561E-04	5.285414E-05
1.232808E+04	7.947023E-04	5.205787E-05
1.236769E+04	7.788341E-04	5.126394E-05
1.240730E+04	7.631961E-04	5.047521E-05
1.244691E+04	7.478623E-04	4.969657E-05
1.248652E+04	7.329239E-04	4.893421E-05
1.252613E+04	7.184812E-04	4.819503E-05
1.256574E+04	7.046384E-04	4.748637E-05
1.260535E+04	6.914982E-04	4.681561E-05
1.264496E+04	6.791586E-04	4.618995E-05
1.268457E+04	6.677097E-04	4.561619E-05
1.272418E+04	6.572315E-04	4.510055E-05
1.276379E+04	6.477922E-04	4.464855E-05
1.280340E+04	6.394479E-04	4.426494E-05
1.284301E+04	6.322411E-04	4.395362E-05
1.288262E+04	6.262012E-04	4.371759E-05
1.292224E+04	6.213436E-04	4.355892E-05
1.296185E+04	6.176707E-04	4.347875E-05
1.300146E+04	6.151706E-04	4.347722E-05
1.304107E+04	6.138184E-04	4.355350E-05
1.308068E+04	6.135747E-04	4.370571E-05
1.312029E+04	6.143870E-04	4.393094E-05
1.315990E+04	6.161891E-04	4.422526E-05
1.319951E+04	6.189010E-04	4.458362E-05
1.323912E+04	6.224301E-04	4.500001E-05
1.327873E+04	6.266711E-04	4.546734E-05
1.331834E+04	6.315077E-04	4.597762E-05
1.335795E+04	6.368132E-04	4.652200E-05
1.339756E+04	6.424528E-04	4.709087E-05
1.343717E+04	6.482862E-04	4.767411E-05
1.347678E+04	6.541699E-04	4.826122E-05
1.351639E+04	6.599609E-04	4.884162E-05
1.355600E+04	6.655198E-04	4.940486E-05
1.359561E+04	6.707135E-04	4.994086E-05
1.363522E+04	6.754196E-04	5.044024E-05
1.367483E+04	6.795269E-04	5.089436E-05
1.371444E+04	6.829397E-04	5.129568E-05
1.375405E+04	6.855783E-04	5.163783E-05
1.379366E+04	6.873809E-04	5.191570E-05
1.383327E+04	6.883048E-04	5.212565E-05
1.387288E+04	6.883266E-04	5.226548E-05
1.391249E+04	6.874421E-04	5.233446E-05
1.395210E+04	6.856669E-04	5.233339E-05
1.399171E+04	6.830333E-04	5.226438E-05
1.403132E+04	6.795907E-04	5.213090E-05
1.407093E+04	6.754021E-04	5.193752E-05
1.411054E+04	6.705429E-04	5.168982E-05
1.415015E+04	6.650980E-04	5.139420E-05
1.418976E+04	6.591604E-04	5.105775E-05
1.422937E+04	6.528294E-04	5.068810E-05
1.426898E+04	6.462075E-04	5.029323E-05
1.430859E+04	6.393999E-04	4.988142E-05
1.434820E+04	6.325114E-04	4.946096E-05
1.438781E+04	6.256457E-04	4.904015E-05
1.442742E+04	6.189025E-04	4.862704E-05
1.446703E+04	6.123766E-04	4.822940E-05
1.450664E+04	6.061564E-04	4.785451E-05
1.454625E+04	6.003220E-04	4.750910E-05
1.458587E+04	5.949450E-04	4.719927E-05
1.462548E+04	5.900869E-04	4.693039E-05
1.466509E+04	5.857999E-04	4.670712E-05
1.470470E+04	5.821252E-04	4.653332E-05
1.474431E+04	5.790944E-04	4.641210E-05
1.478392E+04	5.767292E-04	4.634583E-05
1.482353E+04	5.750410E-04	4.633610E-05
1.486314E+04	5.740334E-04	4.638386E-05
1.490275E+04	5.737009E-04	4.648938E-05
1.494236E+04	5.740310E-04	4.665238E-05
1.498197E+04	5.750043E-04	4.687203E-05
1.502158E+04	5.765966E-04	4.714710E-05
1.506119E+04	5.787800E-04	4.747611E-05
1.510080E+04	5.815258E-04	4.785746E-05
1.514041E+04	5.848078E-04	4.828981E-05
1.518002E+04	5.886051E-04	4.877223E-05
1.521963E+04	5.929034E-04	4.930437E-05
1.525924E+04	5.976858E-04	4.988551E-05
1.529885E+04	6.029017E-04	5.051202E-05
1.533846E+04	6.084578E-04	5.117658E-05
1.537807E+04	6.142420E-04	5.187023E-05
1.541768E+04	6.201333E-04	5.258308E-05
1.545729E+04	6.260026E-04	5.330442E-05
1.549690E+04	6.317144E-04	5.402278E-05
1.553651E+04	6.371280E-04	5.472607E-05
1.557612E+04	6.421011E-04	5.540180E-05
1.561573E+04	6.464913E-04	5.603725E-05
1.565534E+04	6.501603E-04	5.661979E-05
1.569495E+04	6.529769E-04	5.713714E-05
1.573456E+04	6.548207E-04	5.757772E-05
1.577417E+04	6.555858E-04	5.793098E-05
1.581378E+04	6.551847E-04	5.818770E-05
1.585339E+04	6.535517E-04	5.834046E-05
1.589300E+04	6.506481E-04	5.838402E-05
1.593261E+04	6.464651E-04	5.831574E-05
1.597222E+04	6.410277E-04	5.813590E-05
1.601183E+04	6.343956E-04	5.784788E-05
1.605144E+04	6.266620E-04	5.745806E-05
1.609105E+04	6.179469E-04	5.697539E-05
1.613066E+04	6.083841E-04	5.641034E-05
1.617027E+04	5.981098E-04	5.577381E-05
1.620988E+04	5.872639E-04	5.507736E-05
1.624949E+04	5.759883E-04	5.433298E-05
1.628911E+04	5.644218E-04	5.355272E-05
1.632872E+04	5.526960E-04	5.274821E-05
1.636833E+04	5.409324E-04	5.193045E-05
1.640794E+04	5.292389E-04	5.110938E-05
1.644755E+04	5.177087E-04	5.029381E-05
1.648716E+04	5.064205E-04	4.949134E-05
1.652677E+04	4.954372E-04	4.870824E-05
1.656638E+04	4.848086E-04	4.794968E-05
1.660599E+04	4.745716E-04	4.721964E-05
1.664560E+04	4.647520E-04	4.652113E-05
1.668521E+04	4.553671E-04	4.585641E-05
1.672482E+04	4.464267E-04	4.522701E-05
1.676443E+04	4.379349E-04	4.463394E-05
1.680404E+04	4.298928E-04	4.407794E-05
1.684365E+04	4.222981E-04	4.355942E-05
1.688326E+04	4.151479E-04	4.307873E-05
1.692287E+04	4.084393E-04	4.263623E-05
1.696248E+04	4.021696E-04	4.223235E-05
1.700209E+04	3.963382E-04	4.186767E-05
1.704170E+04	3.909456E-04	4.154298E-05
1.708131E+04	3.859951E-04	4.125932E-05
1.712092E+04	3.814917E-04	4.101798E-05
1.716053E+04	3.774433E-04	4.082056E-05
1.720014E+04	3.738595E-04	4.066887E-05
1.723975E+04	3.707525E-04	4.056505E-05
1.727936E+04	3.681365E-04	4.051150E-05
1.731897E+04	3.660279E-04	4.051087E-05
1.735858E+04	3.644443E-04	4.056605E-05
1.739819E+04	3.634057E-04	4.068020E-05
1.743780E+04	3.629322E-04	4.085655E-05
1.747741E+04	3.630451E-04	4.109852E-05
1.751702E+04	3.637656E-04	4.140960E-05
1.755663E+04	3.651134E-04	4.179312E-05
1.759624E+04	3.671065E-04	4.225231E-05
1.763585E+04	3.697602E-04	4.279007E-05
1.767546E+04	3.730850E-04	4.340883E-05
1.771507E+04	3.770861E-04	4.411040E-05
1.775468E+04	3.817613E-04	4.489574E-05
1.779429E+04	3.871004E-04	4.576482E-05
1.783390E+04	3.930821E-04	4.671629E-05
1.787351E+04	3.996745E-04	4.774748E-05
1.791312E+04	4.068322E-04	4.885399E-05
1.795274E+04	4.144962E-04	5.002965E-05
1.799235E+04	4.225934E-04	5.126646E-05
1.803196E+04	4.310363E-04	5.255445E-05
1.807157E+04	4.397236E-04	5.388177E-05
1.811118E+04	4.485420E-04	5.523482E-05
1.815079E+04	4.573688E-04	5.659854E-05
1.819040E+04	4.660738E-04	5.795665E-05
1.823001E+04	4.745241E-04	5.929226E-05
1.826962E+04	4.825868E-04	6.058812E-05
1.830923E+04	4.901349E-04	6.182740E-05
1.834884E+04	4.970488E-04	6.299396E-05
1.838845E+04	5.032213E-04	6.407293E-05
1.842806E+04	5.085602E-04	6.505110E-05
1.846767E+04	5.129901E-04	6.591728E-05
1.850728E+04	5.164546E-04	6.666253E-05
1.854689E+04	5.189181E-04	6.728048E-05
1.858650E+04	5.203649E-04	6.776731E-05
1.862611E+04	5.207998E-04	6.812186E-05
1.866572E+04	5.202455E-04	6.834537E-05
1.870533E+04	5.187423E-04	6.844143E-05
1.874494E+04	5.163435E-04	6.841550E-05
1.878455E+04	5.131152E-04	6.827487E-05
1.882416E+04	5.091326E-04	6.802822E-05
1.886377E+04	5.044788E-04	6.768544E-05
1.890338E+04	4.992420E-04	6.725736E-05
1.894299E+04	4.935142E-04	6.675548E-05
1.898260E+04	4.873881E-04	6.619167E-05
1.902221E+04	4.809567E-04	6.557797E-05
1.906182E+04	4.743101E-04	6.492629E-05
1.910143E+04	4.675348E-04	6.424824E-05
1.914104E+04	4.607117E-04	6.355483E-05
1.918065E+04	4.539149E-04	6.285631E-05
1.922026E+04	4.472107E-04	6.216200E-05
1.925987E+04	4.406566E-04	6.148013E-05
1.929948E+04	4.343011E-04	6.081781E-05
1.933909E+04	4.281830E-04	6.018085E-05
1.937870E+04	4.223322E-04	5.957388E-05
1.941831E+04	4.167696E-04	5.900035E-05
1.945792E+04	4.115076E-04	5.846250E-05
1.949753E+04	4.065512E-04	5.796158E-05
1.953714E+04	4.018984E-04	5.749779E-05
1.957675E+04	3.975412E-04	5.707048E-05
1.961636E+04	3.934659E-04	5.667817E-05
1.965598E+04	3.896539E-04	5.631864E-05
1.969559E+04	3.860829E-04	5.598908E-05
1.973520E+04	3.827268E-04	5.568606E-05
1.977481E+04	3.795568E-04	5.540575E-05
1.981442E+04	3.765419E-04	5.514390E-05
1.985403E+04	3.736494E-04	5.489596E-05
1.989364E+04	3.708458E-04	5.465721E-05
1.993325E+04	3.680970E-04	5.442276E-05
1.997286E+04	3.653695E-04	5.418776E-05
2.001247E+04	3.626305E-04	5.394738E-05
2.005208E+04	3.598490E-04	5.369702E-05
2.009169E+04	3.569961E-04	5.343235E-05
2.013130E+04	3.540465E-04	5.314948E-05
2.017091E+04	3.509776E-04	5.284491E-05
2.021052E+04	3.477707E-04	5.251573E-05
2.025013E+04	3.444115E-04	5.215960E-05
2.028974E+04	3.408895E-04	5.177478E-05
2.032935E+04	3.371985E-04	5.136014E-05
2.036896E+04	3.333369E-04	5.091526E-05
2.040857E+04	3.293064E-04	5.044023E-05
2.044818E+04	3.251129E-04	4.993580E-05
2.048779E+04	3.207661E-04	4.940328E-05
2.052740E+04	3.162786E-04	4.884449E-05
2.056701E+04	3.116668E-04	4.826181E-05
2.060662E+04	3.069493E-04	4.765806E-05
2.064623E+04	3.021481E-04	4.703655E-05
2.068584E+04	2.972871E-04	4.640096E-05
2.072545E+04	2.923925E-04	4.575539E-05
2.076506E+04	2.874925E-04	4.510425E-05
2.080467E+04	2.826169E-04	4.445229E-05
2.084428E+04	2.777967E-04	4.380445E-05
2.088389E+04	2.730640E-04	4.316593E-05
2.092350E+04	2.684509E-04	4.254196E-05
2.096311E+04	2.639897E-04	4.193787E-05
2.100272E+04	2.597119E-04	4.135888E-05
2.104233E+04	2.556479E-04	4.081011E-05
2.108194E+04	2.518271E-04	4.029653E-05
2.112155E+04	2.482758E-04	3.982269E-05
2.116116E+04	2.450180E-04	3.939275E-05
2.120077E+04	2.420740E-04	3.901036E-05
2.124038E+04	2.394583E-04	3.867823E-05
2.127999E+04	2.371779E-04	3.839789E-05
2.131961E+04	2.352242E-04	3.816830E-05
2.135922E+04	2.335700E-04	3.798543E-05
2.139883E+04	2.321791E-04	3.784372E-05
2.143844E+04	2.310110E-04	3.773685E-05
2.147805E+04	2.300240E-04	3.765824E-05
2.151766E+04	2.291769E-04	3.760132E-05
2.155727E+04	2.284302E-04	3.755979E-05
2.159688E+04	2.277464E-04	3.752753E-05
2.163649E+04	2.270915E-04	3.749904E-05
2.167610E+04	2.264345E-04	3.746920E-05
2.171571E+04	2.257481E-04	3.743351E-05
2.175532E+04	2.250095E-04	3.738813E-05
2.179493E+04	2.241991E-04	3.732975E-05
2.183454E+04	2.233022E-04	3.725585E-05
2.187415E+04	2.223075E-04	3.716447E-05
2.191376E+04	2.212084E-04	3.705441E-05
2.195337E+04	2.200018E-04	3.692505E-05
2.199298E+04	2.186883E-04	3.677641E-05
2.203259E+04	2.172725E-04	3.660913E-05
2.207220E+04	2.157611E-04	3.642430E-05
2.211181E+04	2.141642E-04	3.622351E-05
2.215142E+04	2.124939E-04	3.600875E-05
2.219103E+04	2.107635E-04	3.578222E-05
2.223064E+04	2.089880E-04	3.554645E-05
2.227025E+04	2.071827E-04	3.530398E-05
2.230986E+04	2.053633E-04	3.505748E-05
2.234947E+04	2.035452E-04	3.480961E-05
2.238908E+04	2.017435E-04	3.456297E-05
2.242869E+04	1.999724E-04	3.432001E-05
2.246830E+04	1.982451E-04	3.408304E-05
2.250791E+04	1.965740E-04	3.385426E-05
2.254752E+04	1.949701E-04	3.363561E-05
2.258713E+04	1.934433E-04	3.342889E-05
2.262674E+04	1.920023E-04	3.323568E-05
2.266635E+04	1.906552E-04	3.305748E-05
2.270596E+04	1.894087E-04	3.289552E-05
2.274557E+04	1.882688E-04	3.275098E-05
2.278518E+04	1.872405E-04	3.262479E-05
2.282479E+04	1.863283E-04	3.251787E-05
2.286440E+04	1.855360E-04	3.243096E-05
2.290401E+04	1.848667E-04	3.236474E-05
2.294362E+04	1.843227E-04	3.231969E-05
2.298323E+04	1.839063E-04	3.229632E-05
2.302285E+04	1.836188E-04	3.229501E-05
2.306246E+04	1.834610E-04	3.231598E-05
2.310207E+04	1.834340E-04	3.235952E-05
2.314168E+04	1.835376E-04	3.242570E-05
2.318129E+04	1.837719E-04	3.251465E-05
2.322090E+04	1.841367E-04	3.262645E-05
2.326051E+04	1.846312E-04	3.276105E-05
2.330012E+04	1.852549E-04	3.291843E-05
2.333973E+04	1.860070E-04	3.309857E-05
2.337934E+04	1.868861E-04	3.330132E-05
2.341895E+04	1.878909E-04	3.352651E-05
2.345856E+04	1.890201E-04	3.377402E-05
2.349817E+04	1.902717E-04	3.404357E-05
2.353778E+04	1.916438E-04	3.433491E-05
2.357739E+04	1.931338E-04	3.464765E-05
2.361700E+04	1.947392E-04	3.498139E-05
2.365661E+04	1.964565E-04	3.533560E-05
2.369622E+04	1.982822E-04	3.570973E-05
2.373583E+04	2.002128E-04	3.610319E-05
2.377544E+04	2.022443E-04	3.651533E-05
2.381505E+04	2.043728E-04	3.694550E-05
2.385466E+04	2.065940E-04	3.739298E-05
2.389427E+04	2.089032E-04	3.785698E-05
2.393388E+04	2.112958E-04	3.833668E-05
2.397349E+04	2.137667E-04	3.883121E-05
2.401310E+04	2.163102E-04	3.933959E-05
2.405271E+04	2.189205E-04	3.986078E-05
2.409232E+04	2.215913E-04	4.039366E-05
2.413193E+04	2.243155E-04	4.093698E-05
2.417154E+04	2.270864E-04	4.148950E-05
2.421115E+04	2.298965E-04	4.204988E-05
2.425076E+04	2.327380E-04	4.261672E-05
