#wls	flux	fluxerr
3.257341E+03	9.055717E-04	1.393413E-04
3.296951E+03	7.587964E-04	1.142458E-04
3.336561E+03	6.406883E-04	9.435402E-05
3.376171E+03	5.458765E-04	7.860470E-05
3.415782E+03	4.699872E-04	6.614903E-05
3.455392E+03	4.094851E-04	5.631233E-05
3.495002E+03	3.615366E-04	4.856159E-05
3.534612E+03	3.238916E-04	4.247817E-05
3.574223E+03	2.947847E-04	3.773560E-05
3.613833E+03	2.728559E-04	3.408155E-05
3.653443E+03	2.570906E-04	3.132401E-05
3.693053E+03	2.467787E-04	2.932087E-05
3.732664E+03	2.414950E-04	2.797280E-05
3.772274E+03	2.410859E-04	2.721755E-05
3.811884E+03	2.455849E-04	2.701631E-05
3.851494E+03	2.549548E-04	2.732306E-05
3.891105E+03	2.691991E-04	2.809756E-05
3.930715E+03	2.884776E-04	2.931673E-05
3.970325E+03	3.130687E-04	3.096872E-05
4.009935E+03	3.433024E-04	3.304486E-05
4.049545E+03	3.794805E-04	3.553164E-05
4.089156E+03	4.217809E-04	3.840241E-05
4.128766E+03	4.701403E-04	4.160868E-05
4.168376E+03	5.241157E-04	4.507134E-05
4.207986E+03	5.827405E-04	4.867330E-05
4.247597E+03	6.444018E-04	5.225584E-05
4.287207E+03	7.067879E-04	5.562199E-05
4.326817E+03	7.669797E-04	5.855122E-05
4.366427E+03	8.217823E-04	6.083035E-05
4.406038E+03	8.685039E-04	6.231152E-05
4.445648E+03	9.059127E-04	6.297188E-05
4.485258E+03	9.340635E-04	6.288477E-05
4.524868E+03	9.539030E-04	6.217955E-05
4.564479E+03	9.669902E-04	6.101427E-05
4.604089E+03	9.752822E-04	5.955655E-05
4.643699E+03	9.810215E-04	5.797402E-05
4.683309E+03	9.868026E-04	5.643640E-05
4.722919E+03	9.958243E-04	5.512769E-05
4.762530E+03	1.012403E-03	5.427017E-05
4.802140E+03	1.042174E-03	5.412824E-05
4.841750E+03	1.087810E-03	5.478664E-05
4.881360E+03	1.148596E-03	5.615756E-05
4.920971E+03	1.223629E-03	5.815964E-05
4.960581E+03	1.312160E-03	6.073474E-05
5.000191E+03	1.413185E-03	6.382117E-05
5.039801E+03	1.524870E-03	6.731903E-05
5.079412E+03	1.644078E-03	7.108027E-05
5.119022E+03	1.765914E-03	7.489366E-05
5.158632E+03	1.883367E-03	7.847315E-05
5.198242E+03	1.987355E-03	8.146336E-05
5.237853E+03	2.067395E-03	8.346908E-05
5.277463E+03	2.113071E-03	8.411449E-05
5.317073E+03	2.116427E-03	8.313477E-05
5.356683E+03	2.075721E-03	8.051469E-05
5.396293E+03	2.000301E-03	7.666006E-05
5.435904E+03	1.907024E-03	7.223877E-05
5.475514E+03	1.813267E-03	6.790921E-05
5.515124E+03	1.732785E-03	6.416943E-05
5.554734E+03	1.670918E-03	6.118697E-05
5.594345E+03	1.627010E-03	5.889748E-05
5.633955E+03	1.599402E-03	5.720305E-05
5.673565E+03	1.586376E-03	5.600873E-05
5.713175E+03	1.586300E-03	5.522648E-05
5.752786E+03	1.597577E-03	5.477271E-05
5.792396E+03	1.618584E-03	5.456635E-05
5.832006E+03	1.647591E-03	5.452648E-05
5.871616E+03	1.682682E-03	5.457106E-05
5.911227E+03	1.721633E-03	5.461487E-05
5.950837E+03	1.761824E-03	5.456958E-05
5.990447E+03	1.800238E-03	5.434679E-05
6.030057E+03	1.833589E-03	5.386541E-05
6.069667E+03	1.858630E-03	5.306301E-05
6.109278E+03	1.872828E-03	5.191492E-05
6.148888E+03	1.875680E-03	5.046645E-05
6.188498E+03	1.869453E-03	4.884150E-05
6.228108E+03	1.856590E-03	4.716403E-05
6.267719E+03	1.838964E-03	4.553269E-05
6.307329E+03	1.820500E-03	4.408407E-05
6.346939E+03	1.807387E-03	4.299900E-05
6.386549E+03	1.806821E-03	4.247237E-05
6.426160E+03	1.821341E-03	4.258684E-05
6.465770E+03	1.847741E-03	4.328412E-05
6.505380E+03	1.882730E-03	4.445905E-05
6.544990E+03	1.924021E-03	4.601279E-05
6.584601E+03	1.969918E-03	4.785706E-05
6.624211E+03	2.018950E-03	4.990648E-05
6.663821E+03	2.069670E-03	5.207481E-05
6.703431E+03	2.120600E-03	5.427469E-05
6.743041E+03	2.170276E-03	5.641965E-05
6.782652E+03	2.217255E-03	5.842580E-05
6.822262E+03	2.260162E-03	6.021433E-05
6.861872E+03	2.297716E-03	6.171404E-05
6.901482E+03	2.328759E-03	6.286370E-05
6.941093E+03	2.352340E-03	6.361604E-05
6.980703E+03	2.367817E-03	6.394187E-05
7.020313E+03	2.374965E-03	6.383408E-05
7.059923E+03	2.374020E-03	6.330905E-05
7.099534E+03	2.365731E-03	6.240768E-05
7.139144E+03	2.351305E-03	6.119265E-05
7.178754E+03	2.332264E-03	5.974296E-05
7.218364E+03	2.310225E-03	5.814678E-05
7.257975E+03	2.286683E-03	5.649447E-05
7.297585E+03	2.262895E-03	5.487529E-05
7.337195E+03	2.240005E-03	5.337974E-05
7.376805E+03	2.219330E-03	5.210536E-05
7.416415E+03	2.202633E-03	5.116110E-05
7.456026E+03	2.192160E-03	5.066103E-05
7.495636E+03	2.189337E-03	5.066258E-05
7.535246E+03	2.192483E-03	5.113510E-05
7.574856E+03	2.198662E-03	5.201677E-05
7.614467E+03	2.204493E-03	5.322922E-05
7.654077E+03	2.205650E-03	5.466098E-05
7.693687E+03	2.197897E-03	5.616704E-05
7.733297E+03	2.178319E-03	5.758450E-05
7.772908E+03	2.145545E-03	5.877586E-05
7.812518E+03	2.098290E-03	5.960231E-05
7.852128E+03	2.035959E-03	5.994549E-05
7.891738E+03	1.960032E-03	5.975625E-05
7.931349E+03	1.873325E-03	5.904429E-05
7.970959E+03	1.779182E-03	5.785950E-05
8.010569E+03	1.680921E-03	5.627530E-05
8.050179E+03	1.581509E-03	5.437564E-05
8.089789E+03	1.483446E-03	5.224680E-05
8.129400E+03	1.388751E-03	4.997202E-05
8.169010E+03	1.298997E-03	4.762834E-05
8.208620E+03	1.215372E-03	4.528466E-05
8.248230E+03	1.138741E-03	4.300105E-05
8.287841E+03	1.069716E-03	4.082852E-05
8.327451E+03	1.008718E-03	3.880967E-05
8.367061E+03	9.560484E-04	3.697995E-05
8.406671E+03	9.119617E-04	3.536954E-05
8.446282E+03	8.767282E-04	3.400515E-05
8.485892E+03	8.506907E-04	3.291175E-05
8.525502E+03	8.343142E-04	3.211408E-05
8.565112E+03	8.282200E-04	3.163749E-05
8.604723E+03	8.331733E-04	3.150696E-05
8.644333E+03	8.498823E-04	3.173904E-05
8.683943E+03	8.784942E-04	3.232279E-05
8.723553E+03	9.188045E-04	3.322888E-05
8.763163E+03	9.705651E-04	3.442305E-05
8.802774E+03	1.033425E-03	3.586552E-05
8.842384E+03	1.106779E-03	3.750762E-05
8.881994E+03	1.189578E-03	3.928820E-05
8.921604E+03	1.280124E-03	4.113092E-05
8.961215E+03	1.375939E-03	4.294540E-05
9.000825E+03	1.473842E-03	4.463528E-05
9.040435E+03	1.570364E-03	4.611551E-05
9.080045E+03	1.662527E-03	4.733691E-05
9.119656E+03	1.748257E-03	4.829506E-05
9.159266E+03	1.824320E-03	4.896940E-05
9.198876E+03	1.887545E-03	4.935636E-05
9.238486E+03	1.936385E-03	4.949902E-05
9.278097E+03	1.971090E-03	4.944471E-05
9.317707E+03	1.993037E-03	4.923562E-05
9.357317E+03	2.004029E-03	4.891464E-05
9.396927E+03	2.005950E-03	4.852172E-05
9.436537E+03	2.000590E-03	4.809396E-05
9.476148E+03	1.989573E-03	4.766751E-05
9.515758E+03	1.974321E-03	4.727910E-05
9.555368E+03	1.956057E-03	4.696736E-05
9.594978E+03	1.935785E-03	4.677273E-05
9.634589E+03	1.914347E-03	4.673810E-05
9.674199E+03	1.892623E-03	4.691235E-05
9.713809E+03	1.871862E-03	4.735701E-05
9.753419E+03	1.854124E-03	4.815714E-05
9.793030E+03	1.842631E-03	4.943317E-05
9.832640E+03	1.840733E-03	5.131356E-05
9.872250E+03	1.847113E-03	5.376446E-05
9.911857E+03	1.858239E-03	5.666294E-05
9.951468E+03	1.871694E-03	5.990657E-05
9.991078E+03	1.886146E-03	6.341712E-05
1.003069E+04	1.900882E-03	6.713261E-05
1.007030E+04	1.915391E-03	7.099688E-05
1.010991E+04	1.929076E-03	7.494982E-05
1.014952E+04	1.941049E-03	7.891828E-05
1.018913E+04	1.950019E-03	8.280840E-05
1.022874E+04	1.954295E-03	8.650215E-05
1.026835E+04	1.951986E-03	8.986306E-05
1.030796E+04	1.941541E-03	9.276099E-05
1.034757E+04	1.922760E-03	9.512590E-05
1.038718E+04	1.898060E-03	9.702490E-05
1.042679E+04	1.873112E-03	9.871687E-05
1.046640E+04	1.854304E-03	1.005384E-04
1.050601E+04	1.842039E-03	1.025321E-04
1.054562E+04	1.830441E-03	1.043830E-04
1.058523E+04	1.814215E-03	1.057782E-04
1.062484E+04	1.791346E-03	1.065758E-04
1.066445E+04	1.762402E-03	1.067847E-04
1.070406E+04	1.729142E-03	1.064945E-04
1.074367E+04	1.693528E-03	1.058184E-04
1.078328E+04	1.657215E-03	1.048601E-04
1.082289E+04	1.621406E-03	1.037013E-04
1.086250E+04	1.586893E-03	1.024012E-04
1.090211E+04	1.554153E-03	1.010005E-04
1.094172E+04	1.523446E-03	9.952620E-05
1.098133E+04	1.494905E-03	9.799659E-05
1.102094E+04	1.468591E-03	9.642436E-05
1.106055E+04	1.444533E-03	9.481905E-05
1.110016E+04	1.422751E-03	9.318843E-05
1.113977E+04	1.403271E-03	9.153928E-05
1.117938E+04	1.386129E-03	8.987775E-05
1.121900E+04	1.371380E-03	8.820948E-05
1.125861E+04	1.359090E-03	8.653949E-05
1.129822E+04	1.349347E-03	8.487211E-05
1.133783E+04	1.342254E-03	8.321074E-05
1.137744E+04	1.337931E-03	8.155767E-05
1.141705E+04	1.336517E-03	7.991381E-05
1.145666E+04	1.338166E-03	7.827842E-05
1.149627E+04	1.343050E-03	7.664867E-05
1.153588E+04	1.351354E-03	7.501934E-05
1.157549E+04	1.363270E-03	7.338208E-05
1.161510E+04	1.378995E-03	7.172498E-05
1.165471E+04	1.398714E-03	7.003161E-05
1.169432E+04	1.422587E-03	6.828035E-05
1.173393E+04	1.450728E-03	6.644349E-05
1.177354E+04	1.483164E-03	6.448638E-05
1.181315E+04	1.519804E-03	6.236698E-05
1.185276E+04	1.560373E-03	6.003578E-05
1.189237E+04	1.604348E-03	5.743659E-05
1.193198E+04	1.650875E-03	5.450901E-05
1.197159E+04	1.698684E-03	5.119332E-05
1.201120E+04	1.746025E-03	4.743931E-05
1.205081E+04	1.790661E-03	4.322093E-05
1.209042E+04	1.830004E-03	3.855940E-05
1.213003E+04	1.861474E-03	3.355880E-05
1.216964E+04	1.883172E-03	2.846199E-05
1.220925E+04	1.894782E-03	2.374261E-05
1.224886E+04	1.898254E-03	2.023393E-05
1.228847E+04	1.897125E-03	1.908015E-05
1.232808E+04	1.893397E-03	2.091867E-05
1.236769E+04	1.886151E-03	2.509602E-05
1.240730E+04	1.872169E-03	3.055037E-05
1.244691E+04	1.849105E-03	3.651481E-05
1.248652E+04	1.816847E-03	4.253625E-05
1.252613E+04	1.777041E-03	4.836710E-05
1.256574E+04	1.732173E-03	5.389095E-05
1.260535E+04	1.684834E-03	5.907539E-05
1.264496E+04	1.637290E-03	6.393950E-05
1.268457E+04	1.591317E-03	6.853118E-05
1.272418E+04	1.548190E-03	7.291173E-05
1.276379E+04	1.508746E-03	7.714608E-05
1.280340E+04	1.473467E-03	8.129678E-05
1.284301E+04	1.442570E-03	8.542080E-05
1.288262E+04	1.416075E-03	8.956780E-05
1.292224E+04	1.393866E-03	9.377958E-05
1.296185E+04	1.375732E-03	9.809004E-05
1.300146E+04	1.361401E-03	1.025254E-04
1.304107E+04	1.350563E-03	1.071047E-04
1.308068E+04	1.342885E-03	1.118403E-04
1.312029E+04	1.338027E-03	1.167383E-04
1.315990E+04	1.335646E-03	1.217994E-04
1.319951E+04	1.335401E-03	1.270190E-04
1.323912E+04	1.336963E-03	1.323878E-04
1.327873E+04	1.340013E-03	1.378925E-04
1.331834E+04	1.344244E-03	1.435161E-04
1.335795E+04	1.349363E-03	1.492382E-04
1.339756E+04	1.355093E-03	1.550357E-04
1.343717E+04	1.361174E-03	1.608831E-04
1.347678E+04	1.367362E-03	1.667529E-04
1.351639E+04	1.373431E-03	1.726163E-04
1.355600E+04	1.379176E-03	1.784440E-04
1.359561E+04	1.384411E-03	1.842062E-04
1.363522E+04	1.388977E-03	1.898738E-04
1.367483E+04	1.392736E-03	1.954189E-04
1.371444E+04	1.395577E-03	2.008157E-04
1.375405E+04	1.397416E-03	2.060407E-04
1.379366E+04	1.398198E-03	2.110738E-04
1.383327E+04	1.397894E-03	2.158986E-04
1.387288E+04	1.396503E-03	2.205029E-04
1.391249E+04	1.394050E-03	2.248788E-04
1.395210E+04	1.390583E-03	2.290229E-04
1.399171E+04	1.386172E-03	2.329364E-04
1.403132E+04	1.380904E-03	2.366246E-04
1.407093E+04	1.374883E-03	2.400969E-04
1.411054E+04	1.368223E-03	2.433664E-04
1.415015E+04	1.361047E-03	2.464494E-04
1.418976E+04	1.353486E-03	2.493650E-04
1.422937E+04	1.345671E-03	2.521347E-04
1.426898E+04	1.337734E-03	2.547817E-04
1.430859E+04	1.329808E-03	2.573307E-04
1.434820E+04	1.322018E-03	2.598071E-04
1.438781E+04	1.314485E-03	2.622367E-04
1.442742E+04	1.307322E-03	2.646449E-04
1.446703E+04	1.300629E-03	2.670565E-04
1.450664E+04	1.294498E-03	2.694943E-04
1.454625E+04	1.289003E-03	2.719799E-04
1.458587E+04	1.284205E-03	2.745316E-04
1.462548E+04	1.280149E-03	2.771653E-04
1.466509E+04	1.276863E-03	2.798932E-04
1.470470E+04	1.274358E-03	2.827242E-04
1.474431E+04	1.272628E-03	2.856633E-04
1.478392E+04	1.271653E-03	2.887118E-04
1.482353E+04	1.271400E-03	2.918677E-04
1.486314E+04	1.271824E-03	2.951258E-04
1.490275E+04	1.272873E-03	2.984788E-04
1.494236E+04	1.274492E-03	3.019175E-04
1.498197E+04	1.276624E-03	3.054322E-04
1.502158E+04	1.279217E-03	3.090136E-04
1.506119E+04	1.282230E-03	3.126540E-04
1.510080E+04	1.285634E-03	3.163483E-04
1.514041E+04	1.289414E-03	3.200954E-04
1.518002E+04	1.293578E-03	3.238985E-04
1.521963E+04	1.298150E-03	3.277654E-04
1.525924E+04	1.303174E-03	3.317089E-04
1.529885E+04	1.308708E-03	3.357463E-04
1.533846E+04	1.314825E-03	3.398982E-04
1.537807E+04	1.321603E-03	3.441874E-04
1.541768E+04	1.329119E-03	3.486369E-04
1.545729E+04	1.337441E-03	3.532674E-04
1.549690E+04	1.346613E-03	3.580939E-04
1.553651E+04	1.356642E-03	3.631211E-04
1.557612E+04	1.367474E-03	3.683377E-04
1.561573E+04	1.378970E-03	3.737082E-04
1.565534E+04	1.390865E-03	3.791617E-04
1.569495E+04	1.402720E-03	3.845787E-04
1.573456E+04	1.413877E-03	3.897748E-04
1.577417E+04	1.423404E-03	3.944876E-04
1.581378E+04	1.430093E-03	3.983717E-04
1.585339E+04	1.432546E-03	4.010221E-04
1.589300E+04	1.429443E-03	4.020501E-04
1.593261E+04	1.420107E-03	4.012422E-04
1.597222E+04	1.405351E-03	3.988064E-04
1.601183E+04	1.388158E-03	3.955746E-04
1.605144E+04	1.372235E-03	3.926012E-04
1.609105E+04	1.357400E-03	3.898397E-04
1.613066E+04	1.340157E-03	3.862886E-04
1.617027E+04	1.318266E-03	3.812941E-04
1.620988E+04	1.291621E-03	3.748149E-04
1.624949E+04	1.261361E-03	3.671726E-04
1.628911E+04	1.229011E-03	3.588066E-04
1.632872E+04	1.195987E-03	3.501308E-04
1.636833E+04	1.163400E-03	3.414739E-04
1.640794E+04	1.132022E-03	3.330689E-04
1.644755E+04	1.102336E-03	3.250653E-04
1.648716E+04	1.074604E-03	3.175475E-04
1.652677E+04	1.048924E-03	3.105526E-04
1.656638E+04	1.025288E-03	3.040851E-04
1.660599E+04	1.003618E-03	2.981282E-04
1.664560E+04	9.837935E-04	2.926519E-04
1.668521E+04	9.656699E-04	2.876184E-04
1.672482E+04	9.490920E-04	2.829858E-04
1.676443E+04	9.339033E-04	2.787111E-04
1.680404E+04	9.199517E-04	2.747522E-04
1.684365E+04	9.070926E-04	2.710686E-04
1.688326E+04	8.951929E-04	2.676231E-04
1.692287E+04	8.841330E-04	2.643817E-04
1.696248E+04	8.738078E-04	2.613148E-04
1.700209E+04	8.641289E-04	2.583975E-04
1.704170E+04	8.550248E-04	2.556096E-04
1.708131E+04	8.464412E-04	2.529361E-04
1.712092E+04	8.383418E-04	2.503671E-04
1.716053E+04	8.307073E-04	2.478977E-04
1.720014E+04	8.235349E-04	2.455278E-04
1.723975E+04	8.168354E-04	2.432612E-04
1.727936E+04	8.106336E-04	2.411058E-04
1.731897E+04	8.049638E-04	2.390721E-04
1.735858E+04	7.998678E-04	2.371724E-04
1.739819E+04	7.953929E-04	2.354206E-04
1.743780E+04	7.915872E-04	2.338306E-04
1.747741E+04	7.884974E-04	2.324154E-04
1.751702E+04	7.861657E-04	2.311865E-04
1.755663E+04	7.846273E-04	2.301528E-04
1.759624E+04	7.839069E-04	2.293200E-04
1.763585E+04	7.840176E-04	2.286899E-04
1.767546E+04	7.849583E-04	2.282601E-04
1.771507E+04	7.867128E-04	2.280233E-04
1.775468E+04	7.892486E-04	2.279675E-04
1.779429E+04	7.925174E-04	2.280759E-04
1.783390E+04	7.964538E-04	2.283268E-04
1.787351E+04	8.009768E-04	2.286943E-04
1.791312E+04	8.059908E-04	2.291482E-04
1.795274E+04	8.113876E-04	2.296554E-04
1.799235E+04	8.170473E-04	2.301795E-04
1.803196E+04	8.228424E-04	2.306828E-04
1.807157E+04	8.286387E-04	2.311263E-04
1.811118E+04	8.343006E-04	2.314715E-04
1.815079E+04	8.396919E-04	2.316802E-04
1.819040E+04	8.446814E-04	2.317170E-04
1.823001E+04	8.491445E-04	2.315486E-04
1.826962E+04	8.529670E-04	2.311462E-04
1.830923E+04	8.560470E-04	2.304847E-04
1.834884E+04	8.582980E-04	2.295445E-04
1.838845E+04	8.596496E-04	2.283107E-04
1.842806E+04	8.600492E-04	2.267744E-04
1.846767E+04	8.594625E-04	2.249319E-04
1.850728E+04	8.578724E-04	2.227847E-04
1.854689E+04	8.552799E-04	2.203392E-04
1.858650E+04	8.517020E-04	2.176064E-04
1.862611E+04	8.471709E-04	2.146014E-04
1.866572E+04	8.417316E-04	2.113425E-04
1.870533E+04	8.354416E-04	2.078508E-04
1.874494E+04	8.283676E-04	2.041498E-04
1.878455E+04	8.205846E-04	2.002644E-04
1.882416E+04	8.121742E-04	1.962207E-04
1.886377E+04	8.032228E-04	1.920454E-04
1.890338E+04	7.938199E-04	1.877653E-04
1.894299E+04	7.840569E-04	1.834067E-04
1.898260E+04	7.740256E-04	1.789955E-04
1.902221E+04	7.638169E-04	1.745562E-04
1.906182E+04	7.535192E-04	1.701119E-04
1.910143E+04	7.432165E-04	1.656840E-04
1.914104E+04	7.329880E-04	1.612917E-04
1.918065E+04	7.229065E-04	1.569520E-04
1.922026E+04	7.130368E-04	1.526791E-04
1.925987E+04	7.034351E-04	1.484849E-04
1.929948E+04	6.941489E-04	1.443784E-04
1.933909E+04	6.852156E-04	1.403662E-04
1.937870E+04	6.766631E-04	1.364522E-04
1.941831E+04	6.685091E-04	1.326378E-04
1.945792E+04	6.607630E-04	1.289226E-04
1.949753E+04	6.534252E-04	1.253040E-04
1.953714E+04	6.464888E-04	1.217784E-04
1.957675E+04	6.399405E-04	1.183404E-04
1.961636E+04	6.337624E-04	1.149843E-04
1.965598E+04	6.279323E-04	1.117038E-04
1.969559E+04	6.224251E-04	1.084920E-04
1.973520E+04	6.172150E-04	1.053425E-04
1.977481E+04	6.122746E-04	1.022490E-04
1.981442E+04	6.075769E-04	9.920537E-05
1.985403E+04	6.030955E-04	9.620628E-05
1.989364E+04	5.988057E-04	9.324692E-05
1.993325E+04	5.946844E-04	9.032316E-05
1.997286E+04	5.907109E-04	8.743167E-05
2.001247E+04	5.868687E-04	8.457009E-05
2.005208E+04	5.831444E-04	8.173692E-05
2.009169E+04	5.795301E-04	7.893168E-05
2.013130E+04	5.760239E-04	7.615502E-05
2.017091E+04	5.726291E-04	7.340848E-05
2.021052E+04	5.693559E-04	7.069465E-05
2.025013E+04	5.662207E-04	6.801696E-05
2.028974E+04	5.632450E-04	6.537953E-05
2.032935E+04	5.604565E-04	6.278725E-05
2.036896E+04	5.578859E-04	6.024536E-05
2.040857E+04	5.555680E-04	5.775966E-05
2.044818E+04	5.535387E-04	5.533623E-05
2.048779E+04	5.518351E-04	5.298163E-05
2.052740E+04	5.504945E-04	5.070294E-05
2.056701E+04	5.495518E-04	4.850782E-05
2.060662E+04	5.490408E-04	4.640497E-05
2.064623E+04	5.489915E-04	4.440428E-05
2.068584E+04	5.494302E-04	4.251730E-05
2.072545E+04	5.503769E-04	4.075760E-05
2.076506E+04	5.518454E-04	3.914117E-05
2.080467E+04	5.538390E-04	3.768669E-05
2.084428E+04	5.563475E-04	3.641553E-05
2.088389E+04	5.593421E-04	3.535135E-05
2.092350E+04	5.627668E-04	3.451911E-05
2.096311E+04	5.665287E-04	3.394325E-05
2.100272E+04	5.704858E-04	3.364503E-05
2.104233E+04	5.744336E-04	3.363905E-05
2.108194E+04	5.780958E-04	3.392913E-05
2.112155E+04	5.811267E-04	3.449870E-05
2.116116E+04	5.831431E-04	3.531260E-05
2.120077E+04	5.837960E-04	3.632614E-05
2.124038E+04	5.828887E-04	3.749404E-05
2.127999E+04	5.804851E-04	3.878096E-05
2.131961E+04	5.766731E-04	4.015074E-05
2.135922E+04	5.713137E-04	4.155080E-05
2.139883E+04	5.644765E-04	4.294319E-05
2.143844E+04	5.564402E-04	4.430901E-05
2.147805E+04	5.475613E-04	4.564187E-05
2.151766E+04	5.381759E-04	4.694147E-05
2.155727E+04	5.285535E-04	4.820934E-05
2.159688E+04	5.188841E-04	4.944629E-05
2.163649E+04	5.092851E-04	5.065139E-05
2.167610E+04	4.998170E-04	5.182180E-05
2.171571E+04	4.904979E-04	5.295289E-05
2.175532E+04	4.813172E-04	5.403855E-05
2.179493E+04	4.722472E-04	5.507175E-05
2.183454E+04	4.632508E-04	5.604480E-05
2.187415E+04	4.542873E-04	5.694980E-05
2.191376E+04	4.453187E-04	5.777912E-05
2.195337E+04	4.363108E-04	5.852558E-05
2.199298E+04	4.272372E-04	5.918297E-05
2.203259E+04	4.180801E-04	5.974626E-05
2.207220E+04	4.088304E-04	6.021175E-05
2.211181E+04	3.994900E-04	6.057752E-05
2.215142E+04	3.900691E-04	6.084332E-05
2.219103E+04	3.805880E-04	6.101083E-05
2.223064E+04	3.710740E-04	6.108354E-05
2.227025E+04	3.615616E-04	6.106670E-05
2.230986E+04	3.520906E-04	6.096731E-05
2.234947E+04	3.427042E-04	6.079369E-05
2.238908E+04	3.334480E-04	6.055549E-05
2.242869E+04	3.243677E-04	6.026316E-05
2.246830E+04	3.155088E-04	5.992799E-05
2.250791E+04	3.069132E-04	5.956137E-05
2.254752E+04	2.986205E-04	5.917489E-05
2.258713E+04	2.906652E-04	5.877979E-05
2.262674E+04	2.830776E-04	5.838698E-05
2.266635E+04	2.758822E-04	5.800663E-05
2.270596E+04	2.690993E-04	5.764835E-05
2.274557E+04	2.627429E-04	5.732064E-05
2.278518E+04	2.568234E-04	5.703140E-05
2.282479E+04	2.513466E-04	5.678754E-05
2.286440E+04	2.463144E-04	5.659514E-05
2.290401E+04	2.417261E-04	5.645957E-05
2.294362E+04	2.375779E-04	5.638543E-05
2.298323E+04	2.338646E-04	5.637681E-05
2.302285E+04	2.305788E-04	5.643714E-05
2.306246E+04	2.277127E-04	5.656951E-05
2.310207E+04	2.252571E-04	5.677653E-05
2.314168E+04	2.232027E-04	5.706049E-05
2.318129E+04	2.215398E-04	5.742343E-05
2.322090E+04	2.202584E-04	5.786709E-05
2.326051E+04	2.193488E-04	5.839300E-05
2.330012E+04	2.188008E-04	5.900245E-05
2.333973E+04	2.186044E-04	5.969650E-05
2.337934E+04	2.187496E-04	6.047600E-05
2.341895E+04	2.192260E-04	6.134153E-05
2.345856E+04	2.200231E-04	6.229342E-05
2.349817E+04	2.211304E-04	6.333175E-05
2.353778E+04	2.225367E-04	6.445627E-05
2.357739E+04	2.242308E-04	6.566649E-05
2.361700E+04	2.262011E-04	6.696155E-05
2.365661E+04	2.284355E-04	6.834032E-05
2.369622E+04	2.309216E-04	6.980136E-05
2.373583E+04	2.336467E-04	7.134293E-05
2.377544E+04	2.365980E-04	7.296298E-05
2.381505E+04	2.397622E-04	7.465923E-05
2.385466E+04	2.431262E-04	7.642917E-05
2.389427E+04	2.466766E-04	7.827008E-05
2.393388E+04	2.504004E-04	8.017908E-05
2.397349E+04	2.542848E-04	8.215326E-05
2.401310E+04	2.583173E-04	8.418955E-05
2.405271E+04	2.624856E-04	8.628488E-05
2.409232E+04	2.667786E-04	8.843636E-05
2.413193E+04	2.711855E-04	9.064104E-05
2.417154E+04	2.756965E-04	9.289622E-05
2.421115E+04	2.803026E-04	9.519924E-05
2.425076E+04	2.849958E-04	9.754783E-05
