#wls	flux	fluxerr
3.257341E+03	2.604197E-04	4.250301E-05
3.296951E+03	2.471566E-04	4.023145E-05
3.336561E+03	2.352938E-04	3.819804E-05
3.376171E+03	2.247071E-04	3.638091E-05
3.415782E+03	2.152856E-04	3.476059E-05
3.455392E+03	2.069310E-04	3.331978E-05
3.495002E+03	1.995553E-04	3.204302E-05
3.534612E+03	1.930809E-04	3.091663E-05
3.574223E+03	1.874391E-04	2.992846E-05
3.613833E+03	1.825690E-04	2.906778E-05
3.653443E+03	1.784177E-04	2.832514E-05
3.693053E+03	1.749384E-04	2.769220E-05
3.732664E+03	1.720902E-04	2.716161E-05
3.772274E+03	1.698370E-04	2.672684E-05
3.811884E+03	1.681472E-04	2.638210E-05
3.851494E+03	1.669925E-04	2.612221E-05
3.891105E+03	1.663479E-04	2.594253E-05
3.930715E+03	1.661912E-04	2.583889E-05
3.970325E+03	1.665025E-04	2.580750E-05
4.009935E+03	1.672639E-04	2.584492E-05
4.049545E+03	1.684592E-04	2.594803E-05
4.089156E+03	1.700737E-04	2.611391E-05
4.128766E+03	1.720938E-04	2.633989E-05
4.168376E+03	1.745069E-04	2.662341E-05
4.207986E+03	1.773009E-04	2.696205E-05
4.247597E+03	1.804640E-04	2.735346E-05
4.287207E+03	1.839847E-04	2.779531E-05
4.326817E+03	1.878509E-04	2.828523E-05
4.366427E+03	1.920502E-04	2.882084E-05
4.406038E+03	1.965682E-04	2.939945E-05
4.445648E+03	2.013895E-04	3.001826E-05
4.485258E+03	2.064960E-04	3.067410E-05
4.524868E+03	2.118666E-04	3.136337E-05
4.564479E+03	2.174773E-04	3.208213E-05
4.604089E+03	2.233003E-04	3.282586E-05
4.643699E+03	2.293034E-04	3.358953E-05
4.683309E+03	2.354505E-04	3.436754E-05
4.722919E+03	2.417007E-04	3.515371E-05
4.762530E+03	2.480089E-04	3.594132E-05
4.802140E+03	2.543262E-04	3.672319E-05
4.841750E+03	2.606041E-04	3.749231E-05
4.881360E+03	2.667934E-04	3.824169E-05
4.920971E+03	2.728433E-04	3.896417E-05
4.960581E+03	2.787006E-04	3.965240E-05
5.000191E+03	2.843116E-04	4.029904E-05
5.039801E+03	2.896224E-04	4.089685E-05
5.079412E+03	2.945812E-04	4.143902E-05
5.119022E+03	2.991404E-04	4.191941E-05
5.158632E+03	3.032577E-04	4.233276E-05
5.198242E+03	3.068977E-04	4.267485E-05
5.237853E+03	3.100349E-04	4.294290E-05
5.277463E+03	3.126537E-04	4.313559E-05
5.317073E+03	3.147517E-04	4.325343E-05
5.356683E+03	3.163411E-04	4.329893E-05
5.396293E+03	3.174474E-04	4.327642E-05
5.435904E+03	3.181109E-04	4.319217E-05
5.475514E+03	3.183827E-04	4.305381E-05
5.515124E+03	3.183241E-04	4.287029E-05
5.554734E+03	3.180020E-04	4.265113E-05
5.594345E+03	3.174865E-04	4.240613E-05
5.633955E+03	3.168465E-04	4.214482E-05
5.673565E+03	3.161466E-04	4.187596E-05
5.713175E+03	3.154441E-04	4.160725E-05
5.752786E+03	3.147881E-04	4.134515E-05
5.792396E+03	3.142174E-04	4.109468E-05
5.832006E+03	3.137612E-04	4.085952E-05
5.871616E+03	3.134381E-04	4.064193E-05
5.911227E+03	3.132576E-04	4.044291E-05
5.950837E+03	3.132203E-04	4.026233E-05
5.990447E+03	3.133185E-04	4.009900E-05
6.030057E+03	3.135383E-04	3.995094E-05
6.069667E+03	3.138592E-04	3.981538E-05
6.109278E+03	3.142565E-04	3.968903E-05
6.148888E+03	3.147012E-04	3.956818E-05
6.188498E+03	3.151620E-04	3.944885E-05
6.228108E+03	3.156064E-04	3.932697E-05
6.267719E+03	3.160018E-04	3.919860E-05
6.307329E+03	3.163184E-04	3.906014E-05
6.346939E+03	3.165323E-04	3.890883E-05
6.386549E+03	3.166326E-04	3.874357E-05
6.426160E+03	3.166367E-04	3.856668E-05
6.465770E+03	3.165926E-04	3.838413E-05
6.505380E+03	3.165589E-04	3.820310E-05
6.544990E+03	3.165955E-04	3.803078E-05
6.584601E+03	3.167593E-04	3.787384E-05
6.624211E+03	3.171003E-04	3.773804E-05
6.663821E+03	3.176608E-04	3.762808E-05
6.703431E+03	3.184744E-04	3.754762E-05
6.743041E+03	3.195670E-04	3.749925E-05
6.782652E+03	3.209564E-04	3.748462E-05
6.822262E+03	3.226524E-04	3.750438E-05
6.861872E+03	3.246582E-04	3.755843E-05
6.901482E+03	3.269709E-04	3.764595E-05
6.941093E+03	3.295837E-04	3.776566E-05
6.980703E+03	3.324858E-04	3.791591E-05
7.020313E+03	3.356659E-04	3.809495E-05
7.059923E+03	3.391131E-04	3.830112E-05
7.099534E+03	3.428198E-04	3.853320E-05
7.139144E+03	3.467830E-04	3.879047E-05
7.178754E+03	3.510069E-04	3.907304E-05
7.218364E+03	3.555053E-04	3.938206E-05
7.257975E+03	3.603012E-04	3.971970E-05
7.297585E+03	3.654318E-04	4.008963E-05
7.337195E+03	3.709481E-04	4.049695E-05
7.376805E+03	3.769176E-04	4.094848E-05
7.416415E+03	3.834216E-04	4.145236E-05
7.456026E+03	3.905503E-04	4.201757E-05
7.495636E+03	3.983906E-04	4.265252E-05
7.535246E+03	4.070027E-04	4.336266E-05
7.574856E+03	4.163801E-04	4.414622E-05
7.614467E+03	4.263841E-04	4.498755E-05
7.654077E+03	4.366837E-04	4.585109E-05
7.693687E+03	4.467977E-04	4.668627E-05
7.733297E+03	4.561780E-04	4.743656E-05
7.772908E+03	4.643164E-04	4.805061E-05
7.812518E+03	4.708983E-04	4.849805E-05
7.852128E+03	4.758336E-04	4.877208E-05
7.891738E+03	4.791757E-04	4.888067E-05
7.931349E+03	4.810730E-04	4.884125E-05
7.970959E+03	4.817336E-04	4.867702E-05
8.010569E+03	4.813987E-04	4.841405E-05
8.050179E+03	4.803210E-04	4.807907E-05
8.089789E+03	4.787498E-04	4.769800E-05
8.129400E+03	4.769212E-04	4.729497E-05
8.169010E+03	4.750510E-04	4.689165E-05
8.208620E+03	4.733318E-04	4.650703E-05
8.248230E+03	4.719298E-04	4.615721E-05
8.287841E+03	4.709828E-04	4.585520E-05
8.327451E+03	4.705969E-04	4.561073E-05
8.367061E+03	4.708476E-04	4.543038E-05
8.406671E+03	4.717791E-04	4.531767E-05
8.446282E+03	4.734087E-04	4.527344E-05
8.485892E+03	4.757299E-04	4.529629E-05
8.525502E+03	4.787173E-04	4.538308E-05
8.565112E+03	4.823312E-04	4.552935E-05
8.604723E+03	4.865208E-04	4.572974E-05
8.644333E+03	4.912286E-04	4.597834E-05
8.683943E+03	4.963947E-04	4.626913E-05
8.723553E+03	5.019591E-04	4.659623E-05
8.763163E+03	5.078666E-04	4.695430E-05
8.802774E+03	5.140694E-04	4.733881E-05
8.842384E+03	5.205290E-04	4.774614E-05
8.881994E+03	5.272171E-04	4.817371E-05
8.921604E+03	5.341141E-04	4.861979E-05
8.961215E+03	5.412093E-04	4.908349E-05
9.000825E+03	5.484995E-04	4.956464E-05
9.040435E+03	5.559874E-04	5.006364E-05
9.080045E+03	5.636771E-04	5.058100E-05
9.119656E+03	5.715665E-04	5.111675E-05
9.159266E+03	5.796423E-04	5.166988E-05
9.198876E+03	5.878740E-04	5.223785E-05
9.238486E+03	5.962115E-04	5.281632E-05
9.278097E+03	6.045843E-04	5.339921E-05
9.317707E+03	6.129049E-04	5.397896E-05
9.357317E+03	6.210724E-04	5.454701E-05
9.396927E+03	6.289823E-04	5.509449E-05
9.436537E+03	6.365388E-04	5.561344E-05
9.476148E+03	6.436698E-04	5.609800E-05
9.515758E+03	6.503411E-04	5.654568E-05
9.555368E+03	6.565719E-04	5.695858E-05
9.594978E+03	6.624470E-04	5.734449E-05
9.634589E+03	6.681280E-04	5.771770E-05
9.674199E+03	6.738612E-04	5.809973E-05
9.713809E+03	6.799755E-04	5.851900E-05
9.753419E+03	6.868666E-04	5.900952E-05
9.793030E+03	6.949565E-04	5.960730E-05
9.832640E+03	7.046083E-04	6.034319E-05
9.872250E+03	7.159793E-04	6.123025E-05
9.911857E+03	7.290574E-04	6.226692E-05
9.951468E+03	7.437611E-04	6.344577E-05
9.991078E+03	7.599780E-04	6.475681E-05
1.003069E+04	7.775756E-04	6.618849E-05
1.007030E+04	7.963937E-04	6.772695E-05
1.010991E+04	8.162246E-04	6.935441E-05
1.014952E+04	8.367890E-04	7.104710E-05
1.018913E+04	8.577223E-04	7.277408E-05
1.022874E+04	8.785815E-04	7.449789E-05
1.026835E+04	8.988831E-04	7.617765E-05
1.030796E+04	9.181704E-04	7.777489E-05
1.034757E+04	9.360884E-04	7.925973E-05
1.038718E+04	9.524281E-04	8.061465E-05
1.042679E+04	9.671155E-04	8.183353E-05
1.046640E+04	9.801616E-04	8.291742E-05
1.050601E+04	9.916085E-04	8.386993E-05
1.054562E+04	1.001492E-03	8.469408E-05
1.058523E+04	1.009830E-03	8.539139E-05
1.062484E+04	1.016627E-03	8.596218E-05
1.066445E+04	1.021885E-03	8.640646E-05
1.070406E+04	1.025609E-03	8.672466E-05
1.074367E+04	1.027818E-03	8.691810E-05
1.078328E+04	1.028539E-03	8.698909E-05
1.082289E+04	1.027814E-03	8.694097E-05
1.086250E+04	1.025696E-03	8.677808E-05
1.090211E+04	1.022252E-03	8.650576E-05
1.094172E+04	1.017556E-03	8.613031E-05
1.098133E+04	1.011698E-03	8.565903E-05
1.102094E+04	1.004776E-03	8.510009E-05
1.106055E+04	9.968999E-04	8.446258E-05
1.110016E+04	9.881871E-04	8.375638E-05
1.113977E+04	9.787652E-04	8.299211E-05
1.117938E+04	9.687679E-04	8.218099E-05
1.121900E+04	9.583335E-04	8.133464E-05
1.125861E+04	9.476034E-04	8.046497E-05
1.129822E+04	9.367195E-04	7.958397E-05
1.133783E+04	9.258217E-04	7.870348E-05
1.137744E+04	9.150453E-04	7.783499E-05
1.141705E+04	9.045190E-04	7.698949E-05
1.145666E+04	8.943625E-04	7.617719E-05
1.149627E+04	8.846837E-04	7.540740E-05
1.153588E+04	8.755778E-04	7.468833E-05
1.157549E+04	8.671250E-04	7.402699E-05
1.161510E+04	8.593885E-04	7.342897E-05
1.165471E+04	8.524133E-04	7.289831E-05
1.169432E+04	8.462240E-04	7.243739E-05
1.173393E+04	8.408240E-04	7.204677E-05
1.177354E+04	8.361922E-04	7.172494E-05
1.181315E+04	8.322839E-04	7.146839E-05
1.185276E+04	8.290267E-04	7.127123E-05
1.189237E+04	8.263224E-04	7.112535E-05
1.193198E+04	8.240445E-04	7.102017E-05
1.197159E+04	8.220410E-04	7.094287E-05
1.201120E+04	8.201346E-04	7.087841E-05
1.205081E+04	8.181282E-04	7.080994E-05
1.209042E+04	8.158105E-04	7.071926E-05
1.213003E+04	8.129638E-04	7.058754E-05
1.216964E+04	8.093749E-04	7.039615E-05
1.220925E+04	8.048456E-04	7.012764E-05
1.224886E+04	7.992055E-04	6.976681E-05
1.228847E+04	7.923249E-04	6.930172E-05
1.232808E+04	7.841284E-04	6.872472E-05
1.236769E+04	7.746172E-04	6.803474E-05
1.240730E+04	7.638997E-04	6.724012E-05
1.244691E+04	7.521679E-04	6.635662E-05
1.248652E+04	7.396586E-04	6.540409E-05
1.252613E+04	7.266308E-04	6.440451E-05
1.256574E+04	7.133488E-04	6.338060E-05
1.260535E+04	7.000714E-04	6.235477E-05
1.264496E+04	6.870429E-04	6.134843E-05
1.268457E+04	6.744862E-04	6.038130E-05
1.272418E+04	6.625997E-04	5.947113E-05
1.276379E+04	6.515546E-04	5.863344E-05
1.280340E+04	6.414933E-04	5.788138E-05
1.284301E+04	6.325310E-04	5.722577E-05
1.288262E+04	6.247553E-04	5.667509E-05
1.292224E+04	6.182281E-04	5.623562E-05
1.296185E+04	6.129874E-04	5.591153E-05
1.300146E+04	6.090491E-04	5.570503E-05
1.304107E+04	6.064081E-04	5.561647E-05
1.308068E+04	6.050404E-04	5.564445E-05
1.312029E+04	6.049040E-04	5.578594E-05
1.315990E+04	6.059398E-04	5.603624E-05
1.319951E+04	6.080735E-04	5.638926E-05
1.323912E+04	6.112152E-04	5.683736E-05
1.327873E+04	6.152620E-04	5.737158E-05
1.331834E+04	6.200980E-04	5.798170E-05
1.335795E+04	6.255967E-04	5.865634E-05
1.339756E+04	6.316226E-04	5.938316E-05
1.343717E+04	6.380326E-04	6.014900E-05
1.347678E+04	6.446809E-04	6.094024E-05
1.351639E+04	6.514193E-04	6.174294E-05
1.355600E+04	6.581029E-04	6.254330E-05
1.359561E+04	6.645914E-04	6.332784E-05
1.363522E+04	6.707531E-04	6.408370E-05
1.367483E+04	6.764669E-04	6.479900E-05
1.371444E+04	6.816255E-04	6.546301E-05
1.375405E+04	6.861368E-04	6.606638E-05
1.379366E+04	6.899261E-04	6.660138E-05
1.383327E+04	6.929369E-04	6.706194E-05
1.387288E+04	6.951322E-04	6.744388E-05
1.391249E+04	6.964947E-04	6.774489E-05
1.395210E+04	6.970268E-04	6.796459E-05
1.399171E+04	6.967496E-04	6.810445E-05
1.403132E+04	6.957015E-04	6.816763E-05
1.407093E+04	6.939371E-04	6.815899E-05
1.411054E+04	6.915238E-04	6.808466E-05
1.415015E+04	6.885416E-04	6.795214E-05
1.418976E+04	6.850797E-04	6.776989E-05
1.422937E+04	6.812347E-04	6.754721E-05
1.426898E+04	6.771088E-04	6.729404E-05
1.430859E+04	6.728072E-04	6.702076E-05
1.434820E+04	6.684363E-04	6.673793E-05
1.438781E+04	6.641016E-04	6.645614E-05
1.442742E+04	6.599052E-04	6.618575E-05
1.446703E+04	6.559447E-04	6.593674E-05
1.450664E+04	6.523108E-04	6.571850E-05
1.454625E+04	6.490861E-04	6.553969E-05
1.458587E+04	6.463435E-04	6.540807E-05
1.462548E+04	6.441460E-04	6.533045E-05
1.466509E+04	6.425452E-04	6.531254E-05
1.470470E+04	6.415810E-04	6.535893E-05
1.474431E+04	6.412819E-04	6.547307E-05
1.478392E+04	6.416643E-04	6.565721E-05
1.482353E+04	6.427330E-04	6.591244E-05
1.486314E+04	6.444815E-04	6.623868E-05
1.490275E+04	6.468924E-04	6.663475E-05
1.494236E+04	6.499380E-04	6.709842E-05
1.498197E+04	6.535813E-04	6.762643E-05
1.502158E+04	6.577764E-04	6.821463E-05
1.506119E+04	6.624695E-04	6.885801E-05
1.510080E+04	6.675988E-04	6.955067E-05
1.514041E+04	6.730961E-04	7.028600E-05
1.518002E+04	6.788868E-04	7.105670E-05
1.521963E+04	6.848902E-04	7.185475E-05
1.525924E+04	6.910204E-04	7.267150E-05
1.529885E+04	6.971854E-04	7.349764E-05
1.533846E+04	7.032896E-04	7.432335E-05
1.537807E+04	7.092324E-04	7.513819E-05
1.541768E+04	7.149093E-04	7.593123E-05
1.545729E+04	7.202126E-04	7.669110E-05
1.549690E+04	7.250332E-04	7.740611E-05
1.553651E+04	7.292603E-04	7.806431E-05
1.557612E+04	7.327852E-04	7.865382E-05
1.561573E+04	7.355016E-04	7.916288E-05
1.565534E+04	7.373094E-04	7.958024E-05
1.569495E+04	7.381161E-04	7.989535E-05
1.573456E+04	7.378410E-04	8.009875E-05
1.577417E+04	7.364165E-04	8.018228E-05
1.581378E+04	7.337923E-04	8.013954E-05
1.585339E+04	7.299381E-04	7.996618E-05
1.589300E+04	7.248471E-04	7.966034E-05
1.593261E+04	7.185380E-04	7.922288E-05
1.597222E+04	7.110575E-04	7.865772E-05
1.601183E+04	7.024803E-04	7.797165E-05
1.605144E+04	6.929068E-04	7.717425E-05
1.609105E+04	6.824588E-04	7.627754E-05
1.613066E+04	6.712669E-04	7.529472E-05
1.617027E+04	6.594642E-04	7.423943E-05
1.620988E+04	6.471842E-04	7.312556E-05
1.624949E+04	6.345596E-04	7.196712E-05
1.628911E+04	6.217192E-04	7.077790E-05
1.632872E+04	6.087847E-04	6.957108E-05
1.636833E+04	5.958676E-04	6.835891E-05
1.640794E+04	5.830679E-04	6.715254E-05
1.644755E+04	5.704724E-04	6.596176E-05
1.648716E+04	5.581537E-04	6.479491E-05
1.652677E+04	5.461712E-04	6.365894E-05
1.656638E+04	5.345710E-04	6.255939E-05
1.660599E+04	5.233872E-04	6.150047E-05
1.664560E+04	5.126439E-04	6.048535E-05
1.668521E+04	5.023562E-04	5.951617E-05
1.672482E+04	4.925316E-04	5.859422E-05
1.676443E+04	4.831730E-04	5.772030E-05
1.680404E+04	4.742788E-04	5.689467E-05
1.684365E+04	4.658451E-04	5.611736E-05
1.688326E+04	4.578667E-04	5.538823E-05
1.692287E+04	4.503385E-04	5.470718E-05
1.696248E+04	4.432563E-04	5.407420E-05
1.700209E+04	4.366172E-04	5.348949E-05
1.704170E+04	4.304204E-04	5.295348E-05
1.708131E+04	4.246679E-04	5.246697E-05
1.712092E+04	4.193637E-04	5.203102E-05
1.716053E+04	4.145143E-04	5.164705E-05
1.720014E+04	4.101296E-04	5.131688E-05
1.723975E+04	4.062205E-04	5.104254E-05
1.727936E+04	4.028015E-04	5.082651E-05
1.731897E+04	3.998886E-04	5.067151E-05
1.735858E+04	3.974994E-04	5.058051E-05
1.739819E+04	3.956529E-04	5.055671E-05
1.743780E+04	3.943695E-04	5.060351E-05
1.747741E+04	3.936697E-04	5.072441E-05
1.751702E+04	3.935732E-04	5.092281E-05
1.755663E+04	3.940990E-04	5.120212E-05
1.759624E+04	3.952631E-04	5.156533E-05
1.763585E+04	3.970788E-04	5.201520E-05
1.767546E+04	3.995543E-04	5.255378E-05
1.771507E+04	4.026922E-04	5.318243E-05
1.775468E+04	4.064880E-04	5.390155E-05
1.779429E+04	4.109286E-04	5.471043E-05
1.783390E+04	4.159913E-04	5.560699E-05
1.787351E+04	4.216429E-04	5.658771E-05
1.791312E+04	4.278377E-04	5.764734E-05
1.795274E+04	4.345183E-04	5.877892E-05
1.799235E+04	4.416145E-04	5.997361E-05
1.803196E+04	4.490439E-04	6.122080E-05
1.807157E+04	4.567124E-04	6.250806E-05
1.811118E+04	4.645161E-04	6.382143E-05
1.815079E+04	4.723436E-04	6.514568E-05
1.819040E+04	4.800776E-04	6.646455E-05
1.823001E+04	4.875991E-04	6.776126E-05
1.826962E+04	4.947905E-04	6.901902E-05
1.830923E+04	5.015388E-04	7.022140E-05
1.834884E+04	5.077385E-04	7.135283E-05
1.838845E+04	5.132948E-04	7.239901E-05
1.842806E+04	5.181257E-04	7.334726E-05
1.846767E+04	5.221640E-04	7.418688E-05
1.850728E+04	5.253587E-04	7.490930E-05
1.854689E+04	5.276763E-04	7.550837E-05
1.858650E+04	5.291007E-04	7.598044E-05
1.862611E+04	5.296340E-04	7.632438E-05
1.866572E+04	5.292936E-04	7.654135E-05
1.870533E+04	5.281122E-04	7.663475E-05
1.874494E+04	5.261347E-04	7.660983E-05
1.878455E+04	5.234171E-04	7.647360E-05
1.882416E+04	5.200244E-04	7.623446E-05
1.886377E+04	5.160289E-04	7.590208E-05
1.890338E+04	5.115084E-04	7.548703E-05
1.894299E+04	5.065443E-04	7.500065E-05
1.898260E+04	5.012197E-04	7.445464E-05
1.902221E+04	4.956181E-04	7.386094E-05
1.906182E+04	4.898204E-04	7.323130E-05
1.910143E+04	4.839048E-04	7.257720E-05
1.914104E+04	4.779447E-04	7.190953E-05
1.918065E+04	4.720078E-04	7.123850E-05
1.922026E+04	4.661546E-04	7.057332E-05
1.925987E+04	4.604381E-04	6.992223E-05
1.929948E+04	4.549034E-04	6.929231E-05
1.933909E+04	4.495868E-04	6.868940E-05
1.937870E+04	4.445164E-04	6.811816E-05
1.941831E+04	4.397125E-04	6.758206E-05
1.945792E+04	4.351870E-04	6.708336E-05
1.949753E+04	4.309452E-04	6.662329E-05
1.953714E+04	4.269856E-04	6.620203E-05
1.957675E+04	4.233004E-04	6.581878E-05
1.961636E+04	4.198766E-04	6.547190E-05
1.965598E+04	4.166965E-04	6.515901E-05
1.969559E+04	4.137377E-04	6.487694E-05
1.973520E+04	4.109745E-04	6.462197E-05
1.977481E+04	4.083779E-04	6.438980E-05
1.981442E+04	4.059171E-04	6.417582E-05
1.985403E+04	4.035591E-04	6.397499E-05
1.989364E+04	4.012699E-04	6.378205E-05
1.993325E+04	3.990150E-04	6.359162E-05
1.997286E+04	3.967604E-04	6.339833E-05
2.001247E+04	3.944724E-04	6.319683E-05
2.005208E+04	3.921200E-04	6.298209E-05
2.009169E+04	3.896737E-04	6.274933E-05
2.013130E+04	3.871078E-04	6.249431E-05
2.017091E+04	3.843994E-04	6.221319E-05
2.021052E+04	3.815298E-04	6.190282E-05
2.025013E+04	3.784847E-04	6.156068E-05
2.028974E+04	3.752537E-04	6.118490E-05
2.032935E+04	3.718310E-04	6.077435E-05
2.036896E+04	3.682147E-04	6.032852E-05
2.040857E+04	3.644066E-04	5.984752E-05
2.044818E+04	3.604127E-04	5.933215E-05
2.048779E+04	3.562425E-04	5.878378E-05
2.052740E+04	3.519079E-04	5.820424E-05
2.056701E+04	3.474246E-04	5.759595E-05
2.060662E+04	3.428101E-04	5.696172E-05
2.064623E+04	3.380848E-04	5.630479E-05
2.068584E+04	3.332710E-04	5.562887E-05
2.072545E+04	3.283934E-04	5.493795E-05
2.076506E+04	3.234780E-04	5.423643E-05
2.080467E+04	3.185531E-04	5.352901E-05
2.084428E+04	3.136476E-04	5.282062E-05
2.088389E+04	3.087918E-04	5.211643E-05
2.092350E+04	3.040170E-04	5.142181E-05
2.096311E+04	2.993545E-04	5.074221E-05
2.100272E+04	2.948350E-04	5.008299E-05
2.104233E+04	2.904894E-04	4.944960E-05
2.108194E+04	2.863466E-04	4.884721E-05
2.112155E+04	2.824342E-04	4.828075E-05
2.116116E+04	2.787766E-04	4.775466E-05
2.120077E+04	2.753950E-04	4.727290E-05
2.124038E+04	2.723053E-04	4.683848E-05
2.127999E+04	2.695151E-04	4.645301E-05
2.131961E+04	2.670164E-04	4.611547E-05
2.135922E+04	2.647816E-04	4.582140E-05
2.139883E+04	2.627741E-04	4.556469E-05
2.143844E+04	2.609534E-04	4.533859E-05
2.147805E+04	2.592784E-04	4.513614E-05
2.151766E+04	2.577091E-04	4.495051E-05
2.155727E+04	2.562077E-04	4.477518E-05
2.159688E+04	2.547398E-04	4.460424E-05
2.163649E+04	2.532742E-04	4.443224E-05
2.167610E+04	2.517843E-04	4.425451E-05
2.171571E+04	2.502472E-04	4.406700E-05
2.175532E+04	2.486446E-04	4.386643E-05
2.179493E+04	2.469623E-04	4.365024E-05
2.183454E+04	2.451906E-04	4.341665E-05
2.187415E+04	2.433235E-04	4.316452E-05
2.191376E+04	2.413593E-04	4.289342E-05
2.195337E+04	2.392994E-04	4.260358E-05
2.199298E+04	2.371493E-04	4.229584E-05
2.203259E+04	2.349169E-04	4.197159E-05
2.207220E+04	2.326132E-04	4.163269E-05
2.211181E+04	2.302510E-04	4.128139E-05
2.215142E+04	2.278445E-04	4.092020E-05
2.219103E+04	2.254096E-04	4.055197E-05
2.223064E+04	2.229625E-04	4.017959E-05
2.227025E+04	2.205194E-04	3.980599E-05
2.230986E+04	2.180968E-04	3.943416E-05
2.234947E+04	2.157103E-04	3.906698E-05
2.238908E+04	2.133748E-04	3.870718E-05
2.242869E+04	2.111039E-04	3.835730E-05
2.246830E+04	2.089106E-04	3.801977E-05
2.250791E+04	2.068062E-04	3.769673E-05
2.254752E+04	2.048008E-04	3.739012E-05
2.258713E+04	2.029030E-04	3.710160E-05
2.262674E+04	2.011207E-04	3.683272E-05
2.266635E+04	1.994602E-04	3.658477E-05
2.270596E+04	1.979272E-04	3.635888E-05
2.274557E+04	1.965261E-04	3.615599E-05
2.278518E+04	1.952606E-04	3.597690E-05
2.282479E+04	1.941340E-04	3.582232E-05
2.286440E+04	1.931484E-04	3.569279E-05
2.290401E+04	1.923056E-04	3.558873E-05
2.294362E+04	1.916067E-04	3.551051E-05
2.298323E+04	1.910526E-04	3.545838E-05
2.302285E+04	1.906436E-04	3.543251E-05
2.306246E+04	1.903793E-04	3.543297E-05
2.310207E+04	1.902594E-04	3.545979E-05
2.314168E+04	1.902829E-04	3.551293E-05
2.318129E+04	1.904491E-04	3.559233E-05
2.322090E+04	1.907566E-04	3.569787E-05
2.326051E+04	1.912039E-04	3.582936E-05
2.330012E+04	1.917893E-04	3.598660E-05
2.333973E+04	1.925111E-04	3.616935E-05
2.337934E+04	1.933676E-04	3.637737E-05
2.341895E+04	1.943562E-04	3.661031E-05
2.345856E+04	1.954748E-04	3.686783E-05
2.349817E+04	1.967209E-04	3.714956E-05
2.353778E+04	1.980915E-04	3.745503E-05
2.357739E+04	1.995838E-04	3.778374E-05
2.361700E+04	2.011939E-04	3.813509E-05
2.365661E+04	2.029181E-04	3.850842E-05
2.369622E+04	2.047523E-04	3.890302E-05
2.373583E+04	2.066920E-04	3.931811E-05
2.377544E+04	2.087332E-04	3.975295E-05
2.381505E+04	2.108707E-04	4.020668E-05
2.385466E+04	2.131000E-04	4.067842E-05
2.389427E+04	2.154159E-04	4.116725E-05
2.393388E+04	2.178132E-04	4.167225E-05
2.397349E+04	2.202859E-04	4.219228E-05
2.401310E+04	2.228285E-04	4.272631E-05
2.405271E+04	2.254346E-04	4.327317E-05
2.409232E+04	2.280973E-04	4.383153E-05
2.413193E+04	2.308098E-04	4.440014E-05
2.417154E+04	2.335647E-04	4.497756E-05
2.421115E+04	2.363545E-04	4.556238E-05
2.425076E+04	2.391719E-04	4.615317E-05
