#wls	flux	fluxerr
3.257341E+03	6.541017E-02	2.932863E-03
3.296951E+03	4.453828E-02	1.835261E-03
3.336561E+03	2.982362E-02	1.127160E-03
3.376171E+03	1.962524E-02	6.801188E-04
3.415782E+03	1.269798E-02	4.041579E-04
3.455392E+03	8.102580E-03	2.377944E-04
3.495002E+03	5.137168E-03	1.400603E-04
3.534612E+03	3.278984E-03	8.408108E-05
3.574223E+03	2.139811E-03	5.254395E-05
3.613833E+03	1.450818E-03	3.491500E-05
3.653443E+03	1.038323E-03	2.513094E-05
3.693053E+03	7.958929E-04	1.982579E-05
3.732664E+03	6.609208E-04	1.720079E-05
3.772274E+03	5.989907E-04	1.640126E-05
3.811884E+03	5.932370E-04	1.710500E-05
3.851494E+03	6.368475E-04	1.927585E-05
3.891105E+03	7.300908E-04	2.307134E-05
3.930715E+03	8.784803E-04	2.879083E-05
3.970325E+03	1.090368E-03	3.679602E-05
4.009935E+03	1.374077E-03	4.739867E-05
4.049545E+03	1.734540E-03	6.071865E-05
4.089156E+03	2.169981E-03	7.654427E-05
4.128766E+03	2.669635E-03	9.424676E-05
4.168376E+03	3.213503E-03	1.127978E-04
4.207986E+03	3.774361E-03	1.308996E-04
4.247597E+03	4.321302E-03	1.471879E-04
4.287207E+03	4.823423E-03	1.604373E-04
4.326817E+03	5.252427E-03	1.697096E-04
4.366427E+03	5.583698E-03	1.744215E-04
4.406038E+03	5.796315E-03	1.743502E-04
4.445648E+03	5.873045E-03	1.696113E-04
4.485258E+03	5.801355E-03	1.606366E-04
4.524868E+03	5.575945E-03	1.481515E-04
4.564479E+03	5.202370E-03	1.331314E-04
4.604089E+03	4.700491E-03	1.167112E-04
4.643699E+03	4.108788E-03	1.001025E-04
4.683309E+03	3.484891E-03	8.449391E-05
4.722919E+03	2.893119E-03	7.075079E-05
4.762530E+03	2.415869E-03	6.018812E-05
4.802140E+03	2.108827E-03	5.385912E-05
4.841750E+03	1.954501E-03	5.131496E-05
4.881360E+03	1.904837E-03	5.140857E-05
4.920971E+03	1.917431E-03	5.307786E-05
4.960581E+03	1.955536E-03	5.531531E-05
5.000191E+03	1.985752E-03	5.711964E-05
5.039801E+03	1.979870E-03	5.758978E-05
5.079412E+03	1.921363E-03	5.617112E-05
5.119022E+03	1.815638E-03	5.300584E-05
5.158632E+03	1.683698E-03	4.875414E-05
5.198242E+03	1.550388E-03	4.421961E-05
5.237853E+03	1.438650E-03	4.013474E-05
5.277463E+03	1.367650E-03	3.706715E-05
5.317073E+03	1.353761E-03	3.542510E-05
5.356683E+03	1.411604E-03	3.548205E-05
5.396293E+03	1.550765E-03	3.731652E-05
5.435904E+03	1.779013E-03	4.094946E-05
5.475514E+03	2.107071E-03	4.651569E-05
5.515124E+03	2.547688E-03	5.429440E-05
5.554734E+03	3.110005E-03	6.452935E-05
5.594345E+03	3.795441E-03	7.715606E-05
5.633955E+03	4.597744E-03	9.185136E-05
5.673565E+03	5.501177E-03	1.079946E-04
5.713175E+03	6.478614E-03	1.246523E-04
5.752786E+03	7.489227E-03	1.406026E-04
5.792396E+03	8.475615E-03	1.544008E-04
5.832006E+03	9.361044E-03	1.644968E-04
5.871616E+03	1.004868E-02	1.694273E-04
5.911227E+03	1.042611E-02	1.681026E-04
5.950837E+03	1.037955E-02	1.601542E-04
5.990447E+03	9.823094E-03	1.462090E-04
6.030057E+03	8.778183E-03	1.280132E-04
6.069667E+03	7.405997E-03	1.083454E-04
6.109278E+03	5.912908E-03	8.962659E-05
6.148888E+03	4.486044E-03	7.300193E-05
6.188498E+03	3.244057E-03	5.816127E-05
6.228108E+03	2.259778E-03	4.513826E-05
6.267719E+03	1.558509E-03	3.470512E-05
6.307329E+03	1.099144E-03	2.715325E-05
6.346939E+03	8.182174E-04	2.226589E-05
6.386549E+03	6.608199E-04	1.964291E-05
6.426160E+03	5.846107E-04	1.881407E-05
6.465770E+03	5.613365E-04	1.938810E-05
6.505380E+03	5.759683E-04	2.117330E-05
6.544990E+03	6.213297E-04	2.412091E-05
6.584601E+03	6.943625E-04	2.825979E-05
6.624211E+03	7.940116E-04	3.364820E-05
6.663821E+03	9.200251E-04	4.033835E-05
6.703431E+03	1.072254E-03	4.835000E-05
6.743041E+03	1.250232E-03	5.765114E-05
6.782652E+03	1.452918E-03	6.814472E-05
6.822262E+03	1.678517E-03	7.966015E-05
6.861872E+03	1.924363E-03	9.194982E-05
6.901482E+03	2.186885E-03	1.046926E-04
6.941093E+03	2.461700E-03	1.175070E-04
6.980703E+03	2.743874E-03	1.299747E-04
7.020313E+03	3.028286E-03	1.416711E-04
7.059923E+03	3.309998E-03	1.521957E-04
7.099534E+03	3.584572E-03	1.611984E-04
7.139144E+03	3.848255E-03	1.683960E-04
7.178754E+03	4.098085E-03	1.735825E-04
7.218364E+03	4.331941E-03	1.766337E-04
7.257975E+03	4.548591E-03	1.775085E-04
7.297585E+03	4.747688E-03	1.762470E-04
7.337195E+03	4.929634E-03	1.729622E-04
7.376805E+03	5.095184E-03	1.678255E-04
7.416415E+03	5.244700E-03	1.610492E-04
7.456026E+03	5.377162E-03	1.528770E-04
7.495636E+03	5.489405E-03	1.436026E-04
7.535246E+03	5.576438E-03	1.336328E-04
7.574856E+03	5.631878E-03	1.235501E-04
7.614467E+03	5.651601E-03	1.142146E-04
7.654077E+03	5.638984E-03	1.067749E-04
7.693687E+03	5.605387E-03	1.022662E-04
7.733297E+03	5.561655E-03	1.013317E-04
7.772908E+03	5.506416E-03	1.039457E-04
7.812518E+03	5.435625E-03	1.093947E-04
7.852128E+03	5.351090E-03	1.165868E-04
7.891738E+03	5.256929E-03	1.245516E-04
7.931349E+03	5.157998E-03	1.325911E-04
7.970959E+03	5.058848E-03	1.402607E-04
8.010569E+03	4.963170E-03	1.473023E-04
8.050179E+03	4.873616E-03	1.535795E-04
8.089789E+03	4.791821E-03	1.590264E-04
8.129400E+03	4.718557E-03	1.636139E-04
8.169010E+03	4.653916E-03	1.673283E-04
8.208620E+03	4.597476E-03	1.701600E-04
8.248230E+03	4.548467E-03	1.720988E-04
8.287841E+03	4.505878E-03	1.731321E-04
8.327451E+03	4.468558E-03	1.732470E-04
8.367061E+03	4.435284E-03	1.724327E-04
8.406671E+03	4.404851E-03	1.706863E-04
8.446282E+03	4.376147E-03	1.680174E-04
8.485892E+03	4.348236E-03	1.644549E-04
8.525502E+03	4.320440E-03	1.600525E-04
8.565112E+03	4.292385E-03	1.548923E-04
8.604723E+03	4.264009E-03	1.490873E-04
8.644333E+03	4.235515E-03	1.427814E-04
8.683943E+03	4.207242E-03	1.361474E-04
8.723553E+03	4.179523E-03	1.293861E-04
8.763163E+03	4.152458E-03	1.227242E-04
8.802774E+03	4.125716E-03	1.164141E-04
8.842384E+03	4.098336E-03	1.107296E-04
8.881994E+03	4.068518E-03	1.059524E-04
8.921604E+03	4.033508E-03	1.023416E-04
8.961215E+03	3.989556E-03	1.000650E-04
9.000825E+03	3.932116E-03	9.890317E-05
9.040435E+03	3.856379E-03	9.833560E-05
9.080045E+03	3.758050E-03	9.781518E-05
9.119656E+03	3.634502E-03	9.685843E-05
9.159266E+03	3.487728E-03	9.516824E-05
9.198876E+03	3.322283E-03	9.261061E-05
9.238486E+03	3.142993E-03	8.915980E-05
9.278097E+03	2.954379E-03	8.487285E-05
9.317707E+03	2.760481E-03	7.986772E-05
9.357317E+03	2.564911E-03	7.430674E-05
9.396927E+03	2.370997E-03	6.838346E-05
9.436537E+03	2.181885E-03	6.231000E-05
9.476148E+03	2.000543E-03	5.630381E-05
9.515758E+03	1.829704E-03	5.057495E-05
9.555368E+03	1.671748E-03	4.531445E-05
9.594978E+03	1.528585E-03	4.068605E-05
9.634589E+03	1.401588E-03	3.682167E-05
9.674199E+03	1.291564E-03	3.381972E-05
9.713809E+03	1.198785E-03	3.174478E-05
9.753419E+03	1.123028E-03	3.062797E-05
9.793030E+03	1.063578E-03	3.043474E-05
9.832640E+03	1.019185E-03	3.103930E-05
9.872250E+03	9.887317E-04	3.233938E-05
9.911857E+03	9.710368E-04	3.426597E-05
9.951468E+03	9.647369E-04	3.677272E-05
9.991078E+03	9.684590E-04	3.982929E-05
1.003069E+04	9.808642E-04	4.341358E-05
1.007030E+04	1.000639E-03	4.750317E-05
1.010991E+04	1.026461E-03	5.206773E-05
1.014952E+04	1.056973E-03	5.706304E-05
1.018913E+04	1.090765E-03	6.242674E-05
1.022874E+04	1.126380E-03	6.807646E-05
1.026835E+04	1.162355E-03	7.391086E-05
1.030796E+04	1.197272E-03	7.981343E-05
1.034757E+04	1.229833E-03	8.565933E-05
1.038718E+04	1.258949E-03	9.132445E-05
1.042679E+04	1.283818E-03	9.669602E-05
1.046640E+04	1.303996E-03	1.016831E-04
1.050601E+04	1.319418E-03	1.062245E-04
1.054562E+04	1.330369E-03	1.102914E-04
1.058523E+04	1.337397E-03	1.138846E-04
1.062484E+04	1.341197E-03	1.170263E-04
1.066445E+04	1.342491E-03	1.197513E-04
1.070406E+04	1.341955E-03	1.220988E-04
1.074367E+04	1.340174E-03	1.241068E-04
1.078328E+04	1.337630E-03	1.258097E-04
1.082289E+04	1.334716E-03	1.272378E-04
1.086250E+04	1.331751E-03	1.284168E-04
1.090211E+04	1.328990E-03	1.293690E-04
1.094172E+04	1.326643E-03	1.301129E-04
1.098133E+04	1.324880E-03	1.306641E-04
1.102094E+04	1.323839E-03	1.310354E-04
1.106055E+04	1.323642E-03	1.312373E-04
1.110016E+04	1.324394E-03	1.312789E-04
1.113977E+04	1.326198E-03	1.311678E-04
1.117938E+04	1.329153E-03	1.309106E-04
1.121900E+04	1.333358E-03	1.305128E-04
1.125861E+04	1.338910E-03	1.299784E-04
1.129822E+04	1.345904E-03	1.293097E-04
1.133783E+04	1.354429E-03	1.285069E-04
1.137744E+04	1.364564E-03	1.275676E-04
1.141705E+04	1.376378E-03	1.264865E-04
1.145666E+04	1.389926E-03	1.252555E-04
1.149627E+04	1.405249E-03	1.238633E-04
1.153588E+04	1.422374E-03	1.222959E-04
1.157549E+04	1.441318E-03	1.205373E-04
1.161510E+04	1.462089E-03	1.185695E-04
1.165471E+04	1.484688E-03	1.163735E-04
1.169432E+04	1.509106E-03	1.139293E-04
1.173393E+04	1.535314E-03	1.112157E-04
1.177354E+04	1.563246E-03	1.082107E-04
1.181315E+04	1.592784E-03	1.048919E-04
1.185276E+04	1.623729E-03	1.012371E-04
1.189237E+04	1.655784E-03	9.722711E-05
1.193198E+04	1.688529E-03	9.284964E-05
1.197159E+04	1.721408E-03	8.810505E-05
1.201120E+04	1.753708E-03	8.301532E-05
1.205081E+04	1.784551E-03	7.763620E-05
1.209042E+04	1.812902E-03	7.207440E-05
1.213003E+04	1.837599E-03	6.651033E-05
1.216964E+04	1.857432E-03	6.122520E-05
1.220925E+04	1.871284E-03	5.662251E-05
1.224886E+04	1.878280E-03	5.321725E-05
1.228847E+04	1.877850E-03	5.154729E-05
1.232808E+04	1.869745E-03	5.198313E-05
1.236769E+04	1.854944E-03	5.446745E-05
1.240730E+04	1.834832E-03	5.858086E-05
1.244691E+04	1.810848E-03	6.382149E-05
1.248652E+04	1.784436E-03	6.975655E-05
1.252613E+04	1.756910E-03	7.607097E-05
1.256574E+04	1.729332E-03	8.255643E-05
1.260535E+04	1.702470E-03	8.908240E-05
1.264496E+04	1.676811E-03	9.556908E-05
1.268457E+04	1.652614E-03	1.019675E-04
1.272418E+04	1.629970E-03	1.082467E-04
1.276379E+04	1.608858E-03	1.143860E-04
1.280340E+04	1.589199E-03	1.203709E-04
1.284301E+04	1.570884E-03	1.261907E-04
1.288262E+04	1.553801E-03	1.318378E-04
1.292224E+04	1.537839E-03	1.373067E-04
1.296185E+04	1.522894E-03	1.425929E-04
1.300146E+04	1.508864E-03	1.476924E-04
1.304107E+04	1.495650E-03	1.526011E-04
1.308068E+04	1.483150E-03	1.573139E-04
1.312029E+04	1.471265E-03	1.618252E-04
1.315990E+04	1.459902E-03	1.661291E-04
1.319951E+04	1.448974E-03	1.702195E-04
1.323912E+04	1.438404E-03	1.740905E-04
1.327873E+04	1.428121E-03	1.777364E-04
1.331834E+04	1.418061E-03	1.811514E-04
1.335795E+04	1.408160E-03	1.843293E-04
1.339756E+04	1.398356E-03	1.872636E-04
1.343717E+04	1.388586E-03	1.899473E-04
1.347678E+04	1.378785E-03	1.923726E-04
1.351639E+04	1.368891E-03	1.945317E-04
1.355600E+04	1.358836E-03	1.964158E-04
1.359561E+04	1.348556E-03	1.980161E-04
1.363522E+04	1.337983E-03	1.993235E-04
1.367483E+04	1.327054E-03	2.003291E-04
1.371444E+04	1.315714E-03	2.010254E-04
1.375405E+04	1.303915E-03	2.014063E-04
1.379366E+04	1.291626E-03	2.014686E-04
1.383327E+04	1.278833E-03	2.012120E-04
1.387288E+04	1.265540E-03	2.006399E-04
1.391249E+04	1.251770E-03	1.997592E-04
1.395210E+04	1.237565E-03	1.985806E-04
1.399171E+04	1.222978E-03	1.971177E-04
1.403132E+04	1.208081E-03	1.953871E-04
1.407093E+04	1.192951E-03	1.934076E-04
1.411054E+04	1.177675E-03	1.911994E-04
1.415015E+04	1.162339E-03	1.887838E-04
1.418976E+04	1.147033E-03	1.861823E-04
1.422937E+04	1.131843E-03	1.834160E-04
1.426898E+04	1.116851E-03	1.805054E-04
1.430859E+04	1.102132E-03	1.774694E-04
1.434820E+04	1.087751E-03	1.743254E-04
1.438781E+04	1.073765E-03	1.710888E-04
1.442742E+04	1.060221E-03	1.677729E-04
1.446703E+04	1.047158E-03	1.643895E-04
1.450664E+04	1.034608E-03	1.609484E-04
1.454625E+04	1.022598E-03	1.574582E-04
1.458587E+04	1.011150E-03	1.539262E-04
1.462548E+04	1.000283E-03	1.503587E-04
1.466509E+04	9.900131E-04	1.467605E-04
1.470470E+04	9.803466E-04	1.431349E-04
1.474431E+04	9.712839E-04	1.394836E-04
1.478392E+04	9.628150E-04	1.358063E-04
1.482353E+04	9.549170E-04	1.321007E-04
1.486314E+04	9.475553E-04	1.283627E-04
1.490275E+04	9.406808E-04	1.245865E-04
1.494236E+04	9.342333E-04	1.207648E-04
1.498197E+04	9.281461E-04	1.168905E-04
1.502158E+04	9.223527E-04	1.129570E-04
1.506119E+04	9.167974E-04	1.089603E-04
1.510080E+04	9.114466E-04	1.048997E-04
1.514041E+04	9.062966E-04	1.007786E-04
1.518002E+04	9.013804E-04	9.660494E-05
1.521963E+04	8.967651E-04	9.239022E-05
1.525924E+04	8.925473E-04	8.814843E-05
1.529885E+04	8.888410E-04	8.389451E-05
1.533846E+04	8.857658E-04	7.964323E-05
1.537807E+04	8.834315E-04	7.540808E-05
1.541768E+04	8.819281E-04	7.120142E-05
1.545729E+04	8.813139E-04	6.703496E-05
1.549690E+04	8.816085E-04	6.292151E-05
1.553651E+04	8.827884E-04	5.887768E-05
1.557612E+04	8.847833E-04	5.492761E-05
1.561573E+04	8.874759E-04	5.110810E-05
1.565534E+04	8.906989E-04	4.747476E-05
1.569495E+04	8.942348E-04	4.410925E-05
1.573456E+04	8.978107E-04	4.112574E-05
1.577417E+04	9.010930E-04	3.867318E-05
1.581378E+04	9.036843E-04	3.692624E-05
1.585339E+04	9.051261E-04	3.605680E-05
1.589300E+04	9.049144E-04	3.618510E-05
1.593261E+04	9.025394E-04	3.729957E-05
1.597222E+04	8.975410E-04	3.924892E-05
1.601183E+04	8.895722E-04	4.181941E-05
1.605144E+04	8.784404E-04	4.478431E-05
1.609105E+04	8.643630E-04	4.794997E-05
1.613066E+04	8.479099E-04	5.117393E-05
1.617027E+04	8.297411E-04	5.435848E-05
1.620988E+04	8.105503E-04	5.744640E-05
1.624949E+04	7.909897E-04	6.041200E-05
1.628911E+04	7.716095E-04	6.325082E-05
1.632872E+04	7.528262E-04	6.597062E-05
1.636833E+04	7.349229E-04	6.858460E-05
1.640794E+04	7.180645E-04	7.110704E-05
1.644755E+04	7.023246E-04	7.355096E-05
1.648716E+04	6.877119E-04	7.592717E-05
1.652677E+04	6.741903E-04	7.824386E-05
1.656638E+04	6.616966E-04	8.050681E-05
1.660599E+04	6.501513E-04	8.271946E-05
1.664560E+04	6.394632E-04	8.488282E-05
1.668521E+04	6.295344E-04	8.699554E-05
1.672482E+04	6.202624E-04	8.905387E-05
1.676443E+04	6.115415E-04	9.105173E-05
1.680404E+04	6.032652E-04	9.298084E-05
1.684365E+04	5.953311E-04	9.483153E-05
1.688326E+04	5.876451E-04	9.659352E-05
1.692287E+04	5.801290E-04	9.825745E-05
1.696248E+04	5.727245E-04	9.981602E-05
1.700209E+04	5.653982E-04	1.012653E-04
1.704170E+04	5.581425E-04	1.026057E-04
1.708131E+04	5.509752E-04	1.038424E-04
1.712092E+04	5.439356E-04	1.049850E-04
1.716053E+04	5.370787E-04	1.060471E-04
1.720014E+04	5.304704E-04	1.070455E-04
1.723975E+04	5.241812E-04	1.079989E-04
1.727936E+04	5.182821E-04	1.089275E-04
1.731897E+04	5.128415E-04	1.098517E-04
1.735858E+04	5.079217E-04	1.107916E-04
1.739819E+04	5.035787E-04	1.117666E-04
1.743780E+04	4.998594E-04	1.127946E-04
1.747741E+04	4.968015E-04	1.138917E-04
1.751702E+04	4.944321E-04	1.150718E-04
1.755663E+04	4.927667E-04	1.163459E-04
1.759624E+04	4.918083E-04	1.177218E-04
1.763585E+04	4.915466E-04	1.192038E-04
1.767546E+04	4.919580E-04	1.207920E-04
1.771507E+04	4.930068E-04	1.224832E-04
1.775468E+04	4.946448E-04	1.242699E-04
1.779429E+04	4.968147E-04	1.261413E-04
1.783390E+04	4.994496E-04	1.280833E-04
1.787351E+04	5.024745E-04	1.300787E-04
1.791312E+04	5.058081E-04	1.321075E-04
1.795274E+04	5.093628E-04	1.341471E-04
1.799235E+04	5.130459E-04	1.361725E-04
1.803196E+04	5.167615E-04	1.381572E-04
1.807157E+04	5.204112E-04	1.400730E-04
1.811118E+04	5.238964E-04	1.418911E-04
1.815079E+04	5.271219E-04	1.435830E-04
1.819040E+04	5.299977E-04	1.451213E-04
1.823001E+04	5.324421E-04	1.464805E-04
1.826962E+04	5.343846E-04	1.476382E-04
1.830923E+04	5.357671E-04	1.485753E-04
1.834884E+04	5.365456E-04	1.492772E-04
1.838845E+04	5.366907E-04	1.497332E-04
1.842806E+04	5.361870E-04	1.499373E-04
1.846767E+04	5.350341E-04	1.498879E-04
1.850728E+04	5.332455E-04	1.495881E-04
1.854689E+04	5.308479E-04	1.490452E-04
1.858650E+04	5.278807E-04	1.482703E-04
1.862611E+04	5.243922E-04	1.472780E-04
1.866572E+04	5.204372E-04	1.460847E-04
1.870533E+04	5.160740E-04	1.447084E-04
1.874494E+04	5.113605E-04	1.431673E-04
1.878455E+04	5.063530E-04	1.414794E-04
1.882416E+04	5.011044E-04	1.396617E-04
1.886377E+04	4.956651E-04	1.377308E-04
1.890338E+04	4.900824E-04	1.357023E-04
1.894299E+04	4.844017E-04	1.335914E-04
1.898260E+04	4.786669E-04	1.314127E-04
1.902221E+04	4.729211E-04	1.291804E-04
1.906182E+04	4.672054E-04	1.269081E-04
1.910143E+04	4.615607E-04	1.246090E-04
1.914104E+04	4.560256E-04	1.222954E-04
1.918065E+04	4.506366E-04	1.199788E-04
1.922026E+04	4.454276E-04	1.176695E-04
1.925987E+04	4.404294E-04	1.153765E-04
1.929948E+04	4.356701E-04	1.131080E-04
1.933909E+04	4.311750E-04	1.108708E-04
1.937870E+04	4.269673E-04	1.086708E-04
1.941831E+04	4.230672E-04	1.065127E-04
1.945792E+04	4.194923E-04	1.044000E-04
1.949753E+04	4.162565E-04	1.023352E-04
1.953714E+04	4.133689E-04	1.003187E-04
1.957675E+04	4.108323E-04	9.834936E-05
1.961636E+04	4.086430E-04	9.642422E-05
1.965598E+04	4.067891E-04	9.453810E-05
1.969559E+04	4.052515E-04	9.268420E-05
1.973520E+04	4.040050E-04	9.085432E-05
1.977481E+04	4.030187E-04	8.903928E-05
1.981442E+04	4.022596E-04	8.722977E-05
1.985403E+04	4.016939E-04	8.541669E-05
1.989364E+04	4.012874E-04	8.359139E-05
1.993325E+04	4.010085E-04	8.174627E-05
1.997286E+04	4.008279E-04	7.987471E-05
2.001247E+04	4.007193E-04	7.797132E-05
2.005208E+04	4.006602E-04	7.603193E-05
2.009169E+04	4.006322E-04	7.405369E-05
2.013130E+04	4.006226E-04	7.203528E-05
2.017091E+04	4.006230E-04	6.997659E-05
2.021052E+04	4.006309E-04	6.787888E-05
2.025013E+04	4.006487E-04	6.574455E-05
2.028974E+04	4.006830E-04	6.357697E-05
2.032935E+04	4.007437E-04	6.138024E-05
2.036896E+04	4.008425E-04	5.915900E-05
2.040857E+04	4.009914E-04	5.691823E-05
2.044818E+04	4.012018E-04	5.466331E-05
2.048779E+04	4.014835E-04	5.239998E-05
2.052740E+04	4.018433E-04	5.013457E-05
2.056701E+04	4.022853E-04	4.787425E-05
2.060662E+04	4.028093E-04	4.562742E-05
2.064623E+04	4.034112E-04	4.340429E-05
2.068584E+04	4.040838E-04	4.121769E-05
2.072545E+04	4.048161E-04	3.908376E-05
2.076506E+04	4.055963E-04	3.702324E-05
2.080467E+04	4.064121E-04	3.506239E-05
2.084428E+04	4.072525E-04	3.323406E-05
2.088389E+04	4.081074E-04	3.157831E-05
2.092350E+04	4.089689E-04	3.014234E-05
2.096311E+04	4.098287E-04	2.897887E-05
2.100272E+04	4.106770E-04	2.814272E-05
2.104233E+04	4.114992E-04	2.768482E-05
2.108194E+04	4.122692E-04	2.764453E-05
2.112155E+04	4.129434E-04	2.803798E-05
2.116116E+04	4.134522E-04	2.884420E-05
2.120077E+04	4.136966E-04	3.001890E-05
2.124038E+04	4.135479E-04	3.150308E-05
2.127999E+04	4.128676E-04	3.323033E-05
2.131961E+04	4.116042E-04	3.513954E-05
2.135922E+04	4.098659E-04	3.718659E-05
2.139883E+04	4.077778E-04	3.933653E-05
2.143844E+04	4.054318E-04	4.155969E-05
2.147805E+04	4.028786E-04	4.382967E-05
2.151766E+04	4.001313E-04	4.612189E-05
2.155727E+04	3.971765E-04	4.841290E-05
2.159688E+04	3.939832E-04	5.067999E-05
2.163649E+04	3.905122E-04	5.290113E-05
2.167610E+04	3.867221E-04	5.505506E-05
2.171571E+04	3.825723E-04	5.712120E-05
2.175532E+04	3.780273E-04	5.908005E-05
2.179493E+04	3.730570E-04	6.091314E-05
2.183454E+04	3.676379E-04	6.260322E-05
2.187415E+04	3.617539E-04	6.413454E-05
2.191376E+04	3.553972E-04	6.549311E-05
2.195337E+04	3.485691E-04	6.666709E-05
2.199298E+04	3.412799E-04	6.764697E-05
2.203259E+04	3.335509E-04	6.842630E-05
2.207220E+04	3.254126E-04	6.900162E-05
2.211181E+04	3.169067E-04	6.937311E-05
2.215142E+04	3.080837E-04	6.954447E-05
2.219103E+04	2.990031E-04	6.952318E-05
2.223064E+04	2.897309E-04	6.932017E-05
2.227025E+04	2.803400E-04	6.895005E-05
2.230986E+04	2.709056E-04	6.843021E-05
2.234947E+04	2.615054E-04	6.778079E-05
2.238908E+04	2.522166E-04	6.702400E-05
2.242869E+04	2.431143E-04	6.618356E-05
2.246830E+04	2.342695E-04	6.528406E-05
2.250791E+04	2.257476E-04	6.435025E-05
2.254752E+04	2.176065E-04	6.340644E-05
2.258713E+04	2.098958E-04	6.247577E-05
2.262674E+04	2.026557E-04	6.157978E-05
2.266635E+04	1.959176E-04	6.073802E-05
2.270596E+04	1.897035E-04	5.996783E-05
2.274557E+04	1.840276E-04	5.928439E-05
2.278518E+04	1.788974E-04	5.870080E-05
2.282479E+04	1.743145E-04	5.822827E-05
2.286440E+04	1.702761E-04	5.787631E-05
2.290401E+04	1.667758E-04	5.765302E-05
2.294362E+04	1.638050E-04	5.756528E-05
2.298323E+04	1.613532E-04	5.761898E-05
2.302285E+04	1.594092E-04	5.781935E-05
2.306246E+04	1.579618E-04	5.817115E-05
2.310207E+04	1.570003E-04	5.867891E-05
2.314168E+04	1.565152E-04	5.934722E-05
2.318129E+04	1.564986E-04	6.018089E-05
2.322090E+04	1.569441E-04	6.118501E-05
2.326051E+04	1.578474E-04	6.236510E-05
2.330012E+04	1.592055E-04	6.372713E-05
2.333973E+04	1.610175E-04	6.527749E-05
2.337934E+04	1.632835E-04	6.702295E-05
2.341895E+04	1.660051E-04	6.897068E-05
2.345856E+04	1.691847E-04	7.112808E-05
2.349817E+04	1.728255E-04	7.350282E-05
2.353778E+04	1.769315E-04	7.610270E-05
2.357739E+04	1.815070E-04	7.893566E-05
2.361700E+04	1.865566E-04	8.200971E-05
2.365661E+04	1.920852E-04	8.533288E-05
2.369622E+04	1.980980E-04	8.891330E-05
2.373583E+04	2.046005E-04	9.275912E-05
2.377544E+04	2.115984E-04	9.687854E-05
2.381505E+04	2.190976E-04	1.012798E-04
2.385466E+04	2.271041E-04	1.059713E-04
2.389427E+04	2.356243E-04	1.109612E-04
2.393388E+04	2.446647E-04	1.162580E-04
2.397349E+04	2.542316E-04	1.218699E-04
2.401310E+04	2.643314E-04	1.278051E-04
2.405271E+04	2.749703E-04	1.340718E-04
2.409232E+04	2.861542E-04	1.406778E-04
2.413193E+04	2.978892E-04	1.476311E-04
2.417154E+04	3.101811E-04	1.549392E-04
2.421115E+04	3.230363E-04	1.626103E-04
2.425076E+04	3.364616E-04	1.706524E-04
