#wls	flux	fluxerr
3.257341E+03	2.432834E-04	2.388297E-05
3.296951E+03	2.283478E-04	2.235726E-05
3.336561E+03	2.152556E-04	2.101885E-05
3.376171E+03	2.038142E-04	1.984763E-05
3.415782E+03	1.938555E-04	1.882604E-05
3.455392E+03	1.852326E-04	1.793872E-05
3.495002E+03	1.778181E-04	1.717235E-05
3.534612E+03	1.715008E-04	1.651527E-05
3.574223E+03	1.661848E-04	1.595743E-05
3.613833E+03	1.617872E-04	1.549009E-05
3.653443E+03	1.582365E-04	1.510568E-05
3.693053E+03	1.554710E-04	1.479766E-05
3.732664E+03	1.534379E-04	1.456034E-05
3.772274E+03	1.520911E-04	1.438876E-05
3.811884E+03	1.513910E-04	1.427860E-05
3.851494E+03	1.513026E-04	1.422601E-05
3.891105E+03	1.517950E-04	1.422755E-05
3.930715E+03	1.528403E-04	1.428011E-05
3.970325E+03	1.544129E-04	1.438080E-05
4.009935E+03	1.564890E-04	1.452691E-05
4.049545E+03	1.590455E-04	1.471585E-05
4.089156E+03	1.620599E-04	1.494508E-05
4.128766E+03	1.655100E-04	1.521210E-05
4.168376E+03	1.693732E-04	1.551443E-05
4.207986E+03	1.736266E-04	1.584958E-05
4.247597E+03	1.782470E-04	1.621501E-05
4.287207E+03	1.832113E-04	1.660825E-05
4.326817E+03	1.884959E-04	1.702682E-05
4.366427E+03	1.940784E-04	1.746834E-05
4.406038E+03	1.999373E-04	1.793057E-05
4.445648E+03	2.060531E-04	1.841144E-05
4.485258E+03	2.124088E-04	1.890914E-05
4.524868E+03	2.189906E-04	1.942217E-05
4.564479E+03	2.257881E-04	1.994934E-05
4.604089E+03	2.327947E-04	2.048979E-05
4.643699E+03	2.400059E-04	2.104288E-05
4.683309E+03	2.474173E-04	2.160794E-05
4.722919E+03	2.550218E-04	2.218413E-05
4.762530E+03	2.628045E-04	2.276987E-05
4.802140E+03	2.707368E-04	2.336246E-05
4.841750E+03	2.787664E-04	2.395721E-05
4.881360E+03	2.868167E-04	2.454739E-05
4.920971E+03	2.947938E-04	2.512491E-05
4.960581E+03	3.025908E-04	2.568073E-05
5.000191E+03	3.100943E-04	2.620541E-05
5.039801E+03	3.171912E-04	2.668967E-05
5.079412E+03	3.237732E-04	2.712486E-05
5.119022E+03	3.297429E-04	2.750335E-05
5.158632E+03	3.350191E-04	2.781904E-05
5.198242E+03	3.395407E-04	2.806761E-05
5.237853E+03	3.432707E-04	2.824683E-05
5.277463E+03	3.461991E-04	2.835675E-05
5.317073E+03	3.483443E-04	2.839976E-05
5.356683E+03	3.497538E-04	2.838058E-05
5.396293E+03	3.505016E-04	2.830604E-05
5.435904E+03	3.506858E-04	2.818478E-05
5.475514E+03	3.504227E-04	2.802675E-05
5.515124E+03	3.498408E-04	2.784272E-05
5.554734E+03	3.490731E-04	2.764359E-05
5.594345E+03	3.482507E-04	2.743992E-05
5.633955E+03	3.474959E-04	2.724138E-05
5.673565E+03	3.469165E-04	2.705629E-05
5.713175E+03	3.466017E-04	2.689138E-05
5.752786E+03	3.466206E-04	2.675165E-05
5.792396E+03	3.470193E-04	2.664026E-05
5.832006E+03	3.478220E-04	2.655856E-05
5.871616E+03	3.490304E-04	2.650620E-05
5.911227E+03	3.506243E-04	2.648115E-05
5.950837E+03	3.525641E-04	2.647993E-05
5.990447E+03	3.547912E-04	2.649774E-05
6.030057E+03	3.572339E-04	2.652887E-05
6.069667E+03	3.598111E-04	2.656705E-05
6.109278E+03	3.624401E-04	2.660603E-05
6.148888E+03	3.650443E-04	2.664014E-05
6.188498E+03	3.675637E-04	2.666504E-05
6.228108E+03	3.699606E-04	2.667814E-05
6.267719E+03	3.722260E-04	2.667892E-05
6.307329E+03	3.743776E-04	2.666882E-05
6.346939E+03	3.764575E-04	2.665097E-05
6.386549E+03	3.785256E-04	2.662968E-05
6.426160E+03	3.806503E-04	2.660973E-05
6.465770E+03	3.829008E-04	2.659586E-05
6.505380E+03	3.853484E-04	2.659279E-05
6.544990E+03	3.880611E-04	2.660493E-05
6.584601E+03	3.911019E-04	2.663618E-05
6.624211E+03	3.945239E-04	2.668967E-05
6.663821E+03	3.983677E-04	2.676761E-05
6.703431E+03	4.026598E-04	2.687116E-05
6.743041E+03	4.074102E-04	2.700034E-05
6.782652E+03	4.126135E-04	2.715416E-05
6.822262E+03	4.182480E-04	2.733053E-05
6.861872E+03	4.242775E-04	2.752649E-05
6.901482E+03	4.306555E-04	2.773846E-05
6.941093E+03	4.373273E-04	2.796243E-05
6.980703E+03	4.442352E-04	2.819430E-05
7.020313E+03	4.513236E-04	2.843021E-05
7.059923E+03	4.585436E-04	2.866683E-05
7.099534E+03	4.658593E-04	2.890171E-05
7.139144E+03	4.732520E-04	2.913354E-05
7.178754E+03	4.807252E-04	2.936243E-05
7.218364E+03	4.883105E-04	2.959014E-05
7.257975E+03	4.960713E-04	2.982031E-05
7.297585E+03	5.041075E-04	3.005864E-05
7.337195E+03	5.125592E-04	3.031300E-05
7.376805E+03	5.216043E-04	3.059321E-05
7.416415E+03	5.314508E-04	3.091048E-05
7.456026E+03	5.423176E-04	3.127628E-05
7.495636E+03	5.544016E-04	3.170033E-05
7.535246E+03	5.678277E-04	3.218794E-05
7.574856E+03	5.825790E-04	3.273614E-05
7.614467E+03	5.984039E-04	3.332898E-05
7.654077E+03	6.147301E-04	3.393325E-05
7.693687E+03	6.307162E-04	3.450220E-05
7.733297E+03	6.453714E-04	3.498260E-05
7.772908E+03	6.577477E-04	3.532553E-05
7.812518E+03	6.672749E-04	3.550408E-05
7.852128E+03	6.738267E-04	3.551585E-05
7.891738E+03	6.775442E-04	3.537268E-05
7.931349E+03	6.787425E-04	3.509512E-05
7.970959E+03	6.778425E-04	3.470852E-05
8.010569E+03	6.753184E-04	3.424011E-05
8.050179E+03	6.716550E-04	3.371668E-05
8.089789E+03	6.673168E-04	3.316310E-05
8.129400E+03	6.627259E-04	3.260116E-05
8.169010E+03	6.582484E-04	3.204913E-05
8.208620E+03	6.541885E-04	3.152154E-05
8.248230E+03	6.507862E-04	3.102927E-05
8.287841E+03	6.482176E-04	3.057966E-05
8.327451E+03	6.465996E-04	3.017698E-05
8.367061E+03	6.459949E-04	2.982276E-05
8.406671E+03	6.464194E-04	2.951626E-05
8.446282E+03	6.478538E-04	2.925514E-05
8.485892E+03	6.502521E-04	2.903589E-05
8.525502E+03	6.535537E-04	2.885450E-05
8.565112E+03	6.576916E-04	2.870679E-05
8.604723E+03	6.626014E-04	2.858885E-05
8.644333E+03	6.682259E-04	2.849722E-05
8.683943E+03	6.745193E-04	2.842905E-05
8.723553E+03	6.814487E-04	2.838215E-05
8.763163E+03	6.889934E-04	2.835491E-05
8.802774E+03	6.971432E-04	2.834623E-05
8.842384E+03	7.058947E-04	2.835531E-05
8.881994E+03	7.152455E-04	2.838144E-05
8.921604E+03	7.251900E-04	2.842382E-05
8.961215E+03	7.357160E-04	2.848143E-05
9.000825E+03	7.468019E-04	2.855299E-05
9.040435E+03	7.584180E-04	2.863695E-05
9.080045E+03	7.705232E-04	2.873148E-05
9.119656E+03	7.830546E-04	2.883405E-05
9.159266E+03	7.958981E-04	2.894043E-05
9.198876E+03	8.088975E-04	2.904513E-05
9.238486E+03	8.218741E-04	2.914211E-05
9.278097E+03	8.346313E-04	2.922506E-05
9.317707E+03	8.469595E-04	2.928759E-05
9.357317E+03	8.586443E-04	2.932357E-05
9.396927E+03	8.694828E-04	2.932762E-05
9.436537E+03	8.793056E-04	2.929584E-05
9.476148E+03	8.880048E-04	2.922662E-05
9.515758E+03	8.955626E-04	2.912145E-05
9.555368E+03	9.020794E-04	2.898562E-05
9.594978E+03	9.077967E-04	2.882874E-05
9.634589E+03	9.131142E-04	2.866499E-05
9.674199E+03	9.185934E-04	2.851301E-05
9.713809E+03	9.249445E-04	2.839525E-05
9.753419E+03	9.329896E-04	2.833666E-05
9.793030E+03	9.435835E-04	2.836225E-05
9.832640E+03	9.574380E-04	2.849197E-05
9.872250E+03	9.747700E-04	2.873057E-05
9.911857E+03	9.954087E-04	2.907159E-05
9.951468E+03	1.019039E-03	2.950484E-05
9.991078E+03	1.045281E-03	3.001907E-05
1.003069E+04	1.073719E-03	3.060260E-05
1.007030E+04	1.103894E-03	3.124332E-05
1.010991E+04	1.135283E-03	3.192789E-05
1.014952E+04	1.167269E-03	3.264094E-05
1.018913E+04	1.199118E-03	3.336442E-05
1.022874E+04	1.229990E-03	3.407780E-05
1.026835E+04	1.258997E-03	3.475957E-05
1.030796E+04	1.285332E-03	3.539059E-05
1.034757E+04	1.308455E-03	3.595906E-05
1.038718E+04	1.328238E-03	3.646404E-05
1.042679E+04	1.344864E-03	3.691191E-05
1.046640E+04	1.358657E-03	3.731170E-05
1.050601E+04	1.369946E-03	3.767217E-05
1.054562E+04	1.378991E-03	3.799972E-05
1.058523E+04	1.385954E-03	3.829776E-05
1.062484E+04	1.390902E-03	3.856683E-05
1.066445E+04	1.393832E-03	3.880528E-05
1.070406E+04	1.394699E-03	3.901002E-05
1.074367E+04	1.393443E-03	3.917733E-05
1.078328E+04	1.390011E-03	3.930347E-05
1.082289E+04	1.384376E-03	3.938520E-05
1.086250E+04	1.376547E-03	3.942019E-05
1.090211E+04	1.366579E-03	3.940725E-05
1.094172E+04	1.354572E-03	3.934658E-05
1.098133E+04	1.340676E-03	3.923976E-05
1.102094E+04	1.325085E-03	3.908974E-05
1.106055E+04	1.308027E-03	3.890074E-05
1.110016E+04	1.289760E-03	3.867803E-05
1.113977E+04	1.270560E-03	3.842774E-05
1.117938E+04	1.250711E-03	3.815658E-05
1.121900E+04	1.230497E-03	3.787164E-05
1.125861E+04	1.210197E-03	3.758016E-05
1.129822E+04	1.190073E-03	3.728933E-05
1.133783E+04	1.170372E-03	3.700619E-05
1.137744E+04	1.151320E-03	3.673747E-05
1.141705E+04	1.133117E-03	3.648950E-05
1.145666E+04	1.115942E-03	3.626816E-05
1.149627E+04	1.099947E-03	3.607877E-05
1.153588E+04	1.085260E-03	3.592610E-05
1.157549E+04	1.071980E-03	3.581425E-05
1.161510E+04	1.060181E-03	3.574659E-05
1.165471E+04	1.049908E-03	3.572568E-05
1.169432E+04	1.041174E-03	3.575311E-05
1.173393E+04	1.033962E-03	3.582944E-05
1.177354E+04	1.028215E-03	3.595398E-05
1.181315E+04	1.023843E-03	3.612466E-05
1.185276E+04	1.020710E-03	3.633788E-05
1.189237E+04	1.018641E-03	3.658836E-05
1.193198E+04	1.017412E-03	3.686892E-05
1.197159E+04	1.016754E-03	3.717050E-05
1.201120E+04	1.016355E-03	3.748202E-05
1.205081E+04	1.015859E-03	3.779049E-05
1.209042E+04	1.014880E-03	3.808124E-05
1.213003E+04	1.013006E-03	3.833831E-05
1.216964E+04	1.009827E-03	3.854506E-05
1.220925E+04	1.004948E-03	3.868510E-05
1.224886E+04	9.980279E-04	3.874352E-05
1.228847E+04	9.888111E-04	3.870812E-05
1.232808E+04	9.771640E-04	3.857113E-05
1.236769E+04	9.631058E-04	3.833066E-05
1.240730E+04	9.468214E-04	3.799155E-05
1.244691E+04	9.286394E-04	3.756467E-05
1.248652E+04	9.089905E-04	3.706557E-05
1.252613E+04	8.883594E-04	3.651257E-05
1.256574E+04	8.672416E-04	3.592510E-05
1.260535E+04	8.461114E-04	3.532239E-05
1.264496E+04	8.253993E-04	3.472246E-05
1.268457E+04	8.054797E-04	3.414153E-05
1.272418E+04	7.866648E-04	3.359363E-05
1.276379E+04	7.692051E-04	3.309059E-05
1.280340E+04	7.532914E-04	3.264192E-05
1.284301E+04	7.390601E-04	3.225504E-05
1.288262E+04	7.265994E-04	3.193537E-05
1.292224E+04	7.159550E-04	3.168658E-05
1.296185E+04	7.071358E-04	3.151073E-05
1.300146E+04	7.001196E-04	3.140846E-05
1.304107E+04	6.948572E-04	3.137917E-05
1.308068E+04	6.912773E-04	3.142117E-05
1.312029E+04	6.892890E-04	3.153175E-05
1.315990E+04	6.887852E-04	3.170733E-05
1.319951E+04	6.896434E-04	3.194347E-05
1.323912E+04	6.917295E-04	3.223504E-05
1.327873E+04	6.948977E-04	3.257618E-05
1.331834E+04	6.989935E-04	3.296044E-05
1.335795E+04	7.038548E-04	3.338081E-05
1.339756E+04	7.093142E-04	3.382987E-05
1.343717E+04	7.152014E-04	3.429984E-05
1.347678E+04	7.213456E-04	3.478275E-05
1.351639E+04	7.275781E-04	3.527055E-05
1.355600E+04	7.337364E-04	3.575531E-05
1.359561E+04	7.396661E-04	3.622933E-05
1.363522E+04	7.452254E-04	3.668541E-05
1.367483E+04	7.502877E-04	3.711696E-05
1.371444E+04	7.547438E-04	3.751814E-05
1.375405E+04	7.585042E-04	3.788401E-05
1.379366E+04	7.615003E-04	3.821063E-05
1.383327E+04	7.636846E-04	3.849505E-05
1.387288E+04	7.650305E-04	3.873539E-05
1.391249E+04	7.655329E-04	3.893083E-05
1.395210E+04	7.652060E-04	3.908159E-05
1.399171E+04	7.640823E-04	3.918882E-05
1.403132E+04	7.622120E-04	3.925465E-05
1.407093E+04	7.596604E-04	3.928207E-05
1.411054E+04	7.565067E-04	3.927484E-05
1.415015E+04	7.528417E-04	3.923741E-05
1.418976E+04	7.487659E-04	3.917481E-05
1.422937E+04	7.443866E-04	3.909256E-05
1.426898E+04	7.398166E-04	3.899652E-05
1.430859E+04	7.351708E-04	3.889277E-05
1.434820E+04	7.305651E-04	3.878755E-05
1.438781E+04	7.261123E-04	3.868700E-05
1.442742E+04	7.219218E-04	3.859718E-05
1.446703E+04	7.180962E-04	3.852386E-05
1.450664E+04	7.147300E-04	3.847243E-05
1.454625E+04	7.119074E-04	3.844783E-05
1.458587E+04	7.097004E-04	3.845436E-05
1.462548E+04	7.081680E-04	3.849565E-05
1.466509E+04	7.073541E-04	3.857460E-05
1.470470E+04	7.072881E-04	3.869329E-05
1.474431E+04	7.079834E-04	3.885295E-05
1.478392E+04	7.094382E-04	3.905400E-05
1.482353E+04	7.116353E-04	3.929601E-05
1.486314E+04	7.145446E-04	3.957779E-05
1.490275E+04	7.181231E-04	3.989746E-05
1.494236E+04	7.223168E-04	4.025246E-05
1.498197E+04	7.270623E-04	4.063971E-05
1.502158E+04	7.322887E-04	4.105565E-05
1.506119E+04	7.379197E-04	4.149639E-05
1.510080E+04	7.438743E-04	4.195771E-05
1.514041E+04	7.500702E-04	4.243528E-05
1.518002E+04	7.564246E-04	4.292472E-05
1.521963E+04	7.628560E-04	4.342164E-05
1.525924E+04	7.692855E-04	4.392176E-05
1.529885E+04	7.756374E-04	4.442095E-05
1.533846E+04	7.818388E-04	4.491519E-05
1.537807E+04	7.878193E-04	4.540053E-05
1.541768E+04	7.935090E-04	4.587306E-05
1.545729E+04	7.988381E-04	4.632877E-05
1.549690E+04	8.037353E-04	4.676353E-05
1.553651E+04	8.081258E-04	4.717298E-05
1.557612E+04	8.119319E-04	4.755251E-05
1.561573E+04	8.150712E-04	4.789715E-05
1.565534E+04	8.174573E-04	4.820163E-05
1.569495E+04	8.189984E-04	4.846030E-05
1.573456E+04	8.195981E-04	4.866712E-05
1.577417E+04	8.191553E-04	4.881566E-05
1.581378E+04	8.175658E-04	4.889923E-05
1.585339E+04	8.147245E-04	4.891092E-05
1.589300E+04	8.105292E-04	4.884388E-05
1.593261E+04	8.048893E-04	4.869183E-05
1.597222E+04	7.977342E-04	4.844954E-05
1.601183E+04	7.890272E-04	4.811358E-05
1.605144E+04	7.787807E-04	4.768331E-05
1.609105E+04	7.670675E-04	4.716177E-05
1.613066E+04	7.540323E-04	4.655647E-05
1.617027E+04	7.398856E-04	4.587912E-05
1.620988E+04	7.248815E-04	4.514435E-05
1.624949E+04	7.092911E-04	4.436808E-05
1.628911E+04	6.933804E-04	4.356623E-05
1.632872E+04	6.773930E-04	4.275358E-05
1.636833E+04	6.615391E-04	4.194309E-05
1.640794E+04	6.459919E-04	4.114559E-05
1.644755E+04	6.308864E-04	4.036971E-05
1.648716E+04	6.163214E-04	3.962194E-05
1.652677E+04	6.023637E-04	3.890681E-05
1.656638E+04	5.890536E-04	3.822724E-05
1.660599E+04	5.764089E-04	3.758478E-05
1.664560E+04	5.644302E-04	3.697987E-05
1.668521E+04	5.531053E-04	3.641215E-05
1.672482E+04	5.424131E-04	3.588064E-05
1.676443E+04	5.323264E-04	3.538399E-05
1.680404E+04	5.228151E-04	3.492061E-05
1.684365E+04	5.138477E-04	3.448880E-05
1.688326E+04	5.053941E-04	3.408693E-05
1.692287E+04	4.974254E-04	3.371342E-05
1.696248E+04	4.899168E-04	3.336695E-05
1.700209E+04	4.828474E-04	3.304643E-05
1.704170E+04	4.762008E-04	3.275108E-05
1.708131E+04	4.699656E-04	3.248045E-05
1.712092E+04	4.641355E-04	3.223442E-05
1.716053E+04	4.587094E-04	3.201325E-05
1.720014E+04	4.536908E-04	3.181752E-05
1.723975E+04	4.490870E-04	3.164810E-05
1.727936E+04	4.449096E-04	3.150616E-05
1.731897E+04	4.411729E-04	3.139310E-05
1.735858E+04	4.378940E-04	3.131054E-05
1.739819E+04	4.350908E-04	3.126019E-05
1.743780E+04	4.327829E-04	3.124391E-05
1.747741E+04	4.309889E-04	3.126350E-05
1.751702E+04	4.297268E-04	3.132078E-05
1.755663E+04	4.290126E-04	3.141743E-05
1.759624E+04	4.288595E-04	3.155494E-05
1.763585E+04	4.292764E-04	3.173453E-05
1.767546E+04	4.302679E-04	3.195708E-05
1.771507E+04	4.318324E-04	3.222306E-05
1.775468E+04	4.339622E-04	3.253243E-05
1.779429E+04	4.366420E-04	3.288460E-05
1.783390E+04	4.398497E-04	3.327843E-05
1.787351E+04	4.435546E-04	3.371210E-05
1.791312E+04	4.477185E-04	3.418318E-05
1.795274E+04	4.522954E-04	3.468858E-05
1.799235E+04	4.572315E-04	3.522455E-05
1.803196E+04	4.624659E-04	3.578669E-05
1.807157E+04	4.679314E-04	3.637006E-05
1.811118E+04	4.735544E-04	3.696912E-05
1.815079E+04	4.792578E-04	3.757794E-05
1.819040E+04	4.849608E-04	3.819020E-05
1.823001E+04	4.905817E-04	3.879938E-05
1.826962E+04	4.960392E-04	3.939892E-05
1.830923E+04	5.012544E-04	3.998231E-05
1.834884E+04	5.061516E-04	4.054321E-05
1.838845E+04	5.106614E-04	4.107567E-05
1.842806E+04	5.147204E-04	4.157414E-05
1.846767E+04	5.182731E-04	4.203364E-05
1.850728E+04	5.212734E-04	4.244987E-05
1.854689E+04	5.236846E-04	4.281925E-05
1.858650E+04	5.254813E-04	4.313909E-05
1.862611E+04	5.266491E-04	4.340756E-05
1.866572E+04	5.271850E-04	4.362378E-05
1.870533E+04	5.270967E-04	4.378775E-05
1.874494E+04	5.264033E-04	4.390043E-05
1.878455E+04	5.251340E-04	4.396368E-05
1.882416E+04	5.233279E-04	4.398022E-05
1.886377E+04	5.210332E-04	4.395359E-05
1.890338E+04	5.183059E-04	4.388805E-05
1.894299E+04	5.152084E-04	4.378852E-05
1.898260E+04	5.118083E-04	4.366040E-05
1.902221E+04	5.081752E-04	4.350937E-05
1.906182E+04	5.043786E-04	4.334120E-05
1.910143E+04	5.004876E-04	4.316171E-05
1.914104E+04	4.965667E-04	4.297640E-05
1.918065E+04	4.926760E-04	4.279047E-05
1.922026E+04	4.888687E-04	4.260860E-05
1.925987E+04	4.851911E-04	4.243494E-05
1.929948E+04	4.816813E-04	4.227294E-05
1.933909E+04	4.783686E-04	4.212537E-05
1.937870E+04	4.752741E-04	4.199428E-05
1.941831E+04	4.724102E-04	4.188096E-05
1.945792E+04	4.697808E-04	4.178599E-05
1.949753E+04	4.673825E-04	4.170929E-05
1.953714E+04	4.652039E-04	4.165002E-05
1.957675E+04	4.632274E-04	4.160683E-05
1.961636E+04	4.614298E-04	4.157782E-05
1.965598E+04	4.597836E-04	4.156063E-05
1.969559E+04	4.582569E-04	4.155254E-05
1.973520E+04	4.568160E-04	4.155057E-05
1.977481E+04	4.554243E-04	4.155148E-05
1.981442E+04	4.540444E-04	4.155189E-05
1.985403E+04	4.526377E-04	4.154826E-05
1.989364E+04	4.511653E-04	4.153702E-05
1.993325E+04	4.495877E-04	4.151446E-05
1.997286E+04	4.478665E-04	4.147696E-05
2.001247E+04	4.459644E-04	4.142094E-05
2.005208E+04	4.438470E-04	4.134306E-05
2.009169E+04	4.414836E-04	4.124030E-05
2.013130E+04	4.388495E-04	4.111017E-05
2.017091E+04	4.359261E-04	4.095071E-05
2.021052E+04	4.327023E-04	4.076068E-05
2.025013E+04	4.291754E-04	4.053960E-05
2.028974E+04	4.253504E-04	4.028774E-05
2.032935E+04	4.212389E-04	4.000598E-05
2.036896E+04	4.168583E-04	3.969580E-05
2.040857E+04	4.122309E-04	3.935914E-05
2.044818E+04	4.073814E-04	3.899820E-05
2.048779E+04	4.023359E-04	3.861536E-05
2.052740E+04	3.971215E-04	3.821310E-05
2.056701E+04	3.917650E-04	3.779391E-05
2.060662E+04	3.862928E-04	3.736029E-05
2.064623E+04	3.807319E-04	3.691478E-05
2.068584E+04	3.751088E-04	3.645994E-05
2.072545E+04	3.694510E-04	3.599842E-05
2.076506E+04	3.637864E-04	3.553296E-05
2.080467E+04	3.581437E-04	3.506641E-05
2.084428E+04	3.525529E-04	3.460173E-05
2.088389E+04	3.470442E-04	3.414199E-05
2.092350E+04	3.416483E-04	3.369029E-05
2.096311E+04	3.363968E-04	3.324986E-05
2.100272E+04	3.313211E-04	3.282395E-05
2.104233E+04	3.264526E-04	3.241582E-05
2.108194E+04	3.218228E-04	3.202876E-05
2.112155E+04	3.174627E-04	3.166606E-05
2.116116E+04	3.134014E-04	3.133082E-05
2.120077E+04	3.096656E-04	3.102594E-05
2.124038E+04	3.062763E-04	3.075375E-05
2.127999E+04	3.032450E-04	3.051566E-05
2.131961E+04	3.005634E-04	3.031107E-05
2.135922E+04	2.981987E-04	3.013692E-05
2.139883E+04	2.961055E-04	2.998880E-05
2.143844E+04	2.942330E-04	2.986177E-05
2.147805E+04	2.925289E-04	2.975064E-05
2.151766E+04	2.909417E-04	2.965028E-05
2.155727E+04	2.894220E-04	2.955572E-05
2.159688E+04	2.879238E-04	2.946232E-05
2.163649E+04	2.864062E-04	2.936588E-05
2.167610E+04	2.848327E-04	2.926266E-05
2.171571E+04	2.831729E-04	2.914951E-05
2.175532E+04	2.814023E-04	2.902384E-05
2.179493E+04	2.795018E-04	2.888363E-05
2.183454E+04	2.774585E-04	2.872748E-05
2.187415E+04	2.752647E-04	2.855451E-05
2.191376E+04	2.729187E-04	2.836445E-05
2.195337E+04	2.704234E-04	2.815754E-05
2.199298E+04	2.677868E-04	2.793453E-05
2.203259E+04	2.650216E-04	2.769670E-05
2.207220E+04	2.621439E-04	2.744564E-05
2.211181E+04	2.591732E-04	2.718337E-05
2.215142E+04	2.561320E-04	2.691220E-05
2.219103E+04	2.530443E-04	2.663464E-05
2.223064E+04	2.499353E-04	2.635334E-05
2.227025E+04	2.468312E-04	2.607105E-05
2.230986E+04	2.437583E-04	2.579058E-05
2.234947E+04	2.407419E-04	2.551465E-05
2.238908E+04	2.378069E-04	2.524594E-05
2.242869E+04	2.349769E-04	2.498702E-05
2.246830E+04	2.322734E-04	2.474024E-05
2.250791E+04	2.297162E-04	2.450779E-05
2.254752E+04	2.273222E-04	2.429159E-05
2.258713E+04	2.251067E-04	2.409335E-05
2.262674E+04	2.230816E-04	2.391444E-05
2.266635E+04	2.212564E-04	2.375601E-05
2.270596E+04	2.196383E-04	2.361892E-05
2.274557E+04	2.182318E-04	2.350379E-05
2.278518E+04	2.170398E-04	2.341103E-05
2.282479E+04	2.160628E-04	2.334080E-05
2.286440E+04	2.152996E-04	2.329309E-05
2.290401E+04	2.147479E-04	2.326776E-05
2.294362E+04	2.144044E-04	2.326456E-05
2.298323E+04	2.142647E-04	2.328310E-05
2.302285E+04	2.143241E-04	2.332297E-05
2.306246E+04	2.145773E-04	2.338371E-05
2.310207E+04	2.150187E-04	2.346476E-05
2.314168E+04	2.156424E-04	2.356558E-05
2.318129E+04	2.164420E-04	2.368557E-05
2.322090E+04	2.174112E-04	2.382408E-05
2.326051E+04	2.185425E-04	2.398039E-05
2.330012E+04	2.198286E-04	2.415375E-05
2.333973E+04	2.212614E-04	2.434335E-05
2.337934E+04	2.228322E-04	2.454828E-05
2.341895E+04	2.245324E-04	2.476764E-05
2.345856E+04	2.263526E-04	2.500045E-05
2.349817E+04	2.282832E-04	2.524569E-05
2.353778E+04	2.303146E-04	2.550235E-05
2.357739E+04	2.324367E-04	2.576934E-05
2.361700E+04	2.346391E-04	2.604553E-05
2.365661E+04	2.369118E-04	2.632983E-05
2.369622E+04	2.392436E-04	2.662103E-05
2.373583E+04	2.416242E-04	2.691799E-05
2.377544E+04	2.440427E-04	2.721952E-05
2.381505E+04	2.464881E-04	2.752438E-05
2.385466E+04	2.489497E-04	2.783139E-05
2.389427E+04	2.514171E-04	2.813938E-05
2.393388E+04	2.538798E-04	2.844717E-05
2.397349E+04	2.563280E-04	2.875365E-05
2.401310E+04	2.587525E-04	2.905777E-05
2.405271E+04	2.611449E-04	2.935859E-05
2.409232E+04	2.634977E-04	2.965523E-05
2.413193E+04	2.658042E-04	2.994692E-05
2.417154E+04	2.680589E-04	3.023300E-05
2.421115E+04	2.702571E-04	3.051295E-05
2.425076E+04	2.723954E-04	3.078633E-05
