#wls	flux	fluxerr
3.257341E+03	1.168628E-04	5.153376E-06
3.296951E+03	1.252906E-04	5.432786E-06
3.336561E+03	1.344186E-04	5.731149E-06
3.376171E+03	1.442041E-04	6.045560E-06
3.415782E+03	1.545622E-04	6.371573E-06
3.455392E+03	1.653712E-04	6.703565E-06
3.495002E+03	1.765567E-04	7.038194E-06
3.534612E+03	1.881676E-04	7.377233E-06
3.574223E+03	2.002827E-04	7.723535E-06
3.613833E+03	2.129647E-04	8.079228E-06
3.653443E+03	2.262374E-04	8.444866E-06
3.693053E+03	2.400661E-04	8.818774E-06
3.732664E+03	2.543483E-04	9.196934E-06
3.772274E+03	2.689180E-04	9.573361E-06
3.811884E+03	2.836206E-04	9.942866E-06
3.851494E+03	2.984853E-04	1.030692E-05
3.891105E+03	3.136843E-04	1.067175E-05
3.930715E+03	3.294254E-04	1.104439E-05
3.970325E+03	3.459109E-04	1.143134E-05
4.009935E+03	3.633220E-04	1.183803E-05
4.049545E+03	3.818157E-04	1.226885E-05
4.089156E+03	4.015278E-04	1.272729E-05
4.128766E+03	4.225735E-04	1.321607E-05
4.168376E+03	4.450498E-04	1.373720E-05
4.207986E+03	4.690395E-04	1.429223E-05
4.247597E+03	4.946171E-04	1.488241E-05
4.287207E+03	5.218596E-04	1.550907E-05
4.326817E+03	5.508692E-04	1.617430E-05
4.366427E+03	5.818037E-04	1.688176E-05
4.406038E+03	6.147698E-04	1.763358E-05
4.445648E+03	6.494568E-04	1.842006E-05
4.485258E+03	6.853857E-04	1.922732E-05
4.524868E+03	7.219617E-04	2.003900E-05
4.564479E+03	7.584116E-04	2.083461E-05
4.604089E+03	7.937254E-04	2.158815E-05
4.643699E+03	8.266162E-04	2.226724E-05
4.683309E+03	8.555404E-04	2.283391E-05
4.722919E+03	8.787394E-04	2.324580E-05
4.762530E+03	8.941635E-04	2.345423E-05
4.802140E+03	9.003849E-04	2.342803E-05
4.841750E+03	8.984947E-04	2.320162E-05
4.881360E+03	8.915450E-04	2.285780E-05
4.920971E+03	8.824481E-04	2.247252E-05
4.960581E+03	8.734610E-04	2.210270E-05
5.000191E+03	8.660482E-04	2.178393E-05
5.039801E+03	8.609097E-04	2.153189E-05
5.079412E+03	8.582838E-04	2.135053E-05
5.119022E+03	8.581482E-04	2.123743E-05
5.158632E+03	8.600980E-04	2.118088E-05
5.198242E+03	8.634198E-04	2.116194E-05
5.237853E+03	8.671831E-04	2.115680E-05
5.277463E+03	8.704110E-04	2.114101E-05
5.317073E+03	8.723232E-04	2.109535E-05
5.356683E+03	8.724967E-04	2.100953E-05
5.396293E+03	8.708377E-04	2.088142E-05
5.435904E+03	8.678708E-04	2.072369E-05
5.475514E+03	8.647733E-04	2.056439E-05
5.515124E+03	8.629787E-04	2.043724E-05
5.554734E+03	8.632612E-04	2.035989E-05
5.594345E+03	8.657685E-04	2.033499E-05
5.633955E+03	8.704778E-04	2.036105E-05
5.673565E+03	8.772614E-04	2.043419E-05
5.713175E+03	8.860108E-04	2.055108E-05
5.752786E+03	8.967719E-04	2.071206E-05
5.792396E+03	9.097441E-04	2.092100E-05
5.832006E+03	9.252136E-04	2.118376E-05
5.871616E+03	9.434699E-04	2.150622E-05
5.911227E+03	9.647905E-04	2.189393E-05
5.950837E+03	9.895699E-04	2.235502E-05
5.990447E+03	1.018227E-03	2.289812E-05
6.030057E+03	1.051111E-03	2.353024E-05
6.069667E+03	1.088501E-03	2.425676E-05
6.109278E+03	1.130545E-03	2.508024E-05
6.148888E+03	1.177517E-03	2.600615E-05
6.188498E+03	1.230061E-03	2.704813E-05
6.228108E+03	1.287488E-03	2.819072E-05
6.267719E+03	1.346273E-03	2.935716E-05
6.307329E+03	1.401667E-03	3.044539E-05
6.346939E+03	1.447877E-03	3.133226E-05
6.386549E+03	1.479011E-03	3.189416E-05
6.426160E+03	1.493993E-03	3.211252E-05
6.465770E+03	1.497454E-03	3.209086E-05
6.505380E+03	1.494635E-03	3.194320E-05
6.544990E+03	1.489984E-03	3.176425E-05
6.584601E+03	1.486570E-03	3.161826E-05
6.624211E+03	1.485906E-03	3.153596E-05
6.663821E+03	1.488472E-03	3.152601E-05
6.703431E+03	1.494201E-03	3.158551E-05
6.743041E+03	1.502610E-03	3.170291E-05
6.782652E+03	1.512887E-03	3.185996E-05
6.822262E+03	1.523918E-03	3.203224E-05
6.861872E+03	1.534415E-03	3.219194E-05
6.901482E+03	1.543131E-03	3.231244E-05
6.941093E+03	1.549092E-03	3.237316E-05
6.980703E+03	1.551663E-03	3.236083E-05
7.020313E+03	1.550537E-03	3.226934E-05
7.059923E+03	1.545854E-03	3.210203E-05
7.099534E+03	1.538271E-03	3.187309E-05
7.139144E+03	1.528755E-03	3.160317E-05
7.178754E+03	1.518242E-03	3.131223E-05
7.218364E+03	1.507326E-03	3.101316E-05
7.257975E+03	1.496081E-03	3.070809E-05
7.297585E+03	1.484208E-03	3.039173E-05
7.337195E+03	1.471382E-03	3.005828E-05
7.376805E+03	1.457607E-03	2.970883E-05
7.416415E+03	1.443602E-03	2.935906E-05
7.456026E+03	1.431195E-03	2.904708E-05
7.495636E+03	1.423464E-03	2.883605E-05
7.535246E+03	1.424328E-03	2.880573E-05
7.574856E+03	1.437909E-03	2.903975E-05
7.614467E+03	1.466520E-03	2.958498E-05
7.654077E+03	1.506242E-03	3.036217E-05
7.693687E+03	1.550111E-03	3.123109E-05
7.733297E+03	1.590383E-03	3.203627E-05
7.772908E+03	1.620047E-03	3.263705E-05
7.812518E+03	1.636155E-03	3.297325E-05
7.852128E+03	1.640069E-03	3.307036E-05
7.891738E+03	1.634831E-03	3.298738E-05
7.931349E+03	1.623694E-03	3.278771E-05
7.970959E+03	1.609263E-03	3.252189E-05
8.010569E+03	1.593271E-03	3.222310E-05
8.050179E+03	1.576792E-03	3.191151E-05
8.089789E+03	1.560452E-03	3.159844E-05
8.129400E+03	1.544685E-03	3.129154E-05
8.169010E+03	1.529768E-03	3.099550E-05
8.208620E+03	1.515738E-03	3.071033E-05
8.248230E+03	1.502465E-03	3.043277E-05
8.287841E+03	1.489679E-03	3.015695E-05
8.327451E+03	1.476904E-03	2.987298E-05
8.367061E+03	1.463568E-03	2.956924E-05
8.406671E+03	1.449296E-03	2.923834E-05
8.446282E+03	1.434083E-03	2.888060E-05
8.485892E+03	1.418375E-03	2.850561E-05
8.525502E+03	1.402932E-03	2.812932E-05
8.565112E+03	1.388686E-03	2.777124E-05
8.604723E+03	1.376753E-03	2.745444E-05
8.644333E+03	1.368202E-03	2.720085E-05
8.683943E+03	1.363638E-03	2.702313E-05
8.723553E+03	1.363392E-03	2.692845E-05
8.763163E+03	1.367593E-03	2.692004E-05
8.802774E+03	1.376325E-03	2.700040E-05
8.842384E+03	1.389747E-03	2.717375E-05
8.881994E+03	1.407797E-03	2.744028E-05
8.921604E+03	1.429730E-03	2.778728E-05
8.961215E+03	1.454176E-03	2.819060E-05
9.000825E+03	1.479062E-03	2.861324E-05
9.040435E+03	1.501435E-03	2.900196E-05
9.080045E+03	1.517927E-03	2.929611E-05
9.119656E+03	1.526179E-03	2.945454E-05
9.159266E+03	1.526336E-03	2.948283E-05
9.198876E+03	1.520395E-03	2.942064E-05
9.238486E+03	1.510741E-03	2.931475E-05
9.278097E+03	1.499374E-03	2.920450E-05
9.317707E+03	1.487760E-03	2.911912E-05
9.357317E+03	1.476785E-03	2.907692E-05
9.396927E+03	1.466834E-03	2.908672E-05
9.436537E+03	1.458209E-03	2.915607E-05
9.476148E+03	1.451268E-03	2.929400E-05
9.515758E+03	1.446315E-03	2.950891E-05
9.555368E+03	1.443411E-03	2.980473E-05
9.594978E+03	1.442281E-03	3.017871E-05
9.634589E+03	1.442398E-03	3.062272E-05
9.674199E+03	1.442946E-03	3.112192E-05
9.713809E+03	1.442940E-03	3.165671E-05
9.753419E+03	1.441469E-03	3.220750E-05
9.793030E+03	1.438055E-03	3.276272E-05
9.832640E+03	1.433000E-03	3.332726E-05
9.872250E+03	1.426113E-03	3.389217E-05
9.911857E+03	1.417699E-03	3.445885E-05
9.951468E+03	1.409016E-03	3.505293E-05
9.991078E+03	1.401435E-03	3.570553E-05
1.003069E+04	1.395935E-03	3.644103E-05
1.007030E+04	1.393005E-03	3.727351E-05
1.010991E+04	1.392717E-03	3.820737E-05
1.014952E+04	1.394769E-03	3.923712E-05
1.018913E+04	1.398527E-03	4.034731E-05
1.022874E+04	1.403148E-03	4.151466E-05
1.026835E+04	1.407740E-03	4.271231E-05
1.030796E+04	1.411536E-03	4.391456E-05
1.034757E+04	1.414203E-03	4.510727E-05
1.038718E+04	1.415690E-03	4.628452E-05
1.042679E+04	1.416119E-03	4.744599E-05
1.046640E+04	1.415717E-03	4.859530E-05
1.050601E+04	1.414698E-03	4.973648E-05
1.054562E+04	1.413163E-03	5.087029E-05
1.058523E+04	1.411081E-03	5.199288E-05
1.062484E+04	1.408282E-03	5.309525E-05
1.066445E+04	1.404450E-03	5.416214E-05
1.070406E+04	1.399237E-03	5.517612E-05
1.074367E+04	1.392318E-03	5.611930E-05
1.078328E+04	1.383382E-03	5.697348E-05
1.082289E+04	1.372214E-03	5.772333E-05
1.086250E+04	1.358772E-03	5.836016E-05
1.090211E+04	1.343195E-03	5.888322E-05
1.094172E+04	1.325826E-03	5.930128E-05
1.098133E+04	1.307097E-03	5.962865E-05
1.102094E+04	1.287440E-03	5.988102E-05
1.106055E+04	1.267261E-03	6.007449E-05
1.110016E+04	1.246894E-03	6.022337E-05
1.113977E+04	1.226599E-03	6.033935E-05
1.117938E+04	1.206553E-03	6.043108E-05
1.121900E+04	1.186848E-03	6.050357E-05
1.125861E+04	1.167502E-03	6.055832E-05
1.129822E+04	1.148486E-03	6.059443E-05
1.133783E+04	1.129806E-03	6.061288E-05
1.137744E+04	1.111529E-03	6.061803E-05
1.141705E+04	1.093700E-03	6.061318E-05
1.145666E+04	1.076308E-03	6.059890E-05
1.149627E+04	1.059333E-03	6.057501E-05
1.153588E+04	1.042810E-03	6.054445E-05
1.157549E+04	1.026853E-03	6.051524E-05
1.161510E+04	1.011703E-03	6.050310E-05
1.165471E+04	9.977565E-04	6.053417E-05
1.169432E+04	9.854677E-04	6.063952E-05
1.173393E+04	9.752604E-04	6.084985E-05
1.177354E+04	9.675527E-04	6.119693E-05
1.181315E+04	9.627612E-04	6.171383E-05
1.185276E+04	9.612239E-04	6.242988E-05
1.189237E+04	9.632611E-04	6.337430E-05
1.193198E+04	9.693033E-04	6.458467E-05
1.197159E+04	9.797627E-04	6.609868E-05
1.201120E+04	9.947139E-04	6.793220E-05
1.205081E+04	1.013689E-03	7.006379E-05
1.209042E+04	1.035579E-03	7.242536E-05
1.213003E+04	1.058344E-03	7.487936E-05
1.216964E+04	1.078887E-03	7.720592E-05
1.220925E+04	1.093234E-03	7.911157E-05
1.224886E+04	1.097730E-03	8.031370E-05
1.228847E+04	1.091093E-03	8.069365E-05
1.232808E+04	1.074483E-03	8.031177E-05
1.236769E+04	1.048753E-03	7.920902E-05
1.240730E+04	1.015068E-03	7.745326E-05
1.244691E+04	9.764567E-04	7.525992E-05
1.248652E+04	9.364153E-04	7.289033E-05
1.252613E+04	8.977773E-04	7.056458E-05
1.256574E+04	8.624923E-04	6.844117E-05
1.260535E+04	8.316584E-04	6.661623E-05
1.264496E+04	8.057273E-04	6.513677E-05
1.268457E+04	7.847092E-04	6.401496E-05
1.272418E+04	7.683471E-04	6.324082E-05
1.276379E+04	7.561946E-04	6.278777E-05
1.280340E+04	7.477060E-04	6.261942E-05
1.284301E+04	7.423867E-04	6.270202E-05
1.288262E+04	7.398404E-04	6.300866E-05
1.292224E+04	7.396601E-04	6.351027E-05
1.296185E+04	7.414253E-04	6.417541E-05
1.300146E+04	7.447701E-04	6.497615E-05
1.304107E+04	7.493981E-04	6.588959E-05
1.308068E+04	7.550404E-04	6.689443E-05
1.312029E+04	7.614451E-04	6.797011E-05
1.315990E+04	7.684004E-04	6.909896E-05
1.319951E+04	7.757400E-04	7.026688E-05
1.323912E+04	7.833230E-04	7.146162E-05
1.327873E+04	7.910248E-04	7.267204E-05
1.331834E+04	7.987239E-04	7.388698E-05
1.335795E+04	8.062882E-04	7.509397E-05
1.339756E+04	8.135874E-04	7.628039E-05
1.343717E+04	8.204948E-04	7.743363E-05
1.347678E+04	8.268757E-04	7.854005E-05
1.351639E+04	8.325973E-04	7.958586E-05
1.355600E+04	8.375365E-04	8.055791E-05
1.359561E+04	8.415812E-04	8.144384E-05
1.363522E+04	8.446415E-04	8.223326E-05
1.367483E+04	8.466706E-04	8.291978E-05
1.371444E+04	8.476317E-04	8.349796E-05
1.375405E+04	8.475065E-04	8.396414E-05
1.379366E+04	8.463097E-04	8.431796E-05
1.383327E+04	8.440722E-04	8.456073E-05
1.387288E+04	8.408502E-04	8.469645E-05
1.391249E+04	8.367557E-04	8.473490E-05
1.395210E+04	8.319133E-04	8.468746E-05
1.399171E+04	8.264456E-04	8.456557E-05
1.403132E+04	8.204773E-04	8.438118E-05
1.407093E+04	8.141283E-04	8.414603E-05
1.411054E+04	8.075002E-04	8.387022E-05
1.415015E+04	8.006820E-04	8.356273E-05
1.418976E+04	7.937616E-04	8.323265E-05
1.422937E+04	7.868135E-04	8.288782E-05
1.426898E+04	7.798883E-04	8.253368E-05
1.430859E+04	7.730267E-04	8.217476E-05
1.434820E+04	7.663121E-04	8.182016E-05
1.438781E+04	7.598918E-04	8.148605E-05
1.442742E+04	7.539256E-04	8.119018E-05
1.446703E+04	7.485578E-04	8.094889E-05
1.450664E+04	7.439115E-04	8.077646E-05
1.454625E+04	7.400940E-04	8.068567E-05
1.458587E+04	7.371980E-04	8.068783E-05
1.462548E+04	7.352793E-04	8.079032E-05
1.466509E+04	7.343511E-04	8.099591E-05
1.470470E+04	7.343943E-04	8.130374E-05
1.474431E+04	7.353615E-04	8.170977E-05
1.478392E+04	7.371877E-04	8.220789E-05
1.482353E+04	7.398100E-04	8.279206E-05
1.486314E+04	7.431634E-04	8.345590E-05
1.490275E+04	7.471467E-04	8.418880E-05
1.494236E+04	7.515798E-04	8.497108E-05
1.498197E+04	7.562190E-04	8.577553E-05
1.502158E+04	7.608178E-04	8.657426E-05
1.506119E+04	7.651397E-04	8.734020E-05
1.510080E+04	7.689204E-04	8.804269E-05
1.514041E+04	7.718817E-04	8.864918E-05
1.518002E+04	7.737842E-04	8.913121E-05
1.521963E+04	7.744514E-04	8.946729E-05
1.525924E+04	7.738496E-04	8.965228E-05
1.529885E+04	7.720568E-04	8.969402E-05
1.533846E+04	7.690860E-04	8.959293E-05
1.537807E+04	7.649531E-04	8.934982E-05
1.541768E+04	7.598101E-04	8.898149E-05
1.545729E+04	7.537964E-04	8.850349E-05
1.549690E+04	7.469758E-04	8.792266E-05
1.553651E+04	7.393679E-04	8.724075E-05
1.557612E+04	7.309958E-04	8.645995E-05
1.561573E+04	7.219487E-04	8.559037E-05
1.565534E+04	7.123769E-04	8.464945E-05
1.569495E+04	7.024687E-04	8.365939E-05
1.573456E+04	6.923626E-04	8.263662E-05
1.577417E+04	6.821263E-04	8.158928E-05
1.581378E+04	6.718951E-04	8.053368E-05
1.585339E+04	6.618732E-04	7.949451E-05
1.589300E+04	6.522480E-04	7.849469E-05
1.593261E+04	6.431662E-04	7.755236E-05
1.597222E+04	6.347532E-04	7.668322E-05
1.601183E+04	6.270249E-04	7.588979E-05
1.605144E+04	6.198550E-04	7.515737E-05
1.609105E+04	6.131379E-04	7.447365E-05
1.613066E+04	6.068361E-04	7.383445E-05
1.617027E+04	6.009518E-04	7.324045E-05
1.620988E+04	5.955491E-04	7.269980E-05
1.624949E+04	5.906790E-04	7.221916E-05
1.628911E+04	5.863282E-04	7.179728E-05
1.632872E+04	5.824410E-04	7.142772E-05
1.636833E+04	5.789127E-04	7.109797E-05
1.640794E+04	5.755972E-04	7.079030E-05
1.644755E+04	5.723688E-04	7.048942E-05
1.648716E+04	5.692291E-04	7.019564E-05
1.652677E+04	5.662408E-04	6.991681E-05
1.656638E+04	5.633818E-04	6.965034E-05
1.660599E+04	5.605290E-04	6.938111E-05
1.664560E+04	5.575373E-04	6.909120E-05
1.668521E+04	5.543029E-04	6.876776E-05
1.672482E+04	5.507925E-04	6.840660E-05
1.676443E+04	5.470651E-04	6.801500E-05
1.680404E+04	5.432650E-04	6.761095E-05
1.684365E+04	5.396172E-04	6.722248E-05
1.688326E+04	5.363124E-04	6.687353E-05
1.692287E+04	5.334415E-04	6.657561E-05
1.696248E+04	5.309215E-04	6.631857E-05
1.700209E+04	5.286118E-04	6.608500E-05
1.704170E+04	5.264084E-04	6.586201E-05
1.708131E+04	5.242544E-04	6.564256E-05
1.712092E+04	5.221018E-04	6.542069E-05
1.716053E+04	5.198633E-04	6.518551E-05
1.720014E+04	5.174266E-04	6.492298E-05
1.723975E+04	5.147179E-04	6.462380E-05
1.727936E+04	5.117443E-04	6.428888E-05
1.731897E+04	5.085577E-04	6.392475E-05
1.735858E+04	5.052116E-04	6.353814E-05
1.739819E+04	5.017974E-04	6.314060E-05
1.743780E+04	4.984415E-04	6.274806E-05
1.747741E+04	4.952865E-04	6.237859E-05
1.751702E+04	4.925023E-04	6.205368E-05
1.755663E+04	4.902512E-04	6.179391E-05
1.759624E+04	4.886549E-04	6.161473E-05
1.763585E+04	4.877690E-04	6.152329E-05
1.767546E+04	4.876063E-04	6.152135E-05
1.771507E+04	4.882187E-04	6.161557E-05
1.775468E+04	4.896775E-04	6.181503E-05
1.779429E+04	4.920095E-04	6.212324E-05
1.783390E+04	4.951728E-04	6.253495E-05
1.787351E+04	4.990855E-04	6.303991E-05
1.791312E+04	5.036365E-04	6.362411E-05
1.795274E+04	5.086905E-04	6.427048E-05
1.799235E+04	5.141141E-04	6.496217E-05
1.803196E+04	5.198071E-04	6.568653E-05
1.807157E+04	5.256862E-04	6.643303E-05
1.811118E+04	5.316569E-04	6.718970E-05
1.815079E+04	5.376074E-04	6.794239E-05
1.819040E+04	5.434140E-04	6.867548E-05
1.823001E+04	5.489616E-04	6.937440E-05
1.826962E+04	5.541589E-04	7.002762E-05
1.830923E+04	5.589486E-04	7.062790E-05
1.834884E+04	5.632895E-04	7.117004E-05
1.838845E+04	5.671489E-04	7.164996E-05
1.842806E+04	5.705039E-04	7.206480E-05
1.846767E+04	5.733304E-04	7.241154E-05
1.850728E+04	5.755931E-04	7.268579E-05
1.854689E+04	5.772645E-04	7.288413E-05
1.858650E+04	5.783439E-04	7.300657E-05
1.862611E+04	5.788432E-04	7.305468E-05
1.866572E+04	5.787797E-04	7.303073E-05
1.870533E+04	5.781637E-04	7.293612E-05
1.874494E+04	5.770042E-04	7.277209E-05
1.878455E+04	5.753186E-04	7.254093E-05
1.882416E+04	5.731311E-04	7.224579E-05
1.886377E+04	5.704650E-04	7.188974E-05
1.890338E+04	5.673482E-04	7.147638E-05
1.894299E+04	5.638217E-04	7.101101E-05
1.898260E+04	5.599637E-04	7.050359E-05
1.902221E+04	5.558616E-04	6.996518E-05
1.906182E+04	5.515983E-04	6.940636E-05
1.910143E+04	5.472652E-04	6.883867E-05
1.914104E+04	5.429570E-04	6.827411E-05
1.918065E+04	5.387702E-04	6.772485E-05
1.922026E+04	5.347869E-04	6.720128E-05
1.925987E+04	5.310758E-04	6.671204E-05
1.929948E+04	5.277062E-04	6.626586E-05
1.933909E+04	5.247366E-04	6.587012E-05
1.937870E+04	5.222013E-04	6.552910E-05
1.941831E+04	5.201042E-04	6.524330E-05
1.945792E+04	5.184206E-04	6.500963E-05
1.949753E+04	5.170982E-04	6.482152E-05
1.953714E+04	5.160626E-04	6.466967E-05
1.957675E+04	5.152200E-04	6.454235E-05
1.961636E+04	5.144677E-04	6.442672E-05
1.965598E+04	5.137137E-04	6.431134E-05
1.969559E+04	5.128844E-04	6.418702E-05
1.973520E+04	5.119422E-04	6.404915E-05
1.977481E+04	5.108833E-04	6.389732E-05
1.981442E+04	5.097484E-04	6.373668E-05
1.985403E+04	5.085786E-04	6.357247E-05
1.989364E+04	5.073930E-04	6.340710E-05
1.993325E+04	5.061923E-04	6.324074E-05
1.997286E+04	5.049571E-04	6.307102E-05
2.001247E+04	5.036457E-04	6.289279E-05
2.005208E+04	5.021898E-04	6.269762E-05
2.009169E+04	5.004972E-04	6.247403E-05
2.013130E+04	4.984811E-04	6.221128E-05
2.017091E+04	4.960843E-04	6.190230E-05
2.021052E+04	4.932817E-04	6.154403E-05
2.025013E+04	4.900834E-04	6.113781E-05
2.028974E+04	4.865265E-04	6.068832E-05
2.032935E+04	4.826826E-04	6.020454E-05
2.036896E+04	4.786282E-04	5.969606E-05
2.040857E+04	4.744175E-04	5.916965E-05
2.044818E+04	4.700826E-04	5.862937E-05
2.048779E+04	4.656457E-04	5.807799E-05
2.052740E+04	4.611217E-04	5.751740E-05
2.056701E+04	4.565363E-04	5.695081E-05
2.060662E+04	4.519274E-04	5.638297E-05
2.064623E+04	4.473209E-04	5.581711E-05
2.068584E+04	4.427320E-04	5.525515E-05
2.072545E+04	4.381761E-04	5.469900E-05
2.076506E+04	4.336424E-04	5.414732E-05
2.080467E+04	4.290990E-04	5.359615E-05
2.084428E+04	4.245301E-04	5.304350E-05
2.088389E+04	4.199657E-04	5.249311E-05
2.092350E+04	4.154584E-04	5.195155E-05
2.096311E+04	4.110384E-04	5.142261E-05
2.100272E+04	4.067230E-04	5.090844E-05
2.104233E+04	4.025330E-04	5.041168E-05
2.108194E+04	3.985042E-04	4.993680E-05
2.112155E+04	3.946803E-04	4.948927E-05
2.116116E+04	3.910730E-04	4.907051E-05
2.120077E+04	3.876405E-04	4.867521E-05
2.124038E+04	3.843244E-04	4.829599E-05
2.127999E+04	3.810914E-04	4.792858E-05
2.131961E+04	3.779350E-04	4.757212E-05
2.135922E+04	3.748793E-04	4.722955E-05
2.139883E+04	3.719876E-04	4.690882E-05
2.143844E+04	3.693274E-04	4.661842E-05
2.147805E+04	3.669359E-04	4.636305E-05
2.151766E+04	3.647955E-04	4.614051E-05
2.155727E+04	3.628553E-04	4.594438E-05
2.159688E+04	3.610753E-04	4.576961E-05
2.163649E+04	3.594096E-04	4.561038E-05
2.167610E+04	3.578066E-04	4.546011E-05
2.171571E+04	3.562161E-04	4.531239E-05
2.175532E+04	3.545888E-04	4.516089E-05
2.179493E+04	3.528764E-04	4.499938E-05
2.183454E+04	3.510189E-04	4.482011E-05
2.187415E+04	3.489400E-04	4.461315E-05
2.191376E+04	3.465545E-04	4.436748E-05
2.195337E+04	3.437984E-04	4.407462E-05
2.199298E+04	3.406457E-04	4.373102E-05
2.203259E+04	3.370941E-04	4.333608E-05
2.207220E+04	3.331608E-04	4.289173E-05
2.211181E+04	3.288815E-04	4.240232E-05
2.215142E+04	3.243043E-04	4.187376E-05
2.219103E+04	3.194769E-04	4.131200E-05
2.223064E+04	3.144419E-04	4.072232E-05
2.227025E+04	3.092419E-04	4.011007E-05
2.230986E+04	3.039238E-04	3.948118E-05
2.234947E+04	2.985415E-04	3.884252E-05
2.238908E+04	2.931500E-04	3.820115E-05
2.242869E+04	2.878022E-04	3.756389E-05
2.246830E+04	2.825537E-04	3.693800E-05
2.250791E+04	2.774598E-04	3.633071E-05
2.254752E+04	2.725654E-04	3.574796E-05
2.258713E+04	2.678993E-04	3.519360E-05
2.262674E+04	2.634750E-04	3.466952E-05
2.266635E+04	2.592981E-04	3.417656E-05
2.270596E+04	2.553680E-04	3.371477E-05
2.274557E+04	2.516813E-04	3.328380E-05
2.278518E+04	2.482311E-04	3.288290E-05
2.282479E+04	2.450054E-04	3.251058E-05
2.286440E+04	2.419870E-04	3.216466E-05
2.290401E+04	2.391567E-04	3.184272E-05
2.294362E+04	2.365002E-04	3.154294E-05
2.298323E+04	2.340095E-04	3.126435E-05
2.302285E+04	2.316748E-04	3.100573E-05
2.306246E+04	2.294848E-04	3.076564E-05
2.310207E+04	2.274325E-04	3.054322E-05
2.314168E+04	2.255157E-04	3.033826E-05
2.318129E+04	2.237404E-04	3.015163E-05
2.322090E+04	2.221142E-04	2.998445E-05
2.326051E+04	2.206410E-04	2.983734E-05
2.330012E+04	2.193194E-04	2.971018E-05
2.333973E+04	2.181445E-04	2.960241E-05
2.337934E+04	2.171100E-04	2.951327E-05
2.341895E+04	2.162114E-04	2.944223E-05
2.345856E+04	2.154481E-04	2.938927E-05
2.349817E+04	2.148202E-04	2.935452E-05
2.353778E+04	2.143227E-04	2.933735E-05
2.357739E+04	2.139430E-04	2.933614E-05
2.361700E+04	2.136687E-04	2.934925E-05
2.365661E+04	2.134892E-04	2.937529E-05
2.369622E+04	2.133933E-04	2.941276E-05
2.373583E+04	2.133695E-04	2.946013E-05
2.377544E+04	2.134066E-04	2.951589E-05
2.381505E+04	2.134915E-04	2.957826E-05
2.385466E+04	2.136120E-04	2.964558E-05
2.389427E+04	2.137547E-04	2.971601E-05
2.393388E+04	2.139060E-04	2.978763E-05
2.397349E+04	2.140531E-04	2.985868E-05
2.401310E+04	2.141853E-04	2.992765E-05
2.405271E+04	2.142950E-04	2.999344E-05
2.409232E+04	2.143765E-04	3.005525E-05
2.413193E+04	2.144271E-04	3.011266E-05
2.417154E+04	2.144452E-04	3.016542E-05
2.421115E+04	2.144310E-04	3.021354E-05
2.425076E+04	2.143861E-04	3.025719E-05
