#wls	flux	fluxerr
3.257341E+03	1.449109E-03	8.470351E-05
3.296951E+03	1.505508E-03	8.695314E-05
3.336561E+03	1.566128E-03	8.936270E-05
3.376171E+03	1.631248E-03	9.193908E-05
3.415782E+03	1.701105E-03	9.468607E-05
3.455392E+03	1.775846E-03	9.760189E-05
3.495002E+03	1.855558E-03	1.006810E-04
3.534612E+03	1.940125E-03	1.039069E-04
3.574223E+03	2.029156E-03	1.072491E-04
3.613833E+03	2.122132E-03	1.106713E-04
3.653443E+03	2.218196E-03	1.141215E-04
3.693053E+03	2.316455E-03	1.175484E-04
3.732664E+03	2.415995E-03	1.209025E-04
3.772274E+03	2.515954E-03	1.241391E-04
3.811884E+03	2.615534E-03	1.272196E-04
3.851494E+03	2.714012E-03	1.301110E-04
3.891105E+03	2.810660E-03	1.327826E-04
3.930715E+03	2.904786E-03	1.352073E-04
3.970325E+03	2.995829E-03	1.373662E-04
4.009935E+03	3.083185E-03	1.392400E-04
4.049545E+03	3.166516E-03	1.408232E-04
4.089156E+03	3.245459E-03	1.421100E-04
4.128766E+03	3.319872E-03	1.431055E-04
4.168376E+03	3.389717E-03	1.438194E-04
4.207986E+03	3.454977E-03	1.442627E-04
4.247597E+03	3.515681E-03	1.444482E-04
4.287207E+03	3.571791E-03	1.443861E-04
4.326817E+03	3.623269E-03	1.440865E-04
4.366427E+03	3.670360E-03	1.435709E-04
4.406038E+03	3.713543E-03	1.428691E-04
4.445648E+03	3.754185E-03	1.420431E-04
4.485258E+03	3.793768E-03	1.411551E-04
4.524868E+03	3.833340E-03	1.402477E-04
4.564479E+03	3.873655E-03	1.393503E-04
4.604089E+03	3.915303E-03	1.384848E-04
4.643699E+03	3.958839E-03	1.376709E-04
4.683309E+03	4.004393E-03	1.369125E-04
4.722919E+03	4.051274E-03	1.361858E-04
4.762530E+03	4.096443E-03	1.353914E-04
4.802140E+03	4.137030E-03	1.344420E-04
4.841750E+03	4.171872E-03	1.333104E-04
4.881360E+03	4.200921E-03	1.320068E-04
4.920971E+03	4.224437E-03	1.305505E-04
4.960581E+03	4.243250E-03	1.289776E-04
5.000191E+03	4.258281E-03	1.273248E-04
5.039801E+03	4.270649E-03	1.256328E-04
5.079412E+03	4.281245E-03	1.239335E-04
5.119022E+03	4.290657E-03	1.222482E-04
5.158632E+03	4.299149E-03	1.205884E-04
5.198242E+03	4.306299E-03	1.189459E-04
5.237853E+03	4.311085E-03	1.172974E-04
5.277463E+03	4.311739E-03	1.156008E-04
5.317073E+03	4.305914E-03	1.138014E-04
5.356683E+03	4.291371E-03	1.118506E-04
5.396293E+03	4.265989E-03	1.097046E-04
5.435904E+03	4.227143E-03	1.073089E-04
5.475514E+03	4.178993E-03	1.047811E-04
5.515124E+03	4.128432E-03	1.022997E-04
5.554734E+03	4.079693E-03	9.996822E-05
5.594345E+03	4.035656E-03	9.785214E-05
5.633955E+03	3.998475E-03	9.599720E-05
5.673565E+03	3.969545E-03	9.442963E-05
5.713175E+03	3.949525E-03	9.315799E-05
5.752786E+03	3.938449E-03	9.217666E-05
5.792396E+03	3.935798E-03	9.146812E-05
5.832006E+03	3.940781E-03	9.100993E-05
5.871616E+03	3.952050E-03	9.076817E-05
5.911227E+03	3.967790E-03	9.069968E-05
5.950837E+03	3.985644E-03	9.075027E-05
5.990447E+03	4.002471E-03	9.084858E-05
6.030057E+03	4.014591E-03	9.091017E-05
6.069667E+03	4.017780E-03	9.083836E-05
6.109278E+03	4.008265E-03	9.054652E-05
6.148888E+03	3.984054E-03	8.998733E-05
6.188498E+03	3.946358E-03	8.918398E-05
6.228108E+03	3.896384E-03	8.815692E-05
6.267719E+03	3.834809E-03	8.691372E-05
6.307329E+03	3.765190E-03	8.552686E-05
6.346939E+03	3.691922E-03	8.408845E-05
6.386549E+03	3.619176E-03	8.268671E-05
6.426160E+03	3.550367E-03	8.139416E-05
6.465770E+03	3.487119E-03	8.024379E-05
6.505380E+03	3.430175E-03	7.924952E-05
6.544990E+03	3.379738E-03	7.841361E-05
6.584601E+03	3.335484E-03	7.772682E-05
6.624211E+03	3.296616E-03	7.716920E-05
6.663821E+03	3.262006E-03	7.671314E-05
6.703431E+03	3.230449E-03	7.632915E-05
6.743041E+03	3.200651E-03	7.598540E-05
6.782652E+03	3.171375E-03	7.565119E-05
6.822262E+03	3.141577E-03	7.530011E-05
6.861872E+03	3.110452E-03	7.491131E-05
6.901482E+03	3.077538E-03	7.447204E-05
6.941093E+03	3.042624E-03	7.397569E-05
6.980703E+03	3.005833E-03	7.342390E-05
7.020313E+03	2.967588E-03	7.282595E-05
7.059923E+03	2.928831E-03	7.220428E-05
7.099534E+03	2.890605E-03	7.158434E-05
7.139144E+03	2.854067E-03	7.099511E-05
7.178754E+03	2.820472E-03	7.046858E-05
7.218364E+03	2.790692E-03	7.002777E-05
7.257975E+03	2.765359E-03	6.969009E-05
7.297585E+03	2.744167E-03	6.944956E-05
7.337195E+03	2.726498E-03	6.929211E-05
7.376805E+03	2.711668E-03	6.920183E-05
7.416415E+03	2.700431E-03	6.919937E-05
7.456026E+03	2.694668E-03	6.933433E-05
7.495636E+03	2.694884E-03	6.962029E-05
7.535246E+03	2.695907E-03	6.992358E-05
7.574856E+03	2.691235E-03	7.007346E-05
7.614467E+03	2.676269E-03	6.994614E-05
7.654077E+03	2.649644E-03	6.950104E-05
7.693687E+03	2.612107E-03	6.875310E-05
7.733297E+03	2.565350E-03	6.774274E-05
7.772908E+03	2.510953E-03	6.650849E-05
7.812518E+03	2.449979E-03	6.507616E-05
7.852128E+03	2.382479E-03	6.344529E-05
7.891738E+03	2.308159E-03	6.160670E-05
7.931349E+03	2.228264E-03	5.959282E-05
7.970959E+03	2.146105E-03	5.749219E-05
8.010569E+03	2.064690E-03	5.538618E-05
8.050179E+03	1.985777E-03	5.332326E-05
8.089789E+03	1.910499E-03	5.133540E-05
8.129400E+03	1.839314E-03	4.943652E-05
8.169010E+03	1.772604E-03	4.763836E-05
8.208620E+03	1.710467E-03	4.594497E-05
8.248230E+03	1.652999E-03	4.436021E-05
8.287841E+03	1.600403E-03	4.289053E-05
8.327451E+03	1.552802E-03	4.154006E-05
8.367061E+03	1.510457E-03	4.031632E-05
8.406671E+03	1.473583E-03	3.922520E-05
8.446282E+03	1.442376E-03	3.827176E-05
8.485892E+03	1.417077E-03	3.746182E-05
8.525502E+03	1.397860E-03	3.679892E-05
8.565112E+03	1.384792E-03	3.628330E-05
8.604723E+03	1.377740E-03	3.590954E-05
8.644333E+03	1.376407E-03	3.566758E-05
8.683943E+03	1.380242E-03	3.554057E-05
8.723553E+03	1.388500E-03	3.550668E-05
8.763163E+03	1.400335E-03	3.554168E-05
8.802774E+03	1.415214E-03	3.562957E-05
8.842384E+03	1.432774E-03	3.575879E-05
8.881994E+03	1.452921E-03	3.592462E-05
8.921604E+03	1.475616E-03	3.612351E-05
8.961215E+03	1.500759E-03	3.635042E-05
9.000825E+03	1.528070E-03	3.659580E-05
9.040435E+03	1.557371E-03	3.685283E-05
9.080045E+03	1.588542E-03	3.711607E-05
9.119656E+03	1.621301E-03	3.737642E-05
9.159266E+03	1.655516E-03	3.762848E-05
9.198876E+03	1.690986E-03	3.786550E-05
9.238486E+03	1.727490E-03	3.808048E-05
9.278097E+03	1.765038E-03	3.827183E-05
9.317707E+03	1.803248E-03	3.842958E-05
9.357317E+03	1.842144E-03	3.855298E-05
9.396927E+03	1.881509E-03	3.863633E-05
9.436537E+03	1.921374E-03	3.867944E-05
9.476148E+03	1.961463E-03	3.867620E-05
9.515758E+03	2.001614E-03	3.862332E-05
9.555368E+03	2.041937E-03	3.852316E-05
9.594978E+03	2.082159E-03	3.837111E-05
9.634589E+03	2.122115E-03	3.816524E-05
9.674199E+03	2.161766E-03	3.790657E-05
9.713809E+03	2.200739E-03	3.759077E-05
9.753419E+03	2.238748E-03	3.721617E-05
9.793030E+03	2.275634E-03	3.678412E-05
9.832640E+03	2.310810E-03	3.629013E-05
9.872250E+03	2.343989E-03	3.573593E-05
9.911857E+03	2.374422E-03	3.511770E-05
9.951468E+03	2.401705E-03	3.443836E-05
9.991078E+03	2.424971E-03	3.369605E-05
1.003069E+04	2.444008E-03	3.289984E-05
1.007030E+04	2.457953E-03	3.205128E-05
1.010991E+04	2.466206E-03	3.115719E-05
1.014952E+04	2.468479E-03	3.022948E-05
1.018913E+04	2.464315E-03	2.927851E-05
1.022874E+04	2.453552E-03	2.831846E-05
1.026835E+04	2.435513E-03	2.735722E-05
1.030796E+04	2.409999E-03	2.640741E-05
1.034757E+04	2.377129E-03	2.548336E-05
1.038718E+04	2.336508E-03	2.459125E-05
1.042679E+04	2.333714E-03	2.421119E-05
1.046640E+04	2.334661E-03	2.398168E-05
1.050601E+04	2.341463E-03	2.392040E-05
1.054562E+04	2.343950E-03	2.391437E-05
1.058523E+04	2.340574E-03	2.393775E-05
1.062484E+04	2.332424E-03	2.398965E-05
1.066445E+04	2.320937E-03	2.407177E-05
1.070406E+04	2.307266E-03	2.418290E-05
1.074367E+04	2.292187E-03	2.431856E-05
1.078328E+04	2.276173E-03	2.447212E-05
1.082289E+04	2.259482E-03	2.463578E-05
1.086250E+04	2.242241E-03	2.480153E-05
1.090211E+04	2.224494E-03	2.496160E-05
1.094172E+04	2.206246E-03	2.510891E-05
1.098133E+04	2.187490E-03	2.523728E-05
1.102094E+04	2.168221E-03	2.534154E-05
1.106055E+04	2.148454E-03	2.541766E-05
1.110016E+04	2.128223E-03	2.546270E-05
1.113977E+04	2.107594E-03	2.547489E-05
1.117938E+04	2.086649E-03	2.545337E-05
1.121900E+04	2.065489E-03	2.539821E-05
1.125861E+04	2.044218E-03	2.531012E-05
1.129822E+04	2.022945E-03	2.519039E-05
1.133783E+04	2.001769E-03	2.504073E-05
1.137744E+04	1.980781E-03	2.486317E-05
1.141705E+04	1.960063E-03	2.465999E-05
1.145666E+04	1.939679E-03	2.443366E-05
1.149627E+04	1.919693E-03	2.418692E-05
1.153588E+04	1.900162E-03	2.392281E-05
1.157549E+04	1.881157E-03	2.364474E-05
1.161510E+04	1.862762E-03	2.335661E-05
1.165471E+04	1.845082E-03	2.306289E-05
1.169432E+04	1.828239E-03	2.276845E-05
1.173393E+04	1.812368E-03	2.247861E-05
1.177354E+04	1.797597E-03	2.219884E-05
1.181315E+04	1.784027E-03	2.193457E-05
1.185276E+04	1.771706E-03	2.169078E-05
1.189237E+04	1.760606E-03	2.147186E-05
1.193198E+04	1.750590E-03	2.128109E-05
1.197159E+04	1.741385E-03	2.112046E-05
1.201120E+04	1.732561E-03	2.099021E-05
1.205081E+04	1.723500E-03	2.088847E-05
1.209042E+04	1.713408E-03	2.081112E-05
1.213003E+04	1.701346E-03	2.075191E-05
1.216964E+04	1.686378E-03	2.070381E-05
1.220925E+04	1.667885E-03	2.066243E-05
1.224886E+04	1.646266E-03	2.063435E-05
1.228847E+04	1.624555E-03	2.065504E-05
1.232808E+04	1.609287E-03	2.080341E-05
1.236769E+04	1.596245E-03	2.102272E-05
1.240730E+04	1.581798E-03	2.126057E-05
1.244691E+04	1.565781E-03	2.150811E-05
1.248652E+04	1.549125E-03	2.177167E-05
1.252613E+04	1.532960E-03	2.206164E-05
1.256574E+04	1.518242E-03	2.238771E-05
1.260535E+04	1.505633E-03	2.275683E-05
1.264496E+04	1.495499E-03	2.317293E-05
1.268457E+04	1.487960E-03	2.363696E-05
1.272418E+04	1.482949E-03	2.414752E-05
1.276379E+04	1.480287E-03	2.470158E-05
1.280340E+04	1.479724E-03	2.529499E-05
1.284301E+04	1.480992E-03	2.592306E-05
1.288262E+04	1.483824E-03	2.658097E-05
1.292224E+04	1.487970E-03	2.726390E-05
1.296185E+04	1.493200E-03	2.796718E-05
1.300146E+04	1.499310E-03	2.868631E-05
1.304107E+04	1.506105E-03	2.941684E-05
1.308068E+04	1.513403E-03	3.015429E-05
1.312029E+04	1.521032E-03	3.089417E-05
1.315990E+04	1.528822E-03	3.163185E-05
1.319951E+04	1.536613E-03	3.236277E-05
1.323912E+04	1.544246E-03	3.308214E-05
1.327873E+04	1.551565E-03	3.378514E-05
1.331834E+04	1.558413E-03	3.446677E-05
1.335795E+04	1.564633E-03	3.512191E-05
1.339756E+04	1.570070E-03	3.574535E-05
1.343717E+04	1.574570E-03	3.633186E-05
1.347678E+04	1.577986E-03	3.687626E-05
1.351639E+04	1.580186E-03	3.737367E-05
1.355600E+04	1.581049E-03	3.781950E-05
1.359561E+04	1.580471E-03	3.820958E-05
1.363522E+04	1.578370E-03	3.854035E-05
1.367483E+04	1.574685E-03	3.880880E-05
1.371444E+04	1.569380E-03	3.901276E-05
1.375405E+04	1.562451E-03	3.915095E-05
1.379366E+04	1.553924E-03	3.922305E-05
1.383327E+04	1.543860E-03	3.922980E-05
1.387288E+04	1.532347E-03	3.917295E-05
1.391249E+04	1.519508E-03	3.905532E-05
1.395210E+04	1.505494E-03	3.888062E-05
1.399171E+04	1.490471E-03	3.865333E-05
1.403132E+04	1.474624E-03	3.837850E-05
1.407093E+04	1.458145E-03	3.806163E-05
1.411054E+04	1.441227E-03	3.770836E-05
1.415015E+04	1.424060E-03	3.732443E-05
1.418976E+04	1.406822E-03	3.691528E-05
1.422937E+04	1.389677E-03	3.648613E-05
1.426898E+04	1.372774E-03	3.604181E-05
1.430859E+04	1.356238E-03	3.558652E-05
1.434820E+04	1.340177E-03	3.512401E-05
1.438781E+04	1.324676E-03	3.465742E-05
1.442742E+04	1.309800E-03	3.418934E-05
1.446703E+04	1.295597E-03	3.372185E-05
1.450664E+04	1.282100E-03	3.325659E-05
1.454625E+04	1.269327E-03	3.279478E-05
1.458587E+04	1.257281E-03	3.233729E-05
1.462548E+04	1.245955E-03	3.188455E-05
1.466509E+04	1.235320E-03	3.143657E-05
1.470470E+04	1.225332E-03	3.099286E-05
1.474431E+04	1.215923E-03	3.055240E-05
1.478392E+04	1.207002E-03	3.011364E-05
1.482353E+04	1.198453E-03	2.967450E-05
1.486314E+04	1.190139E-03	2.923241E-05
1.490275E+04	1.181898E-03	2.878441E-05
1.494236E+04	1.173552E-03	2.832732E-05
1.498197E+04	1.164913E-03	2.785791E-05
1.502158E+04	1.155797E-03	2.737333E-05
1.506119E+04	1.146039E-03	2.687136E-05
1.510080E+04	1.135509E-03	2.635084E-05
1.514041E+04	1.124123E-03	2.581193E-05
1.518002E+04	1.111858E-03	2.525622E-05
1.521963E+04	1.098747E-03	2.468675E-05
1.525924E+04	1.084879E-03	2.410778E-05
1.529885E+04	1.070389E-03	2.352448E-05
1.533846E+04	1.055441E-03	2.294263E-05
1.537807E+04	1.040219E-03	2.236818E-05
1.541768E+04	1.024909E-03	2.180705E-05
1.545729E+04	1.009692E-03	2.126482E-05
1.549690E+04	9.947351E-04	2.074658E-05
1.553651E+04	9.801836E-04	2.025686E-05
1.557612E+04	9.661606E-04	1.979960E-05
1.561573E+04	9.527654E-04	1.937813E-05
1.565534E+04	9.400740E-04	1.899522E-05
1.569495E+04	9.281385E-04	1.865313E-05
1.573456E+04	9.169854E-04	1.835352E-05
1.577417E+04	9.066078E-04	1.809737E-05
1.581378E+04	8.969529E-04	1.788467E-05
1.585339E+04	8.879040E-04	1.771409E-05
1.589300E+04	8.792658E-04	1.758263E-05
1.593261E+04	8.707807E-04	1.748580E-05
1.597222E+04	8.622411E-04	1.741890E-05
1.601183E+04	8.538320E-04	1.738360E-05
1.605144E+04	8.467985E-04	1.740327E-05
1.609105E+04	8.410216E-04	1.747400E-05
1.613066E+04	8.354172E-04	1.757167E-05
1.617027E+04	8.299560E-04	1.769360E-05
1.620988E+04	8.249380E-04	1.784421E-05
1.624949E+04	8.206699E-04	1.802855E-05
1.628911E+04	8.173625E-04	1.825006E-05
1.632872E+04	8.151163E-04	1.851016E-05
1.636833E+04	8.139379E-04	1.880843E-05
1.640794E+04	8.137635E-04	1.914302E-05
1.644755E+04	8.144820E-04	1.951099E-05
1.648716E+04	8.159544E-04	1.990868E-05
1.652677E+04	8.180291E-04	2.033200E-05
1.656638E+04	8.205502E-04	2.077659E-05
1.660599E+04	8.233641E-04	2.123794E-05
1.664560E+04	8.263214E-04	2.171144E-05
1.668521E+04	8.292785E-04	2.219241E-05
1.672482E+04	8.320979E-04	2.267612E-05
1.676443E+04	8.346484E-04	2.315781E-05
1.680404E+04	8.368080E-04	2.363273E-05
1.684365E+04	8.384669E-04	2.409633E-05
1.688326E+04	8.395340E-04	2.454440E-05
1.692287E+04	8.399440E-04	2.497339E-05
1.696248E+04	8.396638E-04	2.538063E-05
1.700209E+04	8.386991E-04	2.576465E-05
1.704170E+04	8.370957E-04	2.612527E-05
1.708131E+04	8.349398E-04	2.646375E-05
1.712092E+04	8.323527E-04	2.678271E-05
1.716053E+04	8.294837E-04	2.708596E-05
1.720014E+04	8.265009E-04	2.737828E-05
1.723975E+04	8.235839E-04	2.766517E-05
1.727936E+04	8.209159E-04	2.795264E-05
1.731897E+04	8.186784E-04	2.824701E-05
1.735858E+04	8.170468E-04	2.855469E-05
1.739819E+04	8.161862E-04	2.888210E-05
1.743780E+04	8.162496E-04	2.923544E-05
1.747741E+04	8.173754E-04	2.962068E-05
1.751702E+04	8.196844E-04	3.004331E-05
1.755663E+04	8.232784E-04	3.050828E-05
1.759624E+04	8.282363E-04	3.101983E-05
1.763585E+04	8.346135E-04	3.158131E-05
1.767546E+04	8.424392E-04	3.219513E-05
1.771507E+04	8.517153E-04	3.286263E-05
1.775468E+04	8.624155E-04	3.358393E-05
1.779429E+04	8.744843E-04	3.435792E-05
1.783390E+04	8.878354E-04	3.518212E-05
1.787351E+04	9.023504E-04	3.605256E-05
1.791312E+04	9.178779E-04	3.696370E-05
1.795274E+04	9.342307E-04	3.790833E-05
1.799235E+04	9.511874E-04	3.887753E-05
1.803196E+04	9.684925E-04	3.986071E-05
1.807157E+04	9.858606E-04	4.084568E-05
1.811118E+04	1.002982E-03	4.181896E-05
1.815079E+04	1.019531E-03	4.276607E-05
1.819040E+04	1.035177E-03	4.367204E-05
1.823001E+04	1.049595E-03	4.452188E-05
1.826962E+04	1.062479E-03	4.530118E-05
1.830923E+04	1.073552E-03	4.599661E-05
1.834884E+04	1.082575E-03	4.659637E-05
1.838845E+04	1.089355E-03	4.709063E-05
1.842806E+04	1.093753E-03	4.747189E-05
1.846767E+04	1.095686E-03	4.773515E-05
1.850728E+04	1.095131E-03	4.787819E-05
1.854689E+04	1.092126E-03	4.790158E-05
1.858650E+04	1.086765E-03	4.780859E-05
1.862611E+04	1.079193E-03	4.760489E-05
1.866572E+04	1.069592E-03	4.729811E-05
1.870533E+04	1.058173E-03	4.689732E-05
1.874494E+04	1.045163E-03	4.641248E-05
1.878455E+04	1.030794E-03	4.585406E-05
1.882416E+04	1.015299E-03	4.523269E-05
1.886377E+04	9.989069E-04	4.455899E-05
1.890338E+04	9.818420E-04	4.384341E-05
1.894299E+04	9.643195E-04	4.309616E-05
1.898260E+04	9.465450E-04	4.232707E-05
1.902221E+04	9.287124E-04	4.154547E-05
1.906182E+04	9.110014E-04	4.076008E-05
1.910143E+04	8.935750E-04	3.997889E-05
1.914104E+04	8.765774E-04	3.920901E-05
1.918065E+04	8.601320E-04	3.845660E-05
1.922026E+04	8.443405E-04	3.772681E-05
1.925987E+04	8.292836E-04	3.702382E-05
1.929948E+04	8.150217E-04	3.635083E-05
1.933909E+04	8.015977E-04	3.571023E-05
1.937870E+04	7.890384E-04	3.510363E-05
1.941831E+04	7.773562E-04	3.453196E-05
1.945792E+04	7.665506E-04	3.399553E-05
1.949753E+04	7.566071E-04	3.349400E-05
1.953714E+04	7.474981E-04	3.302641E-05
1.957675E+04	7.391824E-04	3.259120E-05
1.961636E+04	7.316043E-04	3.218615E-05
1.965598E+04	7.246960E-04	3.180850E-05
1.969559E+04	7.183780E-04	3.145499E-05
1.973520E+04	7.125630E-04	3.112206E-05
1.977481E+04	7.071591E-04	3.080595E-05
1.981442E+04	7.020728E-04	3.050289E-05
1.985403E+04	6.972115E-04	3.020920E-05
1.989364E+04	6.924860E-04	2.992136E-05
1.993325E+04	6.878111E-04	2.963609E-05
1.997286E+04	6.831065E-04	2.935038E-05
2.001247E+04	6.782984E-04	2.906151E-05
2.005208E+04	6.733206E-04	2.876715E-05
2.009169E+04	6.681157E-04	2.846538E-05
2.013130E+04	6.626371E-04	2.815475E-05
2.017091E+04	6.568507E-04	2.783436E-05
2.021052E+04	6.507353E-04	2.750389E-05
2.025013E+04	6.442833E-04	2.716356E-05
2.028974E+04	6.374982E-04	2.681406E-05
2.032935E+04	6.303928E-04	2.645645E-05
2.036896E+04	6.229870E-04	2.609207E-05
2.040857E+04	6.153039E-04	2.572233E-05
2.044818E+04	6.073692E-04	2.534874E-05
2.048779E+04	5.992085E-04	2.497275E-05
2.052740E+04	5.908484E-04	2.459582E-05
2.056701E+04	5.823160E-04	2.421938E-05
2.060662E+04	5.736403E-04	2.384490E-05
2.064623E+04	5.648541E-04	2.347396E-05
2.068584E+04	5.559950E-04	2.310828E-05
2.072545E+04	5.471091E-04	2.274992E-05
2.076506E+04	5.382506E-04	2.240122E-05
2.080467E+04	5.294841E-04	2.206493E-05
2.084428E+04	5.208831E-04	2.174414E-05
2.088389E+04	5.125280E-04	2.144224E-05
2.092350E+04	5.045035E-04	2.116280E-05
2.096311E+04	4.968956E-04	2.090948E-05
2.100272E+04	4.897876E-04	2.068589E-05
2.104233E+04	4.832579E-04	2.049545E-05
2.108194E+04	4.773749E-04	2.034106E-05
2.112155E+04	4.721932E-04	2.022479E-05
2.116116E+04	4.677495E-04	2.014811E-05
2.120077E+04	4.640646E-04	2.011189E-05
2.124038E+04	4.611631E-04	2.011729E-05
2.127999E+04	4.591360E-04	2.016851E-05
2.131961E+04	4.580445E-04	2.026864E-05
2.135922E+04	4.577189E-04	2.041064E-05
2.139883E+04	4.580658E-04	2.059078E-05
2.143844E+04	4.590137E-04	2.080624E-05
2.147805E+04	4.604735E-04	2.105334E-05
2.151766E+04	4.623315E-04	2.132720E-05
2.155727E+04	4.644529E-04	2.162179E-05
2.159688E+04	4.666897E-04	2.193027E-05
2.163649E+04	4.688866E-04	2.224519E-05
2.167610E+04	4.708865E-04	2.255875E-05
2.171571E+04	4.725345E-04	2.286293E-05
2.175532E+04	4.736810E-04	2.314968E-05
2.179493E+04	4.741846E-04	2.341101E-05
2.183454E+04	4.739157E-04	2.363922E-05
2.187415E+04	4.727592E-04	2.382703E-05
2.191376E+04	4.706177E-04	2.396778E-05
2.195337E+04	4.674158E-04	2.405571E-05
2.199298E+04	4.631026E-04	2.408612E-05
2.203259E+04	4.576543E-04	2.405559E-05
2.207220E+04	4.510760E-04	2.396214E-05
2.211181E+04	4.434015E-04	2.380535E-05
2.215142E+04	4.346929E-04	2.358635E-05
2.219103E+04	4.250384E-04	2.330787E-05
2.223064E+04	4.145486E-04	2.297404E-05
2.227025E+04	4.033530E-04	2.259032E-05
2.230986E+04	3.915949E-04	2.216327E-05
2.234947E+04	3.794267E-04	2.170030E-05
2.238908E+04	3.670045E-04	2.120943E-05
2.242869E+04	3.544839E-04	2.069903E-05
2.246830E+04	3.420147E-04	2.017752E-05
2.250791E+04	3.297371E-04	1.965314E-05
2.254752E+04	3.177782E-04	1.913371E-05
2.258713E+04	3.062486E-04	1.862636E-05
2.262674E+04	2.952409E-04	1.813743E-05
2.266635E+04	2.848297E-04	1.767237E-05
2.270596E+04	2.750705E-04	1.723565E-05
2.274557E+04	2.660029E-04	1.683088E-05
2.278518E+04	2.576509E-04	1.646078E-05
2.282479E+04	2.500261E-04	1.612736E-05
2.286440E+04	2.431297E-04	1.583198E-05
2.290401E+04	2.369541E-04	1.557544E-05
2.294362E+04	2.314855E-04	1.535810E-05
2.298323E+04	2.267050E-04	1.517996E-05
2.302285E+04	2.225907E-04	1.504079E-05
2.306246E+04	2.191190E-04	1.494017E-05
2.310207E+04	2.162658E-04	1.487759E-05
2.314168E+04	2.140070E-04	1.485249E-05
2.318129E+04	2.123201E-04	1.486436E-05
2.322090E+04	2.111833E-04	1.491268E-05
2.326051E+04	2.105766E-04	1.499700E-05
2.330012E+04	2.104815E-04	1.511693E-05
2.333973E+04	2.108801E-04	1.527207E-05
2.337934E+04	2.117558E-04	1.546207E-05
2.341895E+04	2.130927E-04	1.568658E-05
2.345856E+04	2.148746E-04	1.594520E-05
2.349817E+04	2.170856E-04	1.623749E-05
2.353778E+04	2.197095E-04	1.656297E-05
2.357739E+04	2.227297E-04	1.692105E-05
2.361700E+04	2.261287E-04	1.731104E-05
2.365661E+04	2.298880E-04	1.773214E-05
2.369622E+04	2.339889E-04	1.818347E-05
2.373583E+04	2.384115E-04	1.866401E-05
2.377544E+04	2.431354E-04	1.917266E-05
2.381505E+04	2.481400E-04	1.970823E-05
2.385466E+04	2.534043E-04	2.026946E-05
2.389427E+04	2.589071E-04	2.085502E-05
2.393388E+04	2.646275E-04	2.146355E-05
2.397349E+04	2.705443E-04	2.209361E-05
2.401310E+04	2.766369E-04	2.274377E-05
2.405271E+04	2.828846E-04	2.341254E-05
2.409232E+04	2.892674E-04	2.409840E-05
2.413193E+04	2.957655E-04	2.479987E-05
2.417154E+04	3.023601E-04	2.551547E-05
2.421115E+04	3.090333E-04	2.624373E-05
2.425076E+04	3.157682E-04	2.698327E-05
