#wls	flux	fluxerr
3.257341E+03	1.324498E-04	6.202414E-06
3.296951E+03	1.395427E-04	6.527270E-06
3.336561E+03	1.470710E-04	6.871701E-06
3.376171E+03	1.550301E-04	7.235424E-06
3.415782E+03	1.634099E-04	7.617899E-06
3.455392E+03	1.721947E-04	8.018326E-06
3.495002E+03	1.813523E-04	8.435142E-06
3.534612E+03	1.908288E-04	8.865784E-06
3.574223E+03	2.005447E-04	9.306502E-06
3.613833E+03	2.104101E-04	9.753094E-06
3.653443E+03	2.203153E-04	1.020046E-05
3.693053E+03	2.301732E-04	1.064456E-05
3.732664E+03	2.399446E-04	1.108358E-05
3.772274E+03	2.496437E-04	1.151822E-05
3.811884E+03	2.593208E-04	1.195078E-05
3.851494E+03	2.690607E-04	1.238518E-05
3.891105E+03	2.789607E-04	1.282589E-05
3.930715E+03	2.891359E-04	1.327816E-05
3.970325E+03	2.997015E-04	1.374724E-05
4.009935E+03	3.107702E-04	1.423823E-05
4.049545E+03	3.224540E-04	1.475619E-05
4.089156E+03	3.348489E-04	1.530539E-05
4.128766E+03	3.480334E-04	1.588932E-05
4.168376E+03	3.620683E-04	1.651064E-05
4.207986E+03	3.769754E-04	1.717019E-05
4.247597E+03	3.927363E-04	1.786702E-05
4.287207E+03	4.092773E-04	1.859764E-05
4.326817E+03	4.264792E-04	1.935653E-05
4.366427E+03	4.442696E-04	2.014031E-05
4.406038E+03	4.627367E-04	2.095290E-05
4.445648E+03	4.818412E-04	2.179242E-05
4.485258E+03	5.013899E-04	2.265006E-05
4.524868E+03	5.210671E-04	2.351153E-05
4.564479E+03	5.404433E-04	2.435746E-05
4.604089E+03	5.590110E-04	2.516507E-05
4.643699E+03	5.762235E-04	2.590994E-05
4.683309E+03	5.915062E-04	2.656648E-05
4.722919E+03	6.042872E-04	2.710936E-05
4.762530E+03	6.141945E-04	2.752233E-05
4.802140E+03	6.212037E-04	2.780474E-05
4.841750E+03	6.256702E-04	2.797294E-05
4.881360E+03	6.281515E-04	2.805225E-05
4.920971E+03	6.292400E-04	2.806938E-05
4.960581E+03	6.294589E-04	2.804788E-05
5.000191E+03	6.292212E-04	2.800628E-05
5.039801E+03	6.288313E-04	2.795816E-05
5.079412E+03	6.284770E-04	2.791191E-05
5.119022E+03	6.282698E-04	2.787249E-05
5.158632E+03	6.282199E-04	2.784033E-05
5.198242E+03	6.282594E-04	2.781241E-05
5.237853E+03	6.282318E-04	2.778181E-05
5.277463E+03	6.279419E-04	2.773993E-05
5.317073E+03	6.272114E-04	2.767895E-05
5.356683E+03	6.259539E-04	2.759512E-05
5.396293E+03	6.242956E-04	2.749409E-05
5.435904E+03	6.229173E-04	2.740588E-05
5.475514E+03	6.214192E-04	2.731288E-05
5.515124E+03	6.201149E-04	2.722888E-05
5.554734E+03	6.195556E-04	2.717806E-05
5.594345E+03	6.201890E-04	2.717996E-05
5.633955E+03	6.223372E-04	2.724853E-05
5.673565E+03	6.262516E-04	2.739461E-05
5.713175E+03	6.321221E-04	2.762630E-05
5.752786E+03	6.401351E-04	2.795153E-05
5.792396E+03	6.504432E-04	2.837675E-05
5.832006E+03	6.631325E-04	2.890548E-05
5.871616E+03	6.782017E-04	2.953745E-05
5.911227E+03	6.954594E-04	3.026411E-05
5.950837E+03	7.145571E-04	3.107013E-05
5.990447E+03	7.348699E-04	3.192823E-05
6.030057E+03	7.555038E-04	3.279957E-05
6.069667E+03	7.752765E-04	3.363286E-05
6.109278E+03	7.928523E-04	3.437038E-05
6.148888E+03	8.071679E-04	3.496635E-05
6.188498E+03	8.179696E-04	3.541013E-05
6.228108E+03	8.257388E-04	3.572292E-05
6.267719E+03	8.311526E-04	3.593429E-05
6.307329E+03	8.349937E-04	3.607830E-05
6.346939E+03	8.380213E-04	3.618786E-05
6.386549E+03	8.409643E-04	3.629451E-05
6.426160E+03	8.448274E-04	3.644162E-05
6.465770E+03	8.505055E-04	3.666773E-05
6.505380E+03	8.585377E-04	3.699597E-05
6.544990E+03	8.691865E-04	3.743754E-05
6.584601E+03	8.824393E-04	3.799178E-05
6.624211E+03	8.981135E-04	3.865075E-05
6.663821E+03	9.158817E-04	3.940030E-05
6.703431E+03	9.353824E-04	4.022485E-05
6.743041E+03	9.561371E-04	4.110383E-05
6.782652E+03	9.776609E-04	4.201642E-05
6.822262E+03	9.994202E-04	4.293977E-05
6.861872E+03	1.020841E-03	4.384931E-05
6.901482E+03	1.041398E-03	4.472252E-05
6.941093E+03	1.060649E-03	4.554062E-05
6.980703E+03	1.078266E-03	4.628959E-05
7.020313E+03	1.094129E-03	4.696438E-05
7.059923E+03	1.108264E-03	4.756630E-05
7.099534E+03	1.120922E-03	4.810606E-05
7.139144E+03	1.132427E-03	4.859780E-05
7.178754E+03	1.143084E-03	4.905456E-05
7.218364E+03	1.153042E-03	4.948285E-05
7.257975E+03	1.162254E-03	4.988071E-05
7.297585E+03	1.170270E-03	5.022886E-05
7.337195E+03	1.176296E-03	5.049322E-05
7.376805E+03	1.178950E-03	5.061452E-05
7.416415E+03	1.178702E-03	5.061293E-05
7.456026E+03	1.177044E-03	5.055239E-05
7.495636E+03	1.175128E-03	5.048240E-05
7.535246E+03	1.174169E-03	5.045521E-05
7.574856E+03	1.175497E-03	5.052803E-05
7.614467E+03	1.180017E-03	5.073980E-05
7.654077E+03	1.187527E-03	5.108207E-05
7.693687E+03	1.197372E-03	5.152681E-05
7.733297E+03	1.208794E-03	5.204146E-05
7.772908E+03	1.221009E-03	5.259235E-05
7.812518E+03	1.233097E-03	5.313988E-05
7.852128E+03	1.243853E-03	5.363220E-05
7.891738E+03	1.251594E-03	5.399647E-05
7.931349E+03	1.255557E-03	5.419958E-05
7.970959E+03	1.256953E-03	5.429356E-05
8.010569E+03	1.256766E-03	5.432065E-05
8.050179E+03	1.255461E-03	5.430085E-05
8.089789E+03	1.253400E-03	5.424960E-05
8.129400E+03	1.250887E-03	5.418001E-05
8.169010E+03	1.248184E-03	5.410334E-05
8.208620E+03	1.245453E-03	5.402655E-05
8.248230E+03	1.242773E-03	5.395300E-05
8.287841E+03	1.240201E-03	5.388520E-05
8.327451E+03	1.237473E-03	5.381155E-05
8.367061E+03	1.234397E-03	5.372367E-05
8.406671E+03	1.230605E-03	5.360543E-05
8.446282E+03	1.225971E-03	5.345126E-05
8.485892E+03	1.220562E-03	5.326387E-05
8.525502E+03	1.214637E-03	5.305451E-05
8.565112E+03	1.208585E-03	5.284000E-05
8.604723E+03	1.202850E-03	5.263980E-05
8.644333E+03	1.197712E-03	5.246607E-05
8.683943E+03	1.193298E-03	5.232445E-05
8.723553E+03	1.189338E-03	5.220318E-05
8.763163E+03	1.185413E-03	5.208385E-05
8.802774E+03	1.181409E-03	5.196139E-05
8.842384E+03	1.177922E-03	5.186204E-05
8.881994E+03	1.175456E-03	5.180800E-05
8.921604E+03	1.174470E-03	5.181965E-05
8.961215E+03	1.175067E-03	5.190172E-05
9.000825E+03	1.177310E-03	5.205719E-05
9.040435E+03	1.181375E-03	5.229410E-05
9.080045E+03	1.187217E-03	5.261068E-05
9.119656E+03	1.194996E-03	5.301423E-05
9.159266E+03	1.204660E-03	5.350277E-05
9.198876E+03	1.216403E-03	5.408513E-05
9.238486E+03	1.230202E-03	5.476062E-05
9.278097E+03	1.245992E-03	5.552668E-05
9.317707E+03	1.263578E-03	5.637482E-05
9.357317E+03	1.282889E-03	5.730221E-05
9.396927E+03	1.303456E-03	5.828811E-05
9.436537E+03	1.324898E-03	5.931559E-05
9.476148E+03	1.346817E-03	6.036704E-05
9.515758E+03	1.368814E-03	6.142457E-05
9.555368E+03	1.390386E-03	6.246558E-05
9.594978E+03	1.411086E-03	6.346992E-05
9.634589E+03	1.430153E-03	6.440309E-05
9.674199E+03	1.447199E-03	6.524740E-05
9.713809E+03	1.461679E-03	6.597791E-05
9.753419E+03	1.472984E-03	6.656663E-05
9.793030E+03	1.480790E-03	6.699840E-05
9.832640E+03	1.484767E-03	6.725769E-05
9.872250E+03	1.484612E-03	6.733009E-05
9.911857E+03	1.480592E-03	6.722708E-05
9.951468E+03	1.472830E-03	6.695362E-05
9.991078E+03	1.461647E-03	6.652369E-05
1.003069E+04	1.448056E-03	6.598280E-05
1.007030E+04	1.432339E-03	6.534350E-05
1.010991E+04	1.415575E-03	6.465471E-05
1.014952E+04	1.398185E-03	6.393542E-05
1.018913E+04	1.380544E-03	6.320279E-05
1.022874E+04	1.362982E-03	6.247177E-05
1.026835E+04	1.345516E-03	6.174325E-05
1.030796E+04	1.328191E-03	6.101922E-05
1.034757E+04	1.310688E-03	6.028505E-05
1.038718E+04	1.293101E-03	5.954504E-05
1.042679E+04	1.299393E-03	5.990384E-05
1.046640E+04	1.304267E-03	6.019777E-05
1.050601E+04	1.307682E-03	6.042465E-05
1.054562E+04	1.309607E-03	6.058276E-05
1.058523E+04	1.309983E-03	6.066919E-05
1.062484E+04	1.308711E-03	6.067906E-05
1.066445E+04	1.305649E-03	6.060549E-05
1.070406E+04	1.300635E-03	6.044071E-05
1.074367E+04	1.293519E-03	6.017735E-05
1.078328E+04	1.284189E-03	5.980994E-05
1.082289E+04	1.272612E-03	5.933653E-05
1.086250E+04	1.258863E-03	5.876028E-05
1.090211E+04	1.243139E-03	5.809015E-05
1.094172E+04	1.225752E-03	5.734029E-05
1.098133E+04	1.207080E-03	5.652823E-05
1.102094E+04	1.187523E-03	5.567255E-05
1.106055E+04	1.167462E-03	5.479095E-05
1.110016E+04	1.147228E-03	5.389895E-05
1.113977E+04	1.127089E-03	5.300907E-05
1.117938E+04	1.107237E-03	5.213047E-05
1.121900E+04	1.087799E-03	5.126910E-05
1.125861E+04	1.068841E-03	5.042820E-05
1.129822E+04	1.050398E-03	4.960947E-05
1.133783E+04	1.032493E-03	4.881411E-05
1.137744E+04	1.015149E-03	4.804330E-05
1.141705E+04	9.983798E-04	4.729775E-05
1.145666E+04	9.821852E-04	4.657756E-05
1.149627E+04	9.665685E-04	4.588298E-05
1.153588E+04	9.515646E-04	4.521576E-05
1.157549E+04	9.372677E-04	4.458048E-05
1.161510E+04	9.238484E-04	4.398537E-05
1.165471E+04	9.115473E-04	4.344203E-05
1.169432E+04	9.006433E-04	4.296392E-05
1.173393E+04	8.914190E-04	4.256474E-05
1.177354E+04	8.841356E-04	4.225721E-05
1.181315E+04	8.790154E-04	4.205223E-05
1.185276E+04	8.762293E-04	4.195828E-05
1.189237E+04	8.758955E-04	4.198135E-05
1.193198E+04	8.780664E-04	4.212427E-05
1.197159E+04	8.826685E-04	4.238384E-05
1.201120E+04	8.894147E-04	4.274659E-05
1.205081E+04	8.977362E-04	4.318541E-05
1.209042E+04	9.067533E-04	4.365815E-05
1.213003E+04	9.152846E-04	4.410794E-05
1.216964E+04	9.219226E-04	4.446685E-05
1.220925E+04	9.252359E-04	4.466552E-05
1.224886E+04	9.241033E-04	4.464934E-05
1.228847E+04	9.180190E-04	4.439330E-05
1.232808E+04	9.071047E-04	4.390270E-05
1.236769E+04	8.918664E-04	4.320145E-05
1.240730E+04	8.730405E-04	4.232473E-05
1.244691E+04	8.515950E-04	4.131910E-05
1.248652E+04	8.286633E-04	4.023932E-05
1.252613E+04	8.053985E-04	3.914125E-05
1.256574E+04	7.828463E-04	3.807574E-05
1.260535E+04	7.618610E-04	3.708449E-05
1.264496E+04	7.430661E-04	3.619807E-05
1.268457E+04	7.268536E-04	3.543586E-05
1.272418E+04	7.134066E-04	3.480710E-05
1.276379E+04	7.027373E-04	3.431272E-05
1.280340E+04	6.947367E-04	3.394772E-05
1.284301E+04	6.892267E-04	3.370367E-05
1.288262E+04	6.859907E-04	3.357028E-05
1.292224E+04	6.847845E-04	3.353582E-05
1.296185E+04	6.853468E-04	3.358771E-05
1.300146E+04	6.874170E-04	3.371335E-05
1.304107E+04	6.907470E-04	3.390073E-05
1.308068E+04	6.951036E-04	3.413853E-05
1.312029E+04	7.002695E-04	3.441616E-05
1.315990E+04	7.060491E-04	3.472409E-05
1.319951E+04	7.122710E-04	3.505393E-05
1.323912E+04	7.187871E-04	3.539843E-05
1.327873E+04	7.254678E-04	3.575122E-05
1.331834E+04	7.321950E-04	3.610650E-05
1.335795E+04	7.388573E-04	3.645876E-05
1.339756E+04	7.453453E-04	3.680259E-05
1.343717E+04	7.515491E-04	3.713253E-05
1.347678E+04	7.573573E-04	3.744305E-05
1.351639E+04	7.626576E-04	3.772855E-05
1.355600E+04	7.673423E-04	3.798364E-05
1.359561E+04	7.713131E-04	3.820340E-05
1.363522E+04	7.744888E-04	3.838373E-05
1.367483E+04	7.768083E-04	3.852154E-05
1.371444E+04	7.782316E-04	3.861475E-05
1.375405E+04	7.787400E-04	3.866236E-05
1.379366E+04	7.783379E-04	3.866452E-05
1.383327E+04	7.770542E-04	3.862258E-05
1.387288E+04	7.749435E-04	3.853918E-05
1.391249E+04	7.720858E-04	3.841824E-05
1.395210E+04	7.685775E-04	3.826451E-05
1.399171E+04	7.645224E-04	3.808310E-05
1.403132E+04	7.600239E-04	3.787912E-05
1.407093E+04	7.551790E-04	3.765739E-05
1.411054E+04	7.500742E-04	3.742220E-05
1.415015E+04	7.447840E-04	3.717725E-05
1.418976E+04	7.393711E-04	3.692567E-05
1.422937E+04	7.338871E-04	3.667004E-05
1.426898E+04	7.283762E-04	3.641256E-05
1.430859E+04	7.228877E-04	3.615569E-05
1.434820E+04	7.174912E-04	3.590294E-05
1.438781E+04	7.122858E-04	3.565928E-05
1.442742E+04	7.073921E-04	3.543077E-05
1.446703E+04	7.029468E-04	3.522427E-05
1.450664E+04	6.990962E-04	3.504718E-05
1.454625E+04	6.959880E-04	3.490693E-05
1.458587E+04	6.937542E-04	3.481021E-05
1.462548E+04	6.924940E-04	3.476205E-05
1.466509E+04	6.922659E-04	3.476546E-05
1.470470E+04	6.930867E-04	3.482135E-05
1.474431E+04	6.949364E-04	3.492879E-05
1.478392E+04	6.977650E-04	3.508532E-05
1.482353E+04	7.014980E-04	3.528725E-05
1.486314E+04	7.060353E-04	3.552960E-05
1.490275E+04	7.112432E-04	3.580569E-05
1.494236E+04	7.169466E-04	3.610673E-05
1.498197E+04	7.229318E-04	3.642198E-05
1.502158E+04	7.289601E-04	3.673942E-05
1.506119E+04	7.347787E-04	3.704631E-05
1.510080E+04	7.401294E-04	3.732961E-05
1.514041E+04	7.447631E-04	3.757672E-05
1.518002E+04	7.484685E-04	3.777693E-05
1.521963E+04	7.511007E-04	3.792288E-05
1.525924E+04	7.525978E-04	3.801138E-05
1.529885E+04	7.529618E-04	3.804248E-05
1.533846E+04	7.522268E-04	3.801784E-05
1.537807E+04	7.504533E-04	3.794048E-05
1.541768E+04	7.477316E-04	3.781490E-05
1.545729E+04	7.441596E-04	3.764602E-05
1.549690E+04	7.398164E-04	3.743781E-05
1.553651E+04	7.347604E-04	3.719319E-05
1.557612E+04	7.290457E-04	3.691487E-05
1.561573E+04	7.227412E-04	3.660632E-05
1.565534E+04	7.159321E-04	3.627183E-05
1.569495E+04	7.087068E-04	3.591587E-05
1.573456E+04	7.011392E-04	3.554218E-05
1.577417E+04	6.932929E-04	3.515397E-05
1.581378E+04	6.852407E-04	3.475493E-05
1.585339E+04	6.770699E-04	3.434949E-05
1.589300E+04	6.688685E-04	3.394212E-05
1.593261E+04	6.607063E-04	3.353636E-05
1.597222E+04	6.526197E-04	3.313408E-05
1.601183E+04	6.446018E-04	3.273492E-05
1.605144E+04	6.366162E-04	3.233706E-05
1.609105E+04	6.286349E-04	3.193908E-05
1.613066E+04	6.206697E-04	3.154158E-05
1.617027E+04	6.127788E-04	3.114753E-05
1.620988E+04	6.050515E-04	3.076149E-05
1.624949E+04	5.975800E-04	3.038814E-05
1.628911E+04	5.904321E-04	3.003096E-05
1.632872E+04	5.836386E-04	2.969152E-05
1.636833E+04	5.771934E-04	2.936954E-05
1.640794E+04	5.710685E-04	2.906360E-05
1.644755E+04	5.652401E-04	2.877251E-05
1.648716E+04	5.597033E-04	2.849603E-05
1.652677E+04	5.544545E-04	2.823399E-05
1.656638E+04	5.494585E-04	2.798461E-05
1.660599E+04	5.446384E-04	2.774399E-05
1.664560E+04	5.398981E-04	2.750724E-05
1.668521E+04	5.351592E-04	2.727036E-05
1.672482E+04	5.303945E-04	2.703199E-05
1.676443E+04	5.256439E-04	2.679414E-05
1.680404E+04	5.210051E-04	2.656182E-05
1.684365E+04	5.166027E-04	2.634138E-05
1.688326E+04	5.125400E-04	2.613809E-05
1.692287E+04	5.088569E-04	2.595400E-05
1.696248E+04	5.055194E-04	2.578740E-05
1.700209E+04	5.024445E-04	2.563405E-05
1.704170E+04	4.995380E-04	2.548916E-05
1.708131E+04	4.967137E-04	2.534833E-05
1.712092E+04	4.938928E-04	2.520755E-05
1.716053E+04	4.909981E-04	2.506288E-05
1.720014E+04	4.879610E-04	2.491082E-05
1.723975E+04	4.847382E-04	2.474915E-05
1.727936E+04	4.813226E-04	2.457752E-05
1.731897E+04	4.777414E-04	2.439732E-05
1.735858E+04	4.740487E-04	2.421130E-05
1.739819E+04	4.703238E-04	2.402352E-05
1.743780E+04	4.666680E-04	2.383915E-05
1.747741E+04	4.631995E-04	2.366424E-05
1.751702E+04	4.600429E-04	2.350517E-05
1.755663E+04	4.573139E-04	2.336784E-05
1.759624E+04	4.551039E-04	2.325694E-05
1.763585E+04	4.534771E-04	2.317575E-05
1.767546E+04	4.524815E-04	2.312675E-05
1.771507E+04	4.521607E-04	2.311217E-05
1.775468E+04	4.525529E-04	2.313397E-05
1.779429E+04	4.536778E-04	2.319316E-05
1.783390E+04	4.555259E-04	2.328928E-05
1.787351E+04	4.580582E-04	2.342033E-05
1.791312E+04	4.612098E-04	2.358300E-05
1.795274E+04	4.648987E-04	2.377311E-05
1.799235E+04	4.690360E-04	2.398612E-05
1.803196E+04	4.735341E-04	2.421754E-05
1.807157E+04	4.783053E-04	2.446291E-05
1.811118E+04	4.832579E-04	2.471752E-05
1.815079E+04	4.882918E-04	2.497626E-05
1.819040E+04	4.933033E-04	2.523382E-05
1.823001E+04	4.981913E-04	2.548503E-05
1.826962E+04	5.028664E-04	2.572533E-05
1.830923E+04	5.072534E-04	2.595085E-05
1.834884E+04	5.112914E-04	2.615848E-05
1.838845E+04	5.149306E-04	2.634568E-05
1.842806E+04	5.181292E-04	2.651029E-05
1.846767E+04	5.208514E-04	2.665050E-05
1.850728E+04	5.230663E-04	2.676471E-05
1.854689E+04	5.247527E-04	2.685183E-05
1.858650E+04	5.259008E-04	2.691137E-05
1.862611E+04	5.265121E-04	2.694340E-05
1.866572E+04	5.265958E-04	2.694840E-05
1.870533E+04	5.261667E-04	2.692711E-05
1.874494E+04	5.252445E-04	2.688055E-05
1.878455E+04	5.238558E-04	2.681007E-05
1.882416E+04	5.220337E-04	2.671738E-05
1.886377E+04	5.198184E-04	2.660452E-05
1.890338E+04	5.172579E-04	2.647397E-05
1.894299E+04	5.144102E-04	2.632868E-05
1.898260E+04	5.113453E-04	2.617224E-05
1.902221E+04	5.081404E-04	2.600861E-05
1.906182E+04	5.048758E-04	2.584189E-05
1.910143E+04	5.016332E-04	2.567627E-05
1.914104E+04	4.984928E-04	2.551586E-05
1.918065E+04	4.955319E-04	2.536462E-05
1.922026E+04	4.928233E-04	2.522627E-05
1.925987E+04	4.904335E-04	2.510423E-05
1.929948E+04	4.884214E-04	2.500149E-05
1.933909E+04	4.868315E-04	2.492037E-05
1.937870E+04	4.856871E-04	2.486204E-05
1.941831E+04	4.849831E-04	2.482624E-05
1.945792E+04	4.846842E-04	2.481117E-05
1.949753E+04	4.847260E-04	2.481354E-05
1.953714E+04	4.850189E-04	2.482877E-05
1.957675E+04	4.854563E-04	2.485140E-05
1.961636E+04	4.859280E-04	2.487578E-05
1.965598E+04	4.863357E-04	2.489689E-05
1.969559E+04	4.866093E-04	2.491114E-05
1.973520E+04	4.867169E-04	2.491691E-05
1.977481E+04	4.866648E-04	2.491450E-05
1.981442E+04	4.864852E-04	2.490558E-05
1.985403E+04	4.862174E-04	2.489216E-05
1.989364E+04	4.858882E-04	2.487562E-05
1.993325E+04	4.855022E-04	2.485618E-05
1.997286E+04	4.850366E-04	2.483269E-05
2.001247E+04	4.844414E-04	2.480258E-05
2.005208E+04	4.836419E-04	2.476204E-05
2.009169E+04	4.825513E-04	2.470661E-05
2.013130E+04	4.810873E-04	2.463210E-05
2.017091E+04	4.791915E-04	2.453550E-05
2.021052E+04	4.768420E-04	2.441570E-05
2.025013E+04	4.740593E-04	2.427375E-05
2.028974E+04	4.709033E-04	2.411271E-05
2.032935E+04	4.674618E-04	2.393708E-05
2.036896E+04	4.638327E-04	2.375188E-05
2.040857E+04	4.601059E-04	2.356171E-05
2.044818E+04	4.563551E-04	2.337033E-05
2.048779E+04	4.526373E-04	2.318068E-05
2.052740E+04	4.489955E-04	2.299496E-05
2.056701E+04	4.454635E-04	2.281489E-05
2.060662E+04	4.420648E-04	2.264169E-05
2.064623E+04	4.388127E-04	2.247603E-05
2.068584E+04	4.357075E-04	2.231794E-05
2.072545E+04	4.327368E-04	2.216678E-05
2.076506E+04	4.298760E-04	2.202129E-05
2.080467E+04	4.270946E-04	2.187991E-05
2.084428E+04	4.243666E-04	2.174131E-05
2.088389E+04	4.216762E-04	2.160469E-05
2.092350E+04	4.190121E-04	2.146945E-05
2.096311E+04	4.163578E-04	2.133477E-05
2.100272E+04	4.136911E-04	2.119950E-05
2.104233E+04	4.109880E-04	2.106241E-05
2.108194E+04	4.082280E-04	2.092246E-05
2.112155E+04	4.053953E-04	2.077883E-05
2.116116E+04	4.024736E-04	2.063068E-05
2.120077E+04	3.994497E-04	2.047733E-05
2.124038E+04	3.963221E-04	2.031871E-05
2.127999E+04	3.931088E-04	2.015573E-05
2.131961E+04	3.898248E-04	1.998915E-05
2.135922E+04	3.864624E-04	1.981857E-05
2.139883E+04	3.830301E-04	1.964444E-05
2.143844E+04	3.795544E-04	1.946810E-05
2.147805E+04	3.760651E-04	1.929108E-05
2.151766E+04	3.725852E-04	1.911456E-05
2.155727E+04	3.691292E-04	1.893927E-05
2.159688E+04	3.657058E-04	1.876567E-05
2.163649E+04	3.623177E-04	1.859388E-05
2.167610E+04	3.589609E-04	1.842371E-05
2.171571E+04	3.556238E-04	1.825455E-05
2.175532E+04	3.522874E-04	1.808543E-05
2.179493E+04	3.489236E-04	1.791490E-05
2.183454E+04	3.454938E-04	1.774098E-05
2.187415E+04	3.419515E-04	1.756127E-05
2.191376E+04	3.382485E-04	1.737330E-05
2.195337E+04	3.343467E-04	1.717511E-05
2.199298E+04	3.302258E-04	1.696563E-05
2.203259E+04	3.258835E-04	1.674476E-05
2.207220E+04	3.213341E-04	1.651321E-05
2.211181E+04	3.166034E-04	1.627231E-05
2.215142E+04	3.117244E-04	1.602375E-05
2.219103E+04	3.067328E-04	1.576935E-05
2.223064E+04	3.016643E-04	1.551095E-05
2.227025E+04	2.965558E-04	1.525045E-05
2.230986E+04	2.914453E-04	1.498979E-05
2.234947E+04	2.863730E-04	1.473103E-05
2.238908E+04	2.813795E-04	1.447628E-05
2.242869E+04	2.765057E-04	1.422763E-05
2.246830E+04	2.717909E-04	1.398711E-05
2.250791E+04	2.672701E-04	1.375651E-05
2.254752E+04	2.629709E-04	1.353727E-05
2.258713E+04	2.589104E-04	1.333026E-05
2.262674E+04	2.550963E-04	1.313590E-05
2.266635E+04	2.515280E-04	1.295414E-05
2.270596E+04	2.482000E-04	1.278472E-05
2.274557E+04	2.451024E-04	1.262712E-05
2.278518E+04	2.422227E-04	1.248071E-05
2.282479E+04	2.395462E-04	1.234474E-05
2.286440E+04	2.370569E-04	1.221839E-05
2.290401E+04	2.347390E-04	1.210083E-05
2.294362E+04	2.325781E-04	1.199135E-05
2.298323E+04	2.305625E-04	1.188932E-05
2.302285E+04	2.286811E-04	1.179419E-05
2.306246E+04	2.269247E-04	1.170549E-05
2.310207E+04	2.252866E-04	1.162286E-05
2.314168E+04	2.237641E-04	1.154618E-05
2.318129E+04	2.223579E-04	1.147547E-05
2.322090E+04	2.210695E-04	1.141083E-05
2.326051E+04	2.199001E-04	1.135232E-05
2.330012E+04	2.188481E-04	1.129984E-05
2.333973E+04	2.179099E-04	1.125324E-05
2.337934E+04	2.170805E-04	1.121224E-05
2.341895E+04	2.163547E-04	1.117657E-05
2.345856E+04	2.157276E-04	1.114600E-05
2.349817E+04	2.151938E-04	1.112024E-05
2.353778E+04	2.147451E-04	1.109887E-05
2.357739E+04	2.143717E-04	1.108138E-05
2.361700E+04	2.140620E-04	1.106719E-05
2.365661E+04	2.138040E-04	1.105566E-05
2.369622E+04	2.135858E-04	1.104618E-05
2.373583E+04	2.133947E-04	1.103810E-05
2.377544E+04	2.132179E-04	1.103077E-05
2.381505E+04	2.130428E-04	1.102350E-05
2.385466E+04	2.128557E-04	1.101562E-05
2.389427E+04	2.126435E-04	1.100643E-05
2.393388E+04	2.123935E-04	1.099528E-05
2.397349E+04	2.120939E-04	1.098156E-05
2.401310E+04	2.117350E-04	1.096475E-05
2.405271E+04	2.113095E-04	1.094449E-05
2.409232E+04	2.108128E-04	1.092053E-05
2.413193E+04	2.102427E-04	1.089276E-05
2.417154E+04	2.096002E-04	1.086121E-05
2.421115E+04	2.088877E-04	1.082603E-05
2.425076E+04	2.081099E-04	1.078745E-05
