#wls	flux	fluxerr
3.257341E+03	8.592002E-06	4.195352E-07
3.296951E+03	9.005308E-06	4.328520E-07
3.336561E+03	9.447542E-06	4.471080E-07
3.376171E+03	9.920584E-06	4.623666E-07
3.415782E+03	1.042636E-05	4.786945E-07
3.455392E+03	1.096686E-05	4.961624E-07
3.495002E+03	1.154406E-05	5.148434E-07
3.534612E+03	1.215987E-05	5.348102E-07
3.574223E+03	1.281620E-05	5.561403E-07
3.613833E+03	1.351495E-05	5.789150E-07
3.653443E+03	1.425788E-05	6.032084E-07
3.693053E+03	1.504654E-05	6.290828E-07
3.732664E+03	1.588231E-05	6.565971E-07
3.772274E+03	1.676639E-05	6.858064E-07
3.811884E+03	1.769968E-05	7.167602E-07
3.851494E+03	1.868261E-05	7.494880E-07
3.891105E+03	1.971524E-05	7.839992E-07
3.930715E+03	2.079729E-05	8.202894E-07
3.970325E+03	2.192805E-05	8.583414E-07
4.009935E+03	2.310645E-05	8.981242E-07
4.049545E+03	2.433107E-05	9.395964E-07
4.089156E+03	2.560018E-05	9.827044E-07
4.128766E+03	2.691172E-05	1.027384E-06
4.168376E+03	2.826343E-05	1.073563E-06
4.207986E+03	2.965281E-05	1.121160E-06
4.247597E+03	3.107725E-05	1.170090E-06
4.287207E+03	3.253398E-05	1.220258E-06
4.326817E+03	3.402020E-05	1.271572E-06
4.366427E+03	3.553309E-05	1.323932E-06
4.406038E+03	3.706978E-05	1.377239E-06
4.445648E+03	3.862750E-05	1.431394E-06
4.485258E+03	4.020354E-05	1.486299E-06
4.524868E+03	4.179538E-05	1.541861E-06
4.564479E+03	4.340067E-05	1.597992E-06
4.604089E+03	4.501733E-05	1.654614E-06
4.643699E+03	4.664356E-05	1.711656E-06
4.683309E+03	4.827784E-05	1.769058E-06
4.722919E+03	4.991881E-05	1.826766E-06
4.762530E+03	5.156527E-05	1.884729E-06
4.802140E+03	5.321598E-05	1.942897E-06
4.841750E+03	5.486905E-05	2.001197E-06
4.881360E+03	5.652194E-05	2.059530E-06
4.920971E+03	5.817181E-05	2.117791E-06
4.960581E+03	5.981563E-05	2.175850E-06
5.000191E+03	6.145025E-05	2.233548E-06
5.039801E+03	6.307243E-05	2.290719E-06
5.079412E+03	6.467869E-05	2.347187E-06
5.119022E+03	6.626539E-05	2.402768E-06
5.158632E+03	6.782854E-05	2.457268E-06
5.198242E+03	6.936379E-05	2.510477E-06
5.237853E+03	7.086631E-05	2.562170E-06
5.277463E+03	7.233061E-05	2.612102E-06
5.317073E+03	7.375057E-05	2.660005E-06
5.356683E+03	7.511946E-05	2.705598E-06
5.396293E+03	7.643010E-05	2.748585E-06
5.435904E+03	7.767497E-05	2.788666E-06
5.475514E+03	7.884645E-05	2.825544E-06
5.515124E+03	7.993707E-05	2.858936E-06
5.554734E+03	8.093978E-05	2.888582E-06
5.594345E+03	8.184826E-05	2.914259E-06
5.633955E+03	8.265721E-05	2.935790E-06
5.673565E+03	8.336264E-05	2.953054E-06
5.713175E+03	8.396211E-05	2.965995E-06
5.752786E+03	8.445480E-05	2.974623E-06
5.792396E+03	8.484164E-05	2.979021E-06
5.832006E+03	8.512528E-05	2.979337E-06
5.871616E+03	8.530996E-05	2.975783E-06
5.911227E+03	8.540149E-05	2.968631E-06
5.950837E+03	8.540700E-05	2.958202E-06
5.990447E+03	8.533496E-05	2.944864E-06
6.030057E+03	8.519488E-05	2.929027E-06
6.069667E+03	8.499737E-05	2.911133E-06
6.109278E+03	8.475383E-05	2.891650E-06
6.148888E+03	8.447630E-05	2.871068E-06
6.188498E+03	8.417727E-05	2.849884E-06
6.228108E+03	8.386937E-05	2.828596E-06
6.267719E+03	8.356526E-05	2.807699E-06
6.307329E+03	8.327710E-05	2.787664E-06
6.346939E+03	8.301639E-05	2.768933E-06
6.386549E+03	8.279340E-05	2.751904E-06
6.426160E+03	8.261614E-05	2.736840E-06
6.465770E+03	8.249011E-05	2.723856E-06
6.505380E+03	8.241960E-05	2.713018E-06
6.544990E+03	8.240793E-05	2.704361E-06
6.584601E+03	8.245769E-05	2.697899E-06
6.624211E+03	8.257068E-05	2.693621E-06
6.663821E+03	8.274799E-05	2.691493E-06
6.703431E+03	8.298996E-05	2.691462E-06
6.743041E+03	8.329621E-05	2.693453E-06
6.782652E+03	8.366562E-05	2.697370E-06
6.822262E+03	8.409624E-05	2.703094E-06
6.861872E+03	8.458521E-05	2.710479E-06
6.901482E+03	8.512896E-05	2.719364E-06
6.941093E+03	8.572326E-05	2.729569E-06
6.980703E+03	8.636336E-05	2.740902E-06
7.020313E+03	8.704404E-05	2.753167E-06
7.059923E+03	8.775977E-05	2.766158E-06
7.099534E+03	8.850464E-05	2.779669E-06
7.139144E+03	8.927243E-05	2.793490E-06
7.178754E+03	9.005672E-05	2.807412E-06
7.218364E+03	9.085091E-05	2.821231E-06
7.257975E+03	9.164853E-05	2.834754E-06
7.297585E+03	9.244326E-05	2.847806E-06
7.337195E+03	9.322914E-05	2.860227E-06
7.376805E+03	9.400060E-05	2.871884E-06
7.416415E+03	9.475262E-05	2.882668E-06
7.456026E+03	9.548064E-05	2.892492E-06
7.495636E+03	9.618080E-05	2.901303E-06
7.535246E+03	9.684976E-05	2.909068E-06
7.574856E+03	9.748474E-05	2.915781E-06
7.614467E+03	9.808338E-05	2.921455E-06
7.654077E+03	9.864382E-05	2.926122E-06
7.693687E+03	9.916458E-05	2.929834E-06
7.733297E+03	9.964485E-05	2.932661E-06
7.772908E+03	1.000842E-04	2.934692E-06
7.812518E+03	1.004784E-04	2.935863E-06
7.852128E+03	1.008206E-04	2.935921E-06
7.891738E+03	1.011051E-04	2.934635E-06
7.931349E+03	1.013280E-04	2.931819E-06
7.970959E+03	1.014869E-04	2.927338E-06
8.010569E+03	1.015813E-04	2.921112E-06
8.050179E+03	1.016123E-04	2.913110E-06
8.089789E+03	1.015830E-04	2.903364E-06
8.129400E+03	1.014984E-04	2.891968E-06
8.169010E+03	1.013658E-04	2.879081E-06
8.208620E+03	1.011944E-04	2.864925E-06
8.248230E+03	1.009954E-04	2.849777E-06
8.287841E+03	1.007806E-04	2.833947E-06
8.327451E+03	1.005629E-04	2.817767E-06
8.367061E+03	1.003544E-04	2.801561E-06
8.406671E+03	1.001668E-04	2.785639E-06
8.446282E+03	1.000103E-04	2.770280E-06
8.485892E+03	9.989381E-05	2.755726E-06
8.525502E+03	9.982442E-05	2.742176E-06
8.565112E+03	9.980745E-05	2.729788E-06
8.604723E+03	9.984650E-05	2.718679E-06
8.644333E+03	9.994337E-05	2.708922E-06
8.683943E+03	1.000983E-04	2.700561E-06
8.723553E+03	1.003100E-04	2.693608E-06
8.763163E+03	1.005763E-04	2.688061E-06
8.802774E+03	1.008942E-04	2.683907E-06
8.842384E+03	1.012601E-04	2.681132E-06
8.881994E+03	1.016700E-04	2.679723E-06
8.921604E+03	1.021195E-04	2.679676E-06
8.961215E+03	1.026044E-04	2.680995E-06
9.000825E+03	1.031200E-04	2.683693E-06
9.040435E+03	1.036615E-04	2.687786E-06
9.080045E+03	1.042229E-04	2.693278E-06
9.119656E+03	1.047981E-04	2.700173E-06
9.159266E+03	1.053872E-04	2.708599E-06
9.198876E+03	1.059921E-04	2.718625E-06
9.238486E+03	1.066132E-04	2.730253E-06
9.278097E+03	1.072489E-04	2.743449E-06
9.317707E+03	1.078968E-04	2.758159E-06
9.357317E+03	1.085539E-04	2.774316E-06
9.396927E+03	1.092169E-04	2.791859E-06
9.436537E+03	1.098825E-04	2.810725E-06
9.476148E+03	1.105474E-04	2.830856E-06
9.515758E+03	1.112080E-04	2.852194E-06
9.555368E+03	1.118603E-04	2.874678E-06
9.594978E+03	1.125002E-04	2.898246E-06
9.634589E+03	1.131233E-04	2.922829E-06
9.674199E+03	1.137249E-04	2.948355E-06
9.713809E+03	1.142998E-04	2.974743E-06
9.753419E+03	1.148428E-04	3.001903E-06
9.793030E+03	1.153484E-04	3.029745E-06
9.832640E+03	1.158131E-04	3.058207E-06
9.872250E+03	1.162424E-04	3.087352E-06
9.911857E+03	1.166467E-04	3.117283E-06
9.951468E+03	1.170371E-04	3.148117E-06
9.991078E+03	1.174242E-04	3.179969E-06
1.003069E+04	1.178184E-04	3.212956E-06
1.007030E+04	1.182300E-04	3.247208E-06
1.010991E+04	1.186694E-04	3.282869E-06
1.014952E+04	1.191472E-04	3.320106E-06
1.018913E+04	1.196741E-04	3.359110E-06
1.022874E+04	1.202614E-04	3.400098E-06
1.026835E+04	1.209205E-04	3.443314E-06
1.030796E+04	1.216628E-04	3.489020E-06
1.034757E+04	1.224998E-04	3.537493E-06
1.038718E+04	1.234420E-04	3.589005E-06
1.042679E+04	1.244989E-04	3.643814E-06
1.046640E+04	1.256788E-04	3.702156E-06
1.050601E+04	1.269888E-04	3.764240E-06
1.054562E+04	1.284343E-04	3.830247E-06
1.058523E+04	1.300197E-04	3.900333E-06
1.062484E+04	1.317483E-04	3.974628E-06
1.066445E+04	1.336221E-04	4.053233E-06
1.070406E+04	1.356417E-04	4.136223E-06
1.074367E+04	1.378069E-04	4.223645E-06
1.078328E+04	1.401159E-04	4.315517E-06
1.082289E+04	1.425658E-04	4.411821E-06
1.086250E+04	1.451517E-04	4.512493E-06
1.090211E+04	1.478662E-04	4.617400E-06
1.094172E+04	1.506990E-04	4.726326E-06
1.098133E+04	1.536364E-04	4.838960E-06
1.102094E+04	1.566609E-04	4.954879E-06
1.106055E+04	1.597512E-04	5.073546E-06
1.110016E+04	1.628818E-04	5.194300E-06
1.113977E+04	1.660231E-04	5.316358E-06
1.117938E+04	1.691416E-04	5.438816E-06
1.121900E+04	1.722003E-04	5.560652E-06
1.125861E+04	1.751586E-04	5.680737E-06
1.129822E+04	1.779730E-04	5.797838E-06
1.133783E+04	1.805976E-04	5.910628E-06
1.137744E+04	1.829847E-04	6.017709E-06
1.141705E+04	1.850860E-04	6.117635E-06
1.145666E+04	1.868538E-04	6.208950E-06
1.149627E+04	1.882434E-04	6.290251E-06
1.153588E+04	1.892190E-04	6.360386E-06
1.157549E+04	1.897839E-04	6.419472E-06
1.161510E+04	1.899722E-04	6.468641E-06
1.165471E+04	1.898259E-04	6.509260E-06
1.169432E+04	1.893907E-04	6.542588E-06
1.173393E+04	1.887126E-04	6.569764E-06
1.177354E+04	1.878354E-04	6.591872E-06
1.181315E+04	1.867990E-04	6.609900E-06
1.185276E+04	1.856389E-04	6.624702E-06
1.189237E+04	1.843850E-04	6.636990E-06
1.193198E+04	1.830624E-04	6.647326E-06
1.197159E+04	1.816911E-04	6.656124E-06
1.201120E+04	1.802864E-04	6.663662E-06
1.205081E+04	1.788594E-04	6.670085E-06
1.209042E+04	1.774174E-04	6.675428E-06
1.213003E+04	1.759644E-04	6.679621E-06
1.216964E+04	1.745018E-04	6.682502E-06
1.220925E+04	1.730284E-04	6.683830E-06
1.224886E+04	1.715407E-04	6.683289E-06
1.228847E+04	1.700339E-04	6.680513E-06
1.232808E+04	1.685020E-04	6.675099E-06
1.236769E+04	1.669389E-04	6.666638E-06
1.240730E+04	1.653389E-04	6.654752E-06
1.244691E+04	1.636983E-04	6.639138E-06
1.248652E+04	1.620159E-04	6.619612E-06
1.252613E+04	1.602940E-04	6.596147E-06
1.256574E+04	1.585391E-04	6.568897E-06
1.260535E+04	1.567614E-04	6.538199E-06
1.264496E+04	1.549750E-04	6.504567E-06
1.268457E+04	1.531966E-04	6.468665E-06
1.272418E+04	1.514455E-04	6.431278E-06
1.276379E+04	1.497420E-04	6.393268E-06
1.280340E+04	1.481065E-04	6.355524E-06
1.284301E+04	1.465586E-04	6.318923E-06
1.288262E+04	1.451162E-04	6.284284E-06
1.292224E+04	1.437948E-04	6.252336E-06
1.296185E+04	1.426071E-04	6.223690E-06
1.300146E+04	1.415623E-04	6.198807E-06
1.304107E+04	1.406656E-04	6.177976E-06
1.308068E+04	1.399179E-04	6.161291E-06
1.312029E+04	1.393159E-04	6.148643E-06
1.315990E+04	1.388517E-04	6.139718E-06
1.319951E+04	1.385132E-04	6.134003E-06
1.323912E+04	1.382846E-04	6.130805E-06
1.327873E+04	1.381466E-04	6.129267E-06
1.331834E+04	1.380769E-04	6.128395E-06
1.335795E+04	1.380509E-04	6.127081E-06
1.339756E+04	1.380422E-04	6.124144E-06
1.343717E+04	1.380239E-04	6.118369E-06
1.347678E+04	1.379692E-04	6.108567E-06
1.351639E+04	1.378528E-04	6.093633E-06
1.355600E+04	1.376526E-04	6.072601E-06
1.359561E+04	1.373496E-04	6.044681E-06
1.363522E+04	1.369292E-04	6.009284E-06
1.367483E+04	1.363804E-04	5.966017E-06
1.371444E+04	1.356964E-04	5.914682E-06
1.375405E+04	1.348738E-04	5.855254E-06
1.379366E+04	1.339125E-04	5.787882E-06
1.383327E+04	1.328159E-04	5.712869E-06
1.387288E+04	1.315901E-04	5.630659E-06
1.391249E+04	1.302437E-04	5.541815E-06
1.395210E+04	1.287875E-04	5.446997E-06
1.399171E+04	1.272341E-04	5.346941E-06
1.403132E+04	1.255970E-04	5.242438E-06
1.407093E+04	1.238910E-04	5.134308E-06
1.411054E+04	1.221312E-04	5.023388E-06
1.415015E+04	1.203330E-04	4.910517E-06
1.418976E+04	1.185119E-04	4.796523E-06
1.422937E+04	1.166831E-04	4.682206E-06
1.426898E+04	1.148613E-04	4.568332E-06
1.430859E+04	1.130606E-04	4.455625E-06
1.434820E+04	1.112945E-04	4.344763E-06
1.438781E+04	1.095756E-04	4.236378E-06
1.442742E+04	1.079158E-04	4.131052E-06
1.446703E+04	1.063261E-04	4.029326E-06
1.450664E+04	1.048170E-04	3.931694E-06
1.454625E+04	1.033980E-04	3.838614E-06
1.458587E+04	1.020786E-04	3.750517E-06
1.462548E+04	1.008672E-04	3.667802E-06
1.466509E+04	9.977210E-05	3.590845E-06
1.470470E+04	9.880070E-05	3.519995E-06
1.474431E+04	9.795987E-05	3.455578E-06
1.478392E+04	9.725587E-05	3.397906E-06
1.482353E+04	9.669428E-05	3.347276E-06
1.486314E+04	9.628011E-05	3.303979E-06
1.490275E+04	9.601790E-05	3.268305E-06
1.494236E+04	9.591206E-05	3.240563E-06
1.498197E+04	9.596720E-05	3.221095E-06
1.502158E+04	9.618860E-05	3.210293E-06
1.506119E+04	9.658250E-05	3.208614E-06
1.510080E+04	9.715661E-05	3.216599E-06
1.514041E+04	9.792068E-05	3.234897E-06
1.518002E+04	9.888765E-05	3.264305E-06
1.521963E+04	1.000751E-04	3.305823E-06
1.525924E+04	1.015052E-04	3.360657E-06
1.529885E+04	1.031820E-04	3.429482E-06
1.533846E+04	1.050850E-04	3.512196E-06
1.537807E+04	1.071931E-04	3.608506E-06
1.541768E+04	1.094860E-04	3.718069E-06
1.545729E+04	1.119433E-04	3.840530E-06
1.549690E+04	1.145431E-04	3.975469E-06
1.553651E+04	1.172611E-04	4.122354E-06
1.557612E+04	1.200703E-04	4.280509E-06
1.561573E+04	1.229405E-04	4.449083E-06
1.565534E+04	1.258384E-04	4.627032E-06
1.569495E+04	1.287277E-04	4.813100E-06
1.573456E+04	1.315687E-04	5.005792E-06
1.577417E+04	1.343187E-04	5.203355E-06
1.581378E+04	1.369319E-04	5.403772E-06
1.585339E+04	1.393605E-04	5.604766E-06
1.589300E+04	1.415561E-04	5.803860E-06
1.593261E+04	1.434726E-04	5.998471E-06
1.597222E+04	1.450688E-04	6.186038E-06
1.601183E+04	1.463109E-04	6.364149E-06
1.605144E+04	1.471747E-04	6.530655E-06
1.609105E+04	1.476466E-04	6.683761E-06
1.613066E+04	1.477265E-04	6.822227E-06
1.617027E+04	1.474316E-04	6.945578E-06
1.620988E+04	1.467911E-04	7.053938E-06
1.624949E+04	1.458426E-04	7.147942E-06
1.628911E+04	1.446295E-04	7.228648E-06
1.632872E+04	1.431981E-04	7.297425E-06
1.636833E+04	1.415945E-04	7.355823E-06
1.640794E+04	1.398627E-04	7.405459E-06
1.644755E+04	1.380427E-04	7.447926E-06
1.648716E+04	1.361698E-04	7.484734E-06
1.652677E+04	1.342743E-04	7.517262E-06
1.656638E+04	1.323814E-04	7.546735E-06
1.660599E+04	1.305113E-04	7.574209E-06
1.664560E+04	1.286801E-04	7.600586E-06
1.668521E+04	1.268999E-04	7.626621E-06
1.672482E+04	1.251800E-04	7.652938E-06
1.676443E+04	1.235271E-04	7.680059E-06
1.680404E+04	1.219457E-04	7.708408E-06
1.684365E+04	1.204389E-04	7.738343E-06
1.688326E+04	1.190088E-04	7.770169E-06
1.692287E+04	1.176567E-04	7.804165E-06
1.696248E+04	1.163836E-04	7.840592E-06
1.700209E+04	1.151904E-04	7.879711E-06
1.704170E+04	1.140777E-04	7.921789E-06
1.708131E+04	1.130467E-04	7.967116E-06
1.712092E+04	1.120986E-04	8.016001E-06
1.716053E+04	1.112348E-04	8.068784E-06
1.720014E+04	1.104571E-04	8.125832E-06
1.723975E+04	1.097674E-04	8.187529E-06
1.727936E+04	1.091676E-04	8.254266E-06
1.731897E+04	1.086596E-04	8.326441E-06
1.735858E+04	1.082450E-04	8.404453E-06
1.739819E+04	1.079255E-04	8.488693E-06
1.743780E+04	1.077024E-04	8.579551E-06
1.747741E+04	1.075772E-04	8.677405E-06
1.751702E+04	1.075510E-04	8.782628E-06
1.755663E+04	1.076247E-04	8.895584E-06
1.759624E+04	1.077991E-04	9.016610E-06
1.763585E+04	1.080743E-04	9.146010E-06
1.767546E+04	1.084500E-04	9.284024E-06
1.771507E+04	1.089246E-04	9.430808E-06
1.775468E+04	1.094957E-04	9.586406E-06
1.779429E+04	1.101594E-04	9.750739E-06
1.783390E+04	1.109106E-04	9.923598E-06
1.787351E+04	1.117429E-04	1.010464E-05
1.791312E+04	1.126489E-04	1.029340E-05
1.795274E+04	1.136200E-04	1.048926E-05
1.799235E+04	1.146465E-04	1.069147E-05
1.803196E+04	1.157173E-04	1.089914E-05
1.807157E+04	1.168208E-04	1.111125E-05
1.811118E+04	1.179446E-04	1.132668E-05
1.815079E+04	1.190758E-04	1.154420E-05
1.819040E+04	1.202014E-04	1.176255E-05
1.823001E+04	1.213083E-04	1.198038E-05
1.826962E+04	1.223833E-04	1.219630E-05
1.830923E+04	1.234135E-04	1.240892E-05
1.834884E+04	1.243867E-04	1.261684E-05
1.838845E+04	1.252914E-04	1.281874E-05
1.842806E+04	1.261177E-04	1.301337E-05
1.846767E+04	1.268568E-04	1.319961E-05
1.850728E+04	1.275016E-04	1.337646E-05
1.854689E+04	1.280476E-04	1.354319E-05
1.858650E+04	1.284926E-04	1.369931E-05
1.862611E+04	1.288377E-04	1.384466E-05
1.866572E+04	1.290869E-04	1.397941E-05
1.870533E+04	1.292465E-04	1.410402E-05
1.874494E+04	1.293247E-04	1.421915E-05
1.878455E+04	1.293316E-04	1.432572E-05
1.882416E+04	1.292779E-04	1.442475E-05
1.886377E+04	1.291752E-04	1.451739E-05
1.890338E+04	1.290354E-04	1.460489E-05
1.894299E+04	1.288708E-04	1.468854E-05
1.898260E+04	1.286935E-04	1.476970E-05
1.902221E+04	1.285158E-04	1.484973E-05
1.906182E+04	1.283494E-04	1.493004E-05
1.910143E+04	1.282061E-04	1.501201E-05
1.914104E+04	1.280968E-04	1.509699E-05
1.918065E+04	1.280315E-04	1.518625E-05
1.922026E+04	1.280188E-04	1.528092E-05
1.925987E+04	1.280660E-04	1.538199E-05
1.929948E+04	1.281785E-04	1.549026E-05
1.933909E+04	1.283603E-04	1.560637E-05
1.937870E+04	1.286143E-04	1.573079E-05
1.941831E+04	1.289417E-04	1.586386E-05
1.945792E+04	1.293432E-04	1.600580E-05
1.949753E+04	1.298183E-04	1.615671E-05
1.953714E+04	1.303656E-04	1.631658E-05
1.957675E+04	1.309830E-04	1.648527E-05
1.961636E+04	1.316672E-04	1.666251E-05
1.965598E+04	1.324141E-04	1.684791E-05
1.969559E+04	1.332188E-04	1.704097E-05
1.973520E+04	1.340759E-04	1.724108E-05
1.977481E+04	1.349792E-04	1.744756E-05
1.981442E+04	1.359222E-04	1.765963E-05
1.985403E+04	1.368982E-04	1.787650E-05
1.989364E+04	1.379004E-04	1.809732E-05
1.993325E+04	1.389223E-04	1.832125E-05
1.997286E+04	1.399572E-04	1.854745E-05
2.001247E+04	1.409988E-04	1.877511E-05
2.005208E+04	1.420409E-04	1.900337E-05
2.009169E+04	1.430772E-04	1.923138E-05
2.013130E+04	1.441016E-04	1.945829E-05
2.017091E+04	1.451077E-04	1.968322E-05
2.021052E+04	1.460897E-04	1.990530E-05
2.025013E+04	1.470416E-04	2.012368E-05
2.028974E+04	1.479577E-04	2.033751E-05
2.032935E+04	1.488326E-04	2.054597E-05
2.036896E+04	1.496615E-04	2.074829E-05
2.040857E+04	1.504394E-04	2.094371E-05
2.044818E+04	1.511620E-04	2.113152E-05
2.048779E+04	1.518246E-04	2.131099E-05
2.052740E+04	1.524230E-04	2.148137E-05
2.056701E+04	1.529525E-04	2.164192E-05
2.060662E+04	1.534087E-04	2.179188E-05
2.064623E+04	1.537870E-04	2.193047E-05
2.068584E+04	1.540828E-04	2.205692E-05
2.072545E+04	1.542919E-04	2.217046E-05
2.076506E+04	1.544099E-04	2.227035E-05
2.080467E+04	1.544331E-04	2.235589E-05
2.084428E+04	1.543585E-04	2.242653E-05
2.088389E+04	1.541843E-04	2.248180E-05
2.092350E+04	1.539101E-04	2.252156E-05
2.096311E+04	1.535374E-04	2.254583E-05
2.100272E+04	1.530689E-04	2.255491E-05
2.104233E+04	1.525095E-04	2.254936E-05
2.108194E+04	1.518650E-04	2.252993E-05
2.112155E+04	1.511426E-04	2.249758E-05
2.116116E+04	1.503503E-04	2.245340E-05
2.120077E+04	1.494968E-04	2.239859E-05
2.124038E+04	1.485904E-04	2.233437E-05
2.127999E+04	1.476395E-04	2.226190E-05
2.131961E+04	1.466505E-04	2.218212E-05
2.135922E+04	1.456276E-04	2.209564E-05
2.139883E+04	1.445741E-04	2.200291E-05
2.143844E+04	1.434924E-04	2.190430E-05
2.147805E+04	1.423849E-04	2.180012E-05
2.151766E+04	1.412538E-04	2.169072E-05
2.155727E+04	1.401014E-04	2.157642E-05
2.159688E+04	1.389302E-04	2.145763E-05
2.163649E+04	1.377431E-04	2.133476E-05
2.167610E+04	1.365430E-04	2.120825E-05
2.171571E+04	1.353330E-04	2.107861E-05
2.175532E+04	1.341164E-04	2.094635E-05
2.179493E+04	1.328965E-04	2.081201E-05
2.183454E+04	1.316769E-04	2.067615E-05
2.187415E+04	1.304613E-04	2.053937E-05
2.191376E+04	1.292534E-04	2.040231E-05
2.195337E+04	1.280574E-04	2.026562E-05
2.199298E+04	1.268772E-04	2.012998E-05
2.203259E+04	1.257171E-04	1.999609E-05
2.207220E+04	1.245812E-04	1.986465E-05
2.211181E+04	1.234738E-04	1.973642E-05
2.215142E+04	1.223993E-04	1.961210E-05
2.219103E+04	1.213617E-04	1.949244E-05
2.223064E+04	1.203650E-04	1.937811E-05
2.227025E+04	1.194126E-04	1.926974E-05
2.230986E+04	1.185080E-04	1.916793E-05
2.234947E+04	1.176538E-04	1.907320E-05
2.238908E+04	1.168528E-04	1.898605E-05
2.242869E+04	1.161069E-04	1.890688E-05
2.246830E+04	1.154181E-04	1.883607E-05
2.250791E+04	1.147877E-04	1.877391E-05
2.254752E+04	1.142171E-04	1.872070E-05
2.258713E+04	1.137074E-04	1.867671E-05
2.262674E+04	1.132601E-04	1.864222E-05
2.266635E+04	1.128765E-04	1.861756E-05
2.270596E+04	1.125581E-04	1.860304E-05
2.274557E+04	1.123066E-04	1.859898E-05
2.278518E+04	1.121234E-04	1.860571E-05
2.282479E+04	1.120101E-04	1.862358E-05
2.286440E+04	1.119683E-04	1.865292E-05
2.290401E+04	1.119995E-04	1.869405E-05
2.294362E+04	1.121053E-04	1.874730E-05
2.298323E+04	1.122870E-04	1.881298E-05
2.302285E+04	1.125460E-04	1.889138E-05
2.306246E+04	1.128835E-04	1.898279E-05
2.310207E+04	1.133008E-04	1.908748E-05
2.314168E+04	1.137989E-04	1.920573E-05
2.318129E+04	1.143794E-04	1.933783E-05
2.322090E+04	1.150435E-04	1.948410E-05
2.326051E+04	1.157929E-04	1.964487E-05
2.330012E+04	1.166292E-04	1.982052E-05
2.333973E+04	1.175545E-04	2.001142E-05
2.337934E+04	1.185706E-04	2.021799E-05
2.341895E+04	1.196793E-04	2.044061E-05
2.345856E+04	1.208825E-04	2.067965E-05
2.349817E+04	1.221813E-04	2.093539E-05
2.353778E+04	1.235766E-04	2.120805E-05
2.357739E+04	1.250687E-04	2.149776E-05
2.361700E+04	1.266574E-04	2.180453E-05
2.365661E+04	1.283419E-04	2.212830E-05
2.369622E+04	1.301207E-04	2.246888E-05
2.373583E+04	1.319918E-04	2.282600E-05
2.377544E+04	1.339527E-04	2.319926E-05
2.381505E+04	1.360002E-04	2.358817E-05
2.385466E+04	1.381305E-04	2.399213E-05
2.389427E+04	1.403396E-04	2.441047E-05
2.393388E+04	1.426231E-04	2.484250E-05
2.397349E+04	1.449769E-04	2.528753E-05
2.401310E+04	1.473970E-04	2.574488E-05
2.405271E+04	1.498796E-04	2.621395E-05
2.409232E+04	1.524212E-04	2.669414E-05
2.413193E+04	1.550186E-04	2.718491E-05
2.417154E+04	1.576687E-04	2.768573E-05
2.421115E+04	1.603686E-04	2.819613E-05
2.425076E+04	1.631156E-04	2.871565E-05
