#wls	flux	fluxerr
3.257341E+03	6.624701E-06	1.932206E-06
3.296951E+03	6.864670E-06	2.000918E-06
3.336561E+03	7.118730E-06	2.073635E-06
3.376171E+03	7.387575E-06	2.150550E-06
3.415782E+03	7.671907E-06	2.231858E-06
3.455392E+03	7.972442E-06	2.317756E-06
3.495002E+03	8.289906E-06	2.408445E-06
3.534612E+03	8.625015E-06	2.504122E-06
3.574223E+03	8.978493E-06	2.604985E-06
3.613833E+03	9.351049E-06	2.711227E-06
3.653443E+03	9.743372E-06	2.823035E-06
3.693053E+03	1.015613E-05	2.940590E-06
3.732664E+03	1.058997E-05	3.064061E-06
3.772274E+03	1.104547E-05	3.193607E-06
3.811884E+03	1.152318E-05	3.329368E-06
3.851494E+03	1.202359E-05	3.471471E-06
3.891105E+03	1.254711E-05	3.620016E-06
3.930715E+03	1.309407E-05	3.775085E-06
3.970325E+03	1.366471E-05	3.936728E-06
4.009935E+03	1.425916E-05	4.104964E-06
4.049545E+03	1.487743E-05	4.279782E-06
4.089156E+03	1.551940E-05	4.461128E-06
4.128766E+03	1.618482E-05	4.648911E-06
4.168376E+03	1.687327E-05	4.842996E-06
4.207986E+03	1.758418E-05	5.043200E-06
4.247597E+03	1.831680E-05	5.249291E-06
4.287207E+03	1.907021E-05	5.460988E-06
4.326817E+03	1.984329E-05	5.677955E-06
4.366427E+03	2.063475E-05	5.899806E-06
4.406038E+03	2.144306E-05	6.126089E-06
4.445648E+03	2.226658E-05	6.356323E-06
4.485258E+03	2.310342E-05	6.589956E-06
4.524868E+03	2.395153E-05	6.826392E-06
4.564479E+03	2.480872E-05	7.064993E-06
4.604089E+03	2.567263E-05	7.305084E-06
4.643699E+03	2.654076E-05	7.545943E-06
4.683309E+03	2.741060E-05	7.786852E-06
4.722919E+03	2.827946E-05	8.027045E-06
4.762530E+03	2.914472E-05	8.265778E-06
4.802140E+03	3.000367E-05	8.502280E-06
4.841750E+03	3.085374E-05	8.735828E-06
4.881360E+03	3.169235E-05	8.965697E-06
4.920971E+03	3.251707E-05	9.191206E-06
4.960581E+03	3.332556E-05	9.411700E-06
5.000191E+03	3.411561E-05	9.626569E-06
5.039801E+03	3.488522E-05	9.835258E-06
5.079412E+03	3.563249E-05	1.003725E-05
5.119022E+03	3.635571E-05	1.023207E-05
5.158632E+03	3.705341E-05	1.041932E-05
5.198242E+03	3.772425E-05	1.059866E-05
5.237853E+03	3.836709E-05	1.076976E-05
5.277463E+03	3.898101E-05	1.093241E-05
5.317073E+03	3.956530E-05	1.108642E-05
5.356683E+03	4.011943E-05	1.123167E-05
5.396293E+03	4.064309E-05	1.136808E-05
5.435904E+03	4.113614E-05	1.149565E-05
5.475514E+03	4.159864E-05	1.161441E-05
5.515124E+03	4.203086E-05	1.172446E-05
5.554734E+03	4.243323E-05	1.182594E-05
5.594345E+03	4.280635E-05	1.191906E-05
5.633955E+03	4.315097E-05	1.200403E-05
5.673565E+03	4.346802E-05	1.208114E-05
5.713175E+03	4.375855E-05	1.215070E-05
5.752786E+03	4.402373E-05	1.221306E-05
5.792396E+03	4.426485E-05	1.226860E-05
5.832006E+03	4.448331E-05	1.231772E-05
5.871616E+03	4.468058E-05	1.236086E-05
5.911227E+03	4.485818E-05	1.239844E-05
5.950837E+03	4.501774E-05	1.243094E-05
5.990447E+03	4.516090E-05	1.245882E-05
6.030057E+03	4.528929E-05	1.248255E-05
6.069667E+03	4.540464E-05	1.250262E-05
6.109278E+03	4.550857E-05	1.251948E-05
6.148888E+03	4.560276E-05	1.253361E-05
6.188498E+03	4.568879E-05	1.254546E-05
6.228108E+03	4.576823E-05	1.255545E-05
6.267719E+03	4.584252E-05	1.256400E-05
6.307329E+03	4.591305E-05	1.257149E-05
6.346939E+03	4.598107E-05	1.257827E-05
6.386549E+03	4.604770E-05	1.258464E-05
6.426160E+03	4.611396E-05	1.259090E-05
6.465770E+03	4.618071E-05	1.259727E-05
6.505380E+03	4.624864E-05	1.260395E-05
6.544990E+03	4.631832E-05	1.261110E-05
6.584601E+03	4.639022E-05	1.261883E-05
6.624211E+03	4.646468E-05	1.262725E-05
6.663821E+03	4.654192E-05	1.263641E-05
6.703431E+03	4.662206E-05	1.264635E-05
6.743041E+03	4.670516E-05	1.265708E-05
6.782652E+03	4.679118E-05	1.266859E-05
6.822262E+03	4.687998E-05	1.268085E-05
6.861872E+03	4.697140E-05	1.269380E-05
6.901482E+03	4.706518E-05	1.270739E-05
6.941093E+03	4.716098E-05	1.272152E-05
6.980703E+03	4.725846E-05	1.273610E-05
7.020313E+03	4.735721E-05	1.275102E-05
7.059923E+03	4.745672E-05	1.276615E-05
7.099534E+03	4.755650E-05	1.278135E-05
7.139144E+03	4.765599E-05	1.279648E-05
7.178754E+03	4.775462E-05	1.281140E-05
7.218364E+03	4.785176E-05	1.282593E-05
7.257975E+03	4.794678E-05	1.283990E-05
7.297585E+03	4.803903E-05	1.285316E-05
7.337195E+03	4.812781E-05	1.286552E-05
7.376805E+03	4.821249E-05	1.287682E-05
7.416415E+03	4.829235E-05	1.288687E-05
7.456026E+03	4.836677E-05	1.289551E-05
7.495636E+03	4.843509E-05	1.290258E-05
7.535246E+03	4.849668E-05	1.290792E-05
7.574856E+03	4.855099E-05	1.291138E-05
7.614467E+03	4.859746E-05	1.291284E-05
7.654077E+03	4.863567E-05	1.291218E-05
7.693687E+03	4.866523E-05	1.290931E-05
7.733297E+03	4.868586E-05	1.290417E-05
7.772908E+03	4.869737E-05	1.289672E-05
7.812518E+03	4.869972E-05	1.288695E-05
7.852128E+03	4.869295E-05	1.287488E-05
7.891738E+03	4.867719E-05	1.286056E-05
7.931349E+03	4.865270E-05	1.284407E-05
7.970959E+03	4.861980E-05	1.282548E-05
8.010569E+03	4.857891E-05	1.280493E-05
8.050179E+03	4.853046E-05	1.278252E-05
8.089789E+03	4.847496E-05	1.275841E-05
8.129400E+03	4.841296E-05	1.273274E-05
8.169010E+03	4.834500E-05	1.270565E-05
8.208620E+03	4.827165E-05	1.267731E-05
8.248230E+03	4.819351E-05	1.264787E-05
8.287841E+03	4.811117E-05	1.261750E-05
8.327451E+03	4.802520E-05	1.258635E-05
8.367061E+03	4.793620E-05	1.255457E-05
8.406671E+03	4.784474E-05	1.252232E-05
8.446282E+03	4.775134E-05	1.248975E-05
8.485892E+03	4.765656E-05	1.245699E-05
8.525502E+03	4.756090E-05	1.242419E-05
8.565112E+03	4.746483E-05	1.239146E-05
8.604723E+03	4.736881E-05	1.235893E-05
8.644333E+03	4.727326E-05	1.232671E-05
8.683943E+03	4.717859E-05	1.229491E-05
8.723553E+03	4.708514E-05	1.226362E-05
8.763163E+03	4.699324E-05	1.223293E-05
8.802774E+03	4.690323E-05	1.220293E-05
8.842384E+03	4.681535E-05	1.217367E-05
8.881994E+03	4.672984E-05	1.214523E-05
8.921604E+03	4.664693E-05	1.211766E-05
8.961215E+03	4.656685E-05	1.209102E-05
9.000825E+03	4.648976E-05	1.206536E-05
9.040435E+03	4.641582E-05	1.204073E-05
9.080045E+03	4.634524E-05	1.201717E-05
9.119656E+03	4.627817E-05	1.199473E-05
9.159266E+03	4.621476E-05	1.197343E-05
9.198876E+03	4.615513E-05	1.195332E-05
9.238486E+03	4.609944E-05	1.193443E-05
9.278097E+03	4.604782E-05	1.191679E-05
9.317707E+03	4.600039E-05	1.190043E-05
9.357317E+03	4.595727E-05	1.188537E-05
9.396927E+03	4.591857E-05	1.187164E-05
9.436537E+03	4.588435E-05	1.185926E-05
9.476148E+03	4.585473E-05	1.184825E-05
9.515758E+03	4.582973E-05	1.183862E-05
9.555368E+03	4.580943E-05	1.183038E-05
9.594978E+03	4.579385E-05	1.182354E-05
9.634589E+03	4.578304E-05	1.181811E-05
9.674199E+03	4.577702E-05	1.181409E-05
9.713809E+03	4.577586E-05	1.181150E-05
9.753419E+03	4.577963E-05	1.181035E-05
9.793030E+03	4.578843E-05	1.181067E-05
9.832640E+03	4.580239E-05	1.181249E-05
9.872250E+03	4.582166E-05	1.181584E-05
9.911857E+03	4.584646E-05	1.182078E-05
9.951468E+03	4.587696E-05	1.182733E-05
9.991078E+03	4.591343E-05	1.183557E-05
1.003069E+04	4.595605E-05	1.184552E-05
1.007030E+04	4.600509E-05	1.185726E-05
1.010991E+04	4.606077E-05	1.187083E-05
1.014952E+04	4.612324E-05	1.188627E-05
1.018913E+04	4.619265E-05	1.190360E-05
1.022874E+04	4.626915E-05	1.192286E-05
1.026835E+04	4.635278E-05	1.194406E-05
1.030796E+04	4.644357E-05	1.196718E-05
1.034757E+04	4.654148E-05	1.199222E-05
1.038718E+04	4.664648E-05	1.201916E-05
1.042679E+04	4.675840E-05	1.204796E-05
1.046640E+04	4.687708E-05	1.207855E-05
1.050601E+04	4.700226E-05	1.211089E-05
1.054562E+04	4.713370E-05	1.214488E-05
1.058523E+04	4.727104E-05	1.218043E-05
1.062484E+04	4.741389E-05	1.221745E-05
1.066445E+04	4.756183E-05	1.225580E-05
1.070406E+04	4.771437E-05	1.229537E-05
1.074367E+04	4.787099E-05	1.233600E-05
1.078328E+04	4.803114E-05	1.237756E-05
1.082289E+04	4.819421E-05	1.241988E-05
1.086250E+04	4.835959E-05	1.246279E-05
1.090211E+04	4.852662E-05	1.250612E-05
1.094172E+04	4.869461E-05	1.254969E-05
1.098133E+04	4.886287E-05	1.259331E-05
1.102094E+04	4.903073E-05	1.263679E-05
1.106055E+04	4.919747E-05	1.267996E-05
1.110016E+04	4.936238E-05	1.272262E-05
1.113977E+04	4.952477E-05	1.276458E-05
1.117938E+04	4.968396E-05	1.280567E-05
1.121900E+04	4.983931E-05	1.284571E-05
1.125861E+04	4.999013E-05	1.288452E-05
1.129822E+04	5.013589E-05	1.292195E-05
1.133783E+04	5.027599E-05	1.295785E-05
1.137744E+04	5.040989E-05	1.299206E-05
1.141705E+04	5.053715E-05	1.302448E-05
1.145666E+04	5.065731E-05	1.305497E-05
1.149627E+04	5.076999E-05	1.308343E-05
1.153588E+04	5.087488E-05	1.310978E-05
1.157549E+04	5.097169E-05	1.313393E-05
1.161510E+04	5.106021E-05	1.315583E-05
1.165471E+04	5.114027E-05	1.317542E-05
1.169432E+04	5.121174E-05	1.319267E-05
1.173393E+04	5.127455E-05	1.320756E-05
1.177354E+04	5.132871E-05	1.322007E-05
1.181315E+04	5.137420E-05	1.323021E-05
1.185276E+04	5.141110E-05	1.323799E-05
1.189237E+04	5.143952E-05	1.324342E-05
1.193198E+04	5.145954E-05	1.324654E-05
1.197159E+04	5.147135E-05	1.324737E-05
1.201120E+04	5.147509E-05	1.324597E-05
1.205081E+04	5.147098E-05	1.324237E-05
1.209042E+04	5.145917E-05	1.323661E-05
1.213003E+04	5.143989E-05	1.322876E-05
1.216964E+04	5.141335E-05	1.321885E-05
1.220925E+04	5.137973E-05	1.320694E-05
1.224886E+04	5.133923E-05	1.319307E-05
1.228847E+04	5.129203E-05	1.317729E-05
1.232808E+04	5.123830E-05	1.315963E-05
1.236769E+04	5.117818E-05	1.314014E-05
1.240730E+04	5.111182E-05	1.311885E-05
1.244691E+04	5.103935E-05	1.309578E-05
1.248652E+04	5.096082E-05	1.307096E-05
1.252613E+04	5.087633E-05	1.304440E-05
1.256574E+04	5.078591E-05	1.301611E-05
1.260535E+04	5.068958E-05	1.298611E-05
1.264496E+04	5.058734E-05	1.295437E-05
1.268457E+04	5.047916E-05	1.292091E-05
1.272418E+04	5.036498E-05	1.288569E-05
1.276379E+04	5.024471E-05	1.284871E-05
1.280340E+04	5.011827E-05	1.280994E-05
1.284301E+04	4.998555E-05	1.276934E-05
1.288262E+04	4.984638E-05	1.272689E-05
1.292224E+04	4.970063E-05	1.268254E-05
1.296185E+04	4.954814E-05	1.263627E-05
1.300146E+04	4.938870E-05	1.258801E-05
1.304107E+04	4.922216E-05	1.253773E-05
1.308068E+04	4.904831E-05	1.248538E-05
1.312029E+04	4.886698E-05	1.243092E-05
1.315990E+04	4.867797E-05	1.237430E-05
1.319951E+04	4.848111E-05	1.231549E-05
1.323912E+04	4.827623E-05	1.225444E-05
1.327873E+04	4.806320E-05	1.219113E-05
1.331834E+04	4.784188E-05	1.212553E-05
1.335795E+04	4.761216E-05	1.205761E-05
1.339756E+04	4.737400E-05	1.198737E-05
1.343717E+04	4.712732E-05	1.191480E-05
1.347678E+04	4.687215E-05	1.183991E-05
1.351639E+04	4.660853E-05	1.176272E-05
1.355600E+04	4.633654E-05	1.168326E-05
1.359561E+04	4.605630E-05	1.160156E-05
1.363522E+04	4.576802E-05	1.151769E-05
1.367483E+04	4.547190E-05	1.143171E-05
1.371444E+04	4.516824E-05	1.134369E-05
1.375405E+04	4.485738E-05	1.125374E-05
1.379366E+04	4.453968E-05	1.116195E-05
1.383327E+04	4.421560E-05	1.106845E-05
1.387288E+04	4.388563E-05	1.097337E-05
1.391249E+04	4.355029E-05	1.087685E-05
1.395210E+04	4.321016E-05	1.077904E-05
1.399171E+04	4.286584E-05	1.068010E-05
1.403132E+04	4.251801E-05	1.058020E-05
1.407093E+04	4.216733E-05	1.047953E-05
1.411054E+04	4.181454E-05	1.037827E-05
1.415015E+04	4.146033E-05	1.027660E-05
1.418976E+04	4.110549E-05	1.017471E-05
1.422937E+04	4.075076E-05	1.007281E-05
1.426898E+04	4.039692E-05	9.971087E-06
1.430859E+04	4.004475E-05	9.869737E-06
1.434820E+04	3.969500E-05	9.768950E-06
1.438781E+04	3.934841E-05	9.668909E-06
1.442742E+04	3.900575E-05	9.569806E-06
1.446703E+04	3.866771E-05	9.471812E-06
1.450664E+04	3.833501E-05	9.375103E-06
1.454625E+04	3.800828E-05	9.279830E-06
1.458587E+04	3.768817E-05	9.186151E-06
1.462548E+04	3.737527E-05	9.094206E-06
1.466509E+04	3.707015E-05	9.004129E-06
1.470470E+04	3.677327E-05	8.916028E-06
1.474431E+04	3.648512E-05	8.830015E-06
1.478392E+04	3.620611E-05	8.746184E-06
1.482353E+04	3.593658E-05	8.664606E-06
1.486314E+04	3.567687E-05	8.585355E-06
1.490275E+04	3.542719E-05	8.508475E-06
1.494236E+04	3.518775E-05	8.434005E-06
1.498197E+04	3.495872E-05	8.361971E-06
1.502158E+04	3.474015E-05	8.292381E-06
1.506119E+04	3.453209E-05	8.225225E-06
1.510080E+04	3.433451E-05	8.160493E-06
1.514041E+04	3.414736E-05	8.098152E-06
1.518002E+04	3.397049E-05	8.038158E-06
1.521963E+04	3.380371E-05	7.980453E-06
1.525924E+04	3.364683E-05	7.924976E-06
1.529885E+04	3.349958E-05	7.871647E-06
1.533846E+04	3.336163E-05	7.820380E-06
1.537807E+04	3.323267E-05	7.771085E-06
1.541768E+04	3.311228E-05	7.723653E-06
1.545729E+04	3.300010E-05	7.677984E-06
1.549690E+04	3.289566E-05	7.633958E-06
1.553651E+04	3.279854E-05	7.591463E-06
1.557612E+04	3.270827E-05	7.550377E-06
1.561573E+04	3.262438E-05	7.510584E-06
1.565534E+04	3.254641E-05	7.471963E-06
1.569495E+04	3.247388E-05	7.434397E-06
1.573456E+04	3.240635E-05	7.397773E-06
1.577417E+04	3.234339E-05	7.361983E-06
1.581378E+04	3.228459E-05	7.326925E-06
1.585339E+04	3.222956E-05	7.292505E-06
1.589300E+04	3.217795E-05	7.258634E-06
1.593261E+04	3.212945E-05	7.225235E-06
1.597222E+04	3.208379E-05	7.192244E-06
1.601183E+04	3.204080E-05	7.159612E-06
1.605144E+04	3.200025E-05	7.127285E-06
1.609105E+04	3.196206E-05	7.095239E-06
1.613066E+04	3.192619E-05	7.063457E-06
1.617027E+04	3.189260E-05	7.031928E-06
1.620988E+04	3.186137E-05	7.000661E-06
1.624949E+04	3.183260E-05	6.969676E-06
1.628911E+04	3.180646E-05	6.938998E-06
1.632872E+04	3.178314E-05	6.908667E-06
1.636833E+04	3.176293E-05	6.878734E-06
1.640794E+04	3.174610E-05	6.849253E-06
1.644755E+04	3.173304E-05	6.820293E-06
1.648716E+04	3.172410E-05	6.791925E-06
1.652677E+04	3.171968E-05	6.764221E-06
1.656638E+04	3.172026E-05	6.737267E-06
1.660599E+04	3.172628E-05	6.711144E-06
1.664560E+04	3.173823E-05	6.685941E-06
1.668521E+04	3.175657E-05	6.661736E-06
1.672482E+04	3.178185E-05	6.638625E-06
1.676443E+04	3.181453E-05	6.616685E-06
1.680404E+04	3.185514E-05	6.596000E-06
1.684365E+04	3.190419E-05	6.576652E-06
1.688326E+04	3.196215E-05	6.558713E-06
1.692287E+04	3.202952E-05	6.542258E-06
1.696248E+04	3.210678E-05	6.527353E-06
1.700209E+04	3.219440E-05	6.514061E-06
1.704170E+04	3.229281E-05	6.502435E-06
1.708131E+04	3.240246E-05	6.492530E-06
1.712092E+04	3.252374E-05	6.484387E-06
1.716053E+04	3.265708E-05	6.478049E-06
1.720014E+04	3.280284E-05	6.473549E-06
1.723975E+04	3.296141E-05	6.470916E-06
1.727936E+04	3.313309E-05	6.470169E-06
1.731897E+04	3.331825E-05	6.471327E-06
1.735858E+04	3.351717E-05	6.474398E-06
1.739819E+04	3.373017E-05	6.479393E-06
1.743780E+04	3.395751E-05	6.486308E-06
1.747741E+04	3.419945E-05	6.495139E-06
1.751702E+04	3.445625E-05	6.505879E-06
1.755663E+04	3.472812E-05	6.518510E-06
1.759624E+04	3.501529E-05	6.533013E-06
1.763585E+04	3.531797E-05	6.549371E-06
1.767546E+04	3.563633E-05	6.567548E-06
1.771507E+04	3.597055E-05	6.587516E-06
1.775468E+04	3.632081E-05	6.609242E-06
1.779429E+04	3.668725E-05	6.632682E-06
1.783390E+04	3.706998E-05	6.657789E-06
1.787351E+04	3.746916E-05	6.684523E-06
1.791312E+04	3.788487E-05	6.712825E-06
1.795274E+04	3.831721E-05	6.742642E-06
1.799235E+04	3.876627E-05	6.773914E-06
1.803196E+04	3.923207E-05	6.806573E-06
1.807157E+04	3.971470E-05	6.840556E-06
1.811118E+04	4.021414E-05	6.875787E-06
1.815079E+04	4.073042E-05	6.912191E-06
1.819040E+04	4.126350E-05	6.949684E-06
1.823001E+04	4.181335E-05	6.988182E-06
1.826962E+04	4.237989E-05	7.027593E-06
1.830923E+04	4.296302E-05	7.067823E-06
1.834884E+04	4.356264E-05	7.108774E-06
1.838845E+04	4.417856E-05	7.150338E-06
1.842806E+04	4.481058E-05	7.192404E-06
1.846767E+04	4.545850E-05	7.234860E-06
1.850728E+04	4.612202E-05	7.277584E-06
1.854689E+04	4.680084E-05	7.320449E-06
1.858650E+04	4.749458E-05	7.363324E-06
1.862611E+04	4.820282E-05	7.406069E-06
1.866572E+04	4.892510E-05	7.448541E-06
1.870533E+04	4.966089E-05	7.490595E-06
1.874494E+04	5.040958E-05	7.532071E-06
1.878455E+04	5.117050E-05	7.572806E-06
1.882416E+04	5.194293E-05	7.612637E-06
1.886377E+04	5.272604E-05	7.651386E-06
1.890338E+04	5.351892E-05	7.688872E-06
1.894299E+04	5.432057E-05	7.724910E-06
1.898260E+04	5.512990E-05	7.759304E-06
1.902221E+04	5.594573E-05	7.791860E-06
1.906182E+04	5.676674E-05	7.822369E-06
1.910143E+04	5.759152E-05	7.850621E-06
1.914104E+04	5.841851E-05	7.876400E-06
1.918065E+04	5.924605E-05	7.899486E-06
1.922026E+04	6.007236E-05	7.919655E-06
1.925987E+04	6.089548E-05	7.936677E-06
1.929948E+04	6.171335E-05	7.950321E-06
1.933909E+04	6.252374E-05	7.960355E-06
1.937870E+04	6.332427E-05	7.966543E-06
1.941831E+04	6.411243E-05	7.968654E-06
1.945792E+04	6.488553E-05	7.966453E-06
1.949753E+04	6.564076E-05	7.959713E-06
1.953714E+04	6.637514E-05	7.948212E-06
1.957675E+04	6.708553E-05	7.931728E-06
1.961636E+04	6.776871E-05	7.910058E-06
1.965598E+04	6.842124E-05	7.883000E-06
1.969559E+04	6.903961E-05	7.850370E-06
1.973520E+04	6.962020E-05	7.811998E-06
1.977481E+04	7.015925E-05	7.767732E-06
1.981442E+04	7.065296E-05	7.717437E-06
1.985403E+04	7.109743E-05	7.661004E-06
1.989364E+04	7.148873E-05	7.598346E-06
1.993325E+04	7.182293E-05	7.529404E-06
1.997286E+04	7.209607E-05	7.454147E-06
2.001247E+04	7.230427E-05	7.372577E-06
2.005208E+04	7.244367E-05	7.284726E-06
2.009169E+04	7.251059E-05	7.190666E-06
2.013130E+04	7.250138E-05	7.090495E-06
2.017091E+04	7.241269E-05	6.984360E-06
2.021052E+04	7.224131E-05	6.872434E-06
2.025013E+04	7.198432E-05	6.754936E-06
2.028974E+04	7.163913E-05	6.632115E-06
2.032935E+04	7.120348E-05	6.504262E-06
2.036896E+04	7.067547E-05	6.371694E-06
2.040857E+04	7.005372E-05	6.234768E-06
2.044818E+04	6.933727E-05	6.093866E-06
2.048779E+04	6.852569E-05	5.949394E-06
2.052740E+04	6.761915E-05	5.801786E-06
2.056701E+04	6.661837E-05	5.651488E-06
2.060662E+04	6.552471E-05	5.498961E-06
2.064623E+04	6.434021E-05	5.344675E-06
2.068584E+04	6.306757E-05	5.189104E-06
2.072545E+04	6.171020E-05	5.032718E-06
2.076506E+04	6.027221E-05	4.875985E-06
2.080467E+04	5.875845E-05	4.719361E-06
2.084428E+04	5.717447E-05	4.563290E-06
2.088389E+04	5.552658E-05	4.408202E-06
2.092350E+04	5.382189E-05	4.254513E-06
2.096311E+04	5.206864E-05	4.102642E-06
2.100272E+04	5.027613E-05	3.953018E-06
2.104233E+04	4.845416E-05	3.806054E-06
2.108194E+04	4.661313E-05	3.662164E-06
2.112155E+04	4.476394E-05	3.521750E-06
2.116116E+04	4.291763E-05	3.385124E-06
2.120077E+04	4.108555E-05	3.252586E-06
2.124038E+04	3.928001E-05	3.124535E-06
2.127999E+04	3.751558E-05	3.001592E-06
2.131961E+04	3.581270E-05	2.884903E-06
2.135922E+04	3.419734E-05	2.776153E-06
2.139883E+04	3.269398E-05	2.677021E-06
2.143844E+04	3.132007E-05	2.588737E-06
2.147805E+04	3.008220E-05	2.511749E-06
2.151766E+04	2.897654E-05	2.445722E-06
2.155727E+04	2.799427E-05	2.389947E-06
2.159688E+04	2.712531E-05	2.343634E-06
2.163649E+04	2.635972E-05	2.306021E-06
2.167610E+04	2.568819E-05	2.276406E-06
2.171571E+04	2.510228E-05	2.254163E-06
2.175532E+04	2.459441E-05	2.238742E-06
2.179493E+04	2.415788E-05	2.229669E-06
2.183454E+04	2.378678E-05	2.226535E-06
2.187415E+04	2.347592E-05	2.228995E-06
2.191376E+04	2.322073E-05	2.236752E-06
2.195337E+04	2.301725E-05	2.249565E-06
2.199298E+04	2.286196E-05	2.267226E-06
2.203259E+04	2.275185E-05	2.289573E-06
2.207220E+04	2.268422E-05	2.316468E-06
2.211181E+04	2.265675E-05	2.347809E-06
2.215142E+04	2.266742E-05	2.383514E-06
2.219103E+04	2.271446E-05	2.423528E-06
2.223064E+04	2.279633E-05	2.467814E-06
2.227025E+04	2.291168E-05	2.516352E-06
2.230986E+04	2.305938E-05	2.569141E-06
2.234947E+04	2.323843E-05	2.626193E-06
2.238908E+04	2.344797E-05	2.687531E-06
2.242869E+04	2.368728E-05	2.753194E-06
2.246830E+04	2.395575E-05	2.823229E-06
2.250791E+04	2.425286E-05	2.897694E-06
2.254752E+04	2.457818E-05	2.976654E-06
2.258713E+04	2.493140E-05	3.060186E-06
2.262674E+04	2.531223E-05	3.148372E-06
2.266635E+04	2.572046E-05	3.241300E-06
2.270596E+04	2.615596E-05	3.339067E-06
2.274557E+04	2.661862E-05	3.441772E-06
2.278518E+04	2.710839E-05	3.549523E-06
2.282479E+04	2.762525E-05	3.662429E-06
2.286440E+04	2.816924E-05	3.780607E-06
2.290401E+04	2.874041E-05	3.904177E-06
2.294362E+04	2.933884E-05	4.033260E-06
2.298323E+04	2.996463E-05	4.167982E-06
2.302285E+04	3.061793E-05	4.308473E-06
2.306246E+04	3.129885E-05	4.454860E-06
2.310207E+04	3.200758E-05	4.607278E-06
2.314168E+04	3.274428E-05	4.765861E-06
2.318129E+04	3.350911E-05	4.930740E-06
2.322090E+04	3.430227E-05	5.102056E-06
2.326051E+04	3.512395E-05	5.279940E-06
2.330012E+04	3.597432E-05	5.464529E-06
2.333973E+04	3.685358E-05	5.655959E-06
2.337934E+04	3.776190E-05	5.854363E-06
2.341895E+04	3.869947E-05	6.059873E-06
2.345856E+04	3.966646E-05	6.272622E-06
2.349817E+04	4.066303E-05	6.492738E-06
2.353778E+04	4.168932E-05	6.720346E-06
2.357739E+04	4.274549E-05	6.955573E-06
2.361700E+04	4.383166E-05	7.198538E-06
2.365661E+04	4.494793E-05	7.449359E-06
2.369622E+04	4.609440E-05	7.708146E-06
2.373583E+04	4.727117E-05	7.975015E-06
2.377544E+04	4.847828E-05	8.250067E-06
2.381505E+04	4.971580E-05	8.533405E-06
2.385466E+04	5.098376E-05	8.825124E-06
2.389427E+04	5.228214E-05	9.125316E-06
2.393388E+04	5.361099E-05	9.434070E-06
2.397349E+04	5.497025E-05	9.751467E-06
2.401310E+04	5.635990E-05	1.007758E-05
2.405271E+04	5.777988E-05	1.041249E-05
2.409232E+04	5.923012E-05	1.075626E-05
2.413193E+04	6.071056E-05	1.110895E-05
2.417154E+04	6.222109E-05	1.147063E-05
2.421115E+04	6.376160E-05	1.184133E-05
2.425076E+04	6.533197E-05	1.222112E-05
