#wls	flux	fluxerr
3.257341E+03	1.944184E-04	0.000000E+00
3.296951E+03	1.893531E-04	0.000000E+00
3.336561E+03	1.844872E-04	0.000000E+00
3.376171E+03	1.798128E-04	0.000000E+00
3.415782E+03	1.753225E-04	0.000000E+00
3.455392E+03	1.710089E-04	0.000000E+00
3.495002E+03	1.668651E-04	0.000000E+00
3.534612E+03	1.628841E-04	0.000000E+00
3.574223E+03	1.590595E-04	0.000000E+00
3.613833E+03	1.553849E-04	0.000000E+00
3.653443E+03	1.518541E-04	0.000000E+00
3.693053E+03	1.484612E-04	0.000000E+00
3.732664E+03	1.452003E-04	0.000000E+00
3.772274E+03	1.420660E-04	0.000000E+00
3.811884E+03	1.390527E-04	0.000000E+00
3.851494E+03	1.361554E-04	0.000000E+00
3.891105E+03	1.333689E-04	0.000000E+00
3.930715E+03	1.306883E-04	0.000000E+00
3.970325E+03	1.281089E-04	0.000000E+00
4.009935E+03	1.256261E-04	0.000000E+00
4.049545E+03	1.232354E-04	0.000000E+00
4.089156E+03	1.209325E-04	0.000000E+00
4.128766E+03	1.187132E-04	0.000000E+00
4.168376E+03	1.165735E-04	0.000000E+00
4.207986E+03	1.145094E-04	0.000000E+00
4.247597E+03	1.125171E-04	0.000000E+00
4.287207E+03	1.105928E-04	0.000000E+00
4.326817E+03	1.087330E-04	0.000000E+00
4.366427E+03	1.069342E-04	0.000000E+00
4.406038E+03	1.051931E-04	0.000000E+00
4.445648E+03	1.035063E-04	0.000000E+00
4.485258E+03	1.018707E-04	0.000000E+00
4.524868E+03	1.002831E-04	0.000000E+00
4.564479E+03	9.874074E-05	0.000000E+00
4.604089E+03	9.724064E-05	0.000000E+00
4.643699E+03	9.578008E-05	0.000000E+00
4.683309E+03	9.435636E-05	0.000000E+00
4.722919E+03	9.296696E-05	0.000000E+00
4.762530E+03	9.160941E-05	0.000000E+00
4.802140E+03	9.028141E-05	0.000000E+00
4.841750E+03	8.898067E-05	0.000000E+00
4.881360E+03	8.770515E-05	0.000000E+00
4.920971E+03	8.645279E-05	0.000000E+00
4.960581E+03	8.522175E-05	0.000000E+00
5.000191E+03	8.401026E-05	0.000000E+00
5.039801E+03	8.281668E-05	0.000000E+00
5.079412E+03	8.163948E-05	0.000000E+00
5.119022E+03	8.047731E-05	0.000000E+00
5.158632E+03	7.932891E-05	0.000000E+00
5.198242E+03	7.819319E-05	0.000000E+00
5.237853E+03	7.706915E-05	0.000000E+00
5.277463E+03	7.595595E-05	0.000000E+00
5.317073E+03	7.485292E-05	0.000000E+00
5.356683E+03	7.375944E-05	0.000000E+00
5.396293E+03	7.267510E-05	0.000000E+00
5.435904E+03	7.159960E-05	0.000000E+00
5.475514E+03	7.053271E-05	0.000000E+00
5.515124E+03	6.947441E-05	0.000000E+00
5.554734E+03	6.842474E-05	0.000000E+00
5.594345E+03	6.738384E-05	0.000000E+00
5.633955E+03	6.635195E-05	0.000000E+00
5.673565E+03	6.532943E-05	0.000000E+00
5.713175E+03	6.431663E-05	0.000000E+00
5.752786E+03	6.331410E-05	0.000000E+00
5.792396E+03	6.232235E-05	0.000000E+00
5.832006E+03	6.134191E-05	0.000000E+00
5.871616E+03	6.037340E-05	0.000000E+00
5.911227E+03	5.941748E-05	0.000000E+00
5.950837E+03	5.847477E-05	0.000000E+00
5.990447E+03	5.754593E-05	0.000000E+00
6.030057E+03	5.663158E-05	0.000000E+00
6.069667E+03	5.573237E-05	0.000000E+00
6.109278E+03	5.484887E-05	0.000000E+00
6.148888E+03	5.398166E-05	0.000000E+00
6.188498E+03	5.313133E-05	0.000000E+00
6.228108E+03	5.229836E-05	0.000000E+00
6.267719E+03	5.148317E-05	0.000000E+00
6.307329E+03	5.068622E-05	0.000000E+00
6.346939E+03	4.990782E-05	0.000000E+00
6.386549E+03	4.914835E-05	0.000000E+00
6.426160E+03	4.840796E-05	0.000000E+00
6.465770E+03	4.768689E-05	0.000000E+00
6.505380E+03	4.698522E-05	0.000000E+00
6.544990E+03	4.630302E-05	0.000000E+00
6.584601E+03	4.564028E-05	0.000000E+00
6.624211E+03	4.499686E-05	0.000000E+00
6.663821E+03	4.437270E-05	0.000000E+00
6.703431E+03	4.376754E-05	0.000000E+00
6.743041E+03	4.318115E-05	0.000000E+00
6.782652E+03	4.261319E-05	0.000000E+00
6.822262E+03	4.206328E-05	0.000000E+00
6.861872E+03	4.153103E-05	0.000000E+00
6.901482E+03	4.101596E-05	0.000000E+00
6.941093E+03	4.051762E-05	0.000000E+00
6.980703E+03	4.003546E-05	0.000000E+00
7.020313E+03	3.956896E-05	0.000000E+00
7.059923E+03	3.911758E-05	0.000000E+00
7.099534E+03	3.868077E-05	0.000000E+00
7.139144E+03	3.825792E-05	0.000000E+00
7.178754E+03	3.784850E-05	0.000000E+00
7.218364E+03	3.745197E-05	0.000000E+00
7.257975E+03	3.706777E-05	0.000000E+00
7.297585E+03	3.669538E-05	0.000000E+00
7.337195E+03	3.633431E-05	0.000000E+00
7.376805E+03	3.598411E-05	0.000000E+00
7.416415E+03	3.564427E-05	0.000000E+00
7.456026E+03	3.531436E-05	0.000000E+00
7.495636E+03	3.499400E-05	0.000000E+00
7.535246E+03	3.468282E-05	0.000000E+00
7.574856E+03	3.438043E-05	0.000000E+00
7.614467E+03	3.408649E-05	0.000000E+00
7.654077E+03	3.380070E-05	0.000000E+00
7.693687E+03	3.352273E-05	0.000000E+00
7.733297E+03	3.325238E-05	0.000000E+00
7.772908E+03	3.298932E-05	0.000000E+00
7.812518E+03	3.273335E-05	0.000000E+00
7.852128E+03	3.248426E-05	0.000000E+00
7.891738E+03	3.224185E-05	0.000000E+00
7.931349E+03	3.200594E-05	0.000000E+00
7.970959E+03	3.177638E-05	0.000000E+00
8.010569E+03	3.155306E-05	0.000000E+00
8.050179E+03	3.133589E-05	0.000000E+00
8.089789E+03	3.112480E-05	0.000000E+00
8.129400E+03	3.091970E-05	0.000000E+00
8.169010E+03	3.072057E-05	0.000000E+00
8.208620E+03	3.052740E-05	0.000000E+00
8.248230E+03	3.034013E-05	0.000000E+00
8.287841E+03	3.015875E-05	0.000000E+00
8.327451E+03	2.998323E-05	0.000000E+00
8.367061E+03	2.981351E-05	0.000000E+00
8.406671E+03	2.964951E-05	0.000000E+00
8.446282E+03	2.949113E-05	0.000000E+00
8.485892E+03	2.933822E-05	0.000000E+00
8.525502E+03	2.919056E-05	0.000000E+00
8.565112E+03	2.904793E-05	0.000000E+00
8.604723E+03	2.891001E-05	0.000000E+00
8.644333E+03	2.877645E-05	0.000000E+00
8.683943E+03	2.864680E-05	0.000000E+00
8.723553E+03	2.852061E-05	0.000000E+00
8.763163E+03	2.839734E-05	0.000000E+00
8.802774E+03	2.827639E-05	0.000000E+00
8.842384E+03	2.815713E-05	0.000000E+00
8.881994E+03	2.803887E-05	0.000000E+00
8.921604E+03	2.792091E-05	0.000000E+00
8.961215E+03	2.780251E-05	0.000000E+00
9.000825E+03	2.768290E-05	0.000000E+00
9.040435E+03	2.756131E-05	0.000000E+00
9.080045E+03	2.743699E-05	0.000000E+00
9.119656E+03	2.730916E-05	0.000000E+00
9.159266E+03	2.717711E-05	0.000000E+00
9.198876E+03	2.704012E-05	0.000000E+00
9.238486E+03	2.689755E-05	0.000000E+00
9.278097E+03	2.674880E-05	0.000000E+00
9.317707E+03	2.659332E-05	0.000000E+00
9.357317E+03	2.643066E-05	0.000000E+00
9.396927E+03	2.626046E-05	0.000000E+00
9.436537E+03	2.608241E-05	0.000000E+00
9.476148E+03	2.589634E-05	0.000000E+00
9.515758E+03	2.570218E-05	0.000000E+00
9.555368E+03	2.549995E-05	0.000000E+00
9.594978E+03	2.528979E-05	0.000000E+00
9.634589E+03	2.507195E-05	0.000000E+00
9.674199E+03	2.484679E-05	0.000000E+00
9.713809E+03	2.461477E-05	0.000000E+00
9.753419E+03	2.437646E-05	0.000000E+00
9.793030E+03	2.413250E-05	0.000000E+00
9.832640E+03	2.388362E-05	0.000000E+00
9.872250E+03	2.363063E-05	0.000000E+00
9.911857E+03	2.337437E-05	0.000000E+00
9.951468E+03	2.311573E-05	0.000000E+00
9.991078E+03	2.285565E-05	0.000000E+00
1.003069E+04	2.259504E-05	0.000000E+00
1.007030E+04	2.233483E-05	0.000000E+00
1.010991E+04	2.207593E-05	0.000000E+00
1.014952E+04	2.181922E-05	0.000000E+00
1.018913E+04	2.156552E-05	0.000000E+00
1.022874E+04	2.131560E-05	0.000000E+00
1.026835E+04	2.107016E-05	0.000000E+00
1.030796E+04	2.082984E-05	0.000000E+00
1.034757E+04	2.059517E-05	0.000000E+00
1.038718E+04	2.036661E-05	0.000000E+00
1.042679E+04	2.014455E-05	0.000000E+00
1.046640E+04	1.992926E-05	0.000000E+00
1.050601E+04	1.972093E-05	0.000000E+00
1.054562E+04	1.951969E-05	0.000000E+00
1.058523E+04	1.932557E-05	0.000000E+00
1.062484E+04	1.913854E-05	0.000000E+00
1.066445E+04	1.895848E-05	0.000000E+00
1.070406E+04	1.878524E-05	0.000000E+00
1.074367E+04	1.861862E-05	0.000000E+00
1.078328E+04	1.845836E-05	0.000000E+00
1.082289E+04	1.830416E-05	0.000000E+00
1.086250E+04	1.815572E-05	0.000000E+00
1.090211E+04	1.801271E-05	0.000000E+00
1.094172E+04	1.787477E-05	0.000000E+00
1.098133E+04	1.774157E-05	0.000000E+00
1.102094E+04	1.761275E-05	0.000000E+00
1.106055E+04	1.748799E-05	0.000000E+00
1.110016E+04	1.736694E-05	0.000000E+00
1.113977E+04	1.724932E-05	0.000000E+00
1.117938E+04	1.713484E-05	0.000000E+00
1.121900E+04	1.702325E-05	0.000000E+00
1.125861E+04	1.691432E-05	0.000000E+00
1.129822E+04	1.680787E-05	0.000000E+00
1.133783E+04	1.670375E-05	0.000000E+00
1.137744E+04	1.660183E-05	0.000000E+00
1.141705E+04	1.650202E-05	0.000000E+00
1.145666E+04	1.640429E-05	0.000000E+00
1.149627E+04	1.630860E-05	0.000000E+00
1.153588E+04	1.621496E-05	0.000000E+00
1.157549E+04	1.612341E-05	0.000000E+00
1.161510E+04	1.603401E-05	0.000000E+00
1.165471E+04	1.594683E-05	0.000000E+00
1.169432E+04	1.586196E-05	0.000000E+00
1.173393E+04	1.577949E-05	0.000000E+00
1.177354E+04	1.569953E-05	0.000000E+00
1.181315E+04	1.562218E-05	0.000000E+00
1.185276E+04	1.554753E-05	0.000000E+00
1.189237E+04	1.547569E-05	0.000000E+00
1.193198E+04	1.540674E-05	0.000000E+00
1.197159E+04	1.534075E-05	0.000000E+00
1.201120E+04	1.527779E-05	0.000000E+00
1.205081E+04	1.521791E-05	0.000000E+00
1.209042E+04	1.516113E-05	0.000000E+00
1.213003E+04	1.510748E-05	0.000000E+00
1.216964E+04	1.505697E-05	0.000000E+00
1.220925E+04	1.500961E-05	0.000000E+00
1.224886E+04	1.496537E-05	0.000000E+00
1.228847E+04	1.492424E-05	0.000000E+00
1.232808E+04	1.488620E-05	0.000000E+00
1.236769E+04	1.485122E-05	0.000000E+00
1.240730E+04	1.481928E-05	0.000000E+00
1.244691E+04	1.479036E-05	0.000000E+00
1.248652E+04	1.476445E-05	0.000000E+00
1.252613E+04	1.474154E-05	0.000000E+00
1.256574E+04	1.472163E-05	0.000000E+00
1.260535E+04	1.470473E-05	0.000000E+00
1.264496E+04	1.469084E-05	0.000000E+00
1.268457E+04	1.467999E-05	0.000000E+00
1.272418E+04	1.467218E-05	0.000000E+00
1.276379E+04	1.466742E-05	0.000000E+00
1.280340E+04	1.466570E-05	0.000000E+00
1.284301E+04	1.466700E-05	0.000000E+00
1.288262E+04	1.467127E-05	0.000000E+00
1.292224E+04	1.467843E-05	0.000000E+00
1.296185E+04	1.468837E-05	0.000000E+00
1.300146E+04	1.470093E-05	0.000000E+00
1.304107E+04	1.471592E-05	0.000000E+00
1.308068E+04	1.473309E-05	0.000000E+00
1.312029E+04	1.475213E-05	0.000000E+00
1.315990E+04	1.477272E-05	0.000000E+00
1.319951E+04	1.479445E-05	0.000000E+00
1.323912E+04	1.481689E-05	0.000000E+00
1.327873E+04	1.483957E-05	0.000000E+00
1.331834E+04	1.486197E-05	0.000000E+00
1.335795E+04	1.488355E-05	0.000000E+00
1.339756E+04	1.490378E-05	0.000000E+00
1.343717E+04	1.492208E-05	0.000000E+00
1.347678E+04	1.493791E-05	0.000000E+00
1.351639E+04	1.495074E-05	0.000000E+00
1.355600E+04	1.496004E-05	0.000000E+00
1.359561E+04	1.496536E-05	0.000000E+00
1.363522E+04	1.496627E-05	0.000000E+00
1.367483E+04	1.496242E-05	0.000000E+00
1.371444E+04	1.495350E-05	0.000000E+00
1.375405E+04	1.493929E-05	0.000000E+00
1.379366E+04	1.491966E-05	0.000000E+00
1.383327E+04	1.489454E-05	0.000000E+00
1.387288E+04	1.486395E-05	0.000000E+00
1.391249E+04	1.482799E-05	0.000000E+00
1.395210E+04	1.478687E-05	0.000000E+00
1.399171E+04	1.474083E-05	0.000000E+00
1.403132E+04	1.469022E-05	0.000000E+00
1.407093E+04	1.463544E-05	0.000000E+00
1.411054E+04	1.457696E-05	0.000000E+00
1.415015E+04	1.451528E-05	0.000000E+00
1.418976E+04	1.445098E-05	0.000000E+00
1.422937E+04	1.438466E-05	0.000000E+00
1.426898E+04	1.431694E-05	0.000000E+00
1.430859E+04	1.424848E-05	0.000000E+00
1.434820E+04	1.417993E-05	0.000000E+00
1.438781E+04	1.411198E-05	0.000000E+00
1.442742E+04	1.404530E-05	0.000000E+00
1.446703E+04	1.398056E-05	0.000000E+00
1.450664E+04	1.391841E-05	0.000000E+00
1.454625E+04	1.385950E-05	0.000000E+00
1.458587E+04	1.380447E-05	0.000000E+00
1.462548E+04	1.375391E-05	0.000000E+00
1.466509E+04	1.370841E-05	0.000000E+00
1.470470E+04	1.366853E-05	0.000000E+00
1.474431E+04	1.363480E-05	0.000000E+00
1.478392E+04	1.360771E-05	0.000000E+00
1.482353E+04	1.358774E-05	0.000000E+00
1.486314E+04	1.357531E-05	0.000000E+00
1.490275E+04	1.357081E-05	0.000000E+00
1.494236E+04	1.357461E-05	0.000000E+00
1.498197E+04	1.358700E-05	0.000000E+00
1.502158E+04	1.360826E-05	0.000000E+00
1.506119E+04	1.363858E-05	0.000000E+00
1.510080E+04	1.367813E-05	0.000000E+00
1.514041E+04	1.372696E-05	0.000000E+00
1.518002E+04	1.378511E-05	0.000000E+00
1.521963E+04	1.385247E-05	0.000000E+00
1.525924E+04	1.392889E-05	0.000000E+00
1.529885E+04	1.401408E-05	0.000000E+00
1.533846E+04	1.410767E-05	0.000000E+00
1.537807E+04	1.420915E-05	0.000000E+00
1.541768E+04	1.431790E-05	0.000000E+00
1.545729E+04	1.443317E-05	0.000000E+00
1.549690E+04	1.455407E-05	0.000000E+00
1.553651E+04	1.467959E-05	0.000000E+00
1.557612E+04	1.480861E-05	0.000000E+00
1.561573E+04	1.493989E-05	0.000000E+00
1.565534E+04	1.507210E-05	0.000000E+00
1.569495E+04	1.520387E-05	0.000000E+00
1.573456E+04	1.533376E-05	0.000000E+00
1.577417E+04	1.546035E-05	0.000000E+00
1.581378E+04	1.558225E-05	0.000000E+00
1.585339E+04	1.569815E-05	0.000000E+00
1.589300E+04	1.580686E-05	0.000000E+00
1.593261E+04	1.590735E-05	0.000000E+00
1.597222E+04	1.599880E-05	0.000000E+00
1.601183E+04	1.608062E-05	0.000000E+00
1.605144E+04	1.615250E-05	0.000000E+00
1.609105E+04	1.621438E-05	0.000000E+00
1.613066E+04	1.626650E-05	0.000000E+00
1.617027E+04	1.630939E-05	0.000000E+00
1.620988E+04	1.634382E-05	0.000000E+00
1.624949E+04	1.637082E-05	0.000000E+00
1.628911E+04	1.639159E-05	0.000000E+00
1.632872E+04	1.640753E-05	0.000000E+00
1.636833E+04	1.642013E-05	0.000000E+00
1.640794E+04	1.643096E-05	0.000000E+00
1.644755E+04	1.644165E-05	0.000000E+00
1.648716E+04	1.645379E-05	0.000000E+00
1.652677E+04	1.646897E-05	0.000000E+00
1.656638E+04	1.648867E-05	0.000000E+00
1.660599E+04	1.651433E-05	0.000000E+00
1.664560E+04	1.654725E-05	0.000000E+00
1.668521E+04	1.658865E-05	0.000000E+00
1.672482E+04	1.663959E-05	0.000000E+00
1.676443E+04	1.670104E-05	0.000000E+00
1.680404E+04	1.677385E-05	0.000000E+00
1.684365E+04	1.685873E-05	0.000000E+00
1.688326E+04	1.695630E-05	0.000000E+00
1.692287E+04	1.706709E-05	0.000000E+00
1.696248E+04	1.719150E-05	0.000000E+00
1.700209E+04	1.732989E-05	0.000000E+00
1.704170E+04	1.748253E-05	0.000000E+00
1.708131E+04	1.764960E-05	0.000000E+00
1.712092E+04	1.783126E-05	0.000000E+00
1.716053E+04	1.802760E-05	0.000000E+00
1.720014E+04	1.823869E-05	0.000000E+00
1.723975E+04	1.846454E-05	0.000000E+00
1.727936E+04	1.870516E-05	0.000000E+00
1.731897E+04	1.896051E-05	0.000000E+00
1.735858E+04	1.923058E-05	0.000000E+00
1.739819E+04	1.951529E-05	0.000000E+00
1.743780E+04	1.981462E-05	0.000000E+00
1.747741E+04	2.012851E-05	0.000000E+00
1.751702E+04	2.045693E-05	0.000000E+00
1.755663E+04	2.079983E-05	0.000000E+00
1.759624E+04	2.115723E-05	0.000000E+00
1.763585E+04	2.152912E-05	0.000000E+00
1.767546E+04	2.191555E-05	0.000000E+00
1.771507E+04	2.231660E-05	0.000000E+00
1.775468E+04	2.273237E-05	0.000000E+00
1.779429E+04	2.316301E-05	0.000000E+00
1.783390E+04	2.360870E-05	0.000000E+00
1.787351E+04	2.406968E-05	0.000000E+00
1.791312E+04	2.454623E-05	0.000000E+00
1.795274E+04	2.503864E-05	0.000000E+00
1.799235E+04	2.554727E-05	0.000000E+00
1.803196E+04	2.607249E-05	0.000000E+00
1.807157E+04	2.661470E-05	0.000000E+00
1.811118E+04	2.717434E-05	0.000000E+00
1.815079E+04	2.775184E-05	0.000000E+00
1.819040E+04	2.834764E-05	0.000000E+00
1.823001E+04	2.896220E-05	0.000000E+00
1.826962E+04	2.959598E-05	0.000000E+00
1.830923E+04	3.024941E-05	0.000000E+00
1.834884E+04	3.092295E-05	0.000000E+00
1.838845E+04	3.161705E-05	0.000000E+00
1.842806E+04	3.233219E-05	0.000000E+00
1.846767E+04	3.306878E-05	0.000000E+00
1.850728E+04	3.382730E-05	0.000000E+00
1.854689E+04	3.460830E-05	0.000000E+00
1.858650E+04	3.541225E-05	0.000000E+00
1.862611E+04	3.623980E-05	0.000000E+00
1.866572E+04	3.709151E-05	0.000000E+00
1.870533E+04	3.796814E-05	0.000000E+00
1.874494E+04	3.887041E-05	0.000000E+00
1.878455E+04	3.979922E-05	0.000000E+00
1.882416E+04	4.075552E-05	0.000000E+00
1.886377E+04	4.174028E-05	0.000000E+00
1.890338E+04	4.275464E-05	0.000000E+00
1.894299E+04	4.379987E-05	0.000000E+00
1.898260E+04	4.487722E-05	0.000000E+00
1.902221E+04	4.598806E-05	0.000000E+00
1.906182E+04	4.713388E-05	0.000000E+00
1.910143E+04	4.831617E-05	0.000000E+00
1.914104E+04	4.953650E-05	0.000000E+00
1.918065E+04	5.079641E-05	0.000000E+00
1.922026E+04	5.209751E-05	0.000000E+00
1.925987E+04	5.344135E-05	0.000000E+00
1.929948E+04	5.482945E-05	0.000000E+00
1.933909E+04	5.626327E-05	0.000000E+00
1.937870E+04	5.774420E-05	0.000000E+00
1.941831E+04	5.927342E-05	0.000000E+00
1.945792E+04	6.085206E-05	0.000000E+00
1.949753E+04	6.248091E-05	0.000000E+00
1.953714E+04	6.416073E-05	0.000000E+00
1.957675E+04	6.589177E-05	0.000000E+00
1.961636E+04	6.767416E-05	0.000000E+00
1.965598E+04	6.950758E-05	0.000000E+00
1.969559E+04	7.139130E-05	0.000000E+00
1.973520E+04	7.332420E-05	0.000000E+00
1.977481E+04	7.530461E-05	0.000000E+00
1.981442E+04	7.733034E-05	0.000000E+00
1.985403E+04	7.939867E-05	0.000000E+00
1.989364E+04	8.150615E-05	0.000000E+00
1.993325E+04	8.364873E-05	0.000000E+00
1.997286E+04	8.582164E-05	0.000000E+00
2.001247E+04	8.801925E-05	0.000000E+00
2.005208E+04	9.023521E-05	0.000000E+00
2.009169E+04	9.246230E-05	0.000000E+00
2.013130E+04	9.469242E-05	0.000000E+00
2.017091E+04	9.691657E-05	0.000000E+00
2.021052E+04	9.912488E-05	0.000000E+00
2.025013E+04	1.013066E-04	0.000000E+00
2.028974E+04	1.034502E-04	0.000000E+00
2.032935E+04	1.055431E-04	0.000000E+00
2.036896E+04	1.075722E-04	0.000000E+00
2.040857E+04	1.095238E-04	0.000000E+00
2.044818E+04	1.113835E-04	0.000000E+00
2.048779E+04	1.131366E-04	0.000000E+00
2.052740E+04	1.147682E-04	0.000000E+00
2.056701E+04	1.162633E-04	0.000000E+00
2.060662E+04	1.176071E-04	0.000000E+00
2.064623E+04	1.187851E-04	0.000000E+00
2.068584E+04	1.197837E-04	0.000000E+00
2.072545E+04	1.205897E-04	0.000000E+00
2.076506E+04	1.211916E-04	0.000000E+00
2.080467E+04	1.215789E-04	0.000000E+00
2.084428E+04	1.217430E-04	0.000000E+00
2.088389E+04	1.216772E-04	0.000000E+00
2.092350E+04	1.213771E-04	0.000000E+00
2.096311E+04	1.208407E-04	0.000000E+00
2.100272E+04	1.200691E-04	0.000000E+00
2.104233E+04	1.190658E-04	0.000000E+00
2.108194E+04	1.178382E-04	0.000000E+00
2.112155E+04	1.163966E-04	0.000000E+00
2.116116E+04	1.147555E-04	0.000000E+00
2.120077E+04	1.129328E-04	0.000000E+00
2.124038E+04	1.109507E-04	0.000000E+00
2.127999E+04	1.088353E-04	0.000000E+00
2.131961E+04	1.066170E-04	0.000000E+00
2.135922E+04	1.043293E-04	0.000000E+00
2.139883E+04	1.020063E-04	0.000000E+00
2.143844E+04	9.968035E-05	0.000000E+00
2.147805E+04	9.738037E-05	0.000000E+00
2.151766E+04	9.513077E-05	0.000000E+00
2.155727E+04	9.295126E-05	0.000000E+00
2.159688E+04	9.085684E-05	0.000000E+00
2.163649E+04	8.885839E-05	0.000000E+00
2.167610E+04	8.696301E-05	0.000000E+00
2.171571E+04	8.517491E-05	0.000000E+00
2.175532E+04	8.349590E-05	0.000000E+00
2.179493E+04	8.192588E-05	0.000000E+00
2.183454E+04	8.046356E-05	0.000000E+00
2.187415E+04	7.910660E-05	0.000000E+00
2.191376E+04	7.785197E-05	0.000000E+00
2.195337E+04	7.669627E-05	0.000000E+00
2.199298E+04	7.563592E-05	0.000000E+00
2.203259E+04	7.466720E-05	0.000000E+00
2.207220E+04	7.378641E-05	0.000000E+00
2.211181E+04	7.298997E-05	0.000000E+00
2.215142E+04	7.227446E-05	0.000000E+00
2.219103E+04	7.163662E-05	0.000000E+00
2.223064E+04	7.107339E-05	0.000000E+00
2.227025E+04	7.058198E-05	0.000000E+00
2.230986E+04	7.015971E-05	0.000000E+00
2.234947E+04	6.980422E-05	0.000000E+00
2.238908E+04	6.951334E-05	0.000000E+00
2.242869E+04	6.928501E-05	0.000000E+00
2.246830E+04	6.911749E-05	0.000000E+00
2.250791E+04	6.900911E-05	0.000000E+00
2.254752E+04	6.895840E-05	0.000000E+00
2.258713E+04	6.896407E-05	0.000000E+00
2.262674E+04	6.902490E-05	0.000000E+00
2.266635E+04	6.913997E-05	0.000000E+00
2.270596E+04	6.930830E-05	0.000000E+00
2.274557E+04	6.952914E-05	0.000000E+00
2.278518E+04	6.980183E-05	0.000000E+00
2.282479E+04	7.012587E-05	0.000000E+00
2.286440E+04	7.050084E-05	0.000000E+00
2.290401E+04	7.092642E-05	0.000000E+00
2.294362E+04	7.140237E-05	0.000000E+00
2.298323E+04	7.192861E-05	0.000000E+00
2.302285E+04	7.250512E-05	0.000000E+00
2.306246E+04	7.313203E-05	0.000000E+00
2.310207E+04	7.380944E-05	0.000000E+00
2.314168E+04	7.453769E-05	0.000000E+00
2.318129E+04	7.531700E-05	0.000000E+00
2.322090E+04	7.614789E-05	0.000000E+00
2.326051E+04	7.703078E-05	0.000000E+00
2.330012E+04	7.796615E-05	0.000000E+00
2.333973E+04	7.895456E-05	0.000000E+00
2.337934E+04	7.999663E-05	0.000000E+00
2.341895E+04	8.109290E-05	0.000000E+00
2.345856E+04	8.224400E-05	0.000000E+00
2.349817E+04	8.345049E-05	0.000000E+00
2.353778E+04	8.471294E-05	0.000000E+00
2.357739E+04	8.603181E-05	0.000000E+00
2.361700E+04	8.740758E-05	0.000000E+00
2.365661E+04	8.884063E-05	0.000000E+00
2.369622E+04	9.033126E-05	0.000000E+00
2.373583E+04	9.187971E-05	0.000000E+00
2.377544E+04	9.348611E-05	0.000000E+00
2.381505E+04	9.515049E-05	0.000000E+00
2.385466E+04	9.687282E-05	0.000000E+00
2.389427E+04	9.865295E-05	0.000000E+00
2.393388E+04	1.004907E-04	0.000000E+00
2.397349E+04	1.023857E-04	0.000000E+00
2.401310E+04	1.043376E-04	0.000000E+00
2.405271E+04	1.063461E-04	0.000000E+00
2.409232E+04	1.084105E-04	0.000000E+00
2.413193E+04	1.105306E-04	0.000000E+00
2.417154E+04	1.127056E-04	0.000000E+00
2.421115E+04	1.149351E-04	0.000000E+00
2.425076E+04	1.172186E-04	0.000000E+00
