#wls	flux	fluxerr
3.257341E+03	1.729238E-04	2.582645E-05
3.296951E+03	1.666375E-04	2.484792E-05
3.336561E+03	1.607615E-04	2.393313E-05
3.376171E+03	1.552742E-04	2.307860E-05
3.415782E+03	1.501563E-04	2.228121E-05
3.455392E+03	1.453905E-04	2.153819E-05
3.495002E+03	1.409619E-04	2.084706E-05
3.534612E+03	1.368568E-04	2.020561E-05
3.574223E+03	1.330627E-04	1.961176E-05
3.613833E+03	1.295680E-04	1.906361E-05
3.653443E+03	1.263615E-04	1.855928E-05
3.693053E+03	1.234325E-04	1.809702E-05
3.732664E+03	1.207705E-04	1.767510E-05
3.772274E+03	1.183656E-04	1.729186E-05
3.811884E+03	1.162083E-04	1.694572E-05
3.851494E+03	1.142892E-04	1.663517E-05
3.891105E+03	1.126000E-04	1.635878E-05
3.930715E+03	1.111325E-04	1.611519E-05
3.970325E+03	1.098788E-04	1.590311E-05
4.009935E+03	1.088316E-04	1.572131E-05
4.049545E+03	1.079840E-04	1.556860E-05
4.089156E+03	1.073292E-04	1.544388E-05
4.128766E+03	1.068613E-04	1.534611E-05
4.168376E+03	1.065745E-04	1.527432E-05
4.207986E+03	1.064637E-04	1.522762E-05
4.247597E+03	1.065242E-04	1.520519E-05
4.287207E+03	1.067518E-04	1.520626E-05
4.326817E+03	1.071426E-04	1.523016E-05
4.366427E+03	1.076932E-04	1.527624E-05
4.406038E+03	1.084006E-04	1.534394E-05
4.445648E+03	1.092622E-04	1.543272E-05
4.485258E+03	1.102759E-04	1.554214E-05
4.524868E+03	1.114398E-04	1.567183E-05
4.564479E+03	1.127529E-04	1.582144E-05
4.604089E+03	1.142141E-04	1.599071E-05
4.643699E+03	1.158226E-04	1.617936E-05
4.683309E+03	1.175774E-04	1.638711E-05
4.722919E+03	1.194768E-04	1.661357E-05
4.762530E+03	1.215182E-04	1.685822E-05
4.802140E+03	1.236977E-04	1.712036E-05
4.841750E+03	1.260091E-04	1.739900E-05
4.881360E+03	1.284446E-04	1.769291E-05
4.920971E+03	1.309941E-04	1.800056E-05
4.960581E+03	1.336454E-04	1.832017E-05
5.000191E+03	1.363849E-04	1.864972E-05
5.039801E+03	1.391972E-04	1.898703E-05
5.079412E+03	1.420659E-04	1.932976E-05
5.119022E+03	1.449736E-04	1.967547E-05
5.158632E+03	1.479023E-04	2.002168E-05
5.198242E+03	1.508341E-04	2.036589E-05
5.237853E+03	1.537506E-04	2.070565E-05
5.277463E+03	1.566340E-04	2.103854E-05
5.317073E+03	1.594668E-04	2.136223E-05
5.356683E+03	1.622322E-04	2.167451E-05
5.396293E+03	1.649144E-04	2.197334E-05
5.435904E+03	1.674986E-04	2.225680E-05
5.475514E+03	1.699715E-04	2.252326E-05
5.515124E+03	1.723212E-04	2.277121E-05
5.554734E+03	1.745376E-04	2.299947E-05
5.594345E+03	1.766123E-04	2.320705E-05
5.633955E+03	1.785378E-04	2.339312E-05
5.673565E+03	1.803085E-04	2.355712E-05
5.713175E+03	1.819197E-04	2.369858E-05
5.752786E+03	1.833680E-04	2.381724E-05
5.792396E+03	1.846506E-04	2.391293E-05
5.832006E+03	1.857658E-04	2.398559E-05
5.871616E+03	1.867127E-04	2.403532E-05
5.911227E+03	1.874912E-04	2.406227E-05
5.950837E+03	1.881011E-04	2.406664E-05
5.990447E+03	1.885440E-04	2.404881E-05
6.030057E+03	1.888208E-04	2.400911E-05
6.069667E+03	1.889337E-04	2.394801E-05
6.109278E+03	1.888853E-04	2.386604E-05
6.148888E+03	1.886797E-04	2.376392E-05
6.188498E+03	1.883223E-04	2.364250E-05
6.228108E+03	1.878202E-04	2.350289E-05
6.267719E+03	1.871836E-04	2.334654E-05
6.307329E+03	1.864265E-04	2.317534E-05
6.346939E+03	1.855676E-04	2.299180E-05
6.386549E+03	1.846319E-04	2.279912E-05
6.426160E+03	1.836504E-04	2.260123E-05
6.465770E+03	1.826601E-04	2.240272E-05
6.505380E+03	1.817031E-04	2.220877E-05
6.544990E+03	1.808243E-04	2.202480E-05
6.584601E+03	1.800694E-04	2.185628E-05
6.624211E+03	1.794833E-04	2.170847E-05
6.663821E+03	1.791074E-04	2.158616E-05
6.703431E+03	1.789789E-04	2.149356E-05
6.743041E+03	1.791285E-04	2.143400E-05
6.782652E+03	1.795803E-04	2.141003E-05
6.822262E+03	1.803505E-04	2.142315E-05
6.861872E+03	1.814477E-04	2.147397E-05
6.901482E+03	1.828733E-04	2.156223E-05
6.941093E+03	1.846216E-04	2.168682E-05
6.980703E+03	1.866811E-04	2.184595E-05
7.020313E+03	1.890354E-04	2.203730E-05
7.059923E+03	1.916642E-04	2.225811E-05
7.099534E+03	1.945438E-04	2.250527E-05
7.139144E+03	1.976482E-04	2.277543E-05
7.178754E+03	2.009491E-04	2.306502E-05
7.218364E+03	2.044162E-04	2.337032E-05
7.257975E+03	2.080184E-04	2.368754E-05
7.297585E+03	2.117236E-04	2.401285E-05
7.337195E+03	2.155016E-04	2.434268E-05
7.376805E+03	2.193242E-04	2.467378E-05
7.416415E+03	2.231681E-04	2.500344E-05
7.456026E+03	2.270147E-04	2.532958E-05
7.495636E+03	2.308515E-04	2.565076E-05
7.535246E+03	2.346695E-04	2.596604E-05
7.574856E+03	2.384639E-04	2.627489E-05
7.614467E+03	2.422308E-04	2.657693E-05
7.654077E+03	2.459658E-04	2.687169E-05
7.693687E+03	2.496613E-04	2.715843E-05
7.733297E+03	2.533033E-04	2.743568E-05
7.772908E+03	2.568677E-04	2.770090E-05
7.812518E+03	2.603156E-04	2.795005E-05
7.852128E+03	2.635951E-04	2.817776E-05
7.891738E+03	2.666467E-04	2.837792E-05
7.931349E+03	2.694122E-04	2.854471E-05
7.970959E+03	2.718413E-04	2.867322E-05
8.010569E+03	2.738979E-04	2.876013E-05
8.050179E+03	2.755637E-04	2.880410E-05
8.089789E+03	2.768398E-04	2.880579E-05
8.129400E+03	2.777471E-04	2.876794E-05
8.169010E+03	2.783238E-04	2.869503E-05
8.208620E+03	2.786210E-04	2.859278E-05
8.248230E+03	2.786998E-04	2.846785E-05
8.287841E+03	2.786240E-04	2.832707E-05
8.327451E+03	2.784575E-04	2.817712E-05
8.367061E+03	2.782580E-04	2.802398E-05
8.406671E+03	2.780751E-04	2.787269E-05
8.446282E+03	2.779481E-04	2.772714E-05
8.485892E+03	2.779050E-04	2.759009E-05
8.525502E+03	2.779625E-04	2.746307E-05
8.565112E+03	2.781276E-04	2.734665E-05
8.604723E+03	2.783984E-04	2.724051E-05
8.644333E+03	2.787658E-04	2.714365E-05
8.683943E+03	2.792166E-04	2.705467E-05
8.723553E+03	2.797351E-04	2.697197E-05
8.763163E+03	2.803059E-04	2.689400E-05
8.802774E+03	2.809155E-04	2.681944E-05
8.842384E+03	2.815544E-04	2.674735E-05
8.881994E+03	2.822174E-04	2.667725E-05
8.921604E+03	2.829045E-04	2.660913E-05
8.961215E+03	2.836218E-04	2.654356E-05
9.000825E+03	2.843810E-04	2.648164E-05
9.040435E+03	2.852011E-04	2.642508E-05
9.080045E+03	2.861073E-04	2.637620E-05
9.119656E+03	2.871308E-04	2.633776E-05
9.159266E+03	2.883057E-04	2.631276E-05
9.198876E+03	2.896664E-04	2.630413E-05
9.238486E+03	2.912454E-04	2.631457E-05
9.278097E+03	2.930700E-04	2.634625E-05
9.317707E+03	2.951592E-04	2.640057E-05
9.357317E+03	2.975219E-04	2.647797E-05
9.396927E+03	3.001551E-04	2.657787E-05
9.436537E+03	3.030442E-04	2.669864E-05
9.476148E+03	3.061628E-04	2.683767E-05
9.515758E+03	3.094729E-04	2.699137E-05
9.555368E+03	3.129267E-04	2.715538E-05
9.594978E+03	3.164675E-04	2.732469E-05
9.634589E+03	3.200321E-04	2.749380E-05
9.674199E+03	3.235528E-04	2.765693E-05
9.713809E+03	3.269613E-04	2.780840E-05
9.753419E+03	3.301924E-04	2.794289E-05
9.793030E+03	3.331897E-04	2.805596E-05
9.832640E+03	3.359092E-04	2.814426E-05
9.872250E+03	3.383236E-04	2.820590E-05
9.911857E+03	3.404227E-04	2.824046E-05
9.951468E+03	3.422135E-04	2.824889E-05
9.991078E+03	3.437179E-04	2.823340E-05
1.003069E+04	3.449703E-04	2.819715E-05
1.007030E+04	3.460140E-04	2.814400E-05
1.010991E+04	3.469012E-04	2.807842E-05
1.014952E+04	3.476883E-04	2.800516E-05
1.018913E+04	3.484353E-04	2.792918E-05
1.022874E+04	3.492019E-04	2.785529E-05
1.026835E+04	3.500458E-04	2.778809E-05
1.030796E+04	3.510178E-04	2.773152E-05
1.034757E+04	3.521592E-04	2.768872E-05
1.038718E+04	3.534980E-04	2.766172E-05
1.042679E+04	3.550463E-04	2.765130E-05
1.046640E+04	3.567995E-04	2.765691E-05
1.050601E+04	3.587363E-04	2.767675E-05
1.054562E+04	3.608219E-04	2.770800E-05
1.058523E+04	3.630094E-04	2.774700E-05
1.062484E+04	3.652455E-04	2.778966E-05
1.066445E+04	3.674746E-04	2.783180E-05
1.070406E+04	3.696429E-04	2.786947E-05
1.074367E+04	3.717027E-04	2.789924E-05
1.078328E+04	3.736139E-04	2.791833E-05
1.082289E+04	3.753444E-04	2.792461E-05
1.086250E+04	3.768708E-04	2.791662E-05
1.090211E+04	3.781768E-04	2.789348E-05
1.094172E+04	3.792535E-04	2.785487E-05
1.098133E+04	3.800986E-04	2.780093E-05
1.102094E+04	3.807164E-04	2.773232E-05
1.106055E+04	3.811180E-04	2.765018E-05
1.110016E+04	3.813195E-04	2.755597E-05
1.113977E+04	3.813423E-04	2.745152E-05
1.117938E+04	3.812107E-04	2.733887E-05
1.121900E+04	3.809517E-04	2.722018E-05
1.125861E+04	3.805932E-04	2.709768E-05
1.129822E+04	3.801632E-04	2.697356E-05
1.133783E+04	3.796893E-04	2.684996E-05
1.137744E+04	3.791981E-04	2.672892E-05
1.141705E+04	3.787154E-04	2.661239E-05
1.145666E+04	3.782665E-04	2.650230E-05
1.149627E+04	3.778777E-04	2.640062E-05
1.153588E+04	3.775771E-04	2.630940E-05
1.157549E+04	3.773954E-04	2.623089E-05
1.161510E+04	3.773650E-04	2.616745E-05
1.165471E+04	3.775205E-04	2.612157E-05
1.169432E+04	3.778951E-04	2.609563E-05
1.173393E+04	3.785195E-04	2.609185E-05
1.177354E+04	3.794177E-04	2.611201E-05
1.181315E+04	3.806052E-04	2.615730E-05
1.185276E+04	3.820846E-04	2.622805E-05
1.189237E+04	3.838444E-04	2.632364E-05
1.193198E+04	3.858552E-04	2.644229E-05
1.197159E+04	3.880693E-04	2.658095E-05
1.201120E+04	3.904179E-04	2.673522E-05
1.205081E+04	3.928122E-04	2.689928E-05
1.209042E+04	3.951438E-04	2.706603E-05
1.213003E+04	3.972888E-04	2.722729E-05
1.216964E+04	3.991114E-04	2.737400E-05
1.220925E+04	4.004722E-04	2.749684E-05
1.224886E+04	4.012372E-04	2.758672E-05
1.228847E+04	4.012892E-04	2.763563E-05
1.232808E+04	4.005386E-04	2.763726E-05
1.236769E+04	3.989347E-04	2.758765E-05
1.240730E+04	3.964718E-04	2.748572E-05
1.244691E+04	3.931875E-04	2.733330E-05
1.248652E+04	3.891582E-04	2.713486E-05
1.252613E+04	3.844892E-04	2.689687E-05
1.256574E+04	3.793048E-04	2.662716E-05
1.260535E+04	3.737406E-04	2.633443E-05
1.264496E+04	3.679353E-04	2.602773E-05
1.268457E+04	3.620263E-04	2.571612E-05
1.272418E+04	3.561457E-04	2.540848E-05
1.276379E+04	3.504177E-04	2.511325E-05
1.280340E+04	3.449560E-04	2.483835E-05
1.284301E+04	3.398630E-04	2.459103E-05
1.288262E+04	3.352269E-04	2.437769E-05
1.292224E+04	3.311213E-04	2.420388E-05
1.296185E+04	3.276029E-04	2.407404E-05
1.300146E+04	3.247122E-04	2.399152E-05
1.304107E+04	3.224727E-04	2.395858E-05
1.308068E+04	3.208929E-04	2.397642E-05
1.312029E+04	3.199652E-04	2.404509E-05
1.315990E+04	3.196693E-04	2.416372E-05
1.319951E+04	3.199716E-04	2.433042E-05
1.323912E+04	3.208275E-04	2.454245E-05
1.327873E+04	3.221812E-04	2.479616E-05
1.331834E+04	3.239686E-04	2.508716E-05
1.335795E+04	3.261178E-04	2.541037E-05
1.339756E+04	3.285508E-04	2.576010E-05
1.343717E+04	3.311853E-04	2.613020E-05
1.347678E+04	3.339375E-04	2.651421E-05
1.351639E+04	3.367233E-04	2.690552E-05
1.355600E+04	3.394627E-04	2.729767E-05
1.359561E+04	3.420800E-04	2.768438E-05
1.363522E+04	3.445078E-04	2.805989E-05
1.367483E+04	3.466878E-04	2.841904E-05
1.371444E+04	3.485715E-04	2.875736E-05
1.375405E+04	3.501213E-04	2.907115E-05
1.379366E+04	3.513101E-04	2.935756E-05
1.383327E+04	3.521223E-04	2.961457E-05
1.387288E+04	3.525523E-04	2.984104E-05
1.391249E+04	3.526039E-04	3.003657E-05
1.395210E+04	3.522890E-04	3.020148E-05
1.399171E+04	3.516262E-04	3.033667E-05
1.403132E+04	3.506395E-04	3.044360E-05
1.407093E+04	3.493566E-04	3.052404E-05
1.411054E+04	3.478088E-04	3.058020E-05
1.415015E+04	3.460300E-04	3.061454E-05
1.418976E+04	3.440562E-04	3.062983E-05
1.422937E+04	3.419251E-04	3.062905E-05
1.426898E+04	3.396759E-04	3.061540E-05
1.430859E+04	3.373490E-04	3.059229E-05
1.434820E+04	3.349843E-04	3.056318E-05
1.438781E+04	3.326221E-04	3.053165E-05
1.442742E+04	3.303014E-04	3.050126E-05
1.446703E+04	3.280601E-04	3.047555E-05
1.450664E+04	3.259336E-04	3.045792E-05
1.454625E+04	3.239550E-04	3.045163E-05
1.458587E+04	3.221543E-04	3.045974E-05
1.462548E+04	3.205572E-04	3.048493E-05
1.466509E+04	3.191850E-04	3.052958E-05
1.470470E+04	3.180543E-04	3.059559E-05
1.474431E+04	3.171759E-04	3.068440E-05
1.478392E+04	3.165560E-04	3.079700E-05
1.482353E+04	3.161952E-04	3.093384E-05
1.486314E+04	3.160903E-04	3.109500E-05
1.490275E+04	3.162344E-04	3.128020E-05
1.494236E+04	3.166175E-04	3.148882E-05
1.498197E+04	3.172261E-04	3.171989E-05
1.502158E+04	3.180448E-04	3.197217E-05
1.506119E+04	3.190549E-04	3.224413E-05
1.510080E+04	3.202350E-04	3.253386E-05
1.514041E+04	3.215609E-04	3.283913E-05
1.518002E+04	3.230051E-04	3.315734E-05
1.521963E+04	3.245376E-04	3.348556E-05
1.525924E+04	3.261262E-04	3.382057E-05
1.529885E+04	3.277360E-04	3.415880E-05
1.533846E+04	3.293311E-04	3.449650E-05
1.537807E+04	3.308735E-04	3.482964E-05
1.541768E+04	3.323244E-04	3.515401E-05
1.545729E+04	3.336451E-04	3.546535E-05
1.549690E+04	3.347957E-04	3.575917E-05
1.553651E+04	3.357374E-04	3.603103E-05
1.557612E+04	3.364331E-04	3.627662E-05
1.561573E+04	3.368475E-04	3.649173E-05
1.565534E+04	3.369492E-04	3.667250E-05
1.569495E+04	3.367114E-04	3.681554E-05
1.573456E+04	3.361123E-04	3.691794E-05
1.577417E+04	3.351362E-04	3.697743E-05
1.581378E+04	3.337733E-04	3.699236E-05
1.585339E+04	3.320204E-04	3.696184E-05
1.589300E+04	3.298811E-04	3.688569E-05
1.593261E+04	3.273647E-04	3.676441E-05
1.597222E+04	3.244865E-04	3.659918E-05
1.601183E+04	3.212669E-04	3.639182E-05
1.605144E+04	3.177308E-04	3.614465E-05
1.609105E+04	3.139082E-04	3.586066E-05
1.613066E+04	3.098347E-04	3.554355E-05
1.617027E+04	3.055528E-04	3.519786E-05
1.620988E+04	3.011078E-04	3.482854E-05
1.624949E+04	2.965438E-04	3.444052E-05
1.628911E+04	2.919040E-04	3.403867E-05
1.632872E+04	2.872283E-04	3.362759E-05
1.636833E+04	2.825527E-04	3.321148E-05
1.640794E+04	2.779091E-04	3.279413E-05
1.644755E+04	2.733253E-04	3.237892E-05
1.648716E+04	2.688244E-04	3.196869E-05
1.652677E+04	2.644257E-04	3.156587E-05
1.656638E+04	2.601444E-04	3.117249E-05
1.660599E+04	2.559931E-04	3.079021E-05
1.664560E+04	2.519805E-04	3.042030E-05
1.668521E+04	2.481138E-04	3.006384E-05
1.672482E+04	2.443975E-04	2.972161E-05
1.676443E+04	2.408347E-04	2.939419E-05
1.680404E+04	2.374276E-04	2.908210E-05
1.684365E+04	2.341773E-04	2.878568E-05
1.688326E+04	2.310844E-04	2.850525E-05
1.692287E+04	2.281502E-04	2.824117E-05
1.696248E+04	2.253763E-04	2.799389E-05
1.700209E+04	2.227649E-04	2.776391E-05
1.704170E+04	2.203198E-04	2.755190E-05
1.708131E+04	2.180464E-04	2.735879E-05
1.712092E+04	2.159513E-04	2.718565E-05
1.716053E+04	2.140425E-04	2.703371E-05
1.720014E+04	2.123293E-04	2.690440E-05
1.723975E+04	2.108224E-04	2.679931E-05
1.727936E+04	2.095327E-04	2.672014E-05
1.731897E+04	2.084725E-04	2.666870E-05
1.735858E+04	2.076541E-04	2.664687E-05
1.739819E+04	2.070905E-04	2.665662E-05
1.743780E+04	2.067945E-04	2.669989E-05
1.747741E+04	2.067796E-04	2.677876E-05
1.751702E+04	2.070584E-04	2.689520E-05
1.755663E+04	2.076435E-04	2.705118E-05
1.759624E+04	2.085461E-04	2.724853E-05
1.763585E+04	2.097761E-04	2.748889E-05
1.767546E+04	2.113401E-04	2.777349E-05
1.771507E+04	2.132412E-04	2.810309E-05
1.775468E+04	2.154773E-04	2.847782E-05
1.779429E+04	2.180408E-04	2.889697E-05
1.783390E+04	2.209164E-04	2.935890E-05
1.787351E+04	2.240809E-04	2.986080E-05
1.791312E+04	2.275022E-04	3.039869E-05
1.795274E+04	2.311392E-04	3.096731E-05
1.799235E+04	2.349412E-04	3.156006E-05
1.803196E+04	2.388488E-04	3.216907E-05
1.807157E+04	2.427941E-04	3.278527E-05
1.811118E+04	2.467031E-04	3.339863E-05
1.815079E+04	2.504976E-04	3.399847E-05
1.819040E+04	2.540981E-04	3.457384E-05
1.823001E+04	2.574273E-04	3.511397E-05
1.826962E+04	2.604140E-04	3.560882E-05
1.830923E+04	2.629953E-04	3.604939E-05
1.834884E+04	2.651189E-04	3.642808E-05
1.838845E+04	2.667454E-04	3.673900E-05
1.842806E+04	2.678485E-04	3.697801E-05
1.846767E+04	2.684163E-04	3.714294E-05
1.850728E+04	2.684503E-04	3.723350E-05
1.854689E+04	2.679656E-04	3.725127E-05
1.858650E+04	2.669894E-04	3.719956E-05
1.862611E+04	2.655592E-04	3.708314E-05
1.866572E+04	2.637209E-04	3.690803E-05
1.870533E+04	2.615267E-04	3.668118E-05
1.874494E+04	2.590319E-04	3.641008E-05
1.878455E+04	2.562940E-04	3.610255E-05
1.882416E+04	2.533706E-04	3.576654E-05
1.886377E+04	2.503181E-04	3.540989E-05
1.890338E+04	2.471912E-04	3.504027E-05
1.894299E+04	2.440418E-04	3.466498E-05
1.898260E+04	2.409177E-04	3.429087E-05
1.902221E+04	2.378627E-04	3.392423E-05
1.906182E+04	2.349155E-04	3.357064E-05
1.910143E+04	2.321098E-04	3.323509E-05
1.914104E+04	2.294734E-04	3.292168E-05
1.918065E+04	2.270292E-04	3.263388E-05
1.922026E+04	2.247943E-04	3.237435E-05
1.925987E+04	2.227812E-04	3.214504E-05
1.929948E+04	2.209968E-04	3.194718E-05
1.933909E+04	2.194447E-04	3.178150E-05
1.937870E+04	2.181248E-04	3.164815E-05
1.941831E+04	2.170341E-04	3.154693E-05
1.945792E+04	2.161676E-04	3.147727E-05
1.949753E+04	2.155177E-04	3.143828E-05
1.953714E+04	2.150749E-04	3.142871E-05
1.957675E+04	2.148282E-04	3.144716E-05
1.961636E+04	2.147644E-04	3.149181E-05
1.965598E+04	2.148692E-04	3.156073E-05
1.969559E+04	2.151267E-04	3.165168E-05
1.973520E+04	2.155199E-04	3.176230E-05
1.977481E+04	2.160311E-04	3.189006E-05
1.981442E+04	2.166418E-04	3.203232E-05
1.985403E+04	2.173331E-04	3.218634E-05
1.989364E+04	2.180865E-04	3.234944E-05
1.993325E+04	2.188830E-04	3.251884E-05
1.997286E+04	2.197035E-04	3.269173E-05
2.001247E+04	2.205298E-04	3.286542E-05
2.005208E+04	2.213436E-04	3.303717E-05
2.009169E+04	2.221276E-04	3.320439E-05
2.013130E+04	2.228651E-04	3.336456E-05
2.017091E+04	2.235413E-04	3.351542E-05
2.021052E+04	2.241426E-04	3.365491E-05
2.025013E+04	2.246569E-04	3.378113E-05
2.028974E+04	2.250740E-04	3.389252E-05
2.032935E+04	2.253850E-04	3.398764E-05
2.036896E+04	2.255820E-04	3.406526E-05
2.040857E+04	2.256585E-04	3.412434E-05
2.044818E+04	2.256094E-04	3.416400E-05
2.048779E+04	2.254297E-04	3.418342E-05
2.052740E+04	2.251160E-04	3.418202E-05
2.056701E+04	2.246653E-04	3.415925E-05
2.060662E+04	2.240757E-04	3.411476E-05
2.064623E+04	2.233469E-04	3.404842E-05
2.068584E+04	2.224790E-04	3.396017E-05
2.072545E+04	2.214741E-04	3.385026E-05
2.076506E+04	2.203347E-04	3.371900E-05
2.080467E+04	2.190654E-04	3.356701E-05
2.084428E+04	2.176714E-04	3.339505E-05
2.088389E+04	2.161597E-04	3.320413E-05
2.092350E+04	2.145384E-04	3.299544E-05
2.096311E+04	2.128172E-04	3.277040E-05
2.100272E+04	2.110072E-04	3.253070E-05
2.104233E+04	2.091206E-04	3.227818E-05
2.108194E+04	2.071714E-04	3.201498E-05
2.112155E+04	2.051744E-04	3.174336E-05
2.116116E+04	2.031450E-04	3.146569E-05
2.120077E+04	2.010982E-04	3.118431E-05
2.124038E+04	1.990490E-04	3.090151E-05
2.127999E+04	1.970089E-04	3.061914E-05
2.131961E+04	1.949854E-04	3.033833E-05
2.135922E+04	1.929786E-04	3.005916E-05
2.139883E+04	1.909855E-04	2.978115E-05
2.143844E+04	1.890009E-04	2.950352E-05
2.147805E+04	1.870196E-04	2.922547E-05
2.151766E+04	1.850360E-04	2.894612E-05
2.155727E+04	1.830448E-04	2.866467E-05
2.159688E+04	1.810419E-04	2.838048E-05
2.163649E+04	1.790244E-04	2.809310E-05
2.167610E+04	1.769906E-04	2.780224E-05
2.171571E+04	1.749401E-04	2.750788E-05
2.175532E+04	1.728732E-04	2.721004E-05
2.179493E+04	1.707915E-04	2.690898E-05
2.183454E+04	1.686967E-04	2.660498E-05
2.187415E+04	1.665916E-04	2.629848E-05
2.191376E+04	1.644790E-04	2.598994E-05
2.195337E+04	1.623628E-04	2.567995E-05
2.199298E+04	1.602470E-04	2.536918E-05
2.203259E+04	1.581361E-04	2.505836E-05
2.207220E+04	1.560356E-04	2.474835E-05
2.211181E+04	1.539508E-04	2.444002E-05
2.215142E+04	1.518876E-04	2.413432E-05
2.219103E+04	1.498521E-04	2.383221E-05
2.223064E+04	1.478505E-04	2.353475E-05
2.227025E+04	1.458884E-04	2.324284E-05
2.230986E+04	1.439718E-04	2.295744E-05
2.234947E+04	1.421057E-04	2.267940E-05
2.238908E+04	1.402951E-04	2.240951E-05
2.242869E+04	1.385438E-04	2.214847E-05
2.246830E+04	1.368555E-04	2.189684E-05
2.250791E+04	1.352325E-04	2.165506E-05
2.254752E+04	1.336767E-04	2.142346E-05
2.258713E+04	1.321892E-04	2.120223E-05
2.262674E+04	1.307704E-04	2.099149E-05
2.266635E+04	1.294203E-04	2.079127E-05
2.270596E+04	1.281388E-04	2.060159E-05
2.274557E+04	1.269256E-04	2.042241E-05
2.278518E+04	1.257803E-04	2.025372E-05
2.282479E+04	1.247026E-04	2.009549E-05
2.286440E+04	1.236922E-04	1.994772E-05
2.290401E+04	1.227493E-04	1.981044E-05
2.294362E+04	1.218741E-04	1.968372E-05
2.298323E+04	1.210669E-04	1.956767E-05
2.302285E+04	1.203288E-04	1.946245E-05
2.306246E+04	1.196608E-04	1.936827E-05
2.310207E+04	1.190643E-04	1.928539E-05
2.314168E+04	1.185411E-04	1.921411E-05
2.318129E+04	1.180930E-04	1.915477E-05
2.322090E+04	1.177221E-04	1.910774E-05
2.326051E+04	1.174306E-04	1.907337E-05
2.330012E+04	1.172202E-04	1.905203E-05
2.333973E+04	1.170930E-04	1.904402E-05
2.337934E+04	1.170503E-04	1.904962E-05
2.341895E+04	1.170934E-04	1.906906E-05
2.345856E+04	1.172232E-04	1.910251E-05
2.349817E+04	1.174402E-04	1.915009E-05
2.353778E+04	1.177448E-04	1.921188E-05
2.357739E+04	1.181367E-04	1.928787E-05
2.361700E+04	1.186155E-04	1.937802E-05
2.365661E+04	1.191805E-04	1.948223E-05
2.369622E+04	1.198305E-04	1.960035E-05
2.373583E+04	1.205643E-04	1.973217E-05
2.377544E+04	1.213801E-04	1.987746E-05
2.381505E+04	1.222759E-04	2.003590E-05
2.385466E+04	1.232497E-04	2.020717E-05
2.389427E+04	1.242992E-04	2.039092E-05
2.393388E+04	1.254219E-04	2.058677E-05
2.397349E+04	1.266155E-04	2.079436E-05
2.401310E+04	1.278780E-04	2.101335E-05
2.405271E+04	1.292071E-04	2.124341E-05
2.409232E+04	1.306007E-04	2.148421E-05
2.413193E+04	1.320569E-04	2.173542E-05
2.417154E+04	1.335733E-04	2.199670E-05
2.421115E+04	1.351478E-04	2.226769E-05
2.425076E+04	1.367781E-04	2.254802E-05
