#wls	flux	fluxerr
3.257341E+03	1.295921E-04	2.090244E-05
3.296951E+03	1.258248E-04	2.026816E-05
3.336561E+03	1.222675E-04	1.966906E-05
3.376171E+03	1.189112E-04	1.910357E-05
3.415782E+03	1.157472E-04	1.857019E-05
3.455392E+03	1.127676E-04	1.806753E-05
3.495002E+03	1.099646E-04	1.759425E-05
3.534612E+03	1.073310E-04	1.714909E-05
3.574223E+03	1.048601E-04	1.673087E-05
3.613833E+03	1.025452E-04	1.633846E-05
3.653443E+03	1.003804E-04	1.597079E-05
3.693053E+03	9.835990E-05	1.562687E-05
3.732664E+03	9.647823E-05	1.530573E-05
3.772274E+03	9.473024E-05	1.500647E-05
3.811884E+03	9.311108E-05	1.472825E-05
3.851494E+03	9.161614E-05	1.447025E-05
3.891105E+03	9.024108E-05	1.423171E-05
3.930715E+03	8.898176E-05	1.401189E-05
3.970325E+03	8.783426E-05	1.381011E-05
4.009935E+03	8.679490E-05	1.362572E-05
4.049545E+03	8.586012E-05	1.345807E-05
4.089156E+03	8.502658E-05	1.330658E-05
4.128766E+03	8.429109E-05	1.317068E-05
4.168376E+03	8.365057E-05	1.304982E-05
4.207986E+03	8.310210E-05	1.294347E-05
4.247597E+03	8.264283E-05	1.285114E-05
4.287207E+03	8.227003E-05	1.277232E-05
4.326817E+03	8.198104E-05	1.270655E-05
4.366427E+03	8.177322E-05	1.265335E-05
4.406038E+03	8.164402E-05	1.261227E-05
4.445648E+03	8.159087E-05	1.258285E-05
4.485258E+03	8.161120E-05	1.256464E-05
4.524868E+03	8.170245E-05	1.255718E-05
4.564479E+03	8.186197E-05	1.256002E-05
4.604089E+03	8.208708E-05	1.257269E-05
4.643699E+03	8.237498E-05	1.259470E-05
4.683309E+03	8.272280E-05	1.262558E-05
4.722919E+03	8.312752E-05	1.266481E-05
4.762530E+03	8.358601E-05	1.271186E-05
4.802140E+03	8.409492E-05	1.276619E-05
4.841750E+03	8.465075E-05	1.282721E-05
4.881360E+03	8.524981E-05	1.289434E-05
4.920971E+03	8.588820E-05	1.296694E-05
4.960581E+03	8.656181E-05	1.304436E-05
5.000191E+03	8.726625E-05	1.312592E-05
5.039801E+03	8.799697E-05	1.321089E-05
5.079412E+03	8.874912E-05	1.329852E-05
5.119022E+03	8.951770E-05	1.338806E-05
5.158632E+03	9.029737E-05	1.347868E-05
5.198242E+03	9.108266E-05	1.356956E-05
5.237853E+03	9.186785E-05	1.365984E-05
5.277463E+03	9.264706E-05	1.374866E-05
5.317073E+03	9.341416E-05	1.383509E-05
5.356683E+03	9.416291E-05	1.391824E-05
5.396293E+03	9.488694E-05	1.399718E-05
5.435904E+03	9.557978E-05	1.407097E-05
5.475514E+03	9.623479E-05	1.413867E-05
5.515124E+03	9.684536E-05	1.419935E-05
5.554734E+03	9.740480E-05	1.425206E-05
5.594345E+03	9.790649E-05	1.429588E-05
5.633955E+03	9.834409E-05	1.432994E-05
5.673565E+03	9.871220E-05	1.435353E-05
5.713175E+03	9.900667E-05	1.436609E-05
5.752786E+03	9.922466E-05	1.436729E-05
5.792396E+03	9.936456E-05	1.435697E-05
5.832006E+03	9.942611E-05	1.433517E-05
5.871616E+03	9.941046E-05	1.430213E-05
5.911227E+03	9.931995E-05	1.425825E-05
5.950837E+03	9.915786E-05	1.420409E-05
5.990447E+03	9.892850E-05	1.414033E-05
6.030057E+03	9.863743E-05	1.406782E-05
6.069667E+03	9.829144E-05	1.398761E-05
6.109278E+03	9.789823E-05	1.390083E-05
6.148888E+03	9.746628E-05	1.380874E-05
6.188498E+03	9.700475E-05	1.371268E-05
6.228108E+03	9.652347E-05	1.361406E-05
6.267719E+03	9.603252E-05	1.351433E-05
6.307329E+03	9.554185E-05	1.341490E-05
6.346939E+03	9.506085E-05	1.331709E-05
6.386549E+03	9.459849E-05	1.322215E-05
6.426160E+03	9.416347E-05	1.313128E-05
6.465770E+03	9.376449E-05	1.304567E-05
6.505380E+03	9.341025E-05	1.296649E-05
6.544990E+03	9.310908E-05	1.289488E-05
6.584601E+03	9.286860E-05	1.283182E-05
6.624211E+03	9.269546E-05	1.277819E-05
6.663821E+03	9.259533E-05	1.273470E-05
6.703431E+03	9.257312E-05	1.270198E-05
6.743041E+03	9.263334E-05	1.268055E-05
6.782652E+03	9.277961E-05	1.267085E-05
6.822262E+03	9.301434E-05	1.267312E-05
6.861872E+03	9.333836E-05	1.268740E-05
6.901482E+03	9.375115E-05	1.271354E-05
6.941093E+03	9.425084E-05	1.275121E-05
6.980703E+03	9.483469E-05	1.279996E-05
7.020313E+03	9.549921E-05	1.285926E-05
7.059923E+03	9.624024E-05	1.292846E-05
7.099534E+03	9.705281E-05	1.300685E-05
7.139144E+03	9.793093E-05	1.309355E-05
7.178754E+03	9.886720E-05	1.318754E-05
7.218364E+03	9.985277E-05	1.328759E-05
7.257975E+03	1.008777E-04	1.339234E-05
7.297585E+03	1.019314E-04	1.350036E-05
7.337195E+03	1.030019E-04	1.361007E-05
7.376805E+03	1.040765E-04	1.371977E-05
7.416415E+03	1.051415E-04	1.382769E-05
7.456026E+03	1.061830E-04	1.393201E-05
7.495636E+03	1.071865E-04	1.403087E-05
7.535246E+03	1.081369E-04	1.412235E-05
7.574856E+03	1.090189E-04	1.420452E-05
7.614467E+03	1.098171E-04	1.427546E-05
7.654077E+03	1.105161E-04	1.433327E-05
7.693687E+03	1.111009E-04	1.437608E-05
7.733297E+03	1.115565E-04	1.440209E-05
7.772908E+03	1.118706E-04	1.440986E-05
7.812518E+03	1.120378E-04	1.439880E-05
7.852128E+03	1.120591E-04	1.436918E-05
7.891738E+03	1.119394E-04	1.432177E-05
7.931349E+03	1.116864E-04	1.425764E-05
7.970959E+03	1.113094E-04	1.417813E-05
8.010569E+03	1.108194E-04	1.408471E-05
8.050179E+03	1.102281E-04	1.397897E-05
8.089789E+03	1.095480E-04	1.386258E-05
8.129400E+03	1.087922E-04	1.373726E-05
8.169010E+03	1.079749E-04	1.360485E-05
8.208620E+03	1.071112E-04	1.346731E-05
8.248230E+03	1.062177E-04	1.332674E-05
8.287841E+03	1.053107E-04	1.318521E-05
8.327451E+03	1.044057E-04	1.304466E-05
8.367061E+03	1.035167E-04	1.290684E-05
8.406671E+03	1.026560E-04	1.277325E-05
8.446282E+03	1.018337E-04	1.264513E-05
8.485892E+03	1.010578E-04	1.252344E-05
8.525502E+03	1.003344E-04	1.240889E-05
8.565112E+03	9.966781E-05	1.230197E-05
8.604723E+03	9.906093E-05	1.220300E-05
8.644333E+03	9.851538E-05	1.211213E-05
8.683943E+03	9.803142E-05	1.202935E-05
8.723553E+03	9.760829E-05	1.195452E-05
8.763163E+03	9.724514E-05	1.188749E-05
8.802774E+03	9.694156E-05	1.182818E-05
8.842384E+03	9.669756E-05	1.177654E-05
8.881994E+03	9.651343E-05	1.173258E-05
8.921604E+03	9.639020E-05	1.169638E-05
8.961215E+03	9.632983E-05	1.166814E-05
9.000825E+03	9.633540E-05	1.164819E-05
9.040435E+03	9.641183E-05	1.163709E-05
9.080045E+03	9.656561E-05	1.163559E-05
9.119656E+03	9.680168E-05	1.164423E-05
9.159266E+03	9.711762E-05	1.166268E-05
9.198876E+03	9.750502E-05	1.168987E-05
9.238486E+03	9.795329E-05	1.172449E-05
9.278097E+03	9.845081E-05	1.176510E-05
9.317707E+03	9.898540E-05	1.181024E-05
9.357317E+03	9.954472E-05	1.185839E-05
9.396927E+03	1.001167E-04	1.190811E-05
9.436537E+03	1.006897E-04	1.195800E-05
9.476148E+03	1.012521E-04	1.200670E-05
9.515758E+03	1.017925E-04	1.205283E-05
9.555368E+03	1.022995E-04	1.209507E-05
9.594978E+03	1.027622E-04	1.213214E-05
9.634589E+03	1.031701E-04	1.216282E-05
9.674199E+03	1.035130E-04	1.218594E-05
9.713809E+03	1.037819E-04	1.220046E-05
9.753419E+03	1.039684E-04	1.220542E-05
9.793030E+03	1.040664E-04	1.220016E-05
9.832640E+03	1.040734E-04	1.218440E-05
9.872250E+03	1.039928E-04	1.215859E-05
9.911857E+03	1.038322E-04	1.212361E-05
9.951468E+03	1.036007E-04	1.208055E-05
9.991078E+03	1.033077E-04	1.203054E-05
1.003069E+04	1.029629E-04	1.197469E-05
1.007030E+04	1.025757E-04	1.191412E-05
1.010991E+04	1.021556E-04	1.184990E-05
1.014952E+04	1.017114E-04	1.178309E-05
1.018913E+04	1.012518E-04	1.171465E-05
1.022874E+04	1.007851E-04	1.164556E-05
1.026835E+04	1.003200E-04	1.157679E-05
1.030796E+04	9.986468E-05	1.150927E-05
1.034757E+04	9.942712E-05	1.144391E-05
1.038718E+04	9.901412E-05	1.138146E-05
1.042679E+04	9.863106E-05	1.132250E-05
1.046640E+04	9.828164E-05	1.126745E-05
1.050601E+04	9.796813E-05	1.121653E-05
1.054562E+04	9.769175E-05	1.116984E-05
1.058523E+04	9.745284E-05	1.112740E-05
1.062484E+04	9.725091E-05	1.108912E-05
1.066445E+04	9.708457E-05	1.105481E-05
1.070406E+04	9.695152E-05	1.102418E-05
1.074367E+04	9.684901E-05	1.099688E-05
1.078328E+04	9.677485E-05	1.097265E-05
1.082289E+04	9.672792E-05	1.095133E-05
1.086250E+04	9.670741E-05	1.093281E-05
1.090211E+04	9.671196E-05	1.091689E-05
1.094172E+04	9.673958E-05	1.090334E-05
1.098133E+04	9.678827E-05	1.089190E-05
1.102094E+04	9.685628E-05	1.088236E-05
1.106055E+04	9.694194E-05	1.087450E-05
1.110016E+04	9.704377E-05	1.086814E-05
1.113977E+04	9.716085E-05	1.086315E-05
1.117938E+04	9.729308E-05	1.085950E-05
1.121900E+04	9.744117E-05	1.085726E-05
1.125861E+04	9.760649E-05	1.085655E-05
1.129822E+04	9.779116E-05	1.085758E-05
1.133783E+04	9.799786E-05	1.086063E-05
1.137744E+04	9.822975E-05	1.086602E-05
1.141705E+04	9.849064E-05	1.087415E-05
1.145666E+04	9.878448E-05	1.088542E-05
1.149627E+04	9.911462E-05	1.090016E-05
1.153588E+04	9.948396E-05	1.091866E-05
1.157549E+04	9.989493E-05	1.094115E-05
1.161510E+04	1.003493E-04	1.096777E-05
1.165471E+04	1.008482E-04	1.099861E-05
1.169432E+04	1.013922E-04	1.103366E-05
1.173393E+04	1.019806E-04	1.107284E-05
1.177354E+04	1.026118E-04	1.111590E-05
1.181315E+04	1.032825E-04	1.116244E-05
1.185276E+04	1.039879E-04	1.121190E-05
1.189237E+04	1.047222E-04	1.126362E-05
1.193198E+04	1.054785E-04	1.131680E-05
1.197159E+04	1.062486E-04	1.137053E-05
1.201120E+04	1.070231E-04	1.142381E-05
1.205081E+04	1.077919E-04	1.147550E-05
1.209042E+04	1.085444E-04	1.152449E-05
1.213003E+04	1.092700E-04	1.156966E-05
1.216964E+04	1.099585E-04	1.160992E-05
1.220925E+04	1.105999E-04	1.164424E-05
1.224886E+04	1.111847E-04	1.167166E-05
1.228847E+04	1.117041E-04	1.169129E-05
1.232808E+04	1.121503E-04	1.170238E-05
1.236769E+04	1.125175E-04	1.170436E-05
1.240730E+04	1.128016E-04	1.169690E-05
1.244691E+04	1.130013E-04	1.167991E-05
1.248652E+04	1.131183E-04	1.165368E-05
1.252613E+04	1.131586E-04	1.161888E-05
1.256574E+04	1.131322E-04	1.157661E-05
1.260535E+04	1.130525E-04	1.152833E-05
1.264496E+04	1.129361E-04	1.147576E-05
1.268457E+04	1.128019E-04	1.142087E-05
1.272418E+04	1.126712E-04	1.136583E-05
1.276379E+04	1.125665E-04	1.131288E-05
1.280340E+04	1.125106E-04	1.126430E-05
1.284301E+04	1.125259E-04	1.122226E-05
1.288262E+04	1.126334E-04	1.118877E-05
1.292224E+04	1.128528E-04	1.116566E-05
1.296185E+04	1.132016E-04	1.115453E-05
1.300146E+04	1.136953E-04	1.115674E-05
1.304107E+04	1.143465E-04	1.117334E-05
1.308068E+04	1.151634E-04	1.120493E-05
1.312029E+04	1.161500E-04	1.125168E-05
1.315990E+04	1.173055E-04	1.131328E-05
1.319951E+04	1.186250E-04	1.138904E-05
1.323912E+04	1.200992E-04	1.147785E-05
1.327873E+04	1.217153E-04	1.157826E-05
1.331834E+04	1.234567E-04	1.168850E-05
1.335795E+04	1.253029E-04	1.180647E-05
1.339756E+04	1.272299E-04	1.192974E-05
1.343717E+04	1.292099E-04	1.205560E-05
1.347678E+04	1.312127E-04	1.218115E-05
1.351639E+04	1.332073E-04	1.230349E-05
1.355600E+04	1.351640E-04	1.241990E-05
1.359561E+04	1.370567E-04	1.252802E-05
1.363522E+04	1.388629E-04	1.262590E-05
1.367483E+04	1.405633E-04	1.271192E-05
1.371444E+04	1.421406E-04	1.278467E-05
1.375405E+04	1.435796E-04	1.284299E-05
1.379366E+04	1.448686E-04	1.288604E-05
1.383327E+04	1.460006E-04	1.291344E-05
1.387288E+04	1.469735E-04	1.292527E-05
1.391249E+04	1.477891E-04	1.292193E-05
1.395210E+04	1.484521E-04	1.290410E-05
1.399171E+04	1.489707E-04	1.287274E-05
1.403132E+04	1.493555E-04	1.282901E-05
1.407093E+04	1.496184E-04	1.277419E-05
1.411054E+04	1.497723E-04	1.270956E-05
1.415015E+04	1.498315E-04	1.263656E-05
1.418976E+04	1.498128E-04	1.255678E-05
1.422937E+04	1.497335E-04	1.247182E-05
1.426898E+04	1.496103E-04	1.238321E-05
1.430859E+04	1.494590E-04	1.229236E-05
1.434820E+04	1.492949E-04	1.220061E-05
1.438781E+04	1.491341E-04	1.210934E-05
1.442742E+04	1.489918E-04	1.201983E-05
1.446703E+04	1.488820E-04	1.193321E-05
1.450664E+04	1.488175E-04	1.185053E-05
1.454625E+04	1.488118E-04	1.177282E-05
1.458587E+04	1.488782E-04	1.170112E-05
1.462548E+04	1.490304E-04	1.163643E-05
1.466509E+04	1.492810E-04	1.157968E-05
1.470470E+04	1.496419E-04	1.153171E-05
1.474431E+04	1.501263E-04	1.149344E-05
1.478392E+04	1.507490E-04	1.146588E-05
1.482353E+04	1.515246E-04	1.145002E-05
1.486314E+04	1.524652E-04	1.144665E-05
1.490275E+04	1.535814E-04	1.145641E-05
1.494236E+04	1.548818E-04	1.147979E-05
1.498197E+04	1.563735E-04	1.151718E-05
1.502158E+04	1.580625E-04	1.156889E-05
1.506119E+04	1.599539E-04	1.163516E-05
1.510080E+04	1.620520E-04	1.171617E-05
1.514041E+04	1.643600E-04	1.181207E-05
1.518002E+04	1.668799E-04	1.192290E-05
1.521963E+04	1.696118E-04	1.204862E-05
1.525924E+04	1.725541E-04	1.218907E-05
1.529885E+04	1.757036E-04	1.234402E-05
1.533846E+04	1.790554E-04	1.251314E-05
1.537807E+04	1.826009E-04	1.269591E-05
1.541768E+04	1.863269E-04	1.289150E-05
1.545729E+04	1.902146E-04	1.309877E-05
1.549690E+04	1.942379E-04	1.331612E-05
1.553651E+04	1.983617E-04	1.354139E-05
1.557612E+04	2.025423E-04	1.377193E-05
1.561573E+04	2.067307E-04	1.400476E-05
1.565534E+04	2.108722E-04	1.423664E-05
1.569495E+04	2.149054E-04	1.446388E-05
1.573456E+04	2.187611E-04	1.468236E-05
1.577417E+04	2.223642E-04	1.488758E-05
1.581378E+04	2.256328E-04	1.507465E-05
1.585339E+04	2.284803E-04	1.523834E-05
1.589300E+04	2.308206E-04	1.537345E-05
1.593261E+04	2.325778E-04	1.547543E-05
1.597222E+04	2.336951E-04	1.554095E-05
1.601183E+04	2.341425E-04	1.556832E-05
1.605144E+04	2.339188E-04	1.555770E-05
1.609105E+04	2.330462E-04	1.551066E-05
1.613066E+04	2.315585E-04	1.542936E-05
1.617027E+04	2.294984E-04	1.531625E-05
1.620988E+04	2.269253E-04	1.517482E-05
1.624949E+04	2.239173E-04	1.500975E-05
1.628911E+04	2.205663E-04	1.482659E-05
1.632872E+04	2.169685E-04	1.463121E-05
1.636833E+04	2.132160E-04	1.442927E-05
1.640794E+04	2.093915E-04	1.422581E-05
1.644755E+04	2.055662E-04	1.402521E-05
1.648716E+04	2.018002E-04	1.383115E-05
1.652677E+04	1.981409E-04	1.364653E-05
1.656638E+04	1.946219E-04	1.347339E-05
1.660599E+04	1.912646E-04	1.331299E-05
1.664560E+04	1.880813E-04	1.316601E-05
1.668521E+04	1.850762E-04	1.303262E-05
1.672482E+04	1.822491E-04	1.291271E-05
1.676443E+04	1.795967E-04	1.280599E-05
1.680404E+04	1.771126E-04	1.271194E-05
1.684365E+04	1.747881E-04	1.262992E-05
1.688326E+04	1.726128E-04	1.255917E-05
1.692287E+04	1.705768E-04	1.249895E-05
1.696248E+04	1.686713E-04	1.244862E-05
1.700209E+04	1.668877E-04	1.240756E-05
1.704170E+04	1.652180E-04	1.237516E-05
1.708131E+04	1.636548E-04	1.235090E-05
1.712092E+04	1.621927E-04	1.233439E-05
1.716053E+04	1.608293E-04	1.232546E-05
1.720014E+04	1.595646E-04	1.232413E-05
1.723975E+04	1.583985E-04	1.233045E-05
1.727936E+04	1.573301E-04	1.234441E-05
1.731897E+04	1.563598E-04	1.236611E-05
1.735858E+04	1.554899E-04	1.239579E-05
1.739819E+04	1.547233E-04	1.243378E-05
1.743780E+04	1.540632E-04	1.248044E-05
1.747741E+04	1.535130E-04	1.253617E-05
1.751702E+04	1.530761E-04	1.260139E-05
1.755663E+04	1.527558E-04	1.267651E-05
1.759624E+04	1.525542E-04	1.276187E-05
1.763585E+04	1.524732E-04	1.285780E-05
1.767546E+04	1.525135E-04	1.296454E-05
1.771507E+04	1.526743E-04	1.308221E-05
1.775468E+04	1.529517E-04	1.321067E-05
1.779429E+04	1.533387E-04	1.334949E-05
1.783390E+04	1.538266E-04	1.349808E-05
1.787351E+04	1.544055E-04	1.365573E-05
1.791312E+04	1.550642E-04	1.382159E-05
1.795274E+04	1.557901E-04	1.399465E-05
1.799235E+04	1.565687E-04	1.417368E-05
1.803196E+04	1.573829E-04	1.435721E-05
1.807157E+04	1.582138E-04	1.454353E-05
1.811118E+04	1.590423E-04	1.473086E-05
1.815079E+04	1.598494E-04	1.491739E-05
1.819040E+04	1.606173E-04	1.510137E-05
1.823001E+04	1.613289E-04	1.528106E-05
1.826962E+04	1.619664E-04	1.545460E-05
1.830923E+04	1.625121E-04	1.562010E-05
1.834884E+04	1.629510E-04	1.577590E-05
1.838845E+04	1.632727E-04	1.592073E-05
1.842806E+04	1.634704E-04	1.605361E-05
1.846767E+04	1.635387E-04	1.617377E-05
1.850728E+04	1.634742E-04	1.628054E-05
1.854689E+04	1.632748E-04	1.637343E-05
1.858650E+04	1.629422E-04	1.645229E-05
1.862611E+04	1.624823E-04	1.651745E-05
1.866572E+04	1.619046E-04	1.656957E-05
1.870533E+04	1.612203E-04	1.660958E-05
1.874494E+04	1.604437E-04	1.663870E-05
1.878455E+04	1.595909E-04	1.665843E-05
1.882416E+04	1.586786E-04	1.667034E-05
1.886377E+04	1.577233E-04	1.667606E-05
1.890338E+04	1.567412E-04	1.667722E-05
1.894299E+04	1.557482E-04	1.667545E-05
1.898260E+04	1.547589E-04	1.667230E-05
1.902221E+04	1.537876E-04	1.666934E-05
1.906182E+04	1.528485E-04	1.666812E-05
1.910143E+04	1.519548E-04	1.667018E-05
1.914104E+04	1.511185E-04	1.667692E-05
1.918065E+04	1.503500E-04	1.668959E-05
1.922026E+04	1.496575E-04	1.670926E-05
1.925987E+04	1.490468E-04	1.673672E-05
1.929948E+04	1.485213E-04	1.677250E-05
1.933909E+04	1.480818E-04	1.681686E-05
1.937870E+04	1.477276E-04	1.686987E-05
1.941831E+04	1.474567E-04	1.693148E-05
1.945792E+04	1.472671E-04	1.700159E-05
1.949753E+04	1.471560E-04	1.708005E-05
1.953714E+04	1.471200E-04	1.716658E-05
1.957675E+04	1.471544E-04	1.726077E-05
1.961636E+04	1.472542E-04	1.736216E-05
1.965598E+04	1.474144E-04	1.747027E-05
1.969559E+04	1.476308E-04	1.758471E-05
1.973520E+04	1.478995E-04	1.770510E-05
1.977481E+04	1.482174E-04	1.783115E-05
1.981442E+04	1.485818E-04	1.796263E-05
1.985403E+04	1.489896E-04	1.809923E-05
1.989364E+04	1.494366E-04	1.824051E-05
1.993325E+04	1.499180E-04	1.838594E-05
1.997286E+04	1.504282E-04	1.853487E-05
2.001247E+04	1.509607E-04	1.868656E-05
2.005208E+04	1.515081E-04	1.884011E-05
2.009169E+04	1.520620E-04	1.899448E-05
2.013130E+04	1.526139E-04	1.914862E-05
2.017091E+04	1.531569E-04	1.930165E-05
2.021052E+04	1.536854E-04	1.945283E-05
2.025013E+04	1.541946E-04	1.960153E-05
2.028974E+04	1.546804E-04	1.974718E-05
2.032935E+04	1.551391E-04	1.988927E-05
2.036896E+04	1.555676E-04	2.002733E-05
2.040857E+04	1.559627E-04	2.016093E-05
2.044818E+04	1.563205E-04	2.028947E-05
2.048779E+04	1.566360E-04	2.041228E-05
2.052740E+04	1.569037E-04	2.052852E-05
2.056701E+04	1.571172E-04	2.063732E-05
2.060662E+04	1.572698E-04	2.073767E-05
2.064623E+04	1.573543E-04	2.082855E-05
2.068584E+04	1.573631E-04	2.090885E-05
2.072545E+04	1.572884E-04	2.097740E-05
2.076506E+04	1.571220E-04	2.103299E-05
2.080467E+04	1.568559E-04	2.107442E-05
2.084428E+04	1.564825E-04	2.110050E-05
2.088389E+04	1.559957E-04	2.111028E-05
2.092350E+04	1.553920E-04	2.110311E-05
2.096311E+04	1.546698E-04	2.107862E-05
2.100272E+04	1.538301E-04	2.103680E-05
2.104233E+04	1.528757E-04	2.097785E-05
2.108194E+04	1.518109E-04	2.090225E-05
2.112155E+04	1.506418E-04	2.081068E-05
2.116116E+04	1.493756E-04	2.070402E-05
2.120077E+04	1.480206E-04	2.058330E-05
2.124038E+04	1.465856E-04	2.044964E-05
2.127999E+04	1.450794E-04	2.030419E-05
2.131961E+04	1.435107E-04	2.014809E-05
2.135922E+04	1.418872E-04	1.998237E-05
2.139883E+04	1.402161E-04	1.980799E-05
2.143844E+04	1.385042E-04	1.962587E-05
2.147805E+04	1.367579E-04	1.943689E-05
2.151766E+04	1.349835E-04	1.924191E-05
2.155727E+04	1.331872E-04	1.904182E-05
2.159688E+04	1.313752E-04	1.883750E-05
2.163649E+04	1.295534E-04	1.862981E-05
2.167610E+04	1.277278E-04	1.841959E-05
2.171571E+04	1.259037E-04	1.820766E-05
2.175532E+04	1.240859E-04	1.799473E-05
2.179493E+04	1.222788E-04	1.778145E-05
2.183454E+04	1.204864E-04	1.756846E-05
2.187415E+04	1.187129E-04	1.735640E-05
2.191376E+04	1.169625E-04	1.714592E-05
2.195337E+04	1.152392E-04	1.693769E-05
2.199298E+04	1.135470E-04	1.673231E-05
2.203259E+04	1.118893E-04	1.653036E-05
2.207220E+04	1.102698E-04	1.633243E-05
2.211181E+04	1.086923E-04	1.613917E-05
2.215142E+04	1.071610E-04	1.595126E-05
2.219103E+04	1.056799E-04	1.576936E-05
2.223064E+04	1.042523E-04	1.559402E-05
2.227025E+04	1.028807E-04	1.542571E-05
2.230986E+04	1.015672E-04	1.526484E-05
2.234947E+04	1.003139E-04	1.511176E-05
2.238908E+04	9.912253E-05	1.496683E-05
2.242869E+04	9.799448E-05	1.483034E-05
2.246830E+04	9.693032E-05	1.470246E-05
2.250791E+04	9.593000E-05	1.458324E-05
2.254752E+04	9.499301E-05	1.447270E-05
2.258713E+04	9.411900E-05	1.437085E-05
2.262674E+04	9.330786E-05	1.427775E-05
2.266635E+04	9.255967E-05	1.419348E-05
2.270596E+04	9.187444E-05	1.411811E-05
2.274557E+04	9.125224E-05	1.405173E-05
2.278518E+04	9.069331E-05	1.399444E-05
2.282479E+04	9.019793E-05	1.394635E-05
2.286440E+04	8.976644E-05	1.390758E-05
2.290401E+04	8.939916E-05	1.387824E-05
2.294362E+04	8.909642E-05	1.385845E-05
2.298323E+04	8.885851E-05	1.384831E-05
2.302285E+04	8.868551E-05	1.384792E-05
2.306246E+04	8.857731E-05	1.385730E-05
2.310207E+04	8.853363E-05	1.387647E-05
2.314168E+04	8.855415E-05	1.390545E-05
2.318129E+04	8.863876E-05	1.394427E-05
2.322090E+04	8.878747E-05	1.399299E-05
2.326051E+04	8.900046E-05	1.405170E-05
2.330012E+04	8.927797E-05	1.412049E-05
2.333973E+04	8.962033E-05	1.419946E-05
2.337934E+04	9.002795E-05	1.428874E-05
2.341895E+04	9.050136E-05	1.438845E-05
2.345856E+04	9.104094E-05	1.449871E-05
2.349817E+04	9.164671E-05	1.461958E-05
2.353778E+04	9.231810E-05	1.475101E-05
2.357739E+04	9.305421E-05	1.489291E-05
2.361700E+04	9.385380E-05	1.504512E-05
2.365661E+04	9.471548E-05	1.520747E-05
2.369622E+04	9.563757E-05	1.537974E-05
2.373583E+04	9.661801E-05	1.556162E-05
2.377544E+04	9.765416E-05	1.575273E-05
2.381505E+04	9.874290E-05	1.595261E-05
2.385466E+04	9.988070E-05	1.616071E-05
2.389427E+04	1.010637E-04	1.637645E-05
2.393388E+04	1.022881E-04	1.659921E-05
2.397349E+04	1.035500E-04	1.682841E-05
2.401310E+04	1.048466E-04	1.706360E-05
2.405271E+04	1.061757E-04	1.730443E-05
2.409232E+04	1.075352E-04	1.755058E-05
2.413193E+04	1.089228E-04	1.780169E-05
2.417154E+04	1.103369E-04	1.805752E-05
2.421115E+04	1.117763E-04	1.831787E-05
2.425076E+04	1.132402E-04	1.858262E-05
