#wls	flux	fluxerr
3.257341E+03	1.627147E-04	2.401595E-05
3.296951E+03	1.568872E-04	2.312089E-05
3.336561E+03	1.514357E-04	2.228344E-05
3.376171E+03	1.463405E-04	2.150050E-05
3.415782E+03	1.415843E-04	2.076931E-05
3.455392E+03	1.371512E-04	2.008735E-05
3.495002E+03	1.330270E-04	1.945233E-05
3.534612E+03	1.291987E-04	1.886216E-05
3.574223E+03	1.256542E-04	1.831491E-05
3.613833E+03	1.223824E-04	1.780877E-05
3.653443E+03	1.193729E-04	1.734204E-05
3.693053E+03	1.166157E-04	1.691311E-05
3.732664E+03	1.141013E-04	1.652045E-05
3.772274E+03	1.118208E-04	1.616258E-05
3.811884E+03	1.097655E-04	1.583811E-05
3.851494E+03	1.079273E-04	1.554572E-05
3.891105E+03	1.062986E-04	1.528413E-05
3.930715E+03	1.048719E-04	1.505215E-05
3.970325E+03	1.036404E-04	1.484864E-05
4.009935E+03	1.025975E-04	1.467252E-05
4.049545E+03	1.017371E-04	1.452277E-05
4.089156E+03	1.010536E-04	1.439845E-05
4.128766E+03	1.005415E-04	1.429867E-05
4.168376E+03	1.001960E-04	1.422258E-05
4.207986E+03	1.000127E-04	1.416944E-05
4.247597E+03	9.998749E-05	1.413853E-05
4.287207E+03	1.001167E-04	1.412921E-05
4.326817E+03	1.003971E-04	1.414089E-05
4.366427E+03	1.008258E-04	1.417304E-05
4.406038E+03	1.014003E-04	1.422517E-05
4.445648E+03	1.021183E-04	1.429685E-05
4.485258E+03	1.029780E-04	1.438769E-05
4.524868E+03	1.039779E-04	1.449734E-05
4.564479E+03	1.051163E-04	1.462546E-05
4.604089E+03	1.063919E-04	1.477173E-05
4.643699E+03	1.078033E-04	1.493582E-05
4.683309E+03	1.093487E-04	1.511734E-05
4.722919E+03	1.110255E-04	1.531584E-05
4.762530E+03	1.128308E-04	1.553076E-05
4.802140E+03	1.147603E-04	1.576138E-05
4.841750E+03	1.168084E-04	1.600682E-05
4.881360E+03	1.189684E-04	1.626603E-05
4.920971E+03	1.212319E-04	1.653776E-05
4.960581E+03	1.235891E-04	1.682054E-05
5.000191E+03	1.260287E-04	1.711275E-05
5.039801E+03	1.285382E-04	1.741261E-05
5.079412E+03	1.311040E-04	1.771818E-05
5.119022E+03	1.337115E-04	1.802743E-05
5.158632E+03	1.363455E-04	1.833824E-05
5.198242E+03	1.389899E-04	1.864843E-05
5.237853E+03	1.416287E-04	1.895583E-05
5.277463E+03	1.442456E-04	1.925825E-05
5.317073E+03	1.468246E-04	1.955354E-05
5.356683E+03	1.493496E-04	1.983961E-05
5.396293E+03	1.518055E-04	2.011449E-05
5.435904E+03	1.541775E-04	2.037629E-05
5.475514E+03	1.564522E-04	2.062328E-05
5.515124E+03	1.586166E-04	2.085389E-05
5.554734E+03	1.606594E-04	2.106668E-05
5.594345E+03	1.625702E-04	2.126046E-05
5.633955E+03	1.643400E-04	2.143415E-05
5.673565E+03	1.659611E-04	2.158689E-05
5.713175E+03	1.674270E-04	2.171800E-05
5.752786E+03	1.687320E-04	2.182689E-05
5.792396E+03	1.698725E-04	2.191327E-05
5.832006E+03	1.708451E-04	2.197687E-05
5.871616E+03	1.716483E-04	2.201767E-05
5.911227E+03	1.722815E-04	2.203579E-05
5.950837E+03	1.727453E-04	2.203148E-05
5.990447E+03	1.730412E-04	2.200513E-05
6.030057E+03	1.731730E-04	2.195738E-05
6.069667E+03	1.731449E-04	2.188899E-05
6.109278E+03	1.729634E-04	2.180094E-05
6.148888E+03	1.726369E-04	2.169447E-05
6.188498E+03	1.721766E-04	2.157115E-05
6.228108E+03	1.715962E-04	2.143285E-05
6.267719E+03	1.709132E-04	2.128189E-05
6.307329E+03	1.701481E-04	2.112094E-05
6.346939E+03	1.693252E-04	2.095312E-05
6.386549E+03	1.684710E-04	2.078178E-05
6.426160E+03	1.676128E-04	2.061030E-05
6.465770E+03	1.667785E-04	2.044213E-05
6.505380E+03	1.659975E-04	2.028083E-05
6.544990E+03	1.653013E-04	2.013018E-05
6.584601E+03	1.647236E-04	1.999418E-05
6.624211E+03	1.642986E-04	1.987683E-05
6.663821E+03	1.640609E-04	1.978212E-05
6.703431E+03	1.640433E-04	1.971378E-05
6.743041E+03	1.642768E-04	1.967526E-05
6.782652E+03	1.647874E-04	1.966935E-05
6.822262E+03	1.655965E-04	1.969825E-05
6.861872E+03	1.667190E-04	1.976338E-05
6.901482E+03	1.681637E-04	1.986539E-05
6.941093E+03	1.699330E-04	2.000415E-05
6.980703E+03	1.720227E-04	2.017878E-05
7.020313E+03	1.744235E-04	2.038776E-05
7.059923E+03	1.771203E-04	2.062898E-05
7.099534E+03	1.800935E-04	2.089974E-05
7.139144E+03	1.833197E-04	2.119703E-05
7.178754E+03	1.867724E-04	2.151742E-05
7.218364E+03	1.904228E-04	2.185735E-05
7.257975E+03	1.942404E-04	2.221306E-05
7.297585E+03	1.981942E-04	2.258080E-05
7.337195E+03	2.022527E-04	2.295682E-05
7.376805E+03	2.063857E-04	2.333754E-05
7.416415E+03	2.105637E-04	2.371958E-05
7.456026E+03	2.147592E-04	2.409976E-05
7.495636E+03	2.189465E-04	2.447519E-05
7.535246E+03	2.231013E-04	2.484318E-05
7.574856E+03	2.272004E-04	2.520119E-05
7.614467E+03	2.312201E-04	2.554669E-05
7.654077E+03	2.351359E-04	2.587708E-05
7.693687E+03	2.389210E-04	2.618957E-05
7.733297E+03	2.425462E-04	2.648115E-05
7.772908E+03	2.459786E-04	2.674844E-05
7.812518E+03	2.491809E-04	2.698770E-05
7.852128E+03	2.521143E-04	2.719503E-05
7.891738E+03	2.547407E-04	2.736671E-05
7.931349E+03	2.570277E-04	2.749968E-05
7.970959E+03	2.589514E-04	2.759183E-05
8.010569E+03	2.604995E-04	2.764238E-05
8.050179E+03	2.616737E-04	2.765198E-05
8.089789E+03	2.624897E-04	2.762281E-05
8.129400E+03	2.629762E-04	2.755835E-05
8.169010E+03	2.631731E-04	2.746321E-05
8.208620E+03	2.631287E-04	2.734282E-05
8.248230E+03	2.628960E-04	2.720299E-05
8.287841E+03	2.625299E-04	2.704964E-05
8.327451E+03	2.620835E-04	2.688842E-05
8.367061E+03	2.616052E-04	2.672439E-05
8.406671E+03	2.611366E-04	2.656184E-05
8.446282E+03	2.607101E-04	2.640406E-05
8.485892E+03	2.603488E-04	2.625335E-05
8.525502E+03	2.600663E-04	2.611101E-05
8.565112E+03	2.598680E-04	2.597749E-05
8.604723E+03	2.597517E-04	2.585248E-05
8.644333E+03	2.597097E-04	2.573514E-05
8.683943E+03	2.597316E-04	2.562438E-05
8.723553E+03	2.598055E-04	2.551897E-05
8.763163E+03	2.599210E-04	2.541784E-05
8.802774E+03	2.600702E-04	2.532019E-05
8.842384E+03	2.602484E-04	2.522557E-05
8.881994E+03	2.604563E-04	2.513404E-05
8.921604E+03	2.606997E-04	2.504612E-05
8.961215E+03	2.609900E-04	2.496292E-05
9.000825E+03	2.613454E-04	2.488614E-05
9.040435E+03	2.617893E-04	2.481793E-05
9.080045E+03	2.623499E-04	2.476090E-05
9.119656E+03	2.630583E-04	2.471785E-05
9.159266E+03	2.639448E-04	2.469147E-05
9.198876E+03	2.650374E-04	2.468415E-05
9.238486E+03	2.663591E-04	2.469779E-05
9.278097E+03	2.679265E-04	2.473368E-05
9.317707E+03	2.697465E-04	2.479215E-05
9.357317E+03	2.718153E-04	2.487259E-05
9.396927E+03	2.741187E-04	2.497341E-05
9.436537E+03	2.766325E-04	2.509219E-05
9.476148E+03	2.793243E-04	2.522579E-05
9.515758E+03	2.821549E-04	2.537050E-05
9.555368E+03	2.850805E-04	2.552229E-05
9.594978E+03	2.880540E-04	2.567689E-05
9.634589E+03	2.910276E-04	2.583005E-05
9.674199E+03	2.939540E-04	2.597763E-05
9.713809E+03	2.967887E-04	2.611585E-05
9.753419E+03	2.994928E-04	2.624143E-05
9.793030E+03	3.020330E-04	2.635169E-05
9.832640E+03	3.043829E-04	2.644456E-05
9.872250E+03	3.065222E-04	2.651854E-05
9.911857E+03	3.084374E-04	2.657271E-05
9.951468E+03	3.101244E-04	2.660698E-05
9.991078E+03	3.115880E-04	2.662201E-05
1.003069E+04	3.128434E-04	2.661938E-05
1.007030E+04	3.139145E-04	2.660131E-05
1.010991E+04	3.148341E-04	2.657080E-05
1.014952E+04	3.156410E-04	2.653128E-05
1.018913E+04	3.163785E-04	2.648651E-05
1.022874E+04	3.170908E-04	2.644026E-05
1.026835E+04	3.178214E-04	2.639618E-05
1.030796E+04	3.186096E-04	2.635754E-05
1.034757E+04	3.194879E-04	2.632698E-05
1.038718E+04	3.204803E-04	2.630642E-05
1.042679E+04	3.216008E-04	2.629691E-05
1.046640E+04	3.228516E-04	2.629858E-05
1.050601E+04	3.242248E-04	2.631069E-05
1.054562E+04	3.257022E-04	2.633170E-05
1.058523E+04	3.272567E-04	2.635940E-05
1.062484E+04	3.288563E-04	2.639120E-05
1.066445E+04	3.304654E-04	2.642427E-05
1.070406E+04	3.320483E-04	2.645584E-05
1.074367E+04	3.335711E-04	2.648330E-05
1.078328E+04	3.350040E-04	2.650441E-05
1.082289E+04	3.363217E-04	2.651733E-05
1.086250E+04	3.375052E-04	2.652073E-05
1.090211E+04	3.385409E-04	2.651376E-05
1.094172E+04	3.394216E-04	2.649602E-05
1.098133E+04	3.401450E-04	2.646756E-05
1.102094E+04	3.407149E-04	2.642885E-05
1.106055E+04	3.411386E-04	2.638068E-05
1.110016E+04	3.414287E-04	2.632420E-05
1.113977E+04	3.416011E-04	2.626080E-05
1.117938E+04	3.416753E-04	2.619216E-05
1.121900E+04	3.416737E-04	2.612014E-05
1.125861E+04	3.416217E-04	2.604681E-05
1.129822E+04	3.415460E-04	2.597433E-05
1.133783E+04	3.414753E-04	2.590499E-05
1.137744E+04	3.414391E-04	2.584111E-05
1.141705E+04	3.414671E-04	2.578502E-05
1.145666E+04	3.415896E-04	2.573908E-05
1.149627E+04	3.418368E-04	2.570562E-05
1.153588E+04	3.422401E-04	2.568706E-05
1.157549E+04	3.428301E-04	2.568575E-05
1.161510E+04	3.436380E-04	2.570409E-05
1.165471E+04	3.446936E-04	2.574435E-05
1.169432E+04	3.460247E-04	2.580869E-05
1.173393E+04	3.476547E-04	2.589892E-05
1.177354E+04	3.496007E-04	2.601643E-05
1.181315E+04	3.518712E-04	2.616196E-05
1.185276E+04	3.544637E-04	2.633546E-05
1.189237E+04	3.573628E-04	2.653597E-05
1.193198E+04	3.605374E-04	2.676139E-05
1.197159E+04	3.639386E-04	2.700831E-05
1.201120E+04	3.674982E-04	2.727192E-05
1.205081E+04	3.711259E-04	2.754582E-05
1.209042E+04	3.747096E-04	2.782197E-05
1.213003E+04	3.781138E-04	2.809057E-05
1.216964E+04	3.811813E-04	2.834020E-05
1.220925E+04	3.837361E-04	2.855799E-05
1.224886E+04	3.855905E-04	2.873008E-05
1.228847E+04	3.865570E-04	2.884252E-05
1.232808E+04	3.864707E-04	2.888284E-05
1.236769E+04	3.852283E-04	2.884291E-05
1.240730E+04	3.828395E-04	2.872277E-05
1.244691E+04	3.794073E-04	2.852936E-05
1.248652E+04	3.750807E-04	2.827307E-05
1.252613E+04	3.700282E-04	2.796580E-05
1.256574E+04	3.644237E-04	2.761992E-05
1.260535E+04	3.584382E-04	2.724767E-05
1.264496E+04	3.522342E-04	2.686079E-05
1.268457E+04	3.459637E-04	2.647036E-05
1.272418E+04	3.397660E-04	2.608664E-05
1.276379E+04	3.337673E-04	2.571900E-05
1.280340E+04	3.280780E-04	2.537583E-05
1.284301E+04	3.227946E-04	2.506453E-05
1.288262E+04	3.179976E-04	2.479142E-05
1.292224E+04	3.137517E-04	2.456176E-05
1.296185E+04	3.101062E-04	2.437968E-05
1.300146E+04	3.070947E-04	2.424821E-05
1.304107E+04	3.047356E-04	2.416925E-05
1.308068E+04	3.030330E-04	2.414361E-05
1.312029E+04	3.019771E-04	2.417107E-05
1.315990E+04	3.015450E-04	2.425038E-05
1.319951E+04	3.017022E-04	2.437930E-05
1.323912E+04	3.024023E-04	2.455466E-05
1.327873E+04	3.035891E-04	2.477240E-05
1.331834E+04	3.051976E-04	2.502771E-05
1.335795E+04	3.071554E-04	2.531506E-05
1.339756E+04	3.093851E-04	2.562841E-05
1.343717E+04	3.118057E-04	2.596128E-05
1.347678E+04	3.143350E-04	2.630699E-05
1.351639E+04	3.168925E-04	2.665884E-05
1.355600E+04	3.194012E-04	2.701030E-05
1.359561E+04	3.217901E-04	2.735522E-05
1.363522E+04	3.239954E-04	2.768791E-05
1.367483E+04	3.259616E-04	2.800331E-05
1.371444E+04	3.276433E-04	2.829710E-05
1.375405E+04	3.290047E-04	2.856572E-05
1.379366E+04	3.300208E-04	2.880649E-05
1.383327E+04	3.306765E-04	2.901752E-05
1.387288E+04	3.309666E-04	2.919779E-05
1.391249E+04	3.308954E-04	2.934707E-05
1.395210E+04	3.304747E-04	2.946586E-05
1.399171E+04	3.297236E-04	2.955529E-05
1.403132E+04	3.286662E-04	2.961700E-05
1.407093E+04	3.273318E-04	2.965313E-05
1.411054E+04	3.257525E-04	2.966615E-05
1.415015E+04	3.239634E-04	2.965885E-05
1.418976E+04	3.220020E-04	2.963431E-05
1.422937E+04	3.199076E-04	2.959587E-05
1.426898E+04	3.177201E-04	2.954698E-05
1.430859E+04	3.154803E-04	2.949128E-05
1.434820E+04	3.132286E-04	2.943244E-05
1.438781E+04	3.110043E-04	2.937409E-05
1.442742E+04	3.088441E-04	2.931973E-05
1.446703E+04	3.067824E-04	2.927271E-05
1.450664E+04	3.048500E-04	2.923605E-05
1.454625E+04	3.030733E-04	2.921248E-05
1.458587E+04	3.014758E-04	2.920446E-05
1.462548E+04	3.000757E-04	2.921399E-05
1.466509E+04	2.988878E-04	2.924279E-05
1.470470E+04	2.979230E-04	2.929219E-05
1.474431E+04	2.971881E-04	2.936319E-05
1.478392E+04	2.966874E-04	2.945650E-05
1.482353E+04	2.964207E-04	2.957244E-05
1.486314E+04	2.963858E-04	2.971109E-05
1.490275E+04	2.965769E-04	2.987219E-05
1.494236E+04	2.969861E-04	3.005523E-05
1.498197E+04	2.976030E-04	3.025945E-05
1.502158E+04	2.984146E-04	3.048382E-05
1.506119E+04	2.994057E-04	3.072701E-05
1.510080E+04	3.005587E-04	3.098746E-05
1.514041E+04	3.018527E-04	3.126322E-05
1.518002E+04	3.032643E-04	3.155204E-05
1.521963E+04	3.047674E-04	3.185132E-05
1.525924E+04	3.063333E-04	3.215818E-05
1.529885E+04	3.079314E-04	3.246945E-05
1.533846E+04	3.095286E-04	3.278166E-05
1.537807E+04	3.110907E-04	3.309117E-05
1.541768E+04	3.125810E-04	3.339398E-05
1.545729E+04	3.139621E-04	3.368597E-05
1.549690E+04	3.151955E-04	3.396283E-05
1.553651E+04	3.162429E-04	3.422021E-05
1.557612E+04	3.170671E-04	3.445378E-05
1.561573E+04	3.176328E-04	3.465941E-05
1.565534E+04	3.179083E-04	3.483325E-05
1.569495E+04	3.178669E-04	3.497196E-05
1.573456E+04	3.174871E-04	3.507276E-05
1.577417E+04	3.167538E-04	3.513350E-05
1.581378E+04	3.156582E-04	3.515275E-05
1.585339E+04	3.141973E-04	3.512967E-05
1.589300E+04	3.123743E-04	3.506416E-05
1.593261E+04	3.101971E-04	3.495663E-05
1.597222E+04	3.076786E-04	3.480810E-05
1.601183E+04	3.048361E-04	3.462009E-05
1.605144E+04	3.016905E-04	3.439455E-05
1.609105E+04	2.982671E-04	3.413399E-05
1.613066E+04	2.945978E-04	3.384172E-05
1.617027E+04	2.907219E-04	3.352195E-05
1.620988E+04	2.866815E-04	3.317929E-05
1.624949E+04	2.825180E-04	3.281836E-05
1.628911E+04	2.782711E-04	3.244365E-05
1.632872E+04	2.739776E-04	3.205935E-05
1.636833E+04	2.696711E-04	3.166937E-05
1.640794E+04	2.653811E-04	3.127719E-05
1.644755E+04	2.611334E-04	3.088589E-05
1.648716E+04	2.569500E-04	3.049817E-05
1.652677E+04	2.528498E-04	3.011636E-05
1.656638E+04	2.488482E-04	2.974244E-05
1.660599E+04	2.449588E-04	2.937816E-05
1.664560E+04	2.411924E-04	2.902500E-05
1.668521E+04	2.375579E-04	2.868418E-05
1.672482E+04	2.340619E-04	2.835669E-05
1.676443E+04	2.307090E-04	2.804327E-05
1.680404E+04	2.275019E-04	2.774444E-05
1.684365E+04	2.244421E-04	2.746058E-05
1.688326E+04	2.215306E-04	2.719199E-05
1.692287E+04	2.187682E-04	2.693898E-05
1.696248E+04	2.161559E-04	2.670186E-05
1.700209E+04	2.136965E-04	2.648115E-05
1.704170E+04	2.113929E-04	2.627742E-05
1.708131E+04	2.092505E-04	2.609153E-05
1.712092E+04	2.072754E-04	2.592445E-05
1.716053E+04	2.054760E-04	2.577741E-05
1.720014E+04	2.038611E-04	2.565176E-05
1.723975E+04	2.024412E-04	2.554901E-05
1.727936E+04	2.012275E-04	2.547084E-05
1.731897E+04	2.002317E-04	2.541895E-05
1.735858E+04	1.994660E-04	2.539515E-05
1.739819E+04	1.989424E-04	2.540123E-05
1.743780E+04	1.986730E-04	2.543900E-05
1.747741E+04	1.986697E-04	2.551027E-05
1.751702E+04	1.989443E-04	2.561685E-05
1.755663E+04	1.995074E-04	2.576039E-05
1.759624E+04	2.003694E-04	2.594256E-05
1.763585E+04	2.015386E-04	2.616474E-05
1.767546E+04	2.030212E-04	2.642805E-05
1.771507E+04	2.048198E-04	2.673314E-05
1.775468E+04	2.069326E-04	2.708010E-05
1.779429E+04	2.093521E-04	2.746824E-05
1.783390E+04	2.120638E-04	2.789597E-05
1.787351E+04	2.150455E-04	2.836064E-05
1.791312E+04	2.182662E-04	2.885837E-05
1.795274E+04	2.216852E-04	2.938401E-05
1.799235E+04	2.252534E-04	2.993120E-05
1.803196E+04	2.289120E-04	3.049224E-05
1.807157E+04	2.325950E-04	3.105837E-05
1.811118E+04	2.362305E-04	3.161997E-05
1.815079E+04	2.397423E-04	3.216674E-05
1.819040E+04	2.430542E-04	3.268828E-05
1.823001E+04	2.460916E-04	3.317434E-05
1.826962E+04	2.487858E-04	3.361534E-05
1.830923E+04	2.510771E-04	3.400287E-05
1.834884E+04	2.529158E-04	3.432977E-05
1.838845E+04	2.542650E-04	3.459062E-05
1.842806E+04	2.551012E-04	3.478175E-05
1.846767E+04	2.554147E-04	3.490134E-05
1.850728E+04	2.552094E-04	3.494948E-05
1.854689E+04	2.545022E-04	3.492803E-05
1.858650E+04	2.533220E-04	3.484050E-05
1.862611E+04	2.517085E-04	3.469197E-05
1.866572E+04	2.497087E-04	3.448857E-05
1.870533E+04	2.473764E-04	3.423741E-05
1.874494E+04	2.447678E-04	3.394604E-05
1.878455E+04	2.419410E-04	3.362231E-05
1.882416E+04	2.389547E-04	3.327423E-05
1.886377E+04	2.358657E-04	3.290960E-05
1.890338E+04	2.327290E-04	3.253606E-05
1.894299E+04	2.295963E-04	3.216083E-05
1.898260E+04	2.265154E-04	3.179066E-05
1.902221E+04	2.235287E-04	3.143157E-05
1.906182E+04	2.206730E-04	3.108883E-05
1.910143E+04	2.179787E-04	3.076687E-05
1.914104E+04	2.154699E-04	3.046924E-05
1.918065E+04	2.131644E-04	3.019864E-05
1.922026E+04	2.110746E-04	2.995700E-05
1.925987E+04	2.092077E-04	2.974552E-05
1.929948E+04	2.075671E-04	2.956488E-05
1.933909E+04	2.061531E-04	2.941528E-05
1.937870E+04	2.049631E-04	2.929658E-05
1.941831E+04	2.039933E-04	2.920837E-05
1.945792E+04	2.032374E-04	2.914994E-05
1.949753E+04	2.026878E-04	2.912035E-05
1.953714E+04	2.023352E-04	2.911844E-05
1.957675E+04	2.021686E-04	2.914274E-05
1.961636E+04	2.021755E-04	2.919161E-05
1.965598E+04	2.023415E-04	2.926308E-05
1.969559E+04	2.026510E-04	2.935501E-05
1.973520E+04	2.030871E-04	2.946506E-05
1.977481E+04	2.036322E-04	2.959073E-05
1.981442E+04	2.042677E-04	2.972941E-05
1.985403E+04	2.049751E-04	2.987846E-05
1.989364E+04	2.057358E-04	3.003522E-05
1.993325E+04	2.065323E-04	3.019714E-05
1.997286E+04	2.073470E-04	3.036170E-05
2.001247E+04	2.081634E-04	3.052646E-05
2.005208E+04	2.089657E-04	3.068912E-05
2.009169E+04	2.097393E-04	3.084753E-05
2.013130E+04	2.104704E-04	3.099961E-05
2.017091E+04	2.111464E-04	3.114348E-05
2.021052E+04	2.117561E-04	3.127746E-05
2.025013E+04	2.122888E-04	3.139993E-05
2.028974E+04	2.127358E-04	3.150954E-05
2.032935E+04	2.130888E-04	3.160503E-05
2.036896E+04	2.133409E-04	3.168531E-05
2.040857E+04	2.134858E-04	3.174936E-05
2.044818E+04	2.135179E-04	3.179631E-05
2.048779E+04	2.134324E-04	3.182538E-05
2.052740E+04	2.132253E-04	3.183591E-05
2.056701E+04	2.128932E-04	3.182731E-05
2.060662E+04	2.124337E-04	3.179916E-05
2.064623E+04	2.118447E-04	3.175109E-05
2.068584E+04	2.111256E-04	3.168292E-05
2.072545E+04	2.102766E-04	3.159464E-05
2.076506E+04	2.092989E-04	3.148635E-05
2.080467E+04	2.081949E-04	3.135834E-05
2.084428E+04	2.069683E-04	3.121113E-05
2.088389E+04	2.056237E-04	3.104536E-05
2.092350E+04	2.041676E-04	3.086192E-05
2.096311E+04	2.026081E-04	3.066201E-05
2.100272E+04	2.009542E-04	3.044697E-05
2.104233E+04	1.992170E-04	3.021840E-05
2.108194E+04	1.974087E-04	2.997815E-05
2.112155E+04	1.955424E-04	2.972819E-05
2.116116E+04	1.936323E-04	2.947064E-05
2.120077E+04	1.916927E-04	2.920769E-05
2.124038E+04	1.897373E-04	2.894140E-05
2.127999E+04	1.877780E-04	2.867361E-05
2.131961E+04	1.858223E-04	2.840546E-05
2.135922E+04	1.838719E-04	2.813723E-05
2.139883E+04	1.819256E-04	2.786873E-05
2.143844E+04	1.799804E-04	2.759955E-05
2.147805E+04	1.780329E-04	2.732915E-05
2.151766E+04	1.760799E-04	2.705703E-05
2.155727E+04	1.741183E-04	2.678276E-05
2.159688E+04	1.721461E-04	2.650600E-05
2.163649E+04	1.701620E-04	2.622659E-05
2.167610E+04	1.681660E-04	2.594451E-05
2.171571E+04	1.661590E-04	2.565989E-05
2.175532E+04	1.641429E-04	2.537306E-05
2.179493E+04	1.621197E-04	2.508431E-05
2.183454E+04	1.600922E-04	2.479410E-05
2.187415E+04	1.580632E-04	2.450287E-05
2.191376E+04	1.560356E-04	2.421106E-05
2.195337E+04	1.540128E-04	2.391920E-05
2.199298E+04	1.519977E-04	2.362778E-05
2.203259E+04	1.499941E-04	2.333739E-05
2.207220E+04	1.480058E-04	2.304863E-05
2.211181E+04	1.460372E-04	2.276222E-05
2.215142E+04	1.440927E-04	2.247885E-05
2.219103E+04	1.421774E-04	2.219933E-05
2.223064E+04	1.402961E-04	2.192442E-05
2.227025E+04	1.384536E-04	2.165492E-05
2.230986E+04	1.366548E-04	2.139161E-05
2.234947E+04	1.349042E-04	2.113521E-05
2.238908E+04	1.332061E-04	2.088642E-05
2.242869E+04	1.315641E-04	2.064585E-05
2.246830E+04	1.299813E-04	2.041400E-05
2.250791E+04	1.284603E-04	2.019131E-05
2.254752E+04	1.270028E-04	1.997809E-05
2.258713E+04	1.256102E-04	1.977457E-05
2.262674E+04	1.242830E-04	1.958087E-05
2.266635E+04	1.230216E-04	1.939708E-05
2.270596E+04	1.218260E-04	1.922323E-05
2.274557E+04	1.206961E-04	1.905933E-05
2.278518E+04	1.196317E-04	1.890538E-05
2.282479E+04	1.186328E-04	1.876140E-05
2.286440E+04	1.176994E-04	1.862743E-05
2.290401E+04	1.168319E-04	1.850356E-05
2.294362E+04	1.160310E-04	1.838991E-05
2.298323E+04	1.152974E-04	1.828664E-05
2.302285E+04	1.146323E-04	1.819395E-05
2.306246E+04	1.140369E-04	1.811205E-05
2.310207E+04	1.135126E-04	1.804121E-05
2.314168E+04	1.130609E-04	1.798167E-05
2.318129E+04	1.126831E-04	1.793370E-05
2.322090E+04	1.123809E-04	1.789756E-05
2.326051E+04	1.121557E-04	1.787351E-05
2.330012E+04	1.120087E-04	1.786178E-05
2.333973E+04	1.119413E-04	1.786260E-05
2.337934E+04	1.119545E-04	1.787615E-05
2.341895E+04	1.120490E-04	1.790261E-05
2.345856E+04	1.122257E-04	1.794210E-05
2.349817E+04	1.124848E-04	1.799470E-05
2.353778E+04	1.128264E-04	1.806046E-05
2.357739E+04	1.132504E-04	1.813935E-05
2.361700E+04	1.137560E-04	1.823131E-05
2.365661E+04	1.143424E-04	1.833622E-05
2.369622E+04	1.150083E-04	1.845389E-05
2.373583E+04	1.157521E-04	1.858408E-05
2.377544E+04	1.165721E-04	1.872653E-05
2.381505E+04	1.174661E-04	1.888093E-05
2.385466E+04	1.184319E-04	1.904693E-05
2.389427E+04	1.194672E-04	1.922419E-05
2.393388E+04	1.205698E-04	1.941235E-05
2.397349E+04	1.217372E-04	1.961105E-05
2.401310E+04	1.229674E-04	1.981995E-05
2.405271E+04	1.242580E-04	2.003872E-05
2.409232E+04	1.256071E-04	2.026702E-05
2.413193E+04	1.270125E-04	2.050455E-05
2.417154E+04	1.284722E-04	2.075096E-05
2.421115E+04	1.299841E-04	2.100595E-05
2.425076E+04	1.315463E-04	2.126920E-05
