#wls	flux	fluxerr
3.257341E+03	1.561077E-04	2.272824E-05
3.296951E+03	1.505936E-04	2.188939E-05
3.336561E+03	1.454321E-04	2.110406E-05
3.376171E+03	1.406053E-04	2.036940E-05
3.415782E+03	1.360969E-04	1.968285E-05
3.455392E+03	1.318922E-04	1.904207E-05
3.495002E+03	1.279776E-04	1.844493E-05
3.534612E+03	1.243409E-04	1.788945E-05
3.574223E+03	1.209706E-04	1.737380E-05
3.613833E+03	1.178561E-04	1.689629E-05
3.653443E+03	1.149875E-04	1.645531E-05
3.693053E+03	1.123555E-04	1.604936E-05
3.732664E+03	1.099512E-04	1.567702E-05
3.772274E+03	1.077663E-04	1.533691E-05
3.811884E+03	1.057927E-04	1.502775E-05
3.851494E+03	1.040229E-04	1.474830E-05
3.891105E+03	1.024497E-04	1.449742E-05
3.930715E+03	1.010665E-04	1.427399E-05
3.970325E+03	9.986686E-05	1.407696E-05
4.009935E+03	9.884476E-05	1.390536E-05
4.049545E+03	9.799464E-05	1.375824E-05
4.089156E+03	9.731125E-05	1.363475E-05
4.128766E+03	9.678977E-05	1.353406E-05
4.168376E+03	9.642573E-05	1.345542E-05
4.207986E+03	9.621506E-05	1.339813E-05
4.247597E+03	9.615406E-05	1.336154E-05
4.287207E+03	9.623941E-05	1.334506E-05
4.326817E+03	9.646812E-05	1.334814E-05
4.366427E+03	9.683751E-05	1.337029E-05
4.406038E+03	9.734524E-05	1.341105E-05
4.445648E+03	9.798924E-05	1.347001E-05
4.485258E+03	9.876767E-05	1.354679E-05
4.524868E+03	9.967885E-05	1.364103E-05
4.564479E+03	1.007212E-04	1.375239E-05
4.604089E+03	1.018931E-04	1.388051E-05
4.643699E+03	1.031929E-04	1.402503E-05
4.683309E+03	1.046183E-04	1.418554E-05
4.722919E+03	1.061669E-04	1.436155E-05
4.762530E+03	1.078354E-04	1.455250E-05
4.802140E+03	1.096195E-04	1.475769E-05
4.841750E+03	1.115142E-04	1.497631E-05
4.881360E+03	1.135129E-04	1.520737E-05
4.920971E+03	1.156082E-04	1.544975E-05
4.960581E+03	1.177913E-04	1.570217E-05
5.000191E+03	1.200520E-04	1.596318E-05
5.039801E+03	1.223792E-04	1.623121E-05
5.079412E+03	1.247607E-04	1.650456E-05
5.119022E+03	1.271833E-04	1.678142E-05
5.158632E+03	1.296331E-04	1.705990E-05
5.198242E+03	1.320957E-04	1.733807E-05
5.237853E+03	1.345562E-04	1.761394E-05
5.277463E+03	1.369994E-04	1.788552E-05
5.317073E+03	1.394103E-04	1.815086E-05
5.356683E+03	1.417737E-04	1.840801E-05
5.396293E+03	1.440751E-04	1.865512E-05
5.435904E+03	1.463003E-04	1.889041E-05
5.475514E+03	1.484357E-04	1.911221E-05
5.515124E+03	1.504688E-04	1.931899E-05
5.554734E+03	1.523879E-04	1.950935E-05
5.594345E+03	1.541823E-04	1.968205E-05
5.633955E+03	1.558426E-04	1.983601E-05
5.673565E+03	1.573602E-04	1.997030E-05
5.713175E+03	1.587282E-04	2.008418E-05
5.752786E+03	1.599409E-04	2.017710E-05
5.792396E+03	1.609937E-04	2.024865E-05
5.832006E+03	1.618831E-04	2.029858E-05
5.871616E+03	1.626075E-04	2.032687E-05
5.911227E+03	1.631663E-04	2.033363E-05
5.950837E+03	1.635603E-04	2.031915E-05
5.990447E+03	1.637918E-04	2.028393E-05
6.030057E+03	1.638652E-04	2.022868E-05
6.069667E+03	1.637860E-04	2.015428E-05
6.109278E+03	1.635621E-04	2.006188E-05
6.148888E+03	1.632035E-04	1.995287E-05
6.188498E+03	1.627229E-04	1.982900E-05
6.228108E+03	1.621362E-04	1.969232E-05
6.267719E+03	1.614624E-04	1.954527E-05
6.307329E+03	1.607242E-04	1.939073E-05
6.346939E+03	1.599475E-04	1.923187E-05
6.386549E+03	1.591590E-04	1.907197E-05
6.426160E+03	1.583835E-04	1.891398E-05
6.465770E+03	1.576435E-04	1.876062E-05
6.505380E+03	1.569621E-04	1.861456E-05
6.544990E+03	1.563647E-04	1.847872E-05
6.584601E+03	1.558789E-04	1.835629E-05
6.624211E+03	1.555348E-04	1.825064E-05
6.663821E+03	1.553637E-04	1.816527E-05
6.703431E+03	1.553973E-04	1.810366E-05
6.743041E+03	1.556662E-04	1.806909E-05
6.782652E+03	1.561981E-04	1.806450E-05
6.822262E+03	1.570165E-04	1.809223E-05
6.861872E+03	1.581390E-04	1.815396E-05
6.901482E+03	1.595769E-04	1.825059E-05
6.941093E+03	1.613355E-04	1.838231E-05
6.980703E+03	1.634139E-04	1.854861E-05
7.020313E+03	1.658054E-04	1.874831E-05
7.059923E+03	1.684971E-04	1.897956E-05
7.099534E+03	1.714716E-04	1.924001E-05
7.139144E+03	1.747065E-04	1.952677E-05
7.178754E+03	1.781770E-04	1.983675E-05
7.218364E+03	1.818548E-04	2.016651E-05
7.257975E+03	1.857112E-04	2.051259E-05
7.297585E+03	1.897154E-04	2.087137E-05
7.337195E+03	1.938359E-04	2.123921E-05
7.376805E+03	1.980410E-04	2.161249E-05
7.416415E+03	2.022995E-04	2.198769E-05
7.456026E+03	2.065797E-04	2.236136E-05
7.495636E+03	2.108509E-04	2.273013E-05
7.535246E+03	2.150821E-04	2.309070E-05
7.574856E+03	2.192425E-04	2.343984E-05
7.614467E+03	2.233001E-04	2.377424E-05
7.654077E+03	2.272220E-04	2.409057E-05
7.693687E+03	2.309732E-04	2.438533E-05
7.733297E+03	2.345181E-04	2.465502E-05
7.772908E+03	2.378199E-04	2.489609E-05
7.812518E+03	2.408427E-04	2.510512E-05
7.852128E+03	2.435531E-04	2.527906E-05
7.891738E+03	2.459220E-04	2.541531E-05
7.931349E+03	2.479274E-04	2.551210E-05
7.970959E+03	2.495566E-04	2.556861E-05
8.010569E+03	2.508085E-04	2.558524E-05
8.050179E+03	2.516941E-04	2.556364E-05
8.089789E+03	2.522366E-04	2.550665E-05
8.129400E+03	2.524700E-04	2.541818E-05
8.169010E+03	2.524363E-04	2.530285E-05
8.208620E+03	2.521829E-04	2.516577E-05
8.248230E+03	2.517602E-04	2.501227E-05
8.287841E+03	2.512198E-04	2.484767E-05
8.327451E+03	2.506106E-04	2.467698E-05
8.367061E+03	2.499770E-04	2.450466E-05
8.406671E+03	2.493568E-04	2.433444E-05
8.446282E+03	2.487790E-04	2.416913E-05
8.485892E+03	2.482641E-04	2.401071E-05
8.525502E+03	2.478235E-04	2.386019E-05
8.565112E+03	2.474609E-04	2.371786E-05
8.604723E+03	2.471731E-04	2.358334E-05
8.644333E+03	2.469524E-04	2.345583E-05
8.683943E+03	2.467886E-04	2.333429E-05
8.723553E+03	2.466716E-04	2.321772E-05
8.763163E+03	2.465927E-04	2.310530E-05
8.802774E+03	2.465466E-04	2.299649E-05
8.842384E+03	2.465313E-04	2.289112E-05
8.881994E+03	2.465499E-04	2.278944E-05
8.921604E+03	2.466096E-04	2.269211E-05
8.961215E+03	2.467238E-04	2.260035E-05
9.000825E+03	2.469116E-04	2.251586E-05
9.040435E+03	2.471970E-04	2.244078E-05
9.080045E+03	2.476089E-04	2.237762E-05
9.119656E+03	2.481782E-04	2.232906E-05
9.159266E+03	2.489337E-04	2.229752E-05
9.198876E+03	2.499017E-04	2.228513E-05
9.238486E+03	2.511038E-04	2.229358E-05
9.278097E+03	2.525533E-04	2.232379E-05
9.317707E+03	2.542526E-04	2.237571E-05
9.357317E+03	2.561920E-04	2.244823E-05
9.396927E+03	2.583514E-04	2.253933E-05
9.436537E+03	2.607019E-04	2.264632E-05
9.476148E+03	2.632078E-04	2.276592E-05
9.515758E+03	2.658301E-04	2.289463E-05
9.555368E+03	2.685266E-04	2.302876E-05
9.594978E+03	2.712560E-04	2.316474E-05
9.634589E+03	2.739769E-04	2.329909E-05
9.674199E+03	2.766509E-04	2.342859E-05
9.713809E+03	2.792441E-04	2.355050E-05
9.753419E+03	2.817282E-04	2.366257E-05
9.793030E+03	2.840813E-04	2.376315E-05
9.832640E+03	2.862849E-04	2.385089E-05
9.872250E+03	2.883222E-04	2.392458E-05
9.911857E+03	2.901782E-04	2.398317E-05
9.951468E+03	2.918434E-04	2.402604E-05
9.991078E+03	2.933152E-04	2.405320E-05
1.003069E+04	2.946000E-04	2.406535E-05
1.007030E+04	2.957126E-04	2.406389E-05
1.010991E+04	2.966766E-04	2.405089E-05
1.014952E+04	2.975230E-04	2.402901E-05
1.018913E+04	2.982867E-04	2.400118E-05
1.022874E+04	2.990054E-04	2.397049E-05
1.026835E+04	2.997165E-04	2.393999E-05
1.030796E+04	3.004541E-04	2.391241E-05
1.034757E+04	3.012479E-04	2.389010E-05
1.038718E+04	3.021207E-04	2.387482E-05
1.042679E+04	3.030874E-04	2.386771E-05
1.046640E+04	3.041539E-04	2.386919E-05
1.050601E+04	3.053171E-04	2.387896E-05
1.054562E+04	3.065651E-04	2.389604E-05
1.058523E+04	3.078792E-04	2.391896E-05
1.062484E+04	3.092350E-04	2.394582E-05
1.066445E+04	3.106050E-04	2.397452E-05
1.070406E+04	3.119609E-04	2.400291E-05
1.074367E+04	3.132756E-04	2.402898E-05
1.078328E+04	3.145246E-04	2.405095E-05
1.082289E+04	3.156869E-04	2.406731E-05
1.086250E+04	3.167463E-04	2.407696E-05
1.090211E+04	3.176918E-04	2.407920E-05
1.094172E+04	3.185172E-04	2.407371E-05
1.098133E+04	3.192216E-04	2.406055E-05
1.102094E+04	3.198071E-04	2.404003E-05
1.106055E+04	3.202808E-04	2.401284E-05
1.110016E+04	3.206524E-04	2.397983E-05
1.113977E+04	3.209359E-04	2.394217E-05
1.117938E+04	3.211476E-04	2.390121E-05
1.121900E+04	3.213080E-04	2.385858E-05
1.125861E+04	3.214405E-04	2.381613E-05
1.129822E+04	3.215713E-04	2.377589E-05
1.133783E+04	3.217292E-04	2.374007E-05
1.137744E+04	3.219440E-04	2.371094E-05
1.141705E+04	3.222463E-04	2.369083E-05
1.145666E+04	3.226674E-04	2.368208E-05
1.149627E+04	3.232378E-04	2.368701E-05
1.153588E+04	3.239888E-04	2.370796E-05
1.157549E+04	3.249503E-04	2.374718E-05
1.161510E+04	3.261523E-04	2.380692E-05
1.165471E+04	3.276228E-04	2.388931E-05
1.169432E+04	3.293870E-04	2.399627E-05
1.173393E+04	3.314659E-04	2.412943E-05
1.177354E+04	3.338745E-04	2.429001E-05
1.181315E+04	3.366185E-04	2.447858E-05
1.185276E+04	3.396942E-04	2.469504E-05
1.189237E+04	3.430846E-04	2.493837E-05
1.193198E+04	3.467586E-04	2.520651E-05
1.197159E+04	3.506688E-04	2.549630E-05
1.201120E+04	3.547481E-04	2.580314E-05
1.205081E+04	3.589086E-04	2.612092E-05
1.209042E+04	3.630393E-04	2.644186E-05
1.213003E+04	3.670035E-04	2.675627E-05
1.216964E+04	3.706391E-04	2.705260E-05
1.220925E+04	3.737587E-04	2.731733E-05
1.224886E+04	3.761533E-04	2.753527E-05
1.228847E+04	3.776022E-04	2.769022E-05
1.232808E+04	3.778982E-04	2.776676E-05
1.236769E+04	3.769005E-04	2.775404E-05
1.240730E+04	3.746294E-04	2.765274E-05
1.244691E+04	3.712274E-04	2.747248E-05
1.248652E+04	3.668793E-04	2.722603E-05
1.252613E+04	3.617801E-04	2.692700E-05
1.256574E+04	3.561218E-04	2.658885E-05
1.260535E+04	3.500863E-04	2.622444E-05
1.264496E+04	3.438429E-04	2.584584E-05
1.268457E+04	3.375468E-04	2.546422E-05
1.272418E+04	3.313383E-04	2.508978E-05
1.276379E+04	3.253424E-04	2.473174E-05
1.280340E+04	3.196681E-04	2.439828E-05
1.284301E+04	3.144090E-04	2.409653E-05
1.288262E+04	3.096426E-04	2.383256E-05
1.292224E+04	3.054310E-04	2.361139E-05
1.296185E+04	3.018207E-04	2.343694E-05
1.300146E+04	2.988428E-04	2.331205E-05
1.304107E+04	2.965142E-04	2.323851E-05
1.308068E+04	2.948371E-04	2.321704E-05
1.312029E+04	2.938013E-04	2.324741E-05
1.315990E+04	2.933832E-04	2.332833E-05
1.319951E+04	2.935475E-04	2.345759E-05
1.323912E+04	2.942475E-04	2.363204E-05
1.327873E+04	2.954266E-04	2.384766E-05
1.331834E+04	2.970191E-04	2.409964E-05
1.335795E+04	2.989529E-04	2.438254E-05
1.339756E+04	3.011495E-04	2.469029E-05
1.343717E+04	3.035282E-04	2.501652E-05
1.347678E+04	3.060073E-04	2.535465E-05
1.351639E+04	3.085075E-04	2.569813E-05
1.355600E+04	3.109533E-04	2.604063E-05
1.359561E+04	3.132760E-04	2.637624E-05
1.363522E+04	3.154137E-04	2.669948E-05
1.367483E+04	3.173131E-04	2.700551E-05
1.371444E+04	3.189305E-04	2.729021E-05
1.375405E+04	3.202315E-04	2.755016E-05
1.379366E+04	3.211922E-04	2.778279E-05
1.383327E+04	3.217979E-04	2.798627E-05
1.387288E+04	3.220440E-04	2.815966E-05
1.391249E+04	3.219354E-04	2.830279E-05
1.395210E+04	3.214842E-04	2.841615E-05
1.399171E+04	3.207100E-04	2.850095E-05
1.403132E+04	3.196376E-04	2.855888E-05
1.407093E+04	3.182961E-04	2.859203E-05
1.411054E+04	3.167179E-04	2.860291E-05
1.415015E+04	3.149386E-04	2.859433E-05
1.418976E+04	3.129954E-04	2.856935E-05
1.422937E+04	3.109277E-04	2.853128E-05
1.426898E+04	3.087761E-04	2.848366E-05
1.430859E+04	3.065819E-04	2.843012E-05
1.434820E+04	3.043859E-04	2.837439E-05
1.438781E+04	3.022272E-04	2.832005E-05
1.442742E+04	3.001424E-04	2.827060E-05
1.446703E+04	2.981644E-04	2.822921E-05
1.450664E+04	2.963218E-04	2.819872E-05
1.454625E+04	2.946391E-04	2.818165E-05
1.458587E+04	2.931362E-04	2.818012E-05
1.462548E+04	2.918285E-04	2.819585E-05
1.466509E+04	2.907278E-04	2.823024E-05
1.470470E+04	2.898422E-04	2.828436E-05
1.474431E+04	2.891774E-04	2.835905E-05
1.478392E+04	2.887361E-04	2.845491E-05
1.482353E+04	2.885188E-04	2.857225E-05
1.486314E+04	2.885231E-04	2.871116E-05
1.490275E+04	2.887435E-04	2.887139E-05
1.494236E+04	2.891734E-04	2.905256E-05
1.498197E+04	2.898031E-04	2.925399E-05
1.502158E+04	2.906221E-04	2.947486E-05
1.506119E+04	2.916167E-04	2.971405E-05
1.510080E+04	2.927712E-04	2.997018E-05
1.514041E+04	2.940665E-04	3.024148E-05
1.518002E+04	2.954808E-04	3.052590E-05
1.521963E+04	2.969891E-04	3.082100E-05
1.525924E+04	2.985645E-04	3.112408E-05
1.529885E+04	3.001778E-04	3.143217E-05
1.533846E+04	3.017978E-04	3.174202E-05
1.537807E+04	3.033911E-04	3.205011E-05
1.541768E+04	3.049223E-04	3.235261E-05
1.545729E+04	3.063544E-04	3.264552E-05
1.549690E+04	3.076493E-04	3.292458E-05
1.553651E+04	3.087680E-04	3.318541E-05
1.557612E+04	3.096722E-04	3.342363E-05
1.561573E+04	3.103257E-04	3.363502E-05
1.565534E+04	3.106957E-04	3.381566E-05
1.569495E+04	3.107551E-04	3.396221E-05
1.573456E+04	3.104822E-04	3.407185E-05
1.577417E+04	3.098624E-04	3.414255E-05
1.581378E+04	3.088877E-04	3.417295E-05
1.585339E+04	3.075558E-04	3.416232E-05
1.589300E+04	3.058698E-04	3.411056E-05
1.593261E+04	3.038382E-04	3.401813E-05
1.597222E+04	3.014735E-04	3.388603E-05
1.601183E+04	2.987924E-04	3.371569E-05
1.605144E+04	2.958146E-04	3.350894E-05
1.609105E+04	2.925640E-04	3.326809E-05
1.613066E+04	2.890703E-04	3.299620E-05
1.617027E+04	2.853717E-04	3.269733E-05
1.620988E+04	2.815083E-04	3.237584E-05
1.624949E+04	2.775198E-04	3.203611E-05
1.628911E+04	2.734441E-04	3.168236E-05
1.632872E+04	2.693165E-04	3.131862E-05
1.636833E+04	2.651692E-04	3.094857E-05
1.640794E+04	2.610304E-04	3.057554E-05
1.644755E+04	2.569250E-04	3.020244E-05
1.648716E+04	2.528744E-04	2.983188E-05
1.652677E+04	2.488964E-04	2.946604E-05
1.656638E+04	2.450070E-04	2.910694E-05
1.660599E+04	2.412202E-04	2.875637E-05
1.664560E+04	2.375483E-04	2.841594E-05
1.668521E+04	2.340017E-04	2.808706E-05
1.672482E+04	2.305881E-04	2.777083E-05
1.676443E+04	2.273128E-04	2.746807E-05
1.680404E+04	2.241795E-04	2.717940E-05
1.684365E+04	2.211894E-04	2.690515E-05
1.688326E+04	2.183432E-04	2.664562E-05
1.692287E+04	2.156415E-04	2.640103E-05
1.696248E+04	2.130851E-04	2.617170E-05
1.700209E+04	2.106761E-04	2.595806E-05
1.704170E+04	2.084181E-04	2.576072E-05
1.708131E+04	2.063155E-04	2.558045E-05
1.712092E+04	2.043750E-04	2.541824E-05
1.716053E+04	2.026047E-04	2.527532E-05
1.720014E+04	2.010135E-04	2.515300E-05
1.723975E+04	1.996121E-04	2.505284E-05
1.727936E+04	1.984117E-04	2.497647E-05
1.731897E+04	1.974241E-04	2.492560E-05
1.735858E+04	1.966609E-04	2.490196E-05
1.739819E+04	1.961338E-04	2.490727E-05
1.743780E+04	1.958539E-04	2.494323E-05
1.747741E+04	1.958323E-04	2.501150E-05
1.751702E+04	1.960796E-04	2.511374E-05
1.755663E+04	1.966058E-04	2.525152E-05
1.759624E+04	1.974204E-04	2.542634E-05
1.763585E+04	1.985312E-04	2.563953E-05
1.767546E+04	1.999446E-04	2.589222E-05
1.771507E+04	2.016632E-04	2.618503E-05
1.775468E+04	2.036857E-04	2.651814E-05
1.779429E+04	2.060055E-04	2.689095E-05
1.783390E+04	2.086089E-04	2.730199E-05
1.787351E+04	2.114742E-04	2.774865E-05
1.791312E+04	2.145708E-04	2.822717E-05
1.795274E+04	2.178589E-04	2.873252E-05
1.799235E+04	2.212900E-04	2.925844E-05
1.803196E+04	2.248059E-04	2.979734E-05
1.807157E+04	2.283413E-04	3.034060E-05
1.811118E+04	2.318246E-04	3.087867E-05
1.815079E+04	2.351808E-04	3.140149E-05
1.819040E+04	2.383338E-04	3.189870E-05
1.823001E+04	2.412109E-04	3.236033E-05
1.826962E+04	2.437446E-04	3.277703E-05
1.830923E+04	2.458768E-04	3.314064E-05
1.834884E+04	2.475604E-04	3.344438E-05
1.838845E+04	2.487605E-04	3.368311E-05
1.842806E+04	2.494556E-04	3.385347E-05
1.846767E+04	2.496374E-04	3.395383E-05
1.850728E+04	2.493104E-04	3.398438E-05
1.854689E+04	2.484927E-04	3.394711E-05
1.858650E+04	2.472139E-04	3.384564E-05
1.862611E+04	2.455142E-04	3.368510E-05
1.866572E+04	2.434418E-04	3.347177E-05
1.870533E+04	2.410507E-04	3.321274E-05
1.874494E+04	2.383974E-04	3.291558E-05
1.878455E+04	2.355391E-04	3.258801E-05
1.882416E+04	2.325333E-04	3.223782E-05
1.886377E+04	2.294364E-04	3.187275E-05
1.890338E+04	2.263027E-04	3.150032E-05
1.894299E+04	2.231838E-04	3.112771E-05
1.898260E+04	2.201273E-04	3.076161E-05
1.902221E+04	2.171749E-04	3.040794E-05
1.906182E+04	2.143628E-04	3.007186E-05
1.910143E+04	2.117200E-04	2.975760E-05
1.914104E+04	2.092686E-04	2.946842E-05
1.918065E+04	2.070243E-04	2.920672E-05
1.922026E+04	2.049965E-04	2.897399E-05
1.925987E+04	2.031897E-04	2.877106E-05
1.929948E+04	2.016051E-04	2.859828E-05
1.933909E+04	2.002411E-04	2.845563E-05
1.937870E+04	1.990944E-04	2.834278E-05
1.941831E+04	1.981606E-04	2.825930E-05
1.945792E+04	1.974332E-04	2.820444E-05
1.949753E+04	1.969053E-04	2.817734E-05
1.953714E+04	1.965679E-04	2.817688E-05
1.957675E+04	1.964106E-04	2.820174E-05
1.961636E+04	1.964211E-04	2.825024E-05
1.965598E+04	1.965857E-04	2.832054E-05
1.969559E+04	1.968889E-04	2.841053E-05
1.973520E+04	1.973138E-04	2.851785E-05
1.977481E+04	1.978428E-04	2.864006E-05
1.981442E+04	1.984575E-04	2.877453E-05
1.985403E+04	1.991394E-04	2.891867E-05
1.989364E+04	1.998707E-04	2.906990E-05
1.993325E+04	2.006339E-04	2.922574E-05
1.997286E+04	2.014129E-04	2.938383E-05
2.001247E+04	2.021924E-04	2.954195E-05
2.005208E+04	2.029576E-04	2.969795E-05
2.009169E+04	2.036956E-04	2.984991E-05
2.013130E+04	2.043940E-04	2.999599E-05
2.017091E+04	2.050413E-04	3.013451E-05
2.021052E+04	2.056272E-04	3.026388E-05
2.025013E+04	2.061425E-04	3.038271E-05
2.028974E+04	2.065789E-04	3.048974E-05
2.032935E+04	2.069291E-04	3.058385E-05
2.036896E+04	2.071860E-04	3.066394E-05
2.040857E+04	2.073438E-04	3.072908E-05
2.044818E+04	2.073969E-04	3.077839E-05
2.048779E+04	2.073406E-04	3.081110E-05
2.052740E+04	2.071707E-04	3.082654E-05
2.056701E+04	2.068833E-04	3.082406E-05
2.060662E+04	2.064753E-04	3.080314E-05
2.064623E+04	2.059445E-04	3.076338E-05
2.068584E+04	2.052892E-04	3.070446E-05
2.072545E+04	2.045088E-04	3.062622E-05
2.076506E+04	2.036040E-04	3.052872E-05
2.080467E+04	2.025760E-04	3.041207E-05
2.084428E+04	2.014274E-04	3.027658E-05
2.088389E+04	2.001616E-04	3.012273E-05
2.092350E+04	1.987840E-04	2.995128E-05
2.096311E+04	1.973016E-04	2.976322E-05
2.100272E+04	1.957226E-04	2.955974E-05
2.104233E+04	1.940567E-04	2.934228E-05
2.108194E+04	1.923154E-04	2.911254E-05
2.112155E+04	1.905105E-04	2.887228E-05
2.116116E+04	1.886554E-04	2.862351E-05
2.120077E+04	1.867638E-04	2.836828E-05
2.124038E+04	1.848493E-04	2.810868E-05
2.127999E+04	1.829239E-04	2.784649E-05
2.131961E+04	1.809956E-04	2.758298E-05
2.135922E+04	1.790667E-04	2.731848E-05
2.139883E+04	1.771370E-04	2.705299E-05
2.143844E+04	1.752046E-04	2.678621E-05
2.147805E+04	1.732674E-04	2.651783E-05
2.151766E+04	1.713226E-04	2.624743E-05
2.155727E+04	1.693686E-04	2.597478E-05
2.159688E+04	1.674042E-04	2.569968E-05
2.163649E+04	1.654292E-04	2.542211E-05
2.167610E+04	1.634444E-04	2.514222E-05
2.171571E+04	1.614517E-04	2.486028E-05
2.175532E+04	1.594538E-04	2.457672E-05
2.179493E+04	1.574535E-04	2.429198E-05
2.183454E+04	1.554538E-04	2.400654E-05
2.187415E+04	1.534578E-04	2.372087E-05
2.191376E+04	1.514684E-04	2.343545E-05
2.195337E+04	1.494882E-04	2.315067E-05
2.199298E+04	1.475201E-04	2.286702E-05
2.203259E+04	1.455668E-04	2.258491E-05
2.207220E+04	1.436319E-04	2.230492E-05
2.211181E+04	1.417187E-04	2.202757E-05
2.215142E+04	1.398313E-04	2.175354E-05
2.219103E+04	1.379740E-04	2.148351E-05
2.223064E+04	1.361512E-04	2.121817E-05
2.227025E+04	1.343673E-04	2.095825E-05
2.230986E+04	1.326267E-04	2.070444E-05
2.234947E+04	1.309335E-04	2.045741E-05
2.238908E+04	1.292916E-04	2.021782E-05
2.242869E+04	1.277048E-04	1.998625E-05
2.246830E+04	1.261760E-04	1.976322E-05
2.250791E+04	1.247077E-04	1.954912E-05
2.254752E+04	1.233016E-04	1.934427E-05
2.258713E+04	1.219590E-04	1.914889E-05
2.262674E+04	1.206806E-04	1.896312E-05
2.266635E+04	1.194667E-04	1.878705E-05
2.270596E+04	1.183174E-04	1.862070E-05
2.274557E+04	1.172326E-04	1.846410E-05
2.278518E+04	1.162122E-04	1.831726E-05
2.282479E+04	1.152561E-04	1.818019E-05
2.286440E+04	1.143646E-04	1.805298E-05
2.290401E+04	1.135384E-04	1.793573E-05
2.294362E+04	1.127781E-04	1.782860E-05
2.298323E+04	1.120848E-04	1.773176E-05
2.302285E+04	1.114596E-04	1.764544E-05
2.306246E+04	1.109040E-04	1.756986E-05
2.310207E+04	1.104192E-04	1.750528E-05
2.314168E+04	1.100065E-04	1.745192E-05
2.318129E+04	1.096673E-04	1.741002E-05
2.322090E+04	1.094028E-04	1.737978E-05
2.326051E+04	1.092139E-04	1.736141E-05
2.330012E+04	1.091017E-04	1.735508E-05
2.333973E+04	1.090672E-04	1.736098E-05
2.337934E+04	1.091111E-04	1.737926E-05
2.341895E+04	1.092341E-04	1.741004E-05
2.345856E+04	1.094366E-04	1.745342E-05
2.349817E+04	1.097190E-04	1.750948E-05
2.353778E+04	1.100812E-04	1.757823E-05
2.357739E+04	1.105229E-04	1.765965E-05
2.361700E+04	1.110434E-04	1.775364E-05
2.365661E+04	1.116416E-04	1.786007E-05
2.369622E+04	1.123163E-04	1.797874E-05
2.373583E+04	1.130656E-04	1.810938E-05
2.377544E+04	1.138876E-04	1.825172E-05
2.381505E+04	1.147802E-04	1.840543E-05
2.385466E+04	1.157411E-04	1.857014E-05
2.389427E+04	1.167678E-04	1.874550E-05
2.393388E+04	1.178581E-04	1.893113E-05
2.397349E+04	1.190095E-04	1.912669E-05
2.401310E+04	1.202199E-04	1.933183E-05
2.405271E+04	1.214872E-04	1.954623E-05
2.409232E+04	1.228093E-04	1.976956E-05
2.413193E+04	1.241840E-04	2.000149E-05
2.417154E+04	1.256094E-04	2.024171E-05
2.421115E+04	1.270835E-04	2.048992E-05
2.425076E+04	1.286046E-04	2.074583E-05
