#wls	flux	fluxerr
3.257341E+03	2.768407E-04	2.506740E-05
3.332545E+03	2.595492E-04	2.294622E-05
3.409486E+03	2.456544E-04	2.117783E-05
3.488202E+03	2.356590E-04	1.978518E-05
3.568737E+03	2.300950E-04	1.878792E-05
3.651131E+03	2.296630E-04	1.821304E-05
3.735426E+03	2.353768E-04	1.810398E-05
3.821669E+03	2.485834E-04	1.851841E-05
3.909902E+03	2.700100E-04	1.945505E-05
4.000172E+03	2.994021E-04	2.083586E-05
4.092527E+03	3.362188E-04	2.256600E-05
4.187014E+03	3.798020E-04	2.454906E-05
4.283682E+03	4.292567E-04	2.668222E-05
4.382582E+03	4.831237E-04	2.884085E-05
4.483766E+03	5.388932E-04	3.085916E-05
4.587285E+03	5.928171E-04	3.253331E-05
4.693195E+03	6.429669E-04	3.379556E-05
4.801549E+03	6.909111E-04	3.477629E-05
4.912406E+03	7.378697E-04	3.557663E-05
5.025822E+03	7.800946E-04	3.605499E-05
5.141856E+03	8.155580E-04	3.615955E-05
5.260569E+03	8.458612E-04	3.600444E-05
5.382023E+03	8.732461E-04	3.572166E-05
5.506281E+03	8.996527E-04	3.541934E-05
5.633408E+03	9.315908E-04	3.536460E-05
5.763470E+03	9.749276E-04	3.575987E-05
5.896535E+03	1.033491E-03	3.671094E-05
6.032673E+03	1.106011E-03	3.816324E-05
6.171952E+03	1.183052E-03	3.984109E-05
6.314448E+03	1.254912E-03	4.153655E-05
6.460234E+03	1.318332E-03	4.319159E-05
6.609386E+03	1.380270E-03	4.495431E-05
6.761980E+03	1.446333E-03	4.684095E-05
6.918099E+03	1.501411E-03	4.820208E-05
7.077821E+03	1.525757E-03	4.832270E-05
7.241231E+03	1.513877E-03	4.709120E-05
7.408414E+03	1.474177E-03	4.499090E-05
7.579457E+03	1.442775E-03	4.344758E-05
7.754448E+03	1.448218E-03	4.358475E-05
7.933481E+03	1.425783E-03	4.332865E-05
8.116646E+03	1.361721E-03	4.180932E-05
8.304040E+03	1.275070E-03	3.923985E-05
8.495761E+03	1.186980E-03	3.613612E-05
8.691908E+03	1.117385E-03	3.318178E-05
8.892583E+03	1.094450E-03	3.139702E-05
9.097892E+03	1.143477E-03	3.174739E-05
9.307941E+03	1.257394E-03	3.427067E-05
9.522839E+03	1.413996E-03	3.833962E-05
9.742699E+03	1.595094E-03	4.358191E-05
9.967638E+03	1.778493E-03	4.998645E-05
1.019776E+04	1.898816E-03	5.633481E-05
1.043321E+04	1.917464E-03	6.101160E-05
1.067409E+04	1.872234E-03	6.329817E-05
1.092052E+04	1.783180E-03	6.239371E-05
1.117265E+04	1.661518E-03	5.803747E-05
1.143060E+04	1.525908E-03	5.102486E-05
1.169451E+04	1.397499E-03	4.287959E-05
1.196451E+04	1.286576E-03	3.540966E-05
1.224074E+04	1.187808E-03	3.099127E-05
1.252335E+04	1.100882E-03	3.179137E-05
1.281249E+04	1.036701E-03	3.620017E-05
1.310829E+04	1.003347E-03	4.193077E-05
1.341094E+04	9.974051E-04	4.785120E-05
1.372056E+04	1.006529E-03	5.296501E-05
1.403733E+04	1.019376E-03	5.628799E-05
1.436142E+04	1.027594E-03	5.698528E-05
1.469299E+04	1.026285E-03	5.459137E-05
1.503222E+04	1.009554E-03	4.899722E-05
1.537928E+04	9.680211E-04	4.072759E-05
1.573435E+04	9.000152E-04	3.207735E-05
1.609762E+04	8.232699E-04	2.766466E-05
1.646927E+04	7.602374E-04	2.991413E-05
1.684951E+04	7.149062E-04	3.506582E-05
1.723852E+04	6.848020E-04	4.038045E-05
1.763653E+04	6.697328E-04	4.505329E-05
1.804371E+04	6.678718E-04	4.877239E-05
1.846029E+04	6.727518E-04	5.090478E-05
1.888650E+04	6.763450E-04	5.058577E-05
1.932255E+04	6.710489E-04	4.705764E-05
1.976866E+04	6.506872E-04	4.005538E-05
2.022507E+04	6.114809E-04	3.024844E-05
2.069202E+04	5.552057E-04	2.004103E-05
2.116975E+04	4.916244E-04	1.524502E-05
2.165851E+04	4.346968E-04	1.888575E-05
2.215855E+04	3.856061E-04	2.397806E-05
2.267014E+04	3.406958E-04	2.752809E-05
2.319354E+04	3.000461E-04	2.929040E-05
2.372903E+04	2.638691E-04	2.960892E-05
2.427687E+04	2.319168E-04	2.888383E-05
