#wls	flux	fluxerr
3.257341E+03	5.181201E-04	3.296689E-05
3.332545E+03	4.688151E-04	2.943854E-05
3.409486E+03	4.266683E-04	2.642288E-05
3.488202E+03	3.920866E-04	2.392991E-05
3.568737E+03	3.653111E-04	2.195690E-05
3.651131E+03	3.465857E-04	2.049908E-05
3.735426E+03	3.362442E-04	1.955456E-05
3.821669E+03	3.345478E-04	1.911452E-05
3.909902E+03	3.409063E-04	1.911992E-05
4.000172E+03	3.538050E-04	1.946205E-05
4.092527E+03	3.715550E-04	2.002844E-05
4.187014E+03	3.927222E-04	2.072710E-05
4.283682E+03	4.161367E-04	2.148618E-05
4.382582E+03	4.403034E-04	2.222320E-05
4.483766E+03	4.633832E-04	2.284655E-05
4.587285E+03	4.833311E-04	2.326442E-05
4.693195E+03	4.999065E-04	2.348049E-05
4.801549E+03	5.150876E-04	2.360147E-05
4.912406E+03	5.301568E-04	2.369367E-05
5.025822E+03	5.433148E-04	2.367986E-05
5.141856E+03	5.531688E-04	2.350559E-05
5.260569E+03	5.602352E-04	2.320095E-05
5.382023E+03	5.654441E-04	2.281036E-05
5.506281E+03	5.702642E-04	2.239581E-05
5.633408E+03	5.793945E-04	2.213732E-05
5.763470E+03	5.975126E-04	2.219562E-05
5.896535E+03	6.276651E-04	2.265510E-05
6.032673E+03	6.694650E-04	2.347091E-05
6.171952E+03	7.170494E-04	2.441949E-05
6.314448E+03	7.629843E-04	2.525611E-05
6.460234E+03	8.036554E-04	2.588313E-05
6.609386E+03	8.455347E-04	2.652084E-05
6.761980E+03	8.960328E-04	2.738661E-05
6.918099E+03	9.484750E-04	2.825628E-05
7.077821E+03	9.901655E-04	2.875933E-05
7.241231E+03	1.014663E-03	2.875243E-05
7.408414E+03	1.024225E-03	2.836623E-05
7.579457E+03	1.040035E-03	2.825428E-05
7.754448E+03	1.078369E-03	2.890147E-05
7.933481E+03	1.095148E-03	2.911781E-05
8.116646E+03	1.077887E-03	2.852083E-05
8.304040E+03	1.038782E-03	2.737291E-05
8.495761E+03	9.932719E-04	2.604067E-05
8.691908E+03	9.571597E-04	2.493208E-05
8.892583E+03	9.532976E-04	2.466847E-05
9.097892E+03	9.979682E-04	2.573137E-05
9.307941E+03	1.082486E-03	2.798727E-05
9.522839E+03	1.191209E-03	3.108325E-05
9.742699E+03	1.310052E-03	3.471438E-05
9.967638E+03	1.423480E-03	3.857066E-05
1.019776E+04	1.488783E-03	4.152816E-05
1.043321E+04	1.486673E-03	4.285267E-05
1.067409E+04	1.448821E-03	4.306390E-05
1.092052E+04	1.387855E-03	4.226176E-05
1.117265E+04	1.307901E-03	4.044535E-05
1.143060E+04	1.221283E-03	3.801803E-05
1.169451E+04	1.141361E-03	3.555007E-05
1.196451E+04	1.073764E-03	3.346530E-05
1.224074E+04	1.012681E-03	3.189477E-05
1.252335E+04	9.531033E-04	3.093947E-05
1.281249E+04	9.039787E-04	3.073897E-05
1.310829E+04	8.779976E-04	3.140264E-05
1.341094E+04	8.740088E-04	3.269546E-05
1.372056E+04	8.819613E-04	3.409558E-05
1.403733E+04	8.921795E-04	3.508220E-05
1.436142E+04	8.975117E-04	3.525805E-05
1.469299E+04	8.943617E-04	3.445723E-05
1.503222E+04	8.788776E-04	3.266173E-05
1.537928E+04	8.418932E-04	2.989073E-05
1.573435E+04	7.815588E-04	2.669833E-05
1.609762E+04	7.126539E-04	2.428353E-05
1.646927E+04	6.532696E-04	2.341845E-05
1.684951E+04	6.100900E-04	2.367249E-05
1.723852E+04	5.826683E-04	2.450101E-05
1.763653E+04	5.711853E-04	2.565742E-05
1.804371E+04	5.743415E-04	2.696812E-05
1.846029E+04	5.870216E-04	2.809311E-05
1.888650E+04	6.023685E-04	2.857978E-05
1.932255E+04	6.130520E-04	2.798978E-05
1.976866E+04	6.117377E-04	2.605864E-05
2.022507E+04	5.918081E-04	2.291276E-05
2.069202E+04	5.515621E-04	1.939671E-05
2.116975E+04	4.977607E-04	1.705080E-05
2.165851E+04	4.418272E-04	1.671435E-05
2.215855E+04	3.879418E-04	1.716993E-05
2.267014E+04	3.372897E-04	1.740457E-05
2.319354E+04	2.917441E-04	1.715332E-05
2.372903E+04	2.518107E-04	1.645850E-05
2.427687E+04	2.171665E-04	1.544248E-05
