#wls	flux	fluxerr
3.257341E+03	8.155221E-05	1.060006E-05
3.332545E+03	7.108194E-05	9.220170E-06
3.409486E+03	6.133252E-05	7.938255E-06
3.488202E+03	5.263083E-05	6.796302E-06
3.568737E+03	4.521482E-05	5.824400E-06
3.651131E+03	3.915322E-05	5.030499E-06
3.735426E+03	3.434371E-05	4.400427E-06
3.821669E+03	3.059932E-05	3.909210E-06
3.909902E+03	2.771499E-05	3.529733E-06
4.000172E+03	2.549352E-05	3.236093E-06
4.092527E+03	2.376794E-05	3.006457E-06
4.187014E+03	2.242443E-05	2.825909E-06
4.283682E+03	2.138288E-05	2.683924E-06
4.382582E+03	2.057642E-05	2.571738E-06
4.483766E+03	1.993090E-05	2.479786E-06
4.587285E+03	1.938185E-05	2.399832E-06
4.693195E+03	1.889556E-05	2.327565E-06
4.801549E+03	1.845824E-05	2.261188E-06
4.912406E+03	1.806798E-05	2.200374E-06
5.025822E+03	1.774142E-05	2.147039E-06
5.141856E+03	1.751320E-05	2.105199E-06
5.260569E+03	1.746303E-05	2.084114E-06
5.382023E+03	1.772604E-05	2.099286E-06
5.506281E+03	1.845381E-05	2.167570E-06
5.633408E+03	1.967546E-05	2.290834E-06
5.763470E+03	2.124329E-05	2.450252E-06
5.896535E+03	2.293370E-05	2.618832E-06
6.032673E+03	2.444722E-05	2.761957E-06
6.171952E+03	2.542535E-05	2.839913E-06
6.314448E+03	2.565026E-05	2.830522E-06
6.460234E+03	2.538896E-05	2.765889E-06
6.609386E+03	2.533897E-05	2.723140E-06
6.761980E+03	2.594831E-05	2.748921E-06
6.918099E+03	2.733822E-05	2.852927E-06
7.077821E+03	2.942477E-05	3.022895E-06
7.241231E+03	3.202365E-05	3.236956E-06
7.408414E+03	3.493457E-05	3.473038E-06
7.579457E+03	3.795366E-05	3.710403E-06
7.754448E+03	4.090607E-05	3.932948E-06
7.933481E+03	4.384932E-05	4.148272E-06
8.116646E+03	4.690917E-05	4.370488E-06
8.304040E+03	4.992953E-05	4.586256E-06
8.495761E+03	5.283710E-05	4.789895E-06
8.691908E+03	5.536768E-05	4.958909E-06
8.892583E+03	5.710010E-05	5.057951E-06
9.097892E+03	5.873782E-05	5.151607E-06
9.307941E+03	6.236252E-05	5.419582E-06
9.522839E+03	6.810403E-05	5.864852E-06
9.742699E+03	7.541552E-05	6.431217E-06
9.967638E+03	8.409801E-05	7.091862E-06
1.019776E+04	9.206891E-05	7.661857E-06
1.043321E+04	9.710127E-05	7.953307E-06
1.067409E+04	9.938649E-05	7.987755E-06
1.092052E+04	9.984237E-05	7.848422E-06
1.117265E+04	9.894335E-05	7.584161E-06
1.143060E+04	9.681730E-05	7.220325E-06
1.169451E+04	9.373958E-05	6.797819E-06
1.196451E+04	9.012451E-05	6.370161E-06
1.224074E+04	8.655256E-05	6.002619E-06
1.252335E+04	8.406563E-05	5.788272E-06
1.281249E+04	8.341787E-05	5.771211E-06
1.310829E+04	8.434100E-05	5.905409E-06
1.341094E+04	8.640522E-05	6.135823E-06
1.372056E+04	8.851782E-05	6.360980E-06
1.403733E+04	8.965727E-05	6.484641E-06
1.436142E+04	8.977335E-05	6.486800E-06
1.469299E+04	8.954616E-05	6.411746E-06
1.503222E+04	8.949528E-05	6.304160E-06
1.537928E+04	8.929577E-05	6.163158E-06
1.573435E+04	8.789268E-05	5.958785E-06
1.609762E+04	8.482741E-05	5.722230E-06
1.646927E+04	8.189114E-05	5.619089E-06
1.684951E+04	8.071132E-05	5.717065E-06
1.723852E+04	8.141307E-05	5.969169E-06
1.763653E+04	8.409136E-05	6.338288E-06
1.804371E+04	8.901263E-05	6.803585E-06
1.846029E+04	9.626015E-05	7.322405E-06
1.888650E+04	1.055963E-04	7.810199E-06
1.932255E+04	1.164986E-04	8.145759E-06
1.976866E+04	1.276410E-04	8.161218E-06
2.022507E+04	1.362812E-04	7.686627E-06
2.069202E+04	1.392817E-04	6.776227E-06
2.116975E+04	1.359803E-04	5.997506E-06
2.165851E+04	1.297694E-04	6.169334E-06
2.215855E+04	1.231343E-04	7.053551E-06
2.267014E+04	1.163890E-04	8.042876E-06
2.319354E+04	1.097258E-04	8.862928E-06
2.372903E+04	1.029955E-04	9.412033E-06
2.427687E+04	9.591341E-05	9.650303E-06
