#wls	flux	fluxerr
3.257341E+03	2.819650E-05	8.902996E-07
3.332545E+03	2.444557E-05	7.718074E-07
3.409486E+03	2.123927E-05	6.705242E-07
3.488202E+03	1.855414E-05	5.857061E-07
3.568737E+03	1.635908E-05	5.163686E-07
3.651131E+03	1.461207E-05	4.611820E-07
3.735426E+03	1.326158E-05	4.185169E-07
3.821669E+03	1.225104E-05	3.865852E-07
3.909902E+03	1.152421E-05	3.636096E-07
4.000172E+03	1.102895E-05	3.479424E-07
4.092527E+03	1.072002E-05	3.381538E-07
4.187014E+03	1.056179E-05	3.331182E-07
4.283682E+03	1.052593E-05	3.319401E-07
4.382582E+03	1.058760E-05	3.338348E-07
4.483766E+03	1.072461E-05	3.381005E-07
4.587285E+03	1.092088E-05	3.442295E-07
4.693195E+03	1.116882E-05	3.519808E-07
4.801549E+03	1.146541E-05	3.612579E-07
4.912406E+03	1.180595E-05	3.719111E-07
5.025822E+03	1.218284E-05	3.836999E-07
5.141856E+03	1.258946E-05	3.964141E-07
5.260569E+03	1.303110E-05	4.102184E-07
5.382023E+03	1.353784E-05	4.260580E-07
5.506281E+03	1.417457E-05	4.459715E-07
5.633408E+03	1.503676E-05	4.729569E-07
5.763470E+03	1.622755E-05	5.102491E-07
5.896535E+03	1.782545E-05	5.603032E-07
6.032673E+03	1.983846E-05	6.233542E-07
6.171952E+03	2.214962E-05	6.957104E-07
6.314448E+03	2.450927E-05	7.695171E-07
6.460234E+03	2.672808E-05	8.388253E-07
6.609386E+03	2.890941E-05	9.068783E-07
6.761980E+03	3.126922E-05	9.804443E-07
6.918099E+03	3.393038E-05	1.063362E-06
7.077821E+03	3.688251E-05	1.155288E-06
7.241231E+03	4.004087E-05	1.253553E-06
7.408414E+03	4.331378E-05	1.355274E-06
7.579457E+03	4.659124E-05	1.457006E-06
7.754448E+03	4.967830E-05	1.552659E-06
7.933481E+03	5.228344E-05	1.633147E-06
8.116646E+03	5.404243E-05	1.687137E-06
8.304040E+03	5.488978E-05	1.712650E-06
8.495761E+03	5.517696E-05	1.720716E-06
8.691908E+03	5.547976E-05	1.729338E-06
8.892583E+03	5.656536E-05	1.762452E-06
9.097892E+03	5.947031E-05	1.852356E-06
9.307941E+03	6.469609E-05	2.014633E-06
9.522839E+03	7.169019E-05	2.232026E-06
9.742699E+03	7.971231E-05	2.481445E-06
9.967638E+03	8.788971E-05	2.735675E-06
1.019776E+04	9.451590E-05	2.941540E-06
1.043321E+04	9.814259E-05	3.053901E-06
1.067409E+04	9.863394E-05	3.068478E-06
1.092052E+04	9.651471E-05	3.001565E-06
1.117265E+04	9.248469E-05	2.874924E-06
1.143060E+04	8.731326E-05	2.712499E-06
1.169451E+04	8.174236E-05	2.537379E-06
1.196451E+04	7.633227E-05	2.366985E-06
1.224074E+04	7.153724E-05	2.215406E-06
1.252335E+04	6.793086E-05	2.100344E-06
1.281249E+04	6.584069E-05	2.031757E-06
1.310829E+04	6.518462E-05	2.006836E-06
1.341094E+04	6.584678E-05	2.021671E-06
1.372056E+04	6.749181E-05	2.065582E-06
1.403733E+04	6.967423E-05	2.124586E-06
1.436142E+04	7.196371E-05	2.185333E-06
1.469299E+04	7.395105E-05	2.235350E-06
1.503222E+04	7.516290E-05	2.260550E-06
1.537928E+04	7.510849E-05	2.246759E-06
1.573435E+04	7.363806E-05	2.190443E-06
1.609762E+04	7.141256E-05	2.112311E-06
1.646927E+04	6.987253E-05	2.055450E-06
1.684951E+04	6.965920E-05	2.037693E-06
1.723852E+04	7.101024E-05	2.064374E-06
1.763653E+04	7.423032E-05	2.142466E-06
1.804371E+04	7.951400E-05	2.275278E-06
1.846029E+04	8.677454E-05	2.457618E-06
1.888650E+04	9.556002E-05	2.673989E-06
1.932255E+04	1.049877E-04	2.898006E-06
1.976866E+04	1.136663E-04	3.092272E-06
2.022507E+04	1.197543E-04	3.212480E-06
2.069202E+04	1.214843E-04	3.222921E-06
2.116975E+04	1.181316E-04	3.119998E-06
2.165851E+04	1.109587E-04	2.947575E-06
2.215855E+04	1.014186E-04	2.732857E-06
2.267014E+04	9.078260E-05	2.493251E-06
2.319354E+04	8.019307E-05	2.248634E-06
2.372903E+04	7.024306E-05	2.010233E-06
2.427687E+04	6.118066E-05	1.784065E-06
