#wls	flux	fluxerr
3.257341E+03	7.545541E-06	1.899328E-07
3.332545E+03	6.482886E-06	1.631815E-07
3.409486E+03	5.581368E-06	1.404869E-07
3.488202E+03	4.829034E-06	1.215479E-07
3.568737E+03	4.212587E-06	1.060298E-07
3.651131E+03	3.717077E-06	9.355599E-08
3.735426E+03	3.326447E-06	8.372233E-08
3.821669E+03	3.024630E-06	7.612426E-08
3.909902E+03	2.796633E-06	7.038430E-08
4.000172E+03	2.629245E-06	6.616990E-08
4.092527E+03	2.511412E-06	6.320270E-08
4.187014E+03	2.434297E-06	6.126024E-08
4.283682E+03	2.390930E-06	6.016706E-08
4.382582E+03	2.375741E-06	5.978289E-08
4.483766E+03	2.384319E-06	5.999669E-08
4.587285E+03	2.413499E-06	6.072874E-08
4.693195E+03	2.461368E-06	6.193081E-08
4.801549E+03	2.526877E-06	6.357648E-08
4.912406E+03	2.609384E-06	6.564950E-08
5.025822E+03	2.708668E-06	6.814421E-08
5.141856E+03	2.825665E-06	7.108411E-08
5.260569E+03	2.963978E-06	7.455969E-08
5.382023E+03	3.131616E-06	7.877228E-08
5.506281E+03	3.342006E-06	8.405945E-08
5.633408E+03	3.613064E-06	9.087150E-08
5.763470E+03	3.963757E-06	9.968512E-08
5.896535E+03	4.408220E-06	1.108552E-07
6.032673E+03	4.947504E-06	1.244075E-07
6.171952E+03	5.562391E-06	1.398582E-07
6.314448E+03	6.217614E-06	1.563199E-07
6.460234E+03	6.886569E-06	1.731234E-07
6.609386E+03	7.574885E-06	1.904098E-07
6.761980E+03	8.310425E-06	2.088792E-07
6.918099E+03	9.117625E-06	2.291451E-07
7.077821E+03	1.000291E-05	2.513683E-07
7.241231E+03	1.095390E-05	2.752371E-07
7.408414E+03	1.194445E-05	3.000941E-07
7.579457E+03	1.293756E-05	3.250094E-07
7.754448E+03	1.388619E-05	3.488020E-07
7.933481E+03	1.473219E-05	3.700120E-07
8.116646E+03	1.541459E-05	3.871101E-07
8.304040E+03	1.591447E-05	3.996236E-07
8.495761E+03	1.629297E-05	4.090904E-07
8.691908E+03	1.669011E-05	4.190284E-07
8.892583E+03	1.731348E-05	4.346511E-07
9.097892E+03	1.839510E-05	4.617851E-07
9.307941E+03	2.005913E-05	5.035474E-07
9.522839E+03	2.224961E-05	5.585333E-07
9.742699E+03	2.479397E-05	6.224103E-07
9.967638E+03	2.742367E-05	6.884363E-07
1.019776E+04	2.975204E-05	7.469024E-07
1.043321E+04	3.140994E-05	7.885373E-07
1.067409E+04	3.222336E-05	8.089658E-07
1.092052E+04	3.221864E-05	8.088430E-07
1.117265E+04	3.154377E-05	7.918793E-07
1.143060E+04	3.040741E-05	7.633095E-07
1.169451E+04	2.903811E-05	7.288685E-07
1.196451E+04	2.765511E-05	6.940579E-07
1.224074E+04	2.646701E-05	6.641104E-07
1.252335E+04	2.566216E-05	6.437457E-07
1.281249E+04	2.533959E-05	6.354348E-07
1.310829E+04	2.549315E-05	6.390037E-07
1.341094E+04	2.606343E-05	6.529348E-07
1.372056E+04	2.694311E-05	6.745051E-07
1.403733E+04	2.798480E-05	6.999842E-07
1.436142E+04	2.901956E-05	7.251065E-07
1.469299E+04	2.986434E-05	7.452628E-07
1.503222E+04	3.032979E-05	7.557067E-07
1.537928E+04	3.026927E-05	7.527888E-07
1.573435E+04	2.967903E-05	7.364493E-07
1.609762E+04	2.877689E-05	7.121380E-07
1.646927E+04	2.790689E-05	6.883850E-07
1.684951E+04	2.730180E-05	6.708842E-07
1.723852E+04	2.706775E-05	6.621316E-07
1.763653E+04	2.726138E-05	6.633464E-07
1.804371E+04	2.788210E-05	6.743037E-07
1.846029E+04	2.884679E-05	6.927760E-07
1.888650E+04	2.998384E-05	7.144950E-07
1.932255E+04	3.104250E-05	7.335308E-07
1.976866E+04	3.171985E-05	7.431072E-07
2.022507E+04	3.173074E-05	7.373693E-07
2.069202E+04	3.095007E-05	7.146456E-07
2.116975E+04	2.957813E-05	6.809461E-07
2.165851E+04	2.804508E-05	6.470188E-07
2.215855E+04	2.640333E-05	6.130536E-07
2.267014E+04	2.457431E-05	5.757341E-07
2.319354E+04	2.261448E-05	5.352088E-07
2.372903E+04	2.061766E-05	4.929523E-07
2.427687E+04	1.866174E-05	4.504798E-07
