#wls	flux	fluxerr
3.257341E+03	3.163509E-06	0.000000E+00
3.332545E+03	2.704432E-06	0.000000E+00
3.409486E+03	2.316764E-06	0.000000E+00
3.488202E+03	1.994160E-06	0.000000E+00
3.568737E+03	1.729880E-06	0.000000E+00
3.651131E+03	1.516817E-06	0.000000E+00
3.735426E+03	1.347750E-06	0.000000E+00
3.821669E+03	1.215719E-06	0.000000E+00
3.909902E+03	1.114392E-06	0.000000E+00
4.000172E+03	1.038282E-06	0.000000E+00
4.092527E+03	9.828414E-07	0.000000E+00
4.187014E+03	9.444307E-07	0.000000E+00
4.283682E+03	9.201930E-07	0.000000E+00
4.382582E+03	9.078971E-07	0.000000E+00
4.483766E+03	9.058363E-07	0.000000E+00
4.587285E+03	9.127936E-07	0.000000E+00
4.693195E+03	9.280032E-07	0.000000E+00
4.801549E+03	9.510503E-07	0.000000E+00
4.912406E+03	9.817813E-07	0.000000E+00
5.025822E+03	1.020345E-06	0.000000E+00
5.141856E+03	1.067427E-06	0.000000E+00
5.260569E+03	1.124675E-06	0.000000E+00
5.382023E+03	1.195154E-06	0.000000E+00
5.506281E+03	1.283564E-06	0.000000E+00
5.633408E+03	1.395892E-06	0.000000E+00
5.763470E+03	1.538316E-06	0.000000E+00
5.896535E+03	1.715320E-06	0.000000E+00
6.032673E+03	1.927248E-06	0.000000E+00
6.171952E+03	2.168553E-06	0.000000E+00
6.314448E+03	2.429449E-06	0.000000E+00
6.460234E+03	2.702255E-06	0.000000E+00
6.609386E+03	2.987230E-06	0.000000E+00
6.761980E+03	3.291136E-06	0.000000E+00
6.918099E+03	3.620929E-06	0.000000E+00
7.077821E+03	3.978820E-06	0.000000E+00
7.241231E+03	4.360758E-06	0.000000E+00
7.408414E+03	4.757164E-06	0.000000E+00
7.579457E+03	5.154147E-06	0.000000E+00
7.754448E+03	5.534563E-06	0.000000E+00
7.933481E+03	5.878832E-06	0.000000E+00
8.116646E+03	6.169187E-06	0.000000E+00
8.304040E+03	6.401984E-06	0.000000E+00
8.495761E+03	6.599524E-06	0.000000E+00
8.691908E+03	6.812332E-06	0.000000E+00
8.892583E+03	7.113293E-06	0.000000E+00
9.097892E+03	7.578537E-06	0.000000E+00
9.307941E+03	8.251483E-06	0.000000E+00
9.522839E+03	9.121235E-06	0.000000E+00
9.742699E+03	1.012968E-05	0.000000E+00
9.967638E+03	1.117747E-05	0.000000E+00
1.019776E+04	1.212937E-05	0.000000E+00
1.043321E+04	1.285324E-05	0.000000E+00
1.067409E+04	1.327123E-05	0.000000E+00
1.092052E+04	1.337432E-05	0.000000E+00
1.117265E+04	1.320624E-05	0.000000E+00
1.143060E+04	1.284219E-05	0.000000E+00
1.169451E+04	1.237170E-05	0.000000E+00
1.196451E+04	1.188623E-05	0.000000E+00
1.224074E+04	1.147268E-05	0.000000E+00
1.252335E+04	1.120331E-05	0.000000E+00
1.281249E+04	1.111744E-05	0.000000E+00
1.310829E+04	1.121731E-05	0.000000E+00
1.341094E+04	1.147990E-05	0.000000E+00
1.372056E+04	1.186275E-05	0.000000E+00
1.403733E+04	1.230771E-05	0.000000E+00
1.436142E+04	1.274657E-05	0.000000E+00
1.469299E+04	1.310606E-05	0.000000E+00
1.503222E+04	1.331615E-05	0.000000E+00
1.537928E+04	1.333094E-05	0.000000E+00
1.573435E+04	1.315992E-05	0.000000E+00
1.609762E+04	1.288346E-05	0.000000E+00
1.646927E+04	1.261724E-05	0.000000E+00
1.684951E+04	1.244926E-05	0.000000E+00
1.723852E+04	1.242571E-05	0.000000E+00
1.763653E+04	1.256646E-05	0.000000E+00
1.804371E+04	1.286585E-05	0.000000E+00
1.846029E+04	1.328554E-05	0.000000E+00
1.888650E+04	1.375185E-05	0.000000E+00
1.932255E+04	1.416081E-05	0.000000E+00
1.976866E+04	1.439440E-05	0.000000E+00
2.022507E+04	1.435540E-05	0.000000E+00
2.069202E+04	1.402306E-05	0.000000E+00
2.116975E+04	1.349960E-05	0.000000E+00
2.165851E+04	1.294882E-05	0.000000E+00
2.215855E+04	1.237317E-05	0.000000E+00
2.267014E+04	1.171406E-05	0.000000E+00
2.319354E+04	1.096774E-05	0.000000E+00
2.372903E+04	1.016316E-05	0.000000E+00
2.427687E+04	9.336115E-06	0.000000E+00
