#wls	flux	fluxerr
3.257341E+03	1.946629E-06	0.000000E+00
3.332545E+03	1.659746E-06	0.000000E+00
3.409486E+03	1.418100E-06	0.000000E+00
3.488202E+03	1.217340E-06	0.000000E+00
3.568737E+03	1.052941E-06	0.000000E+00
3.651131E+03	9.202601E-07	0.000000E+00
3.735426E+03	8.146915E-07	0.000000E+00
3.821669E+03	7.318801E-07	0.000000E+00
3.909902E+03	6.679079E-07	0.000000E+00
4.000172E+03	6.194070E-07	0.000000E+00
4.092527E+03	5.835950E-07	0.000000E+00
4.187014E+03	5.582473E-07	0.000000E+00
4.283682E+03	5.416201E-07	0.000000E+00
4.382582E+03	5.323633E-07	0.000000E+00
4.483766E+03	5.294562E-07	0.000000E+00
4.587285E+03	5.321743E-07	0.000000E+00
4.693195E+03	5.400576E-07	0.000000E+00
4.801549E+03	5.528630E-07	0.000000E+00
4.912406E+03	5.705292E-07	0.000000E+00
5.025822E+03	5.932048E-07	0.000000E+00
5.141856E+03	6.213714E-07	0.000000E+00
5.260569E+03	6.560500E-07	0.000000E+00
5.382023E+03	6.990137E-07	0.000000E+00
5.506281E+03	7.528712E-07	0.000000E+00
5.633408E+03	8.208684E-07	0.000000E+00
5.763470E+03	9.063077E-07	0.000000E+00
5.896535E+03	1.011566E-06	0.000000E+00
6.032673E+03	1.136873E-06	0.000000E+00
6.171952E+03	1.279538E-06	0.000000E+00
6.314448E+03	1.434821E-06	0.000000E+00
6.460234E+03	1.598884E-06	0.000000E+00
6.609386E+03	1.771493E-06	0.000000E+00
6.761980E+03	1.955587E-06	0.000000E+00
6.918099E+03	2.154442E-06	0.000000E+00
7.077821E+03	2.369102E-06	0.000000E+00
7.241231E+03	2.597321E-06	0.000000E+00
7.408414E+03	2.833724E-06	0.000000E+00
7.579457E+03	3.070465E-06	0.000000E+00
7.754448E+03	3.297954E-06	0.000000E+00
7.933481E+03	3.505690E-06	0.000000E+00
8.116646E+03	3.684916E-06	0.000000E+00
8.304040E+03	3.834714E-06	0.000000E+00
8.495761E+03	3.968007E-06	0.000000E+00
8.691908E+03	4.112999E-06	0.000000E+00
8.892583E+03	4.309500E-06	0.000000E+00
9.097892E+03	4.598101E-06	0.000000E+00
9.307941E+03	5.002675E-06	0.000000E+00
9.522839E+03	5.519099E-06	0.000000E+00
9.742699E+03	6.116120E-06	0.000000E+00
9.967638E+03	6.738126E-06	0.000000E+00
1.019776E+04	7.310323E-06	0.000000E+00
1.043321E+04	7.758725E-06	0.000000E+00
1.067409E+04	8.035997E-06	0.000000E+00
1.092052E+04	8.131900E-06	0.000000E+00
1.117265E+04	8.067554E-06	0.000000E+00
1.143060E+04	7.884564E-06	0.000000E+00
1.169451E+04	7.634899E-06	0.000000E+00
1.196451E+04	7.373129E-06	0.000000E+00
1.224074E+04	7.150984E-06	0.000000E+00
1.252335E+04	7.010541E-06	0.000000E+00
1.281249E+04	6.975281E-06	0.000000E+00
1.310829E+04	7.047946E-06	0.000000E+00
1.341094E+04	7.215653E-06	0.000000E+00
1.372056E+04	7.453597E-06	0.000000E+00
1.403733E+04	7.727575E-06	0.000000E+00
1.436142E+04	7.997207E-06	0.000000E+00
1.469299E+04	8.219562E-06	0.000000E+00
1.503222E+04	8.355272E-06	0.000000E+00
1.537928E+04	8.380748E-06	0.000000E+00
1.573435E+04	8.303899E-06	0.000000E+00
1.609762E+04	8.169662E-06	0.000000E+00
1.646927E+04	8.040791E-06	0.000000E+00
1.684951E+04	7.967452E-06	0.000000E+00
1.723852E+04	7.977610E-06	0.000000E+00
1.763653E+04	8.082367E-06	0.000000E+00
1.804371E+04	8.276656E-06	0.000000E+00
1.846029E+04	8.536008E-06	0.000000E+00
1.888650E+04	8.815392E-06	0.000000E+00
1.932255E+04	9.053023E-06	0.000000E+00
1.976866E+04	9.181580E-06	0.000000E+00
2.022507E+04	9.150194E-06	0.000000E+00
2.069202E+04	8.955281E-06	0.000000E+00
2.116975E+04	8.660708E-06	0.000000E+00
2.165851E+04	8.358081E-06	0.000000E+00
2.215855E+04	8.045132E-06	0.000000E+00
2.267014E+04	7.682038E-06	0.000000E+00
2.319354E+04	7.258390E-06	0.000000E+00
2.372903E+04	6.786553E-06	0.000000E+00
2.427687E+04	6.287333E-06	0.000000E+00
