#wls	flux	fluxerr
3.257341E+03	1.093324E-02	2.679508E-04
3.296951E+03	1.130672E-02	2.712286E-04
3.336561E+03	1.166781E-02	2.739966E-04
3.376171E+03	1.200655E-02	2.760723E-04
3.415782E+03	1.231199E-02	2.772690E-04
3.455392E+03	1.257387E-02	2.774353E-04
3.495002E+03	1.278777E-02	2.765616E-04
3.534612E+03	1.295808E-02	2.748284E-04
3.574223E+03	1.309278E-02	2.724796E-04
3.613833E+03	1.320068E-02	2.697540E-04
3.653443E+03	1.329020E-02	2.668592E-04
3.693053E+03	1.336886E-02	2.639697E-04
3.732664E+03	1.344298E-02	2.612244E-04
3.772274E+03	1.351751E-02	2.587267E-04
3.811884E+03	1.359526E-02	2.565323E-04
3.851494E+03	1.367548E-02	2.546200E-04
3.891105E+03	1.375515E-02	2.529234E-04
3.930715E+03	1.383069E-02	2.513682E-04
3.970325E+03	1.389884E-02	2.498874E-04
4.009935E+03	1.395713E-02	2.484301E-04
4.049545E+03	1.400439E-02	2.469683E-04
4.089156E+03	1.404109E-02	2.455032E-04
4.128766E+03	1.406968E-02	2.440687E-04
4.168376E+03	1.409454E-02	2.427303E-04
4.207986E+03	1.412157E-02	2.415780E-04
4.247597E+03	1.415753E-02	2.407136E-04
4.287207E+03	1.420916E-02	2.402373E-04
4.326817E+03	1.428243E-02	2.402348E-04
4.366427E+03	1.438180E-02	2.407667E-04
4.406038E+03	1.450980E-02	2.418615E-04
4.445648E+03	1.466669E-02	2.435113E-04
4.485258E+03	1.485034E-02	2.456707E-04
4.524868E+03	1.505606E-02	2.482539E-04
4.564479E+03	1.527621E-02	2.511297E-04
4.604089E+03	1.549980E-02	2.541142E-04
4.643699E+03	1.571220E-02	2.569673E-04
4.683309E+03	1.589564E-02	2.594006E-04
4.722919E+03	1.603077E-02	2.611025E-04
4.762530E+03	1.609961E-02	2.617862E-04
4.802140E+03	1.609034E-02	2.612654E-04
4.841750E+03	1.600454E-02	2.595645E-04
4.881360E+03	1.585615E-02	2.569018E-04
4.920971E+03	1.566397E-02	2.535733E-04
4.960581E+03	1.544714E-02	2.498798E-04
5.000191E+03	1.522250E-02	2.460854E-04
5.039801E+03	1.500341E-02	2.423981E-04
5.079412E+03	1.479956E-02	2.389676E-04
5.119022E+03	1.461722E-02	2.358896E-04
5.158632E+03	1.445957E-02	2.332107E-04
5.198242E+03	1.432701E-02	2.309337E-04
5.237853E+03	1.421737E-02	2.290212E-04
5.277463E+03	1.412636E-02	2.274025E-04
5.317073E+03	1.404810E-02	2.259823E-04
5.356683E+03	1.397586E-02	2.246531E-04
5.396293E+03	1.390278E-02	2.233060E-04
5.435904E+03	1.382246E-02	2.218410E-04
5.475514E+03	1.372930E-02	2.201721E-04
5.515124E+03	1.361879E-02	2.182312E-04
5.554734E+03	1.348767E-02	2.159718E-04
5.594345E+03	1.333449E-02	2.133762E-04
5.633955E+03	1.316009E-02	2.104641E-04
5.673565E+03	1.296804E-02	2.072990E-04
5.713175E+03	1.276491E-02	2.039903E-04
5.752786E+03	1.256043E-02	2.006922E-04
5.792396E+03	1.236709E-02	1.976004E-04
5.832006E+03	1.219873E-02	1.949335E-04
5.871616E+03	1.206879E-02	1.929041E-04
5.911227E+03	1.198789E-02	1.916814E-04
5.950837E+03	1.196101E-02	1.913455E-04
5.990447E+03	1.198395E-02	1.918305E-04
6.030057E+03	1.203898E-02	1.928549E-04
6.069667E+03	1.209039E-02	1.938489E-04
6.109278E+03	1.208203E-02	1.939136E-04
6.148888E+03	1.194197E-02	1.918919E-04
6.188498E+03	1.160483E-02	1.867259E-04
6.228108E+03	1.107754E-02	1.785141E-04
6.267719E+03	1.044786E-02	1.686570E-04
6.307329E+03	9.804932E-03	1.585840E-04
6.346939E+03	9.213841E-03	1.493391E-04
6.386549E+03	8.713397E-03	1.415474E-04
6.426160E+03	8.313756E-03	1.353758E-04
6.465770E+03	8.004636E-03	1.306613E-04
6.505380E+03	7.772030E-03	1.271800E-04
6.544990E+03	7.602776E-03	1.247211E-04
6.584601E+03	7.485330E-03	1.230990E-04
6.624211E+03	7.409649E-03	1.221512E-04
6.663821E+03	7.366891E-03	1.217341E-04
6.703431E+03	7.349065E-03	1.217170E-04
6.743041E+03	7.348675E-03	1.219765E-04
6.782652E+03	7.358368E-03	1.223905E-04
6.822262E+03	7.370641E-03	1.228339E-04
6.861872E+03	7.377701E-03	1.231760E-04
6.901482E+03	7.371670E-03	1.232843E-04
6.941093E+03	7.345197E-03	1.230347E-04
6.980703E+03	7.292239E-03	1.223251E-04
7.020313E+03	7.208620E-03	1.210845E-04
7.059923E+03	7.092065E-03	1.192746E-04
7.099534E+03	6.941901E-03	1.168843E-04
7.139144E+03	6.758771E-03	1.139251E-04
7.178754E+03	6.544653E-03	1.104316E-04
7.218364E+03	6.303227E-03	1.064673E-04
7.257975E+03	6.040361E-03	1.021330E-04
7.297585E+03	5.764484E-03	9.757293E-05
7.337195E+03	5.486554E-03	9.297453E-05
7.376805E+03	5.219529E-03	8.855954E-05
7.416415E+03	4.977300E-03	8.456618E-05
7.456026E+03	4.773219E-03	8.122468E-05
7.495636E+03	4.618695E-03	7.873363E-05
7.535246E+03	4.522180E-03	7.724280E-05
7.574856E+03	4.488171E-03	7.683472E-05
7.614467E+03	4.513470E-03	7.746138E-05
7.654077E+03	4.581174E-03	7.883997E-05
7.693687E+03	4.666590E-03	8.055128E-05
7.733297E+03	4.743182E-03	8.213839E-05
7.772908E+03	4.788157E-03	8.320162E-05
7.812518E+03	4.791609E-03	8.355990E-05
7.852128E+03	4.756931E-03	8.326186E-05
7.891738E+03	4.693580E-03	8.246314E-05
7.931349E+03	4.612803E-03	8.135345E-05
7.970959E+03	4.525096E-03	8.011236E-05
8.010569E+03	4.438896E-03	7.888603E-05
8.050179E+03	4.360137E-03	7.777858E-05
8.089789E+03	4.292364E-03	7.685330E-05
8.129400E+03	4.237114E-03	7.613859E-05
8.169010E+03	4.194396E-03	7.563586E-05
8.208620E+03	4.163139E-03	7.532718E-05
8.248230E+03	4.141588E-03	7.518201E-05
8.287841E+03	4.127600E-03	7.516248E-05
8.327451E+03	4.118872E-03	7.522738E-05
8.367061E+03	4.113101E-03	7.533516E-05
8.406671E+03	4.108109E-03	7.544624E-05
8.446282E+03	4.101958E-03	7.552524E-05
8.485892E+03	4.093044E-03	7.554274E-05
8.525502E+03	4.080183E-03	7.547711E-05
8.565112E+03	4.062674E-03	7.531569E-05
8.604723E+03	4.040293E-03	7.505481E-05
8.644333E+03	4.013264E-03	7.469930E-05
8.683943E+03	3.982136E-03	7.426039E-05
8.723553E+03	3.947665E-03	7.375332E-05
8.763163E+03	3.910647E-03	7.319439E-05
8.802774E+03	3.871758E-03	7.259784E-05
8.842384E+03	3.831419E-03	7.197329E-05
8.881994E+03	3.789687E-03	7.132363E-05
8.921604E+03	3.746191E-03	7.064373E-05
8.961215E+03	3.700088E-03	6.991947E-05
9.000825E+03	3.650119E-03	6.912867E-05
9.040435E+03	3.594790E-03	6.824435E-05
9.080045E+03	3.532807E-03	6.724206E-05
9.119656E+03	3.463854E-03	6.611413E-05
9.159266E+03	3.389611E-03	6.489078E-05
9.198876E+03	3.312938E-03	6.362522E-05
9.238486E+03	3.236666E-03	6.237073E-05
9.278097E+03	3.163109E-03	6.117144E-05
9.317707E+03	3.093949E-03	6.005988E-05
9.357317E+03	3.030307E-03	5.905835E-05
9.396927E+03	2.972897E-03	5.818163E-05
9.436537E+03	2.922145E-03	5.743929E-05
9.476148E+03	2.878264E-03	5.683707E-05
9.515758E+03	2.841285E-03	5.637733E-05
9.555368E+03	2.811038E-03	5.605868E-05
9.594978E+03	2.787134E-03	5.587546E-05
9.634589E+03	2.768930E-03	5.581701E-05
9.674199E+03	2.755504E-03	5.586685E-05
9.713809E+03	2.745626E-03	5.600200E-05
9.753419E+03	2.737776E-03	5.619308E-05
9.793030E+03	2.730238E-03	5.640588E-05
9.832640E+03	2.721480E-03	5.660873E-05
9.872250E+03	2.711054E-03	5.679001E-05
9.911857E+03	2.699181E-03	5.695161E-05
9.951468E+03	2.686080E-03	5.709553E-05
9.991078E+03	2.671809E-03	5.722047E-05
1.003069E+04	2.656276E-03	5.732194E-05
1.007030E+04	2.639267E-03	5.739281E-05
1.010991E+04	2.620520E-03	5.742485E-05
1.014952E+04	2.599768E-03	5.740962E-05
1.018913E+04	2.576794E-03	5.733972E-05
1.022874E+04	2.551452E-03	5.720925E-05
1.026835E+04	2.523672E-03	5.701414E-05
1.030796E+04	2.493471E-03	5.675230E-05
1.034757E+04	2.460949E-03	5.642377E-05
1.038718E+04	2.426301E-03	5.603097E-05
1.042679E+04	2.389816E-03	5.557878E-05
1.046640E+04	2.351877E-03	5.507463E-05
1.050601E+04	2.312949E-03	5.452834E-05
1.054562E+04	2.273554E-03	5.395142E-05
1.058523E+04	2.234235E-03	5.335641E-05
1.062484E+04	2.195523E-03	5.275598E-05
1.066445E+04	2.157887E-03	5.216175E-05
1.070406E+04	2.121721E-03	5.158376E-05
1.074367E+04	2.087320E-03	5.103006E-05
1.078328E+04	2.054881E-03	5.050636E-05
1.082289E+04	2.024515E-03	5.001645E-05
1.086250E+04	1.996256E-03	4.956226E-05
1.090211E+04	1.970074E-03	4.914416E-05
1.094172E+04	1.945904E-03	4.876161E-05
1.098133E+04	1.923645E-03	4.841316E-05
1.102094E+04	1.903180E-03	4.809694E-05
1.106055E+04	1.884389E-03	4.781088E-05
1.110016E+04	1.867144E-03	4.755274E-05
1.113977E+04	1.851324E-03	4.732039E-05
1.117938E+04	1.836814E-03	4.711177E-05
1.121900E+04	1.823504E-03	4.692503E-05
1.125861E+04	1.811296E-03	4.675847E-05
1.129822E+04	1.800096E-03	4.661059E-05
1.133783E+04	1.789820E-03	4.648005E-05
1.137744E+04	1.780388E-03	4.636572E-05
1.141705E+04	1.771730E-03	4.626658E-05
1.145666E+04	1.763776E-03	4.618179E-05
1.149627E+04	1.756466E-03	4.611060E-05
1.153588E+04	1.749738E-03	4.605236E-05
1.157549E+04	1.743537E-03	4.600652E-05
1.161510E+04	1.737807E-03	4.597257E-05
1.165471E+04	1.732492E-03	4.595001E-05
1.169432E+04	1.727535E-03	4.593832E-05
1.173393E+04	1.722877E-03	4.593687E-05
1.177354E+04	1.718449E-03	4.594486E-05
1.181315E+04	1.714175E-03	4.596125E-05
1.185276E+04	1.709963E-03	4.598458E-05
1.189237E+04	1.705703E-03	4.601290E-05
1.193198E+04	1.701262E-03	4.604358E-05
1.197159E+04	1.696483E-03	4.607325E-05
1.201120E+04	1.691178E-03	4.609771E-05
1.205081E+04	1.685137E-03	4.611198E-05
1.209042E+04	1.678132E-03	4.611044E-05
1.213003E+04	1.669931E-03	4.608728E-05
1.216964E+04	1.660323E-03	4.603698E-05
1.220925E+04	1.649143E-03	4.595511E-05
1.224886E+04	1.636297E-03	4.583877E-05
1.228847E+04	1.621779E-03	4.568626E-05
1.232808E+04	1.605676E-03	4.549801E-05
1.236769E+04	1.588150E-03	4.527668E-05
1.240730E+04	1.569439E-03	4.502703E-05
1.244691E+04	1.549839E-03	4.475573E-05
1.248652E+04	1.529680E-03	4.447062E-05
1.252613E+04	1.509291E-03	4.417984E-05
1.256574E+04	1.488979E-03	4.389107E-05
1.260535E+04	1.469003E-03	4.361093E-05
1.264496E+04	1.449565E-03	4.334467E-05
1.268457E+04	1.430815E-03	4.309609E-05
1.272418E+04	1.412847E-03	4.286758E-05
1.276379E+04	1.395713E-03	4.266034E-05
1.280340E+04	1.379426E-03	4.247458E-05
1.284301E+04	1.363978E-03	4.230977E-05
1.288262E+04	1.349335E-03	4.216481E-05
1.292224E+04	1.335455E-03	4.203819E-05
1.296185E+04	1.322283E-03	4.192815E-05
1.300146E+04	1.309761E-03	4.183276E-05
1.304107E+04	1.297829E-03	4.174995E-05
1.308068E+04	1.286422E-03	4.167764E-05
1.312029E+04	1.275479E-03	4.161371E-05
1.315990E+04	1.264939E-03	4.155607E-05
1.319951E+04	1.254741E-03	4.150263E-05
1.323912E+04	1.244828E-03	4.145138E-05
1.327873E+04	1.235145E-03	4.140035E-05
1.331834E+04	1.225638E-03	4.134762E-05
1.335795E+04	1.216257E-03	4.129137E-05
1.339756E+04	1.206955E-03	4.122987E-05
1.343717E+04	1.197689E-03	4.116147E-05
1.347678E+04	1.188419E-03	4.108468E-05
1.351639E+04	1.179109E-03	4.099811E-05
1.355600E+04	1.169727E-03	4.090055E-05
1.359561E+04	1.160248E-03	4.079094E-05
1.363522E+04	1.150649E-03	4.066841E-05
1.367483E+04	1.140914E-03	4.053229E-05
1.371444E+04	1.131032E-03	4.038212E-05
1.375405E+04	1.120999E-03	4.021766E-05
1.379366E+04	1.110815E-03	4.003891E-05
1.383327E+04	1.100487E-03	3.984608E-05
1.387288E+04	1.090026E-03	3.963965E-05
1.391249E+04	1.079450E-03	3.942026E-05
1.395210E+04	1.068780E-03	3.918878E-05
1.399171E+04	1.058041E-03	3.894623E-05
1.403132E+04	1.047261E-03	3.869381E-05
1.407093E+04	1.036472E-03	3.843276E-05
1.411054E+04	1.025703E-03	3.816444E-05
1.415015E+04	1.014986E-03	3.789023E-05
1.418976E+04	1.004351E-03	3.761152E-05
1.422937E+04	9.938297E-04	3.732965E-05
1.426898E+04	9.834475E-04	3.704593E-05
1.430859E+04	9.732306E-04	3.676161E-05
1.434820E+04	9.632010E-04	3.647782E-05
1.438781E+04	9.533784E-04	3.619561E-05
1.442742E+04	9.437798E-04	3.591595E-05
1.446703E+04	9.344186E-04	3.563966E-05
1.450664E+04	9.253062E-04	3.536751E-05
1.454625E+04	9.164505E-04	3.510013E-05
1.458587E+04	9.078578E-04	3.483809E-05
1.462548E+04	8.995315E-04	3.458185E-05
1.466509E+04	8.914733E-04	3.433181E-05
1.470470E+04	8.836830E-04	3.408829E-05
1.474431E+04	8.761585E-04	3.385153E-05
1.478392E+04	8.688971E-04	3.362177E-05
1.482353E+04	8.618946E-04	3.339916E-05
1.486314E+04	8.551464E-04	3.318385E-05
1.490275E+04	8.486476E-04	3.297598E-05
1.494236E+04	8.423935E-04	3.277570E-05
1.498197E+04	8.363798E-04	3.258314E-05
1.502158E+04	8.306033E-04	3.239852E-05
1.506119E+04	8.250617E-04	3.222207E-05
1.510080E+04	8.197545E-04	3.205409E-05
1.514041E+04	8.146827E-04	3.189495E-05
1.518002E+04	8.098487E-04	3.174507E-05
1.521963E+04	8.052569E-04	3.160495E-05
1.525924E+04	8.009129E-04	3.147513E-05
1.529885E+04	7.968231E-04	3.135620E-05
1.533846E+04	7.929940E-04	3.124877E-05
1.537807E+04	7.894318E-04	3.115340E-05
1.541768E+04	7.861407E-04	3.107062E-05
1.545729E+04	7.831222E-04	3.100083E-05
1.549690E+04	7.803726E-04	3.094423E-05
1.553651E+04	7.778817E-04	3.090078E-05
1.557612E+04	7.756306E-04	3.087008E-05
1.561573E+04	7.735884E-04	3.085126E-05
1.565534E+04	7.717108E-04	3.084290E-05
1.569495E+04	7.699362E-04	3.084289E-05
1.573456E+04	7.681858E-04	3.084837E-05
1.577417E+04	7.663619E-04	3.085572E-05
1.581378E+04	7.643509E-04	3.086062E-05
1.585339E+04	7.620291E-04	3.085826E-05
1.589300E+04	7.592717E-04	3.084373E-05
1.593261E+04	7.559667E-04	3.081252E-05
1.597222E+04	7.520283E-04	3.076091E-05
1.601183E+04	7.474095E-04	3.068640E-05
1.605144E+04	7.421063E-04	3.058814E-05
1.609105E+04	7.361471E-04	3.046659E-05
1.613066E+04	7.295925E-04	3.032357E-05
1.617027E+04	7.225381E-04	3.016235E-05
1.620988E+04	7.151071E-04	2.998743E-05
1.624949E+04	7.074346E-04	2.980388E-05
1.628911E+04	6.996536E-04	2.961680E-05
1.632872E+04	6.918837E-04	2.943082E-05
1.636833E+04	6.842245E-04	2.924986E-05
1.640794E+04	6.767530E-04	2.907692E-05
1.644755E+04	6.695243E-04	2.891416E-05
1.648716E+04	6.625750E-04	2.876301E-05
1.652677E+04	6.559254E-04	2.862423E-05
1.656638E+04	6.495832E-04	2.849808E-05
1.660599E+04	6.435480E-04	2.838447E-05
1.664560E+04	6.378126E-04	2.828303E-05
1.668521E+04	6.323664E-04	2.819326E-05
1.672482E+04	6.271966E-04	2.811455E-05
1.676443E+04	6.222894E-04	2.804626E-05
1.680404E+04	6.176319E-04	2.798779E-05
1.684365E+04	6.132121E-04	2.793859E-05
1.688326E+04	6.090196E-04	2.789815E-05
1.692287E+04	6.050461E-04	2.786609E-05
1.696248E+04	6.012859E-04	2.784214E-05
1.700209E+04	5.977347E-04	2.782610E-05
1.704170E+04	5.943913E-04	2.781793E-05
1.708131E+04	5.912559E-04	2.781765E-05
1.712092E+04	5.883312E-04	2.782540E-05
1.716053E+04	5.856206E-04	2.784139E-05
1.720014E+04	5.831293E-04	2.786589E-05
1.723975E+04	5.808631E-04	2.789924E-05
1.727936E+04	5.788277E-04	2.794178E-05
1.731897E+04	5.770292E-04	2.799386E-05
1.735858E+04	5.754727E-04	2.805581E-05
1.739819E+04	5.741621E-04	2.812792E-05
1.743780E+04	5.730998E-04	2.821037E-05
1.747741E+04	5.722867E-04	2.830332E-05
1.751702E+04	5.717207E-04	2.840675E-05
1.755663E+04	5.713974E-04	2.852053E-05
1.759624E+04	5.713093E-04	2.864439E-05
1.763585E+04	5.714457E-04	2.877788E-05
1.767546E+04	5.717930E-04	2.892038E-05
1.771507E+04	5.723340E-04	2.907109E-05
1.775468E+04	5.730478E-04	2.922902E-05
1.779429E+04	5.739108E-04	2.939300E-05
1.783390E+04	5.748962E-04	2.956170E-05
1.787351E+04	5.759738E-04	2.973356E-05
1.791312E+04	5.771110E-04	2.990690E-05
1.795274E+04	5.782732E-04	3.007992E-05
1.799235E+04	5.794231E-04	3.025063E-05
1.803196E+04	5.805231E-04	3.041700E-05
1.807157E+04	5.815341E-04	3.057692E-05
1.811118E+04	5.824176E-04	3.072827E-05
1.815079E+04	5.831362E-04	3.086898E-05
1.819040E+04	5.836535E-04	3.099700E-05
1.823001E+04	5.839370E-04	3.111047E-05
1.826962E+04	5.839564E-04	3.120765E-05
1.830923E+04	5.836865E-04	3.128705E-05
1.834884E+04	5.831055E-04	3.134737E-05
1.838845E+04	5.821974E-04	3.138760E-05
1.842806E+04	5.809511E-04	3.140701E-05
1.846767E+04	5.793606E-04	3.140516E-05
1.850728E+04	5.774257E-04	3.138189E-05
1.854689E+04	5.751510E-04	3.133738E-05
1.858650E+04	5.725471E-04	3.127209E-05
1.862611E+04	5.696278E-04	3.118672E-05
1.866572E+04	5.664122E-04	3.108223E-05
1.870533E+04	5.629214E-04	3.095974E-05
1.874494E+04	5.591799E-04	3.082058E-05
1.878455E+04	5.552134E-04	3.066616E-05
1.882416E+04	5.510489E-04	3.049796E-05
1.886377E+04	5.467135E-04	3.031750E-05
1.890338E+04	5.422352E-04	3.012640E-05
1.894299E+04	5.376415E-04	2.992620E-05
1.898260E+04	5.329597E-04	2.971850E-05
1.902221E+04	5.282158E-04	2.950482E-05
1.906182E+04	5.234356E-04	2.928669E-05
1.910143E+04	5.186438E-04	2.906558E-05
1.914104E+04	5.138637E-04	2.884288E-05
1.918065E+04	5.091164E-04	2.861991E-05
1.922026E+04	5.044220E-04	2.839789E-05
1.925987E+04	4.997979E-04	2.817792E-05
1.929948E+04	4.952595E-04	2.796099E-05
1.933909E+04	4.908203E-04	2.774800E-05
1.937870E+04	4.864910E-04	2.753965E-05
1.941831E+04	4.822805E-04	2.733660E-05
1.945792E+04	4.781952E-04	2.713932E-05
1.949753E+04	4.742398E-04	2.694821E-05
1.953714E+04	4.704162E-04	2.676350E-05
1.957675E+04	4.667247E-04	2.658535E-05
1.961636E+04	4.631635E-04	2.641376E-05
1.965598E+04	4.597290E-04	2.624866E-05
1.969559E+04	4.564163E-04	2.608989E-05
1.973520E+04	4.532189E-04	2.593721E-05
1.977481E+04	4.501295E-04	2.579030E-05
1.981442E+04	4.471405E-04	2.564886E-05
1.985403E+04	4.442433E-04	2.551251E-05
1.989364E+04	4.414301E-04	2.538091E-05
1.993325E+04	4.386933E-04	2.525373E-05
1.997286E+04	4.360255E-04	2.513068E-05
2.001247E+04	4.334203E-04	2.501147E-05
2.005208E+04	4.308717E-04	2.489588E-05
2.009169E+04	4.283750E-04	2.478374E-05
2.013130E+04	4.259260E-04	2.467491E-05
2.017091E+04	4.235207E-04	2.456927E-05
2.021052E+04	4.211568E-04	2.446679E-05
2.025013E+04	4.188316E-04	2.436740E-05
2.028974E+04	4.165435E-04	2.427112E-05
2.032935E+04	4.142903E-04	2.417792E-05
2.036896E+04	4.120709E-04	2.408783E-05
2.040857E+04	4.098829E-04	2.400082E-05
2.044818E+04	4.077247E-04	2.391688E-05
2.048779E+04	4.055937E-04	2.383596E-05
2.052740E+04	4.034864E-04	2.375794E-05
2.056701E+04	4.013991E-04	2.368269E-05
2.060662E+04	3.993266E-04	2.360999E-05
2.064623E+04	3.972626E-04	2.353956E-05
2.068584E+04	3.951999E-04	2.347104E-05
2.072545E+04	3.931290E-04	2.340394E-05
2.076506E+04	3.910396E-04	2.333772E-05
2.080467E+04	3.889191E-04	2.327168E-05
2.084428E+04	3.867531E-04	2.320499E-05
2.088389E+04	3.845243E-04	2.313666E-05
2.092350E+04	3.822137E-04	2.306556E-05
2.096311E+04	3.797990E-04	2.299034E-05
2.100272E+04	3.772550E-04	2.290941E-05
2.104233E+04	3.745537E-04	2.282086E-05
2.108194E+04	3.716647E-04	2.272261E-05
2.112155E+04	3.685547E-04	2.261237E-05
2.116116E+04	3.651902E-04	2.248777E-05
2.120077E+04	3.615398E-04	2.234656E-05
2.124038E+04	3.575783E-04	2.218684E-05
2.127999E+04	3.532918E-04	2.200734E-05
2.131961E+04	3.486856E-04	2.180803E-05
2.135922E+04	3.437854E-04	2.159009E-05
2.139883E+04	3.386280E-04	2.135548E-05
2.143844E+04	3.332521E-04	2.110626E-05
2.147805E+04	3.276941E-04	2.084442E-05
2.151766E+04	3.219828E-04	2.057149E-05
2.155727E+04	3.161400E-04	2.028857E-05
2.159688E+04	3.101788E-04	1.999625E-05
2.163649E+04	3.041070E-04	1.969477E-05
2.167610E+04	2.979271E-04	1.938405E-05
2.171571E+04	2.916396E-04	1.906389E-05
2.175532E+04	2.852431E-04	1.873394E-05
2.179493E+04	2.787371E-04	1.839395E-05
2.183454E+04	2.721226E-04	1.804375E-05
2.187415E+04	2.654028E-04	1.768331E-05
2.191376E+04	2.585842E-04	1.731285E-05
2.195337E+04	2.516763E-04	1.693280E-05
2.199298E+04	2.446923E-04	1.654385E-05
2.203259E+04	2.376489E-04	1.614694E-05
2.207220E+04	2.305653E-04	1.574324E-05
2.211181E+04	2.234652E-04	1.533422E-05
2.215142E+04	2.163730E-04	1.492147E-05
2.219103E+04	2.093166E-04	1.450683E-05
2.223064E+04	2.023240E-04	1.409221E-05
2.227025E+04	1.954247E-04	1.367968E-05
2.230986E+04	1.886481E-04	1.327133E-05
2.234947E+04	1.820232E-04	1.286927E-05
2.238908E+04	1.755778E-04	1.247557E-05
2.242869E+04	1.693382E-04	1.209226E-05
2.246830E+04	1.633284E-04	1.172123E-05
2.250791E+04	1.575703E-04	1.136425E-05
2.254752E+04	1.520826E-04	1.102291E-05
2.258713E+04	1.468808E-04	1.069861E-05
2.262674E+04	1.419775E-04	1.039253E-05
2.266635E+04	1.373821E-04	1.010565E-05
2.270596E+04	1.331005E-04	9.838734E-06
2.274557E+04	1.291362E-04	9.592352E-06
2.278518E+04	1.254899E-04	9.366880E-06
2.282479E+04	1.221600E-04	9.162537E-06
2.286440E+04	1.191434E-04	8.979400E-06
2.290401E+04	1.164350E-04	8.817428E-06
2.294362E+04	1.140289E-04	8.676490E-06
2.298323E+04	1.119184E-04	8.556383E-06
2.302285E+04	1.100961E-04	8.456862E-06
2.306246E+04	1.085545E-04	8.377657E-06
2.310207E+04	1.072864E-04	8.318490E-06
2.314168E+04	1.062845E-04	8.279095E-06
2.318129E+04	1.055422E-04	8.259226E-06
2.322090E+04	1.050532E-04	8.258669E-06
2.326051E+04	1.048117E-04	8.277239E-06
2.330012E+04	1.048128E-04	8.314790E-06
2.333973E+04	1.050518E-04	8.371211E-06
2.337934E+04	1.055246E-04	8.446417E-06
2.341895E+04	1.062275E-04	8.540357E-06
2.345856E+04	1.071573E-04	8.652999E-06
2.349817E+04	1.083109E-04	8.784333E-06
2.353778E+04	1.096856E-04	8.934363E-06
2.357739E+04	1.112789E-04	9.103107E-06
2.361700E+04	1.130885E-04	9.290591E-06
2.365661E+04	1.151122E-04	9.496854E-06
2.369622E+04	1.173481E-04	9.721938E-06
2.373583E+04	1.197943E-04	9.965896E-06
2.377544E+04	1.224490E-04	1.022879E-05
2.381505E+04	1.253109E-04	1.051068E-05
2.385466E+04	1.283782E-04	1.081165E-05
2.389427E+04	1.316499E-04	1.113177E-05
2.393388E+04	1.351246E-04	1.147113E-05
2.397349E+04	1.388011E-04	1.182980E-05
2.401310E+04	1.426784E-04	1.220787E-05
2.405271E+04	1.467553E-04	1.260543E-05
2.409232E+04	1.510306E-04	1.302255E-05
2.413193E+04	1.555034E-04	1.345931E-05
2.417154E+04	1.601726E-04	1.391579E-05
2.421115E+04	1.650373E-04	1.439206E-05
2.425076E+04	1.700965E-04	1.488821E-05
