#wls	flux	fluxerr
3.257341E+03	1.664234E-04	1.173550E-05
3.296951E+03	1.761989E-04	1.229808E-05
3.336561E+03	1.867603E-04	1.290127E-05
3.376171E+03	1.980572E-04	1.354004E-05
3.415782E+03	2.099936E-04	1.420647E-05
3.455392E+03	2.224442E-04	1.489094E-05
3.495002E+03	2.353570E-04	1.558910E-05
3.534612E+03	2.488295E-04	1.630654E-05
3.574223E+03	2.630081E-04	1.705180E-05
3.613833E+03	2.780231E-04	1.783198E-05
3.653443E+03	2.939553E-04	1.865073E-05
3.693053E+03	3.108082E-04	1.950662E-05
3.732664E+03	3.284843E-04	2.039200E-05
3.772274E+03	3.467793E-04	2.129294E-05
3.811884E+03	3.654831E-04	2.219577E-05
3.851494E+03	3.846650E-04	2.310417E-05
3.891105E+03	4.045877E-04	2.403307E-05
3.930715E+03	4.255251E-04	2.499742E-05
3.970325E+03	4.477131E-04	2.600926E-05
4.009935E+03	4.713385E-04	2.707722E-05
4.049545E+03	4.965369E-04	2.820661E-05
4.089156E+03	5.233952E-04	2.939969E-05
4.128766E+03	5.519563E-04	3.065612E-05
4.168376E+03	5.822201E-04	3.197317E-05
4.207986E+03	6.141459E-04	3.334595E-05
4.247597E+03	6.476497E-04	3.476743E-05
4.287207E+03	6.825959E-04	3.622809E-05
4.326817E+03	7.187738E-04	3.771490E-05
4.366427E+03	7.558673E-04	3.920991E-05
4.406038E+03	7.935284E-04	4.069436E-05
4.445648E+03	8.315674E-04	4.215837E-05
4.485258E+03	8.697529E-04	4.359049E-05
4.524868E+03	9.076835E-04	4.497136E-05
4.564479E+03	9.447295E-04	4.627136E-05
4.604089E+03	9.799531E-04	4.744739E-05
4.643699E+03	1.011987E-03	4.843786E-05
4.683309E+03	1.038892E-03	4.915702E-05
4.722919E+03	1.058099E-03	4.949389E-05
4.762530E+03	1.066912E-03	4.933679E-05
4.802140E+03	1.064191E-03	4.865058E-05
4.841750E+03	1.052072E-03	4.755013E-05
4.881360E+03	1.034751E-03	4.623735E-05
4.920971E+03	1.015961E-03	4.488457E-05
4.960581E+03	9.982972E-04	4.360675E-05
5.000191E+03	9.832538E-04	4.246613E-05
5.039801E+03	9.714553E-04	4.148501E-05
5.079412E+03	9.629054E-04	4.065845E-05
5.119022E+03	9.571738E-04	3.996350E-05
5.158632E+03	9.535122E-04	3.936503E-05
5.198242E+03	9.509417E-04	3.882002E-05
5.237853E+03	9.483592E-04	3.828231E-05
5.277463E+03	9.446661E-04	3.770797E-05
5.317073E+03	9.389307E-04	3.706166E-05
5.356683E+03	9.306824E-04	3.632762E-05
5.396293E+03	9.205041E-04	3.553155E-05
5.435904E+03	9.097563E-04	3.472771E-05
5.475514E+03	8.999388E-04	3.397332E-05
5.515124E+03	8.923267E-04	3.331471E-05
5.554734E+03	8.877322E-04	3.277908E-05
5.594345E+03	8.864678E-04	3.237416E-05
5.633955E+03	8.884849E-04	3.209422E-05
5.673565E+03	8.935522E-04	3.192723E-05
5.713175E+03	9.014168E-04	3.186094E-05
5.752786E+03	9.119253E-04	3.188709E-05
5.792396E+03	9.250988E-04	3.200386E-05
5.832006E+03	9.411673E-04	3.221671E-05
5.871616E+03	9.605902E-04	3.253873E-05
5.911227E+03	9.840803E-04	3.299101E-05
5.950837E+03	1.012613E-03	3.360268E-05
5.990447E+03	1.047373E-03	3.440867E-05
6.030057E+03	1.089563E-03	3.544342E-05
6.069667E+03	1.139988E-03	3.672745E-05
6.109278E+03	1.198293E-03	3.824383E-05
6.148888E+03	1.261967E-03	3.990869E-05
6.188498E+03	1.326267E-03	4.157153E-05
6.228108E+03	1.388160E-03	4.314072E-05
6.267719E+03	1.448161E-03	4.463733E-05
6.307329E+03	1.505161E-03	4.603211E-05
6.346939E+03	1.554390E-03	4.718523E-05
6.386549E+03	1.589065E-03	4.790004E-05
6.426160E+03	1.607221E-03	4.812885E-05
6.465770E+03	1.613729E-03	4.802761E-05
6.505380E+03	1.614393E-03	4.777493E-05
6.544990E+03	1.613741E-03	4.750663E-05
6.584601E+03	1.614649E-03	4.730654E-05
6.624211E+03	1.618560E-03	4.721458E-05
6.663821E+03	1.625854E-03	4.723928E-05
6.703431E+03	1.636193E-03	4.736836E-05
6.743041E+03	1.648760E-03	4.757616E-05
6.782652E+03	1.662417E-03	4.782822E-05
6.822262E+03	1.675833E-03	4.808491E-05
6.861872E+03	1.687614E-03	4.830538E-05
6.901482E+03	1.696467E-03	4.845199E-05
6.941093E+03	1.701359E-03	4.849474E-05
6.980703E+03	1.701640E-03	4.841477E-05
7.020313E+03	1.697141E-03	4.820691E-05
7.059923E+03	1.688221E-03	4.788100E-05
7.099534E+03	1.675752E-03	4.746131E-05
7.139144E+03	1.660999E-03	4.698321E-05
7.178754E+03	1.645445E-03	4.648799E-05
7.218364E+03	1.630603E-03	4.601778E-05
7.257975E+03	1.617897E-03	4.561216E-05
7.297585E+03	1.608601E-03	4.530634E-05
7.337195E+03	1.603737E-03	4.512850E-05
7.376805E+03	1.603845E-03	4.509333E-05
7.416415E+03	1.608634E-03	4.519222E-05
7.456026E+03	1.617065E-03	4.539568E-05
7.495636E+03	1.629234E-03	4.570634E-05
7.535246E+03	1.648428E-03	4.621636E-05
7.574856E+03	1.678229E-03	4.702606E-05
7.614467E+03	1.719393E-03	4.815655E-05
7.654077E+03	1.769497E-03	4.953974E-05
7.693687E+03	1.821837E-03	5.098792E-05
7.733297E+03	1.865468E-03	5.219511E-05
7.772908E+03	1.888395E-03	5.282600E-05
7.812518E+03	1.887560E-03	5.279431E-05
7.852128E+03	1.868759E-03	5.226121E-05
7.891738E+03	1.838524E-03	5.140823E-05
7.931349E+03	1.801841E-03	5.037386E-05
7.970959E+03	1.761995E-03	4.924903E-05
8.010569E+03	1.720942E-03	4.808770E-05
8.050179E+03	1.679755E-03	4.691926E-05
8.089789E+03	1.638989E-03	4.575880E-05
8.129400E+03	1.598937E-03	4.461420E-05
8.169010E+03	1.559759E-03	4.348974E-05
8.208620E+03	1.521544E-03	4.238784E-05
8.248230E+03	1.484341E-03	4.130988E-05
8.287841E+03	1.448182E-03	4.025688E-05
8.327451E+03	1.413127E-03	3.923072E-05
8.367061E+03	1.379343E-03	3.823626E-05
8.406671E+03	1.347204E-03	3.728416E-05
8.446282E+03	1.317366E-03	3.639283E-05
8.485892E+03	1.290772E-03	3.558849E-05
8.525502E+03	1.268593E-03	3.490336E-05
8.565112E+03	1.252105E-03	3.437229E-05
8.604723E+03	1.242527E-03	3.402815E-05
8.644333E+03	1.240770E-03	3.389505E-05
8.683943E+03	1.247253E-03	3.398334E-05
8.723553E+03	1.262043E-03	3.429357E-05
8.763163E+03	1.285084E-03	3.482300E-05
8.802774E+03	1.316329E-03	3.556913E-05
8.842384E+03	1.355738E-03	3.652980E-05
8.881994E+03	1.403117E-03	3.769880E-05
8.921604E+03	1.457776E-03	3.905689E-05
8.961215E+03	1.517982E-03	4.055743E-05
9.000825E+03	1.580127E-03	4.210469E-05
9.040435E+03	1.637726E-03	4.352773E-05
9.080045E+03	1.681102E-03	4.457299E-05
9.119656E+03	1.701054E-03	4.500189E-05
9.159266E+03	1.699277E-03	4.486498E-05
9.198876E+03	1.684005E-03	4.438287E-05
9.238486E+03	1.662270E-03	4.374209E-05
9.278097E+03	1.638594E-03	4.306172E-05
9.317707E+03	1.615502E-03	4.240767E-05
9.357317E+03	1.594272E-03	4.181296E-05
9.396927E+03	1.575550E-03	4.129394E-05
9.436537E+03	1.559769E-03	4.086143E-05
9.476148E+03	1.547372E-03	4.052667E-05
9.515758E+03	1.538871E-03	4.030282E-05
9.555368E+03	1.534795E-03	4.020359E-05
9.594978E+03	1.535560E-03	4.023997E-05
9.634589E+03	1.541263E-03	4.041473E-05
9.674199E+03	1.551310E-03	4.071272E-05
9.713809E+03	1.563798E-03	4.108452E-05
9.753419E+03	1.574707E-03	4.142490E-05
9.793030E+03	1.577529E-03	4.156249E-05
9.832640E+03	1.566095E-03	4.133336E-05
9.872250E+03	1.543204E-03	4.080769E-05
9.911857E+03	1.516303E-03	4.017861E-05
9.951468E+03	1.490841E-03	3.958794E-05
9.991078E+03	1.469685E-03	3.910998E-05
1.003069E+04	1.453861E-03	3.877086E-05
1.007030E+04	1.443316E-03	3.856820E-05
1.010991E+04	1.437432E-03	3.848453E-05
1.014952E+04	1.435334E-03	3.849534E-05
1.018913E+04	1.436071E-03	3.857388E-05
1.022874E+04	1.438744E-03	3.869464E-05
1.026835E+04	1.442620E-03	3.883641E-05
1.030796E+04	1.447220E-03	3.898470E-05
1.034757E+04	1.452360E-03	3.913299E-05
1.038718E+04	1.458100E-03	3.928130E-05
1.042679E+04	1.464634E-03	3.943334E-05
1.046640E+04	1.472177E-03	3.959326E-05
1.050601E+04	1.480844E-03	3.976259E-05
1.054562E+04	1.490580E-03	3.993819E-05
1.058523E+04	1.501123E-03	4.011135E-05
1.062484E+04	1.512014E-03	4.026819E-05
1.066445E+04	1.522645E-03	4.039101E-05
1.070406E+04	1.532332E-03	4.046043E-05
1.074367E+04	1.540390E-03	4.045753E-05
1.078328E+04	1.546211E-03	4.036593E-05
1.082289E+04	1.549323E-03	4.017354E-05
1.086250E+04	1.549451E-03	3.987398E-05
1.090211E+04	1.546541E-03	3.946712E-05
1.094172E+04	1.540742E-03	3.895848E-05
1.098133E+04	1.532355E-03	3.835766E-05
1.102094E+04	1.521764E-03	3.767644E-05
1.106055E+04	1.509376E-03	3.692711E-05
1.110016E+04	1.495576E-03	3.612126E-05
1.113977E+04	1.480696E-03	3.526904E-05
1.117938E+04	1.464996E-03	3.437877E-05
1.121900E+04	1.448667E-03	3.345695E-05
1.125861E+04	1.431835E-03	3.250857E-05
1.129822E+04	1.414593E-03	3.153784E-05
1.133783E+04	1.397025E-03	3.054886E-05
1.137744E+04	1.379220E-03	2.954582E-05
1.141705E+04	1.361263E-03	2.853286E-05
1.145666E+04	1.343231E-03	2.751401E-05
1.149627E+04	1.325219E-03	2.649370E-05
1.153588E+04	1.307377E-03	2.547745E-05
1.157549E+04	1.289950E-03	2.447251E-05
1.161510E+04	1.273303E-03	2.348814E-05
1.165471E+04	1.257922E-03	2.253524E-05
1.169432E+04	1.244390E-03	2.162570E-05
1.173393E+04	1.233357E-03	2.077172E-05
1.177354E+04	1.225536E-03	1.998571E-05
1.181315E+04	1.221723E-03	1.928054E-05
1.185276E+04	1.222831E-03	1.867027E-05
1.189237E+04	1.229960E-03	1.817122E-05
1.193198E+04	1.244456E-03	1.780299E-05
1.197159E+04	1.267915E-03	1.758883E-05
1.201120E+04	1.302113E-03	1.755526E-05
1.205081E+04	1.348846E-03	1.773119E-05
1.209042E+04	1.409553E-03	1.814481E-05
1.213003E+04	1.484407E-03	1.881443E-05
1.216964E+04	1.570406E-03	1.972690E-05
1.220925E+04	1.658111E-03	2.079730E-05
1.224886E+04	1.728091E-03	2.181790E-05
1.228847E+04	1.753000E-03	2.246093E-05
1.232808E+04	1.715704E-03	2.247802E-05
1.236769E+04	1.629255E-03	2.196959E-05
1.240730E+04	1.522308E-03	2.124270E-05
1.244691E+04	1.416802E-03	2.054674E-05
1.248652E+04	1.323497E-03	2.001051E-05
1.252613E+04	1.245707E-03	1.967896E-05
1.256574E+04	1.183148E-03	1.955540E-05
1.260535E+04	1.134199E-03	1.962704E-05
1.264496E+04	1.096938E-03	1.987699E-05
1.268457E+04	1.069551E-03	2.028897E-05
1.272418E+04	1.050439E-03	2.084848E-05
1.276379E+04	1.038229E-03	2.154270E-05
1.280340E+04	1.031754E-03	2.236025E-05
1.284301E+04	1.030036E-03	2.329123E-05
1.288262E+04	1.032262E-03	2.432688E-05
1.292224E+04	1.037731E-03	2.545890E-05
1.296185E+04	1.045828E-03	2.667901E-05
1.300146E+04	1.056015E-03	2.797892E-05
1.304107E+04	1.067823E-03	2.935049E-05
1.308068E+04	1.080845E-03	3.078565E-05
1.312029E+04	1.094726E-03	3.227638E-05
1.315990E+04	1.109160E-03	3.381487E-05
1.319951E+04	1.123886E-03	3.539362E-05
1.323912E+04	1.138684E-03	3.700542E-05
1.327873E+04	1.153357E-03	3.864301E-05
1.331834E+04	1.167721E-03	4.029887E-05
1.335795E+04	1.181596E-03	4.196495E-05
1.339756E+04	1.194807E-03	4.363258E-05
1.343717E+04	1.207180E-03	4.529253E-05
1.347678E+04	1.218541E-03	4.693500E-05
1.351639E+04	1.228726E-03	4.854978E-05
1.355600E+04	1.237581E-03	5.012658E-05
1.359561E+04	1.244974E-03	5.165544E-05
1.363522E+04	1.250803E-03	5.312713E-05
1.367483E+04	1.254998E-03	5.453357E-05
1.371444E+04	1.257523E-03	5.586791E-05
1.375405E+04	1.258371E-03	5.712465E-05
1.379366E+04	1.257572E-03	5.829996E-05
1.383327E+04	1.255191E-03	5.939186E-05
1.387288E+04	1.251330E-03	6.040053E-05
1.391249E+04	1.246128E-03	6.132841E-05
1.395210E+04	1.239749E-03	6.217977E-05
1.399171E+04	1.232367E-03	6.296010E-05
1.403132E+04	1.224156E-03	6.367554E-05
1.407093E+04	1.215280E-03	6.433251E-05
1.411054E+04	1.205891E-03	6.493735E-05
1.415015E+04	1.196126E-03	6.549612E-05
1.418976E+04	1.186105E-03	6.601465E-05
1.422937E+04	1.175937E-03	6.649839E-05
1.426898E+04	1.165719E-03	6.695271E-05
1.430859E+04	1.155559E-03	6.738374E-05
1.434820E+04	1.145588E-03	6.779960E-05
1.438781E+04	1.135970E-03	6.821078E-05
1.442742E+04	1.126888E-03	6.862938E-05
1.446703E+04	1.118518E-03	6.906783E-05
1.450664E+04	1.111019E-03	6.953795E-05
1.454625E+04	1.104521E-03	7.005034E-05
1.458587E+04	1.099122E-03	7.061379E-05
1.462548E+04	1.094874E-03	7.123456E-05
1.466509E+04	1.091784E-03	7.191592E-05
1.470470E+04	1.089814E-03	7.265816E-05
1.474431E+04	1.088888E-03	7.345883E-05
1.478392E+04	1.088901E-03	7.431322E-05
1.482353E+04	1.089723E-03	7.521456E-05
1.486314E+04	1.091193E-03	7.615332E-05
1.490275E+04	1.093099E-03	7.711611E-05
1.494236E+04	1.095170E-03	7.808450E-05
1.498197E+04	1.097086E-03	7.903559E-05
1.502158E+04	1.098494E-03	7.994342E-05
1.506119E+04	1.099034E-03	8.078019E-05
1.510080E+04	1.098344E-03	8.151725E-05
1.514041E+04	1.096089E-03	8.212678E-05
1.518002E+04	1.091992E-03	8.258456E-05
1.521963E+04	1.085871E-03	8.287293E-05
1.525924E+04	1.077656E-03	8.298239E-05
1.529885E+04	1.067367E-03	8.291043E-05
1.533846E+04	1.055080E-03	8.265904E-05
1.537807E+04	1.040919E-03	8.223435E-05
1.541768E+04	1.025054E-03	8.164659E-05
1.545729E+04	1.007675E-03	8.090795E-05
1.549690E+04	9.889587E-04	8.003045E-05
1.553651E+04	9.690817E-04	7.902633E-05
1.557612E+04	9.482414E-04	7.791017E-05
1.561573E+04	9.266823E-04	7.670095E-05
1.565534E+04	9.047002E-04	7.542259E-05
1.569495E+04	8.826219E-04	7.410233E-05
1.573456E+04	8.607822E-04	7.276889E-05
1.577417E+04	8.395213E-04	7.145218E-05
1.581378E+04	8.191974E-04	7.018445E-05
1.585339E+04	8.001794E-04	6.899962E-05
1.589300E+04	7.828158E-04	6.793061E-05
1.593261E+04	7.673951E-04	6.700575E-05
1.597222E+04	7.541115E-04	6.624567E-05
1.601183E+04	7.430391E-04	6.566066E-05
1.605144E+04	7.341356E-04	6.525070E-05
1.609105E+04	7.272792E-04	6.500850E-05
1.613066E+04	7.223088E-04	6.492286E-05
1.617027E+04	7.190471E-04	6.498071E-05
1.620988E+04	7.173052E-04	6.516747E-05
1.624949E+04	7.168767E-04	6.546656E-05
1.628911E+04	7.175278E-04	6.585840E-05
1.632872E+04	7.190016E-04	6.632080E-05
1.636833E+04	7.210297E-04	6.682998E-05
1.640794E+04	7.233571E-04	6.736292E-05
1.644755E+04	7.257753E-04	6.790046E-05
1.648716E+04	7.281407E-04	6.842918E-05
1.652677E+04	7.303513E-04	6.893937E-05
1.656638E+04	7.323046E-04	6.942108E-05
1.660599E+04	7.338775E-04	6.986224E-05
1.664560E+04	7.349470E-04	7.025066E-05
1.668521E+04	7.354279E-04	7.057754E-05
1.672482E+04	7.353068E-04	7.084097E-05
1.676443E+04	7.346556E-04	7.104722E-05
1.680404E+04	7.336245E-04	7.121036E-05
1.684365E+04	7.324038E-04	7.134856E-05
1.688326E+04	7.311632E-04	7.147828E-05
1.692287E+04	7.299973E-04	7.160883E-05
1.696248E+04	7.289061E-04	7.174035E-05
1.700209E+04	7.278254E-04	7.186664E-05
1.704170E+04	7.266719E-04	7.197950E-05
1.708131E+04	7.253651E-04	7.207094E-05
1.712092E+04	7.238267E-04	7.213308E-05
1.716053E+04	7.219729E-04	7.215740E-05
1.720014E+04	7.197261E-04	7.213595E-05
1.723975E+04	7.170404E-04	7.206384E-05
1.727936E+04	7.139195E-04	7.194121E-05
1.731897E+04	7.104164E-04	7.177317E-05
1.735858E+04	7.066241E-04	7.156894E-05
1.739819E+04	7.026728E-04	7.134165E-05
1.743780E+04	6.987265E-04	7.110800E-05
1.747741E+04	6.949723E-04	7.088722E-05
1.751702E+04	6.916068E-04	7.069965E-05
1.755663E+04	6.888142E-04	7.056453E-05
1.759624E+04	6.867432E-04	7.049762E-05
1.763585E+04	6.855012E-04	7.051050E-05
1.767546E+04	6.851638E-04	7.061155E-05
1.771507E+04	6.857927E-04	7.080775E-05
1.775468E+04	6.874323E-04	7.110425E-05
1.779429E+04	6.900904E-04	7.150248E-05
1.783390E+04	6.937243E-04	7.199853E-05
1.787351E+04	6.982427E-04	7.258341E-05
1.791312E+04	7.035175E-04	7.324419E-05
1.795274E+04	7.093989E-04	7.396559E-05
1.799235E+04	7.157334E-04	7.473179E-05
1.803196E+04	7.223756E-04	7.552776E-05
1.807157E+04	7.291889E-04	7.633927E-05
1.811118E+04	7.360358E-04	7.715191E-05
1.815079E+04	7.427735E-04	7.795069E-05
1.819040E+04	7.492596E-04	7.872053E-05
1.823001E+04	7.553618E-04	7.944741E-05
1.826962E+04	7.609687E-04	8.011945E-05
1.830923E+04	7.659954E-04	8.072751E-05
1.834884E+04	7.703795E-04	8.126484E-05
1.838845E+04	7.740745E-04	8.172637E-05
1.842806E+04	7.770452E-04	8.210821E-05
1.846767E+04	7.792613E-04	8.240699E-05
1.850728E+04	7.806975E-04	8.261991E-05
1.854689E+04	7.813388E-04	8.274529E-05
1.858650E+04	7.811842E-04	8.278291E-05
1.862611E+04	7.802465E-04	8.273405E-05
1.866572E+04	7.785451E-04	8.260076E-05
1.870533E+04	7.761026E-04	8.238539E-05
1.874494E+04	7.729443E-04	8.209064E-05
1.878455E+04	7.691000E-04	8.171972E-05
1.882416E+04	7.646052E-04	8.127643E-05
1.886377E+04	7.595019E-04	8.076531E-05
1.890338E+04	7.538429E-04	8.019205E-05
1.894299E+04	7.476970E-04	7.956410E-05
1.898260E+04	7.411511E-04	7.889082E-05
1.902221E+04	7.343061E-04	7.818307E-05
1.906182E+04	7.272701E-04	7.745253E-05
1.910143E+04	7.201550E-04	7.671127E-05
1.914104E+04	7.130733E-04	7.597144E-05
1.918065E+04	7.061331E-04	7.524473E-05
1.922026E+04	6.994336E-04	7.454188E-05
1.925987E+04	6.930619E-04	7.387235E-05
1.929948E+04	6.870907E-04	7.324407E-05
1.933909E+04	6.815753E-04	7.266309E-05
1.937870E+04	6.765447E-04	7.213267E-05
1.941831E+04	6.719980E-04	7.165286E-05
1.945792E+04	6.679032E-04	7.122042E-05
1.949753E+04	6.641991E-04	7.082895E-05
1.953714E+04	6.608010E-04	7.046958E-05
1.957675E+04	6.576088E-04	7.013176E-05
1.961636E+04	6.545181E-04	6.980450E-05
1.965598E+04	6.514336E-04	6.947776E-05
1.969559E+04	6.482818E-04	6.914385E-05
1.973520E+04	6.450192E-04	6.879827E-05
1.977481E+04	6.416340E-04	6.843987E-05
1.981442E+04	6.381373E-04	6.806997E-05
1.985403E+04	6.345479E-04	6.769072E-05
1.989364E+04	6.308755E-04	6.730326E-05
1.993325E+04	6.271116E-04	6.690682E-05
1.997286E+04	6.232262E-04	6.649833E-05
2.001247E+04	6.191658E-04	6.607219E-05
2.005208E+04	6.148573E-04	6.562072E-05
2.009169E+04	6.102172E-04	6.513510E-05
2.013130E+04	6.051664E-04	6.460699E-05
2.017091E+04	5.996468E-04	6.403028E-05
2.021052E+04	5.936293E-04	6.340192E-05
2.025013E+04	5.871162E-04	6.272220E-05
2.028974E+04	5.801380E-04	6.199443E-05
2.032935E+04	5.727449E-04	6.122400E-05
2.036896E+04	5.649934E-04	6.041697E-05
2.040857E+04	5.569323E-04	5.957857E-05
2.044818E+04	5.485991E-04	5.871280E-05
2.048779E+04	5.400222E-04	5.782270E-05
2.052740E+04	5.312257E-04	5.691081E-05
2.056701E+04	5.222357E-04	5.597990E-05
2.060662E+04	5.130796E-04	5.503288E-05
2.064623E+04	5.037837E-04	5.407250E-05
2.068584E+04	4.943698E-04	5.310104E-05
2.072545E+04	4.848559E-04	5.212037E-05
2.076506E+04	4.752565E-04	5.113196E-05
2.080467E+04	4.655918E-04	5.013790E-05
2.084428E+04	4.559025E-04	4.914246E-05
2.088389E+04	4.462569E-04	4.815293E-05
2.092350E+04	4.367497E-04	4.717945E-05
2.096311E+04	4.274944E-04	4.623422E-05
2.100272E+04	4.186219E-04	4.533143E-05
2.104233E+04	4.102804E-04	4.448718E-05
2.108194E+04	4.026307E-04	4.371900E-05
2.112155E+04	3.958249E-04	4.304352E-05
2.116116E+04	3.899690E-04	4.247246E-05
2.120077E+04	3.850783E-04	4.200775E-05
2.124038E+04	3.810405E-04	4.163745E-05
2.127999E+04	3.776366E-04	4.133790E-05
2.131961E+04	3.747711E-04	4.109883E-05
2.135922E+04	3.726221E-04	4.094001E-05
2.139883E+04	3.713416E-04	4.087851E-05
2.143844E+04	3.709528E-04	4.091733E-05
2.147805E+04	3.713710E-04	4.104763E-05
2.151766E+04	3.724495E-04	4.125365E-05
2.155727E+04	3.740166E-04	4.151674E-05
2.159688E+04	3.759033E-04	4.181841E-05
2.163649E+04	3.779564E-04	4.214176E-05
2.167610E+04	3.800394E-04	4.247165E-05
2.171571E+04	3.820338E-04	4.279479E-05
2.175532E+04	3.838356E-04	4.309940E-05
2.179493E+04	3.853496E-04	4.337455E-05
2.183454E+04	3.864847E-04	4.360969E-05
2.187415E+04	3.871520E-04	4.379439E-05
2.191376E+04	3.872713E-04	4.391910E-05
2.195337E+04	3.867799E-04	4.397615E-05
2.199298E+04	3.856417E-04	4.396082E-05
2.203259E+04	3.838476E-04	4.387142E-05
2.207220E+04	3.814128E-04	4.370901E-05
2.211181E+04	3.783727E-04	4.347699E-05
2.215142E+04	3.747763E-04	4.318035E-05
2.219103E+04	3.706811E-04	4.282509E-05
2.223064E+04	3.661478E-04	4.241770E-05
2.227025E+04	3.612407E-04	4.196511E-05
2.230986E+04	3.560282E-04	4.147485E-05
2.234947E+04	3.505822E-04	4.095490E-05
2.238908E+04	3.449771E-04	4.041367E-05
2.242869E+04	3.392877E-04	3.985969E-05
2.246830E+04	3.335866E-04	3.930133E-05
2.250791E+04	3.279418E-04	3.874654E-05
2.254752E+04	3.224113E-04	3.820215E-05
2.258713E+04	3.170408E-04	3.767365E-05
2.262674E+04	3.118620E-04	3.716490E-05
2.266635E+04	3.068964E-04	3.667859E-05
2.270596E+04	3.021569E-04	3.621642E-05
2.274557E+04	2.976495E-04	3.577931E-05
2.278518E+04	2.933747E-04	3.536749E-05
2.282479E+04	2.893282E-04	3.498063E-05
2.286440E+04	2.855014E-04	3.461788E-05
2.290401E+04	2.818845E-04	3.427826E-05
2.294362E+04	2.784689E-04	3.396085E-05
2.298323E+04	2.752469E-04	3.366493E-05
2.302285E+04	2.722124E-04	3.338990E-05
2.306246E+04	2.693607E-04	3.313534E-05
2.310207E+04	2.666890E-04	3.290109E-05
2.314168E+04	2.641991E-04	3.268752E-05
2.318129E+04	2.618955E-04	3.249537E-05
2.322090E+04	2.597834E-04	3.232544E-05
2.326051E+04	2.578668E-04	3.217841E-05
2.330012E+04	2.561471E-04	3.205463E-05
2.333973E+04	2.546223E-04	3.195408E-05
2.337934E+04	2.532896E-04	3.187657E-05
2.341895E+04	2.521456E-04	3.182184E-05
2.345856E+04	2.511880E-04	3.178980E-05
2.349817E+04	2.504128E-04	3.178012E-05
2.353778E+04	2.498133E-04	3.179213E-05
2.357739E+04	2.493800E-04	3.182478E-05
2.361700E+04	2.491011E-04	3.187670E-05
2.365661E+04	2.489641E-04	3.194646E-05
2.369622E+04	2.489565E-04	3.203259E-05
2.373583E+04	2.490650E-04	3.213346E-05
2.377544E+04	2.492755E-04	3.224739E-05
2.381505E+04	2.495741E-04	3.237264E-05
2.385466E+04	2.499457E-04	3.250733E-05
2.389427E+04	2.503750E-04	3.264955E-05
2.393388E+04	2.508473E-04	3.279739E-05
2.397349E+04	2.513483E-04	3.294903E-05
2.401310E+04	2.518658E-04	3.310286E-05
2.405271E+04	2.523891E-04	3.325749E-05
2.409232E+04	2.529107E-04	3.341192E-05
2.413193E+04	2.534245E-04	3.356533E-05
2.417154E+04	2.539273E-04	3.371725E-05
2.421115E+04	2.544167E-04	3.386737E-05
2.425076E+04	2.548926E-04	3.401564E-05
