#wls	flux	fluxerr
3.257341E+03	2.571509E-04	4.376064E-05
3.296951E+03	2.442677E-04	4.147014E-05
3.336561E+03	2.327194E-04	3.941545E-05
3.376171E+03	2.223891E-04	3.757530E-05
3.415782E+03	2.131727E-04	3.593074E-05
3.455392E+03	2.049775E-04	3.446488E-05
3.495002E+03	1.977210E-04	3.316273E-05
3.534612E+03	1.913302E-04	3.201091E-05
3.574223E+03	1.857405E-04	3.099764E-05
3.613833E+03	1.808946E-04	3.011240E-05
3.653443E+03	1.767423E-04	2.934597E-05
3.693053E+03	1.732393E-04	2.869016E-05
3.732664E+03	1.703467E-04	2.813773E-05
3.772274E+03	1.680302E-04	2.768228E-05
3.811884E+03	1.662597E-04	2.731812E-05
3.851494E+03	1.650083E-04	2.704016E-05
3.891105E+03	1.642525E-04	2.684388E-05
3.930715E+03	1.639713E-04	2.672519E-05
3.970325E+03	1.641458E-04	2.668045E-05
4.009935E+03	1.647596E-04	2.670633E-05
4.049545E+03	1.657974E-04	2.679981E-05
4.089156E+03	1.672458E-04	2.695812E-05
4.128766E+03	1.690922E-04	2.717870E-05
4.168376E+03	1.713252E-04	2.745915E-05
4.207986E+03	1.739338E-04	2.779718E-05
4.247597E+03	1.769073E-04	2.819056E-05
4.287207E+03	1.802351E-04	2.863705E-05
4.326817E+03	1.839059E-04	2.913438E-05
4.366427E+03	1.879075E-04	2.968013E-05
4.406038E+03	1.922265E-04	3.027167E-05
4.445648E+03	1.968475E-04	3.090615E-05
4.485258E+03	2.017523E-04	3.158023E-05
4.524868E+03	2.069198E-04	3.229022E-05
4.564479E+03	2.123259E-04	3.303196E-05
4.604089E+03	2.179419E-04	3.380065E-05
4.643699E+03	2.237353E-04	3.459090E-05
4.683309E+03	2.296689E-04	3.539672E-05
4.722919E+03	2.357009E-04	3.621144E-05
4.762530E+03	2.417854E-04	3.702790E-05
4.802140E+03	2.478741E-04	3.783858E-05
4.841750E+03	2.539199E-04	3.863634E-05
4.881360E+03	2.598773E-04	3.941428E-05
4.920971E+03	2.657001E-04	4.016556E-05
4.960581E+03	2.713413E-04	4.088325E-05
5.000191E+03	2.767526E-04	4.156033E-05
5.039801E+03	2.818858E-04	4.218995E-05
5.079412E+03	2.866943E-04	4.276551E-05
5.119022E+03	2.911347E-04	4.328106E-05
5.158632E+03	2.951681E-04	4.373135E-05
5.198242E+03	2.987617E-04	4.411218E-05
5.237853E+03	3.018913E-04	4.442061E-05
5.277463E+03	3.045423E-04	4.465522E-05
5.317073E+03	3.067117E-04	4.481630E-05
5.356683E+03	3.084093E-04	4.490600E-05
5.396293E+03	3.096570E-04	4.492823E-05
5.435904E+03	3.104897E-04	4.488874E-05
5.475514E+03	3.109523E-04	4.479466E-05
5.515124E+03	3.110991E-04	4.465433E-05
5.554734E+03	3.109901E-04	4.447687E-05
5.594345E+03	3.106881E-04	4.427163E-05
5.633955E+03	3.102555E-04	4.404780E-05
5.673565E+03	3.097523E-04	4.381404E-05
5.713175E+03	3.092321E-04	4.357807E-05
5.752786E+03	3.087415E-04	4.334648E-05
5.792396E+03	3.083186E-04	4.312454E-05
5.832006E+03	3.079925E-04	4.291624E-05
5.871616E+03	3.077831E-04	4.272419E-05
5.911227E+03	3.077013E-04	4.254976E-05
5.950837E+03	3.077498E-04	4.239309E-05
5.990447E+03	3.079232E-04	4.225330E-05
6.030057E+03	3.082092E-04	4.212851E-05
6.069667E+03	3.085895E-04	4.201606E-05
6.109278E+03	3.090400E-04	4.191258E-05
6.148888E+03	3.095328E-04	4.181417E-05
6.188498E+03	3.100368E-04	4.171665E-05
6.228108E+03	3.105190E-04	4.161556E-05
6.267719E+03	3.109469E-04	4.150665E-05
6.307329E+03	3.112901E-04	4.138598E-05
6.346939E+03	3.115254E-04	4.125065E-05
6.386549E+03	3.116424E-04	4.109949E-05
6.426160E+03	3.116582E-04	4.093496E-05
6.465770E+03	3.116166E-04	4.076294E-05
6.505380E+03	3.115737E-04	4.059085E-05
6.544990E+03	3.115886E-04	4.042635E-05
6.584601E+03	3.117181E-04	4.027668E-05
6.624211E+03	3.120136E-04	4.014829E-05
6.663821E+03	3.125192E-04	4.004657E-05
6.703431E+03	3.132713E-04	3.997584E-05
6.743041E+03	3.142981E-04	3.993927E-05
6.782652E+03	3.156197E-04	3.993900E-05
6.822262E+03	3.172484E-04	3.997612E-05
6.861872E+03	3.191899E-04	4.005084E-05
6.901482E+03	3.214430E-04	4.016257E-05
6.941093E+03	3.240027E-04	4.031017E-05
6.980703E+03	3.268602E-04	4.049210E-05
7.020313E+03	3.300056E-04	4.070668E-05
7.059923E+03	3.334291E-04	4.095228E-05
7.099534E+03	3.371238E-04	4.122763E-05
7.139144E+03	3.410872E-04	4.153204E-05
7.178754E+03	3.453230E-04	4.186556E-05
7.218364E+03	3.498426E-04	4.222917E-05
7.257975E+03	3.546671E-04	4.262500E-05
7.297585E+03	3.598290E-04	4.305650E-05
7.337195E+03	3.653722E-04	4.352844E-05
7.376805E+03	3.713521E-04	4.404684E-05
7.416415E+03	3.778325E-04	4.461859E-05
7.456026E+03	3.848783E-04	4.525065E-05
7.495636E+03	3.925422E-04	4.594835E-05
7.535246E+03	4.008441E-04	4.671314E-05
7.574856E+03	4.097395E-04	4.753898E-05
7.614467E+03	4.190801E-04	4.840791E-05
7.654077E+03	4.285808E-04	4.928659E-05
7.693687E+03	4.378491E-04	5.012994E-05
7.733297E+03	4.464430E-04	5.088805E-05
7.772908E+03	4.539532E-04	5.151560E-05
7.812518E+03	4.601111E-04	5.198398E-05
7.852128E+03	4.648158E-04	5.228398E-05
7.891738E+03	4.680880E-04	5.242012E-05
7.931349E+03	4.700338E-04	5.240644E-05
7.970959E+03	4.708196E-04	5.226339E-05
8.010569E+03	4.706483E-04	5.201515E-05
8.050179E+03	4.697408E-04	5.168746E-05
8.089789E+03	4.683225E-04	5.130607E-05
8.129400E+03	4.666120E-04	5.089564E-05
8.169010E+03	4.648137E-04	5.047877E-05
8.208620E+03	4.631127E-04	5.007565E-05
8.248230E+03	4.616701E-04	4.970352E-05
8.287841E+03	4.606213E-04	4.937656E-05
8.327451E+03	4.600728E-04	4.910563E-05
8.367061E+03	4.601023E-04	4.889836E-05
8.406671E+03	4.607594E-04	4.875925E-05
8.446282E+03	4.620675E-04	4.868999E-05
8.485892E+03	4.640272E-04	4.868986E-05
8.525502E+03	4.666198E-04	4.875612E-05
8.565112E+03	4.698114E-04	4.888454E-05
8.604723E+03	4.735575E-04	4.906983E-05
8.644333E+03	4.778057E-04	4.930602E-05
8.683943E+03	4.825006E-04	4.958690E-05
8.723553E+03	4.875863E-04	4.990638E-05
8.763163E+03	4.930109E-04	5.025885E-05
8.802774E+03	4.987286E-04	5.063942E-05
8.842384E+03	5.047007E-04	5.104405E-05
8.881994E+03	5.108971E-04	5.146962E-05
8.921604E+03	5.172963E-04	5.191393E-05
8.961215E+03	5.238830E-04	5.237546E-05
9.000825E+03	5.306475E-04	5.285331E-05
9.040435E+03	5.375830E-04	5.334685E-05
9.080045E+03	5.446809E-04	5.385537E-05
9.119656E+03	5.519296E-04	5.437781E-05
9.159266E+03	5.593160E-04	5.491305E-05
9.198876E+03	5.668191E-04	5.545918E-05
9.238486E+03	5.744035E-04	5.601279E-05
9.278097E+03	5.820168E-04	5.656893E-05
9.317707E+03	5.895941E-04	5.712148E-05
9.357317E+03	5.970618E-04	5.766353E-05
9.396927E+03	6.043458E-04	5.818827E-05
9.436537E+03	6.113823E-04	5.868994E-05
9.476148E+03	6.181284E-04	5.916482E-05
9.515758E+03	6.245742E-04	5.961240E-05
9.555368E+03	6.307536E-04	6.003636E-05
9.594978E+03	6.367547E-04	6.044543E-05
9.634589E+03	6.427257E-04	6.085398E-05
9.674199E+03	6.488790E-04	6.128227E-05
9.713809E+03	6.554864E-04	6.175596E-05
9.753419E+03	6.628638E-04	6.230467E-05
9.793030E+03	6.713402E-04	6.295895E-05
9.832640E+03	6.811948E-04	6.374451E-05
9.872250E+03	6.925559E-04	6.467273E-05
9.911857E+03	7.054209E-04	6.574265E-05
9.951468E+03	7.197226E-04	6.694729E-05
9.991078E+03	7.353556E-04	6.827623E-05
1.003069E+04	7.521842E-04	6.971639E-05
1.007030E+04	7.700394E-04	7.125173E-05
1.010991E+04	7.887092E-04	7.286237E-05
1.014952E+04	8.079295E-04	7.452376E-05
1.018913E+04	8.273814E-04	7.620650E-05
1.022874E+04	8.467032E-04	7.787740E-05
1.026835E+04	8.655184E-04	7.950209E-05
1.030796E+04	8.834773E-04	8.104881E-05
1.034757E+04	9.002974E-04	8.249211E-05
1.038718E+04	9.157884E-04	8.381505E-05
1.042679E+04	9.298503E-04	8.500898E-05
1.046640E+04	9.424515E-04	8.607146E-05
1.050601E+04	9.535977E-04	8.700348E-05
1.054562E+04	9.633068E-04	8.780705E-05
1.058523E+04	9.715939E-04	8.848393E-05
1.062484E+04	9.784688E-04	8.903530E-05
1.066445E+04	9.839372E-04	8.946199E-05
1.070406E+04	9.880063E-04	8.976490E-05
1.074367E+04	9.906885E-04	8.994539E-05
1.078328E+04	9.920040E-04	9.000550E-05
1.082289E+04	9.919818E-04	8.994805E-05
1.086250E+04	9.906615E-04	8.977680E-05
1.090211E+04	9.880923E-04	8.949631E-05
1.094172E+04	9.843336E-04	8.911210E-05
1.098133E+04	9.794550E-04	8.863053E-05
1.102094E+04	9.735363E-04	8.805892E-05
1.106055E+04	9.666671E-04	8.740541E-05
1.110016E+04	9.589472E-04	8.667904E-05
1.113977E+04	9.504859E-04	8.588972E-05
1.117938E+04	9.414012E-04	8.504811E-05
1.121900E+04	9.318183E-04	8.416549E-05
1.125861E+04	9.218680E-04	8.325367E-05
1.129822E+04	9.116843E-04	8.232469E-05
1.133783E+04	9.014017E-04	8.139071E-05
1.137744E+04	8.911528E-04	8.046363E-05
1.141705E+04	8.810649E-04	7.955493E-05
1.145666E+04	8.712581E-04	7.867544E-05
1.149627E+04	8.618423E-04	7.783509E-05
1.153588E+04	8.529150E-04	7.704269E-05
1.157549E+04	8.445609E-04	7.630592E-05
1.161510E+04	8.368478E-04	7.563098E-05
1.165471E+04	8.298274E-04	7.502261E-05
1.169432E+04	8.235321E-04	7.448387E-05
1.173393E+04	8.179743E-04	7.401602E-05
1.177354E+04	8.131439E-04	7.361832E-05
1.181315E+04	8.090081E-04	7.328799E-05
1.185276E+04	8.055087E-04	7.301997E-05
1.189237E+04	8.025624E-04	7.280695E-05
1.193198E+04	8.000594E-04	7.263920E-05
1.197159E+04	7.978643E-04	7.250467E-05
1.201120E+04	7.958174E-04	7.238905E-05
1.205081E+04	7.937379E-04	7.227607E-05
1.209042E+04	7.914286E-04	7.214791E-05
1.213003E+04	7.886821E-04	7.198572E-05
1.216964E+04	7.852903E-04	7.177047E-05
1.220925E+04	7.810532E-04	7.148374E-05
1.224886E+04	7.757922E-04	7.110894E-05
1.228847E+04	7.693623E-04	7.063227E-05
1.232808E+04	7.616693E-04	7.004415E-05
1.236769E+04	7.526970E-04	6.934202E-05
1.240730E+04	7.425451E-04	6.853395E-05
1.244691E+04	7.314038E-04	6.763640E-05
1.248652E+04	7.195077E-04	6.667007E-05
1.252613E+04	7.071115E-04	6.565766E-05
1.256574E+04	6.944740E-04	6.462249E-05
1.260535E+04	6.818473E-04	6.358740E-05
1.264496E+04	6.694682E-04	6.257408E-05
1.268457E+04	6.575532E-04	6.160254E-05
1.272418E+04	6.462949E-04	6.069074E-05
1.276379E+04	6.358597E-04	5.985441E-05
1.280340E+04	6.263878E-04	5.910699E-05
1.284301E+04	6.179922E-04	5.845949E-05
1.288262E+04	6.107604E-04	5.792069E-05
1.292224E+04	6.047550E-04	5.749711E-05
1.296185E+04	6.000158E-04	5.719319E-05
1.300146E+04	5.965601E-04	5.701130E-05
1.304107E+04	5.943857E-04	5.695198E-05
1.308068E+04	5.934704E-04	5.701390E-05
1.312029E+04	5.937743E-04	5.719401E-05
1.315990E+04	5.952398E-04	5.748752E-05
1.319951E+04	5.977929E-04	5.788803E-05
1.323912E+04	6.013444E-04	5.838760E-05
1.327873E+04	6.057901E-04	5.897675E-05
1.331834E+04	6.110129E-04	5.964462E-05
1.335795E+04	6.168840E-04	6.037913E-05
1.339756E+04	6.232648E-04	6.116708E-05
1.343717E+04	6.300099E-04	6.199445E-05
1.347678E+04	6.369696E-04	6.284669E-05
1.351639E+04	6.439931E-04	6.370893E-05
1.355600E+04	6.509326E-04	6.456649E-05
1.359561E+04	6.576453E-04	6.540502E-05
1.363522E+04	6.639977E-04	6.621094E-05
1.367483E+04	6.698673E-04	6.697165E-05
1.371444E+04	6.751455E-04	6.767580E-05
1.375405E+04	6.797399E-04	6.831358E-05
1.379366E+04	6.835751E-04	6.887681E-05
1.383327E+04	6.865950E-04	6.935917E-05
1.387288E+04	6.887633E-04	6.975630E-05
1.391249E+04	6.900642E-04	7.006592E-05
1.395210E+04	6.905016E-04	7.028771E-05
1.399171E+04	6.900987E-04	7.042336E-05
1.403132E+04	6.888964E-04	7.047641E-05
1.407093E+04	6.869506E-04	7.045199E-05
1.411054E+04	6.843323E-04	7.035683E-05
1.415015E+04	6.811227E-04	7.019881E-05
1.418976E+04	6.774132E-04	6.998695E-05
1.422937E+04	6.733024E-04	6.973114E-05
1.426898E+04	6.688941E-04	6.944187E-05
1.430859E+04	6.642956E-04	6.913013E-05
1.434820E+04	6.596149E-04	6.880712E-05
1.438781E+04	6.549596E-04	6.848407E-05
1.442742E+04	6.504344E-04	6.817203E-05
1.446703E+04	6.461388E-04	6.788165E-05
1.450664E+04	6.421660E-04	6.762295E-05
1.454625E+04	6.386007E-04	6.740520E-05
1.458587E+04	6.355182E-04	6.723675E-05
1.462548E+04	6.329827E-04	6.712484E-05
1.466509E+04	6.310474E-04	6.707562E-05
1.470470E+04	6.297530E-04	6.709397E-05
1.474431E+04	6.291284E-04	6.718352E-05
1.478392E+04	6.291898E-04	6.734664E-05
1.482353E+04	6.299419E-04	6.758442E-05
1.486314E+04	6.313769E-04	6.789668E-05
1.490275E+04	6.334764E-04	6.828205E-05
1.494236E+04	6.362112E-04	6.873803E-05
1.498197E+04	6.395430E-04	6.926108E-05
1.502158E+04	6.434246E-04	6.984667E-05
1.506119E+04	6.478008E-04	7.048940E-05
1.510080E+04	6.526096E-04	7.118305E-05
1.514041E+04	6.577815E-04	7.192053E-05
1.518002E+04	6.632411E-04	7.269408E-05
1.521963E+04	6.689069E-04	7.349515E-05
1.525924E+04	6.746924E-04	7.431462E-05
1.529885E+04	6.805054E-04	7.514261E-05
1.533846E+04	6.862492E-04	7.596867E-05
1.537807E+04	6.918226E-04	7.678177E-05
1.541768E+04	6.971218E-04	7.757044E-05
1.545729E+04	7.020390E-04	7.832269E-05
1.549690E+04	7.064658E-04	7.902630E-05
1.553651E+04	7.102942E-04	7.966899E-05
1.557612E+04	7.134178E-04	8.023849E-05
1.561573E+04	7.157356E-04	8.072301E-05
1.565534E+04	7.171533E-04	8.111139E-05
1.569495E+04	7.175870E-04	8.139344E-05
1.573456E+04	7.169648E-04	8.156026E-05
1.577417E+04	7.152301E-04	8.160454E-05
1.581378E+04	7.123447E-04	8.152092E-05
1.585339E+04	7.082893E-04	8.130617E-05
1.589300E+04	7.030680E-04	8.095961E-05
1.593261E+04	6.967086E-04	8.048328E-05
1.597222E+04	6.892642E-04	7.988212E-05
1.601183E+04	6.808115E-04	7.916363E-05
1.605144E+04	6.714499E-04	7.833789E-05
1.609105E+04	6.612946E-04	7.741694E-05
1.613066E+04	6.504689E-04	7.641393E-05
1.617027E+04	6.390966E-04	7.534223E-05
1.620988E+04	6.273023E-04	7.421553E-05
1.624949E+04	6.152082E-04	7.304741E-05
1.628911E+04	6.029326E-04	7.185119E-05
1.632872E+04	5.905859E-04	7.063945E-05
1.636833E+04	5.782693E-04	6.942390E-05
1.640794E+04	5.660736E-04	6.821517E-05
1.644755E+04	5.540768E-04	6.702251E-05
1.648716E+04	5.423448E-04	6.585387E-05
1.652677E+04	5.309310E-04	6.471583E-05
1.656638E+04	5.198771E-04	6.361363E-05
1.660599E+04	5.092138E-04	6.255130E-05
1.664560E+04	4.989620E-04	6.153171E-05
1.668521E+04	4.891352E-04	6.055688E-05
1.672482E+04	4.797403E-04	5.962806E-05
1.676443E+04	4.707794E-04	5.874595E-05
1.680404E+04	4.622510E-04	5.791079E-05
1.684365E+04	4.541519E-04	5.712265E-05
1.688326E+04	4.464782E-04	5.638149E-05
1.692287E+04	4.392262E-04	5.568736E-05
1.696248E+04	4.323931E-04	5.504036E-05
1.700209E+04	4.259781E-04	5.444091E-05
1.704170E+04	4.199825E-04	5.388968E-05
1.708131E+04	4.144100E-04	5.338767E-05
1.712092E+04	4.092668E-04	5.293624E-05
1.716053E+04	4.045617E-04	5.253710E-05
1.720014E+04	4.003061E-04	5.219230E-05
1.723975E+04	3.965133E-04	5.190423E-05
1.727936E+04	3.931992E-04	5.167558E-05
1.731897E+04	3.903819E-04	5.150945E-05
1.735858E+04	3.880811E-04	5.140914E-05
1.739819E+04	3.863183E-04	5.137826E-05
1.743780E+04	3.851165E-04	5.142067E-05
1.747741E+04	3.844986E-04	5.154026E-05
1.751702E+04	3.844880E-04	5.174105E-05
1.755663E+04	3.851068E-04	5.202692E-05
1.759624E+04	3.863749E-04	5.240152E-05
1.763585E+04	3.883089E-04	5.286811E-05
1.767546E+04	3.909210E-04	5.342933E-05
1.771507E+04	3.942174E-04	5.408705E-05
1.775468E+04	3.981965E-04	5.484209E-05
1.779429E+04	4.028478E-04	5.569402E-05
1.783390E+04	4.081503E-04	5.664094E-05
1.787351E+04	4.140707E-04	5.767917E-05
1.791312E+04	4.205632E-04	5.880323E-05
1.795274E+04	4.275678E-04	6.000552E-05
1.799235E+04	4.350107E-04	6.127639E-05
1.803196E+04	4.428038E-04	6.260402E-05
1.807157E+04	4.508466E-04	6.397461E-05
1.811118E+04	4.590273E-04	6.537257E-05
1.815079E+04	4.672249E-04	6.678075E-05
1.819040E+04	4.753131E-04	6.818096E-05
1.823001E+04	4.831629E-04	6.955442E-05
1.826962E+04	4.906477E-04	7.088241E-05
1.830923E+04	4.976460E-04	7.214664E-05
1.834884E+04	5.040453E-04	7.332998E-05
1.838845E+04	5.097455E-04	7.441681E-05
1.842806E+04	5.146606E-04	7.539342E-05
1.846767E+04	5.187216E-04	7.624844E-05
1.850728E+04	5.218778E-04	7.697302E-05
1.854689E+04	5.240976E-04	7.756111E-05
1.858650E+04	5.253690E-04	7.800947E-05
1.862611E+04	5.256982E-04	7.831762E-05
1.866572E+04	5.251090E-04	7.848766E-05
1.870533E+04	5.236409E-04	7.852415E-05
1.874494E+04	5.213460E-04	7.843366E-05
1.878455E+04	5.182874E-04	7.822446E-05
1.882416E+04	5.145367E-04	7.790631E-05
1.886377E+04	5.101721E-04	7.749010E-05
1.890338E+04	5.052763E-04	7.698756E-05
1.894299E+04	4.999348E-04	7.641100E-05
1.898260E+04	4.942344E-04	7.577316E-05
1.902221E+04	4.882615E-04	7.508681E-05
1.906182E+04	4.821000E-04	7.436456E-05
1.910143E+04	4.758313E-04	7.361879E-05
1.914104E+04	4.695314E-04	7.286116E-05
1.918065E+04	4.632705E-04	7.210260E-05
1.922026E+04	4.571116E-04	7.135303E-05
1.925987E+04	4.511089E-04	7.062115E-05
1.929948E+04	4.453088E-04	6.991448E-05
1.933909E+04	4.397483E-04	6.923915E-05
1.937870E+04	4.344554E-04	6.859997E-05
1.941831E+04	4.294502E-04	6.800049E-05
1.945792E+04	4.247444E-04	6.744303E-05
1.949753E+04	4.203432E-04	6.692883E-05
1.953714E+04	4.162447E-04	6.645801E-05
1.957675E+04	4.124413E-04	6.602980E-05
1.961636E+04	4.089197E-04	6.564248E-05
1.965598E+04	4.056617E-04	6.529351E-05
1.969559E+04	4.026453E-04	6.497970E-05
1.973520E+04	3.998440E-04	6.469713E-05
1.977481E+04	3.972288E-04	6.444135E-05
1.981442E+04	3.947679E-04	6.420748E-05
1.985403E+04	3.924276E-04	6.399024E-05
1.989364E+04	3.901735E-04	6.378417E-05
1.993325E+04	3.879705E-04	6.358365E-05
1.997286E+04	3.857842E-04	6.338311E-05
2.001247E+04	3.835809E-04	6.317707E-05
2.005208E+04	3.813288E-04	6.296024E-05
2.009169E+04	3.789984E-04	6.272775E-05
2.013130E+04	3.765632E-04	6.247509E-05
2.017091E+04	3.739999E-04	6.219831E-05
2.021052E+04	3.712888E-04	6.189401E-05
2.025013E+04	3.684147E-04	6.155947E-05
2.028974E+04	3.653659E-04	6.119259E-05
2.032935E+04	3.621351E-04	6.079198E-05
2.036896E+04	3.587193E-04	6.035694E-05
2.040857E+04	3.551192E-04	5.988740E-05
2.044818E+04	3.513391E-04	5.938393E-05
2.048779E+04	3.473866E-04	5.884763E-05
2.052740E+04	3.432730E-04	5.828026E-05
2.056701E+04	3.390115E-04	5.768394E-05
2.060662E+04	3.346188E-04	5.706136E-05
2.064623E+04	3.301134E-04	5.641558E-05
2.068584E+04	3.255159E-04	5.575007E-05
2.072545E+04	3.208496E-04	5.506873E-05
2.076506E+04	3.161390E-04	5.437575E-05
2.080467E+04	3.114105E-04	5.367566E-05
2.084428E+04	3.066921E-04	5.297331E-05
2.088389E+04	3.020126E-04	5.227376E-05
2.092350E+04	2.974023E-04	5.158233E-05
2.096311E+04	2.928913E-04	5.090434E-05
2.100272E+04	2.885096E-04	5.024519E-05
2.104233E+04	2.842872E-04	4.961027E-05
2.108194E+04	2.802526E-04	4.900473E-05
2.112155E+04	2.764322E-04	4.843347E-05
2.116116E+04	2.728507E-04	4.790101E-05
2.120077E+04	2.695290E-04	4.741131E-05
2.124038E+04	2.664831E-04	4.696750E-05
2.127999E+04	2.637210E-04	4.657124E-05
2.131961E+04	2.612353E-04	4.622154E-05
2.135922E+04	2.589995E-04	4.591400E-05
2.139883E+04	2.569779E-04	4.564256E-05
2.143844E+04	2.551319E-04	4.540054E-05
2.147805E+04	2.534216E-04	4.518103E-05
2.151766E+04	2.518092E-04	4.497740E-05
2.155727E+04	2.502586E-04	4.478330E-05
2.159688E+04	2.487374E-04	4.459301E-05
2.163649E+04	2.472161E-04	4.440125E-05
2.167610E+04	2.456699E-04	4.420357E-05
2.171571E+04	2.440777E-04	4.399611E-05
2.175532E+04	2.424223E-04	4.377577E-05
2.179493E+04	2.406908E-04	4.354015E-05
2.183454E+04	2.388742E-04	4.328755E-05
2.187415E+04	2.369675E-04	4.301698E-05
2.191376E+04	2.349695E-04	4.272815E-05
2.195337E+04	2.328822E-04	4.242136E-05
2.199298E+04	2.307110E-04	4.209751E-05
2.203259E+04	2.284641E-04	4.175802E-05
2.207220E+04	2.261520E-04	4.140477E-05
2.211181E+04	2.237875E-04	4.104004E-05
2.215142E+04	2.213845E-04	4.066638E-05
2.219103E+04	2.189581E-04	4.028651E-05
2.223064E+04	2.165236E-04	3.990328E-05
2.227025E+04	2.140968E-04	3.951958E-05
2.230986E+04	2.116930E-04	3.913826E-05
2.234947E+04	2.093267E-04	3.876205E-05
2.238908E+04	2.070117E-04	3.839356E-05
2.242869E+04	2.047603E-04	3.803512E-05
2.246830E+04	2.025838E-04	3.768891E-05
2.250791E+04	2.004924E-04	3.735690E-05
2.254752E+04	1.984949E-04	3.704082E-05
2.258713E+04	1.965988E-04	3.674217E-05
2.262674E+04	1.948110E-04	3.646231E-05
2.266635E+04	1.931371E-04	3.620242E-05
2.270596E+04	1.915816E-04	3.596344E-05
2.274557E+04	1.901490E-04	3.574633E-05
2.278518E+04	1.888425E-04	3.555178E-05
2.282479E+04	1.876650E-04	3.538045E-05
2.286440E+04	1.866189E-04	3.523294E-05
2.290401E+04	1.857061E-04	3.510968E-05
2.294362E+04	1.849283E-04	3.501112E-05
2.298323E+04	1.842865E-04	3.493755E-05
2.302285E+04	1.837813E-04	3.488921E-05
2.306246E+04	1.834132E-04	3.486629E-05
2.310207E+04	1.831822E-04	3.486892E-05
2.314168E+04	1.830880E-04	3.489713E-05
2.318129E+04	1.831303E-04	3.495095E-05
2.322090E+04	1.833080E-04	3.503031E-05
2.326051E+04	1.836204E-04	3.513516E-05
2.330012E+04	1.840665E-04	3.526540E-05
2.333973E+04	1.846451E-04	3.542089E-05
2.337934E+04	1.853548E-04	3.560150E-05
2.341895E+04	1.861947E-04	3.580708E-05
2.345856E+04	1.871627E-04	3.603736E-05
2.349817E+04	1.882573E-04	3.629212E-05
2.353778E+04	1.894767E-04	3.657109E-05
2.357739E+04	1.908183E-04	3.687387E-05
2.361700E+04	1.922795E-04	3.720001E-05
2.365661E+04	1.938574E-04	3.754904E-05
2.369622E+04	1.955486E-04	3.792037E-05
2.373583E+04	1.973497E-04	3.831339E-05
2.377544E+04	1.992567E-04	3.872740E-05
2.381505E+04	2.012656E-04	3.916167E-05
2.385466E+04	2.033720E-04	3.961543E-05
2.389427E+04	2.055713E-04	4.008781E-05
2.393388E+04	2.078587E-04	4.057792E-05
2.397349E+04	2.102289E-04	4.108476E-05
2.401310E+04	2.126767E-04	4.160737E-05
2.405271E+04	2.151961E-04	4.214460E-05
2.409232E+04	2.177807E-04	4.269525E-05
2.413193E+04	2.204241E-04	4.325808E-05
2.417154E+04	2.231194E-04	4.383173E-05
2.421115E+04	2.258590E-04	4.441476E-05
2.425076E+04	2.286360E-04	4.500580E-05
