#wls	flux	fluxerr
3.257341E+03	2.461255E-04	3.029559E-05
3.296951E+03	2.321733E-04	2.847829E-05
3.336561E+03	2.198354E-04	2.686963E-05
3.376171E+03	2.089552E-04	2.544856E-05
3.415782E+03	1.993941E-04	2.419646E-05
3.455392E+03	1.910291E-04	2.309681E-05
3.495002E+03	1.837518E-04	2.213502E-05
3.534612E+03	1.774673E-04	2.129833E-05
3.574223E+03	1.720919E-04	2.057545E-05
3.613833E+03	1.675532E-04	1.995658E-05
3.653443E+03	1.637881E-04	1.943314E-05
3.693053E+03	1.607424E-04	1.899768E-05
3.732664E+03	1.583691E-04	1.864371E-05
3.772274E+03	1.566269E-04	1.836548E-05
3.811884E+03	1.554795E-04	1.815787E-05
3.851494E+03	1.548948E-04	1.801633E-05
3.891105E+03	1.548442E-04	1.793676E-05
3.930715E+03	1.553020E-04	1.791543E-05
3.970325E+03	1.562449E-04	1.794893E-05
4.009935E+03	1.576514E-04	1.803411E-05
4.049545E+03	1.595018E-04	1.816801E-05
4.089156E+03	1.617775E-04	1.834788E-05
4.128766E+03	1.644609E-04	1.857110E-05
4.168376E+03	1.675350E-04	1.883511E-05
4.207986E+03	1.709832E-04	1.913748E-05
4.247597E+03	1.747896E-04	1.947581E-05
4.287207E+03	1.789382E-04	1.984781E-05
4.326817E+03	1.834145E-04	2.025130E-05
4.366427E+03	1.882034E-04	2.068409E-05
4.406038E+03	1.932906E-04	2.114412E-05
4.445648E+03	1.986613E-04	2.162927E-05
4.485258E+03	2.043002E-04	2.213743E-05
4.524868E+03	2.101918E-04	2.266644E-05
4.564479E+03	2.163186E-04	2.321403E-05
4.604089E+03	2.226626E-04	2.377784E-05
4.643699E+03	2.292039E-04	2.435538E-05
4.683309E+03	2.359204E-04	2.494396E-05
4.722919E+03	2.427853E-04	2.554045E-05
4.762530E+03	2.497673E-04	2.614131E-05
4.802140E+03	2.568279E-04	2.674228E-05
4.841750E+03	2.639166E-04	2.733798E-05
4.881360E+03	2.709710E-04	2.792189E-05
4.920971E+03	2.779190E-04	2.848665E-05
4.960581E+03	2.846819E-04	2.902435E-05
5.000191E+03	2.911776E-04	2.952695E-05
5.039801E+03	2.973239E-04	2.998654E-05
5.079412E+03	3.030423E-04	3.039580E-05
5.119022E+03	3.082629E-04	3.074842E-05
5.158632E+03	3.129257E-04	3.103927E-05
5.198242E+03	3.169829E-04	3.126452E-05
5.237853E+03	3.203994E-04	3.142173E-05
5.277463E+03	3.231567E-04	3.151017E-05
5.317073E+03	3.252570E-04	3.153115E-05
5.356683E+03	3.267255E-04	3.148820E-05
5.396293E+03	3.276087E-04	3.138686E-05
5.435904E+03	3.279718E-04	3.123435E-05
5.475514E+03	3.278969E-04	3.103933E-05
5.515124E+03	3.274771E-04	3.081133E-05
5.554734E+03	3.268127E-04	3.056033E-05
5.594345E+03	3.260051E-04	3.029620E-05
5.633955E+03	3.251510E-04	3.002814E-05
5.673565E+03	3.243370E-04	2.976420E-05
5.713175E+03	3.236351E-04	2.951087E-05
5.752786E+03	3.231014E-04	2.927308E-05
5.792396E+03	3.227766E-04	2.905423E-05
5.832006E+03	3.226860E-04	2.885620E-05
5.871616E+03	3.228388E-04	2.867944E-05
5.911227E+03	3.232301E-04	2.852309E-05
5.950837E+03	3.238429E-04	2.838528E-05
5.990447E+03	3.246504E-04	2.826327E-05
6.030057E+03	3.256178E-04	2.815375E-05
6.069667E+03	3.267067E-04	2.805316E-05
6.109278E+03	3.278756E-04	2.795775E-05
6.148888E+03	3.290846E-04	2.786403E-05
6.188498E+03	3.302966E-04	2.776883E-05
6.228108E+03	3.314812E-04	2.766965E-05
6.267719E+03	3.326158E-04	2.756467E-05
6.307329E+03	3.336854E-04	2.745280E-05
6.346939E+03	3.346835E-04	2.733364E-05
6.386549E+03	3.356159E-04	2.720783E-05
6.426160E+03	3.365160E-04	2.707821E-05
6.465770E+03	3.374446E-04	2.694970E-05
6.505380E+03	3.384684E-04	2.682754E-05
6.544990E+03	3.396519E-04	2.671662E-05
6.584601E+03	3.410512E-04	2.662106E-05
6.624211E+03	3.427124E-04	2.654403E-05
6.663821E+03	3.446712E-04	2.648783E-05
6.703431E+03	3.469537E-04	2.645389E-05
6.743041E+03	3.495770E-04	2.644295E-05
6.782652E+03	3.525474E-04	2.645489E-05
6.822262E+03	3.558619E-04	2.648885E-05
6.861872E+03	3.595090E-04	2.654339E-05
6.901482E+03	3.634709E-04	2.661663E-05
6.941093E+03	3.677246E-04	2.670636E-05
6.980703E+03	3.722437E-04	2.681017E-05
7.020313E+03	3.770021E-04	2.692574E-05
7.059923E+03	3.819771E-04	2.705108E-05
7.099534E+03	3.871522E-04	2.718468E-05
7.139144E+03	3.925214E-04	2.732580E-05
7.178754E+03	3.980938E-04	2.747478E-05
7.218364E+03	4.038948E-04	2.763304E-05
7.257975E+03	4.099662E-04	2.780306E-05
7.297585E+03	4.163685E-04	2.798850E-05
7.337195E+03	4.231890E-04	2.819465E-05
7.376805E+03	4.305464E-04	2.842868E-05
7.416415E+03	4.385900E-04	2.869950E-05
7.456026E+03	4.474929E-04	2.901722E-05
7.495636E+03	4.574471E-04	2.939276E-05
7.535246E+03	4.686454E-04	2.983665E-05
7.574856E+03	4.812281E-04	3.035571E-05
7.614467E+03	4.951120E-04	3.094246E-05
7.654077E+03	5.097526E-04	3.156111E-05
7.693687E+03	5.242858E-04	3.215748E-05
7.733297E+03	5.377133E-04	3.267122E-05
7.772908E+03	5.490923E-04	3.304761E-05
7.812518E+03	5.579236E-04	3.326048E-05
7.852128E+03	5.641889E-04	3.331320E-05
7.891738E+03	5.680918E-04	3.322202E-05
7.931349E+03	5.699511E-04	3.300940E-05
7.970959E+03	5.701477E-04	3.270058E-05
8.010569E+03	5.690847E-04	3.232124E-05
8.050179E+03	5.671562E-04	3.189559E-05
8.089789E+03	5.647285E-04	3.144543E-05
8.129400E+03	5.621279E-04	3.098956E-05
8.169010E+03	5.596390E-04	3.054375E-05
8.208620E+03	5.575061E-04	3.012099E-05
8.248230E+03	5.559374E-04	2.973183E-05
8.287841E+03	5.551016E-04	2.938428E-05
8.327451E+03	5.551209E-04	2.908354E-05
8.367061E+03	5.560678E-04	2.883203E-05
8.406671E+03	5.579706E-04	2.862972E-05
8.446282E+03	5.608216E-04	2.847477E-05
8.485892E+03	5.645876E-04	2.836405E-05
8.525502E+03	5.692170E-04	2.829365E-05
8.565112E+03	5.746465E-04	2.825921E-05
8.604723E+03	5.808050E-04	2.825614E-05
8.644333E+03	5.876191E-04	2.827997E-05
8.683943E+03	5.950157E-04	2.832637E-05
8.723553E+03	6.029249E-04	2.839140E-05
8.763163E+03	6.112834E-04	2.847157E-05
8.802774E+03	6.200411E-04	2.856421E-05
8.842384E+03	6.291686E-04	2.866769E-05
8.881994E+03	6.386510E-04	2.878118E-05
8.921604E+03	6.484801E-04	2.890418E-05
8.961215E+03	6.586512E-04	2.903645E-05
9.000825E+03	6.691746E-04	2.917844E-05
9.040435E+03	6.800840E-04	2.933164E-05
9.080045E+03	6.914343E-04	2.949848E-05
9.119656E+03	7.032692E-04	2.968083E-05
9.159266E+03	7.155438E-04	2.987689E-05
9.198876E+03	7.281474E-04	3.008222E-05
9.238486E+03	7.409435E-04	3.029140E-05
9.278097E+03	7.537699E-04	3.049823E-05
9.317707E+03	7.664362E-04	3.069569E-05
9.357317E+03	7.787278E-04	3.087615E-05
9.396927E+03	7.904181E-04	3.103190E-05
9.436537E+03	8.012949E-04	3.115613E-05
9.476148E+03	8.111925E-04	3.124416E-05
9.515758E+03	8.200211E-04	3.129444E-05
9.555368E+03	8.277885E-04	3.130919E-05
9.594978E+03	8.346195E-04	3.129500E-05
9.634589E+03	8.407754E-04	3.126330E-05
9.674199E+03	8.466840E-04	3.123136E-05
9.713809E+03	8.529545E-04	3.122257E-05
9.753419E+03	8.603694E-04	3.126599E-05
9.793030E+03	8.698115E-04	3.139362E-05
9.832640E+03	8.820422E-04	3.163242E-05
9.872250E+03	8.973123E-04	3.199080E-05
9.911857E+03	9.154923E-04	3.246371E-05
9.951468E+03	9.363539E-04	3.304305E-05
9.991078E+03	9.596703E-04	3.372137E-05
1.003069E+04	9.852490E-04	3.449290E-05
1.007030E+04	1.012909E-03	3.535273E-05
1.010991E+04	1.042412E-03	3.629441E-05
1.014952E+04	1.073373E-03	3.730674E-05
1.018913E+04	1.105171E-03	3.837077E-05
1.022874E+04	1.136897E-03	3.945773E-05
1.026835E+04	1.167349E-03	4.052896E-05
1.030796E+04	1.195145E-03	4.153926E-05
1.034757E+04	1.219242E-03	4.245473E-05
1.038718E+04	1.239723E-03	4.327999E-05
1.042679E+04	1.257104E-03	4.403334E-05
1.046640E+04	1.271866E-03	4.473064E-05
1.050601E+04	1.284340E-03	4.538204E-05
1.054562E+04	1.294682E-03	4.599133E-05
1.058523E+04	1.302922E-03	4.655752E-05
1.062484E+04	1.309033E-03	4.707732E-05
1.066445E+04	1.312990E-03	4.754710E-05
1.070406E+04	1.314785E-03	4.796366E-05
1.074367E+04	1.314430E-03	4.832429E-05
1.078328E+04	1.311958E-03	4.862681E-05
1.082289E+04	1.307420E-03	4.886973E-05
1.086250E+04	1.300895E-03	4.905239E-05
1.090211E+04	1.292481E-03	4.917508E-05
1.094172E+04	1.282307E-03	4.923917E-05
1.098133E+04	1.270524E-03	4.924712E-05
1.102094E+04	1.257308E-03	4.920254E-05
1.106055E+04	1.242854E-03	4.911012E-05
1.110016E+04	1.227374E-03	4.897553E-05
1.113977E+04	1.211090E-03	4.880523E-05
1.117938E+04	1.194229E-03	4.860635E-05
1.121900E+04	1.177020E-03	4.838639E-05
1.125861E+04	1.159682E-03	4.815310E-05
1.129822E+04	1.142430E-03	4.791437E-05
1.133783E+04	1.125465E-03	4.767802E-05
1.137744E+04	1.108976E-03	4.745169E-05
1.141705E+04	1.093132E-03	4.724268E-05
1.145666E+04	1.078085E-03	4.705783E-05
1.149627E+04	1.063965E-03	4.690345E-05
1.153588E+04	1.050883E-03	4.678519E-05
1.157549E+04	1.038926E-03	4.670793E-05
1.161510E+04	1.028155E-03	4.667563E-05
1.165471E+04	1.018608E-03	4.669123E-05
1.169432E+04	1.010290E-03	4.675645E-05
1.173393E+04	1.003180E-03	4.687166E-05
1.177354E+04	9.972216E-04	4.703566E-05
1.181315E+04	9.923235E-04	4.724554E-05
1.185276E+04	9.883588E-04	4.749648E-05
1.189237E+04	9.851633E-04	4.778169E-05
1.193198E+04	9.825347E-04	4.809227E-05
1.197159E+04	9.802337E-04	4.841710E-05
1.201120E+04	9.779868E-04	4.874298E-05
1.205081E+04	9.754933E-04	4.905486E-05
1.209042E+04	9.724384E-04	4.933647E-05
1.213003E+04	9.685057E-04	4.957089E-05
1.216964E+04	9.633952E-04	4.974149E-05
1.220925E+04	9.568448E-04	4.983308E-05
1.224886E+04	9.486547E-04	4.983326E-05
1.228847E+04	9.387018E-04	4.973313E-05
1.232808E+04	9.269469E-04	4.952788E-05
1.236769E+04	9.134452E-04	4.921776E-05
1.240730E+04	8.983520E-04	4.880857E-05
1.244691E+04	8.819095E-04	4.831118E-05
1.248652E+04	8.644231E-04	4.774043E-05
1.252613E+04	8.462351E-04	4.711381E-05
1.256574E+04	8.277023E-04	4.645022E-05
1.260535E+04	8.091763E-04	4.576900E-05
1.264496E+04	7.909869E-04	4.508884E-05
1.268457E+04	7.734322E-04	4.442727E-05
1.272418E+04	7.567709E-04	4.380002E-05
1.276379E+04	7.412191E-04	4.322085E-05
1.280340E+04	7.269497E-04	4.270134E-05
1.284301E+04	7.140935E-04	4.225086E-05
1.288262E+04	7.027426E-04	4.187672E-05
1.292224E+04	6.929542E-04	4.158424E-05
1.296185E+04	6.847538E-04	4.137695E-05
1.300146E+04	6.781390E-04	4.125664E-05
1.304107E+04	6.730832E-04	4.122365E-05
1.308068E+04	6.695384E-04	4.127689E-05
1.312029E+04	6.674384E-04	4.141405E-05
1.315990E+04	6.666998E-04	4.163161E-05
1.319951E+04	6.672245E-04	4.192495E-05
1.323912E+04	6.689011E-04	4.228845E-05
1.327873E+04	6.716063E-04	4.271552E-05
1.331834E+04	6.752064E-04	4.319870E-05
1.335795E+04	6.795584E-04	4.372970E-05
1.339756E+04	6.845129E-04	4.429958E-05
1.343717E+04	6.899145E-04	4.489881E-05
1.347678E+04	6.956060E-04	4.551748E-05
1.351639E+04	7.014305E-04	4.614546E-05
1.355600E+04	7.072350E-04	4.677269E-05
1.359561E+04	7.128740E-04	4.738938E-05
1.363522E+04	7.182110E-04	4.798616E-05
1.367483E+04	7.231226E-04	4.855436E-05
1.371444E+04	7.275005E-04	4.908620E-05
1.375405E+04	7.312535E-04	4.957492E-05
1.379366E+04	7.343086E-04	5.001493E-05
1.383327E+04	7.366116E-04	5.040183E-05
1.387288E+04	7.381279E-04	5.073254E-05
1.391249E+04	7.388434E-04	5.100541E-05
1.395210E+04	7.387643E-04	5.122017E-05
1.399171E+04	7.379166E-04	5.137798E-05
1.403132E+04	7.363426E-04	5.148119E-05
1.407093E+04	7.341006E-04	5.153336E-05
1.411054E+04	7.312624E-04	5.153910E-05
1.415015E+04	7.279119E-04	5.150394E-05
1.418976E+04	7.241419E-04	5.143419E-05
1.422937E+04	7.200531E-04	5.133681E-05
1.426898E+04	7.157508E-04	5.121925E-05
1.430859E+04	7.113430E-04	5.108923E-05
1.434820E+04	7.069381E-04	5.095464E-05
1.438781E+04	7.026436E-04	5.082341E-05
1.442742E+04	6.985619E-04	5.070322E-05
1.446703E+04	6.947901E-04	5.060147E-05
1.450664E+04	6.914170E-04	5.052504E-05
1.454625E+04	6.885221E-04	5.048019E-05
1.458587E+04	6.861749E-04	5.047254E-05
1.462548E+04	6.844333E-04	5.050694E-05
1.466509E+04	6.833437E-04	5.058739E-05
1.470470E+04	6.829398E-04	5.071700E-05
1.474431E+04	6.832436E-04	5.089807E-05
1.478392E+04	6.842640E-04	5.113189E-05
1.482353E+04	6.859981E-04	5.141891E-05
1.486314E+04	6.884315E-04	5.175870E-05
1.490275E+04	6.915391E-04	5.215001E-05
1.494236E+04	6.952852E-04	5.259078E-05
1.498197E+04	6.996252E-04	5.307823E-05
1.502158E+04	7.045056E-04	5.360890E-05
1.506119E+04	7.098667E-04	5.417878E-05
1.510080E+04	7.156414E-04	5.478329E-05
1.514041E+04	7.217586E-04	5.541744E-05
1.518002E+04	7.281425E-04	5.607590E-05
1.521963E+04	7.347137E-04	5.675293E-05
1.525924E+04	7.413902E-04	5.744257E-05
1.529885E+04	7.480877E-04	5.813862E-05
1.533846E+04	7.547191E-04	5.883455E-05
1.537807E+04	7.611951E-04	5.952365E-05
1.541768E+04	7.674240E-04	6.019889E-05
1.545729E+04	7.733101E-04	6.085286E-05
1.549690E+04	7.787541E-04	6.147778E-05
1.553651E+04	7.836542E-04	6.206556E-05
1.557612E+04	7.879048E-04	6.260770E-05
1.561573E+04	7.913983E-04	6.309543E-05
1.565534E+04	7.940258E-04	6.351975E-05
1.569495E+04	7.956784E-04	6.387151E-05
1.573456E+04	7.962493E-04	6.414159E-05
1.577417E+04	7.956371E-04	6.432112E-05
1.581378E+04	7.937479E-04	6.440173E-05
1.585339E+04	7.905007E-04	6.437591E-05
1.589300E+04	7.858337E-04	6.423758E-05
1.593261E+04	7.797123E-04	6.398272E-05
1.597222E+04	7.721351E-04	6.360994E-05
1.601183E+04	7.631404E-04	6.312083E-05
1.605144E+04	7.528136E-04	6.252073E-05
1.609105E+04	7.412852E-04	6.181878E-05
1.613066E+04	7.287150E-04	6.102671E-05
1.617027E+04	7.152750E-04	6.015748E-05
1.620988E+04	7.011493E-04	5.922528E-05
1.624949E+04	6.865288E-04	5.824513E-05
1.628911E+04	6.716026E-04	5.723216E-05
1.632872E+04	6.565497E-04	5.620094E-05
1.636833E+04	6.415332E-04	5.516495E-05
1.640794E+04	6.266967E-04	5.413623E-05
1.644755E+04	6.121597E-04	5.312500E-05
1.648716E+04	5.980192E-04	5.213970E-05
1.652677E+04	5.843486E-04	5.118693E-05
1.656638E+04	5.712010E-04	5.027161E-05
1.660599E+04	5.586110E-04	4.939716E-05
1.664560E+04	5.465987E-04	4.856576E-05
1.668521E+04	5.351719E-04	4.777860E-05
1.672482E+04	5.243289E-04	4.703604E-05
1.676443E+04	5.140609E-04	4.633780E-05
1.680404E+04	5.043546E-04	4.568322E-05
1.684365E+04	4.951937E-04	4.507136E-05
1.688326E+04	4.865608E-04	4.450116E-05
1.692287E+04	4.784382E-04	4.397154E-05
1.696248E+04	4.708109E-04	4.348165E-05
1.700209E+04	4.636652E-04	4.303071E-05
1.704170E+04	4.569909E-04	4.261833E-05
1.708131E+04	4.507814E-04	4.224437E-05
1.712092E+04	4.450331E-04	4.190904E-05
1.716053E+04	4.397462E-04	4.161287E-05
1.720014E+04	4.349238E-04	4.135671E-05
1.723975E+04	4.305727E-04	4.114174E-05
1.727936E+04	4.267024E-04	4.096944E-05
1.731897E+04	4.233246E-04	4.084154E-05
1.735858E+04	4.204525E-04	4.075994E-05
1.739819E+04	4.181010E-04	4.072672E-05
1.743780E+04	4.162861E-04	4.074410E-05
1.747741E+04	4.150226E-04	4.081424E-05
1.751702E+04	4.143254E-04	4.093932E-05
1.755663E+04	4.142071E-04	4.112133E-05
1.759624E+04	4.146779E-04	4.136206E-05
1.763585E+04	4.157445E-04	4.166296E-05
1.767546E+04	4.174092E-04	4.202502E-05
1.771507E+04	4.196686E-04	4.244872E-05
1.775468E+04	4.225137E-04	4.293393E-05
1.779429E+04	4.259286E-04	4.347979E-05
1.783390E+04	4.298898E-04	4.408463E-05
1.787351E+04	4.343659E-04	4.474595E-05
1.791312E+04	4.393164E-04	4.546022E-05
1.795274E+04	4.446925E-04	4.622298E-05
1.799235E+04	4.504360E-04	4.702869E-05
1.803196E+04	4.564805E-04	4.787085E-05
1.807157E+04	4.627516E-04	4.874198E-05
1.811118E+04	4.691676E-04	4.963369E-05
1.815079E+04	4.756413E-04	5.053687E-05
1.819040E+04	4.820818E-04	5.144182E-05
1.823001E+04	4.883960E-04	5.233848E-05
1.826962E+04	4.944920E-04	5.321672E-05
1.830923E+04	5.002806E-04	5.406653E-05
1.834884E+04	5.056782E-04	5.487838E-05
1.838845E+04	5.106070E-04	5.564320E-05
1.842806E+04	5.149977E-04	5.635274E-05
1.846767E+04	5.187904E-04	5.699960E-05
1.850728E+04	5.219349E-04	5.757744E-05
1.854689E+04	5.243941E-04	5.808122E-05
1.858650E+04	5.261445E-04	5.850738E-05
1.862611E+04	5.271769E-04	5.885392E-05
1.866572E+04	5.274952E-04	5.912029E-05
1.870533E+04	5.271145E-04	5.930726E-05
1.874494E+04	5.260609E-04	5.941684E-05
1.878455E+04	5.243708E-04	5.945224E-05
1.882416E+04	5.220899E-04	5.941786E-05
1.886377E+04	5.192728E-04	5.931917E-05
1.890338E+04	5.159822E-04	5.916266E-05
1.894299E+04	5.122867E-04	5.895564E-05
1.898260E+04	5.082584E-04	5.870594E-05
1.902221E+04	5.039705E-04	5.842162E-05
1.906182E+04	4.994951E-04	5.811078E-05
1.910143E+04	4.949021E-04	5.778137E-05
1.914104E+04	4.902571E-04	5.744093E-05
1.918065E+04	4.856207E-04	5.709658E-05
1.922026E+04	4.810471E-04	5.675471E-05
1.925987E+04	4.765842E-04	5.642112E-05
1.929948E+04	4.722720E-04	5.610071E-05
1.933909E+04	4.681430E-04	5.579758E-05
1.937870E+04	4.642215E-04	5.551484E-05
1.941831E+04	4.605239E-04	5.525478E-05
1.945792E+04	4.570591E-04	5.501874E-05
1.949753E+04	4.538288E-04	5.480721E-05
1.953714E+04	4.508273E-04	5.461983E-05
1.957675E+04	4.480435E-04	5.445550E-05
1.961636E+04	4.454603E-04	5.431243E-05
1.965598E+04	4.430563E-04	5.418824E-05
1.969559E+04	4.408057E-04	5.408000E-05
1.973520E+04	4.386797E-04	5.398435E-05
1.977481E+04	4.366473E-04	5.389763E-05
1.981442E+04	4.346754E-04	5.381587E-05
1.985403E+04	4.327298E-04	5.373489E-05
1.989364E+04	4.307749E-04	5.365031E-05
1.993325E+04	4.287754E-04	5.355772E-05
1.997286E+04	4.266953E-04	5.345260E-05
2.001247E+04	4.245006E-04	5.333061E-05
2.005208E+04	4.221594E-04	5.318761E-05
2.009169E+04	4.196428E-04	5.301981E-05
2.013130E+04	4.169262E-04	5.282395E-05
2.017091E+04	4.139900E-04	5.259736E-05
2.021052E+04	4.108201E-04	5.233799E-05
2.025013E+04	4.074073E-04	5.204450E-05
2.028974E+04	4.037486E-04	5.171627E-05
2.032935E+04	3.998457E-04	5.135328E-05
2.036896E+04	3.957053E-04	5.095620E-05
2.040857E+04	3.913383E-04	5.052620E-05
2.044818E+04	3.867591E-04	5.006497E-05
2.048779E+04	3.819851E-04	4.957458E-05
2.052740E+04	3.770362E-04	4.905748E-05
2.056701E+04	3.719348E-04	4.851644E-05
2.060662E+04	3.667046E-04	4.795445E-05
2.064623E+04	3.613706E-04	4.737471E-05
2.068584E+04	3.559604E-04	4.678078E-05
2.072545E+04	3.505022E-04	4.617634E-05
2.076506E+04	3.450256E-04	4.556531E-05
2.080467E+04	3.395622E-04	4.495187E-05
2.084428E+04	3.341433E-04	4.434024E-05
2.088389E+04	3.288023E-04	4.373495E-05
2.092350E+04	3.235724E-04	4.314053E-05
2.096311E+04	3.184871E-04	4.256159E-05
2.100272E+04	3.135797E-04	4.200277E-05
2.104233E+04	3.088831E-04	4.146869E-05
2.108194E+04	3.044286E-04	4.096378E-05
2.112155E+04	3.002457E-04	4.049226E-05
2.116116E+04	2.963608E-04	4.005798E-05
2.120077E+04	2.927970E-04	3.966434E-05
2.124038E+04	2.895715E-04	3.931398E-05
2.127999E+04	2.866920E-04	3.900829E-05
2.131961E+04	2.841494E-04	3.874633E-05
2.135922E+04	2.819120E-04	3.852407E-05
2.139883E+04	2.799375E-04	3.833602E-05
2.143844E+04	2.781792E-04	3.817599E-05
2.147805E+04	2.765887E-04	3.803752E-05
2.151766E+04	2.751188E-04	3.791428E-05
2.155727E+04	2.737246E-04	3.780015E-05
2.159688E+04	2.723645E-04	3.768945E-05
2.163649E+04	2.710006E-04	3.757697E-05
2.167610E+04	2.695999E-04	3.745814E-05
2.171571E+04	2.681343E-04	3.732899E-05
2.175532E+04	2.665809E-04	3.718630E-05
2.179493E+04	2.649220E-04	3.702754E-05
2.183454E+04	2.631450E-04	3.685082E-05
2.187415E+04	2.612420E-04	3.665501E-05
2.191376E+04	2.592101E-04	3.643956E-05
2.195337E+04	2.570510E-04	3.620463E-05
2.199298E+04	2.547707E-04	3.595098E-05
2.203259E+04	2.523789E-04	3.567989E-05
2.207220E+04	2.498890E-04	3.539320E-05
2.211181E+04	2.473173E-04	3.509312E-05
2.215142E+04	2.446816E-04	3.478218E-05
2.219103E+04	2.420019E-04	3.446316E-05
2.223064E+04	2.392991E-04	3.413904E-05
2.227025E+04	2.365948E-04	3.381289E-05
2.230986E+04	2.339107E-04	3.348785E-05
2.234947E+04	2.312681E-04	3.316697E-05
2.238908E+04	2.286873E-04	3.285324E-05
2.242869E+04	2.261880E-04	3.254955E-05
2.246830E+04	2.237881E-04	3.225855E-05
2.250791E+04	2.215041E-04	3.198271E-05
2.254752E+04	2.193504E-04	3.172422E-05
2.258713E+04	2.173401E-04	3.148506E-05
2.262674E+04	2.154836E-04	3.126687E-05
2.266635E+04	2.137896E-04	3.107104E-05
2.270596E+04	2.122658E-04	3.089879E-05
2.274557E+04	2.109173E-04	3.075101E-05
2.278518E+04	2.097482E-04	3.062842E-05
2.282479E+04	2.087608E-04	3.053151E-05
2.286440E+04	2.079564E-04	3.046055E-05
2.290401E+04	2.073350E-04	3.041571E-05
2.294362E+04	2.068958E-04	3.039699E-05
2.298323E+04	2.066371E-04	3.040425E-05
2.302285E+04	2.065564E-04	3.043727E-05
2.306246E+04	2.066511E-04	3.049575E-05
2.310207E+04	2.069177E-04	3.057931E-05
2.314168E+04	2.073524E-04	3.068749E-05
2.318129E+04	2.079514E-04	3.081984E-05
2.322090E+04	2.087107E-04	3.097585E-05
2.326051E+04	2.096255E-04	3.115492E-05
2.330012E+04	2.106911E-04	3.135644E-05
2.333973E+04	2.119025E-04	3.157974E-05
2.337934E+04	2.132537E-04	3.182403E-05
2.341895E+04	2.147391E-04	3.208854E-05
2.345856E+04	2.163526E-04	3.237242E-05
2.349817E+04	2.180880E-04	3.267485E-05
2.353778E+04	2.199388E-04	3.299487E-05
2.357739E+04	2.218978E-04	3.333147E-05
2.361700E+04	2.239572E-04	3.368356E-05
2.365661E+04	2.261093E-04	3.405000E-05
2.369622E+04	2.283461E-04	3.442963E-05
2.373583E+04	2.306596E-04	3.482130E-05
2.377544E+04	2.330420E-04	3.522384E-05
2.381505E+04	2.354856E-04	3.563612E-05
2.385466E+04	2.379827E-04	3.605701E-05
2.389427E+04	2.405260E-04	3.648539E-05
2.393388E+04	2.431072E-04	3.692005E-05
2.397349E+04	2.457189E-04	3.735985E-05
2.401310E+04	2.483535E-04	3.780365E-05
2.405271E+04	2.510031E-04	3.825023E-05
2.409232E+04	2.536603E-04	3.869849E-05
2.413193E+04	2.563172E-04	3.914719E-05
2.417154E+04	2.589668E-04	3.959524E-05
2.421115E+04	2.616015E-04	4.004149E-05
2.425076E+04	2.642146E-04	4.048489E-05
