#wls	flux	fluxerr
3.257341E+03	1.838428E-04	3.397200E-05
3.296951E+03	1.767296E-04	3.258545E-05
3.336561E+03	1.701587E-04	3.130399E-05
3.376171E+03	1.640956E-04	3.012063E-05
3.415782E+03	1.585098E-04	2.902924E-05
3.455392E+03	1.533743E-04	2.802433E-05
3.495002E+03	1.486657E-04	2.710110E-05
3.534612E+03	1.443628E-04	2.625524E-05
3.574223E+03	1.404474E-04	2.548291E-05
3.613833E+03	1.369022E-04	2.478056E-05
3.653443E+03	1.337118E-04	2.414492E-05
3.693053E+03	1.308615E-04	2.357296E-05
3.732664E+03	1.283379E-04	2.306180E-05
3.772274E+03	1.261282E-04	2.260877E-05
3.811884E+03	1.242207E-04	2.221137E-05
3.851494E+03	1.226046E-04	2.186727E-05
3.891105E+03	1.212696E-04	2.157429E-05
3.930715E+03	1.202066E-04	2.133041E-05
3.970325E+03	1.194066E-04	2.113373E-05
4.009935E+03	1.188616E-04	2.098242E-05
4.049545E+03	1.185638E-04	2.087480E-05
4.089156E+03	1.185058E-04	2.080923E-05
4.128766E+03	1.186810E-04	2.078419E-05
4.168376E+03	1.190828E-04	2.079823E-05
4.207986E+03	1.197054E-04	2.084999E-05
4.247597E+03	1.205429E-04	2.093815E-05
4.287207E+03	1.215898E-04	2.106143E-05
4.326817E+03	1.228406E-04	2.121858E-05
4.366427E+03	1.242899E-04	2.140834E-05
4.406038E+03	1.259321E-04	2.162947E-05
4.445648E+03	1.277617E-04	2.188072E-05
4.485258E+03	1.297731E-04	2.216086E-05
4.524868E+03	1.319609E-04	2.246867E-05
4.564479E+03	1.343198E-04	2.280298E-05
4.604089E+03	1.368447E-04	2.316265E-05
4.643699E+03	1.395307E-04	2.354657E-05
4.683309E+03	1.423726E-04	2.395363E-05
4.722919E+03	1.453651E-04	2.438265E-05
4.762530E+03	1.485018E-04	2.483233E-05
4.802140E+03	1.517745E-04	2.530106E-05
4.841750E+03	1.551714E-04	2.578664E-05
4.881360E+03	1.586767E-04	2.628622E-05
4.920971E+03	1.622719E-04	2.679659E-05
4.960581E+03	1.659367E-04	2.731420E-05
5.000191E+03	1.696487E-04	2.783525E-05
5.039801E+03	1.733849E-04	2.835590E-05
5.079412E+03	1.771212E-04	2.887212E-05
5.119022E+03	1.808337E-04	2.938003E-05
5.158632E+03	1.844981E-04	2.987569E-05
5.198242E+03	1.880916E-04	3.035548E-05
5.237853E+03	1.915926E-04	3.081603E-05
5.277463E+03	1.949818E-04	3.125435E-05
5.317073E+03	1.982419E-04	3.166787E-05
5.356683E+03	2.013588E-04	3.205451E-05
5.396293E+03	2.043219E-04	3.241283E-05
5.435904E+03	2.071241E-04	3.274193E-05
5.475514E+03	2.097620E-04	3.304155E-05
5.515124E+03	2.122362E-04	3.331202E-05
5.554734E+03	2.145503E-04	3.355419E-05
5.594345E+03	2.167110E-04	3.376935E-05
5.633955E+03	2.187270E-04	3.395913E-05
5.673565E+03	2.206085E-04	3.412532E-05
5.713175E+03	2.223657E-04	3.426973E-05
5.752786E+03	2.240092E-04	3.439420E-05
5.792396E+03	2.255487E-04	3.450039E-05
5.832006E+03	2.269919E-04	3.458969E-05
5.871616E+03	2.283454E-04	3.466322E-05
5.911227E+03	2.296130E-04	3.472176E-05
5.950837E+03	2.307958E-04	3.476561E-05
5.990447E+03	2.318920E-04	3.479465E-05
6.030057E+03	2.328969E-04	3.480833E-05
6.069667E+03	2.338023E-04	3.480562E-05
6.109278E+03	2.345972E-04	3.478504E-05
6.148888E+03	2.352682E-04	3.474485E-05
6.188498E+03	2.358002E-04	3.468304E-05
6.228108E+03	2.361782E-04	3.459767E-05
6.267719E+03	2.363883E-04	3.448700E-05
6.307329E+03	2.364205E-04	3.434991E-05
6.346939E+03	2.362733E-04	3.418650E-05
6.386549E+03	2.359573E-04	3.399864E-05
6.426160E+03	2.355019E-04	3.379088E-05
6.465770E+03	2.349564E-04	3.357050E-05
6.505380E+03	2.343811E-04	3.334623E-05
6.544990E+03	2.338413E-04	3.312741E-05
6.584601E+03	2.334027E-04	3.292320E-05
6.624211E+03	2.331274E-04	3.274218E-05
6.663821E+03	2.330701E-04	3.259166E-05
6.703431E+03	2.332766E-04	3.247764E-05
6.743041E+03	2.337818E-04	3.240446E-05
6.782652E+03	2.346091E-04	3.237481E-05
6.822262E+03	2.357702E-04	3.238969E-05
6.861872E+03	2.372660E-04	3.244860E-05
6.901482E+03	2.390876E-04	3.254972E-05
6.941093E+03	2.412181E-04	3.269015E-05
6.980703E+03	2.436347E-04	3.286621E-05
7.020313E+03	2.463094E-04	3.307365E-05
7.059923E+03	2.492122E-04	3.330793E-05
7.099534E+03	2.523116E-04	3.356446E-05
7.139144E+03	2.555758E-04	3.383863E-05
7.178754E+03	2.589731E-04	3.412599E-05
7.218364E+03	2.624722E-04	3.442214E-05
7.257975E+03	2.660425E-04	3.472292E-05
7.297585E+03	2.696567E-04	3.502465E-05
7.337195E+03	2.732916E-04	3.532426E-05
7.376805E+03	2.769319E-04	3.561972E-05
7.416415E+03	2.805707E-04	3.591017E-05
7.456026E+03	2.842113E-04	3.619604E-05
7.495636E+03	2.878663E-04	3.647892E-05
7.535246E+03	2.915551E-04	3.676126E-05
7.574856E+03	2.952983E-04	3.704559E-05
7.614467E+03	2.991103E-04	3.733361E-05
7.654077E+03	3.029885E-04	3.762491E-05
7.693687E+03	3.069165E-04	3.791734E-05
7.733297E+03	3.108644E-04	3.820715E-05
7.772908E+03	3.147883E-04	3.848896E-05
7.812518E+03	3.186289E-04	3.875564E-05
7.852128E+03	3.223132E-04	3.899852E-05
7.891738E+03	3.257611E-04	3.920829E-05
7.931349E+03	3.288943E-04	3.937602E-05
7.970959E+03	3.316462E-04	3.949442E-05
8.010569E+03	3.339698E-04	3.955865E-05
8.050179E+03	3.358421E-04	3.956683E-05
8.089789E+03	3.372674E-04	3.952038E-05
8.129400E+03	3.382766E-04	3.942375E-05
8.169010E+03	3.389239E-04	3.928406E-05
8.208620E+03	3.392826E-04	3.911046E-05
8.248230E+03	3.394381E-04	3.891332E-05
8.287841E+03	3.394807E-04	3.870336E-05
8.327451E+03	3.394991E-04	3.849087E-05
8.367061E+03	3.395741E-04	3.828507E-05
8.406671E+03	3.397747E-04	3.809359E-05
8.446282E+03	3.401555E-04	3.792235E-05
8.485892E+03	3.407557E-04	3.777537E-05
8.525502E+03	3.415990E-04	3.765491E-05
8.565112E+03	3.426954E-04	3.756168E-05
8.604723E+03	3.440427E-04	3.749499E-05
8.644333E+03	3.456284E-04	3.745308E-05
8.683943E+03	3.474314E-04	3.743330E-05
8.723553E+03	3.494264E-04	3.743261E-05
8.763163E+03	3.515844E-04	3.744763E-05
8.802774E+03	3.538765E-04	3.747509E-05
8.842384E+03	3.562751E-04	3.751190E-05
8.881994E+03	3.587542E-04	3.755524E-05
8.921604E+03	3.612901E-04	3.760261E-05
8.961215E+03	3.638627E-04	3.765190E-05
9.000825E+03	3.664552E-04	3.770142E-05
9.040435E+03	3.690568E-04	3.775015E-05
9.080045E+03	3.716656E-04	3.779800E-05
9.119656E+03	3.742961E-04	3.784653E-05
9.159266E+03	3.769897E-04	3.789997E-05
9.198876E+03	3.798075E-04	3.796443E-05
9.238486E+03	3.828163E-04	3.804638E-05
9.278097E+03	3.860814E-04	3.815202E-05
9.317707E+03	3.896613E-04	3.828673E-05
9.357317E+03	3.936047E-04	3.845483E-05
9.396927E+03	3.979485E-04	3.865938E-05
9.436537E+03	4.027155E-04	3.890203E-05
9.476148E+03	4.079122E-04	3.918282E-05
9.515758E+03	4.135277E-04	3.950015E-05
9.555368E+03	4.195317E-04	3.985059E-05
9.594978E+03	4.258726E-04	4.022881E-05
9.634589E+03	4.324769E-04	4.062752E-05
9.674199E+03	4.392498E-04	4.103764E-05
9.713809E+03	4.460777E-04	4.144855E-05
9.753419E+03	4.528355E-04	4.184877E-05
9.793030E+03	4.593969E-04	4.222702E-05
9.832640E+03	4.656569E-04	4.257418E-05
9.872250E+03	4.715621E-04	4.288601E-05
9.911857E+03	4.771059E-04	4.316247E-05
9.951468E+03	4.823078E-04	4.340582E-05
9.991078E+03	4.872014E-04	4.361958E-05
1.003069E+04	4.918287E-04	4.380794E-05
1.007030E+04	4.962351E-04	4.397528E-05
1.010991E+04	5.004686E-04	4.412616E-05
1.014952E+04	5.045781E-04	4.426509E-05
1.018913E+04	5.086139E-04	4.439666E-05
1.022874E+04	5.126270E-04	4.452540E-05
1.026835E+04	5.166677E-04	4.465570E-05
1.030796E+04	5.207832E-04	4.479163E-05
1.034757E+04	5.250139E-04	4.493658E-05
1.038718E+04	5.293881E-04	4.509286E-05
1.042679E+04	5.339179E-04	4.526139E-05
1.046640E+04	5.385962E-04	4.544145E-05
1.050601E+04	5.433944E-04	4.563053E-05
1.054562E+04	5.482635E-04	4.582451E-05
1.058523E+04	5.531378E-04	4.601794E-05
1.062484E+04	5.579396E-04	4.620450E-05
1.066445E+04	5.625846E-04	4.637747E-05
1.070406E+04	5.669896E-04	4.653034E-05
1.074367E+04	5.710772E-04	4.665723E-05
1.078328E+04	5.747785E-04	4.675305E-05
1.082289E+04	5.780351E-04	4.681366E-05
1.086250E+04	5.807989E-04	4.683585E-05
1.090211E+04	5.830310E-04	4.681722E-05
1.094172E+04	5.847028E-04	4.675622E-05
1.098133E+04	5.857947E-04	4.665208E-05
1.102094E+04	5.862977E-04	4.650485E-05
1.106055E+04	5.862133E-04	4.631545E-05
1.110016E+04	5.855530E-04	4.608556E-05
1.113977E+04	5.843381E-04	4.581758E-05
1.117938E+04	5.825980E-04	4.551453E-05
1.121900E+04	5.803689E-04	4.517992E-05
1.125861E+04	5.776923E-04	4.481757E-05
1.129822E+04	5.746135E-04	4.443156E-05
1.133783E+04	5.711800E-04	4.402608E-05
1.137744E+04	5.674408E-04	4.360535E-05
1.141705E+04	5.634460E-04	4.317364E-05
1.145666E+04	5.592472E-04	4.273525E-05
1.149627E+04	5.548988E-04	4.229464E-05
1.153588E+04	5.504590E-04	4.185652E-05
1.157549E+04	5.459907E-04	4.142588E-05
1.161510E+04	5.415597E-04	4.100789E-05
1.165471E+04	5.372349E-04	4.060793E-05
1.169432E+04	5.330836E-04	4.023120E-05
1.173393E+04	5.291693E-04	3.988261E-05
1.177354E+04	5.255476E-04	3.956646E-05
1.181315E+04	5.222623E-04	3.928615E-05
1.185276E+04	5.193423E-04	3.904401E-05
1.189237E+04	5.167984E-04	3.884101E-05
1.193198E+04	5.146221E-04	3.867674E-05
1.197159E+04	5.127833E-04	3.854917E-05
1.201120E+04	5.112311E-04	3.845475E-05
1.205081E+04	5.098932E-04	3.838837E-05
1.209042E+04	5.086791E-04	3.834349E-05
1.213003E+04	5.074829E-04	3.831247E-05
1.216964E+04	5.061877E-04	3.828670E-05
1.220925E+04	5.046713E-04	3.825713E-05
1.224886E+04	5.028115E-04	3.821458E-05
1.228847E+04	5.004922E-04	3.815013E-05
1.232808E+04	4.976127E-04	3.805554E-05
1.236769E+04	4.941073E-04	3.792475E-05
1.240730E+04	4.899845E-04	3.775724E-05
1.244691E+04	4.853084E-04	3.755668E-05
1.248652E+04	4.801663E-04	3.732857E-05
1.252613E+04	4.746580E-04	3.707945E-05
1.256574E+04	4.688919E-04	3.681661E-05
1.260535E+04	4.629814E-04	3.654792E-05
1.264496E+04	4.570424E-04	3.628162E-05
1.268457E+04	4.511913E-04	3.602621E-05
1.272418E+04	4.455435E-04	3.579033E-05
1.276379E+04	4.402103E-04	3.558258E-05
1.280340E+04	4.352977E-04	3.541140E-05
1.284301E+04	4.309038E-04	3.528486E-05
1.288262E+04	4.271168E-04	3.521048E-05
1.292224E+04	4.240108E-04	3.519490E-05
1.296185E+04	4.216454E-04	3.524378E-05
1.300146E+04	4.200633E-04	3.536160E-05
1.304107E+04	4.192893E-04	3.555146E-05
1.308068E+04	4.193315E-04	3.581518E-05
1.312029E+04	4.201796E-04	3.615311E-05
1.315990E+04	4.218074E-04	3.656424E-05
1.319951E+04	4.241727E-04	3.704614E-05
1.323912E+04	4.272184E-04	3.759502E-05
1.327873E+04	4.308730E-04	3.820572E-05
1.331834E+04	4.350526E-04	3.887177E-05
1.335795E+04	4.396616E-04	3.958550E-05
1.339756E+04	4.445959E-04	4.033819E-05
1.343717E+04	4.497439E-04	4.112016E-05
1.347678E+04	4.549899E-04	4.192106E-05
1.351639E+04	4.602173E-04	4.273013E-05
1.355600E+04	4.653122E-04	4.353655E-05
1.359561E+04	4.701677E-04	4.432977E-05
1.363522E+04	4.746852E-04	4.509978E-05
1.367483E+04	4.787780E-04	4.583738E-05
1.371444E+04	4.823726E-04	4.653443E-05
1.375405E+04	4.854100E-04	4.718389E-05
1.379366E+04	4.878457E-04	4.778006E-05
1.383327E+04	4.896508E-04	4.831859E-05
1.387288E+04	4.908116E-04	4.879655E-05
1.391249E+04	4.913281E-04	4.921236E-05
1.395210E+04	4.912135E-04	4.956579E-05
1.399171E+04	4.904911E-04	4.985764E-05
1.403132E+04	4.891939E-04	5.008980E-05
1.407093E+04	4.873619E-04	5.026497E-05
1.411054E+04	4.850410E-04	5.038663E-05
1.415015E+04	4.822823E-04	5.045890E-05
1.418976E+04	4.791417E-04	5.048661E-05
1.422937E+04	4.756785E-04	5.047510E-05
1.426898E+04	4.719560E-04	5.043031E-05
1.430859E+04	4.680399E-04	5.035869E-05
1.434820E+04	4.639983E-04	5.026711E-05
1.438781E+04	4.599003E-04	5.016276E-05
1.442742E+04	4.558154E-04	5.005310E-05
1.446703E+04	4.518122E-04	4.994571E-05
1.450664E+04	4.479570E-04	4.984811E-05
1.454625E+04	4.443129E-04	4.976767E-05
1.458587E+04	4.409372E-04	4.971126E-05
1.462548E+04	4.378807E-04	4.968524E-05
1.466509E+04	4.351859E-04	4.969513E-05
1.470470E+04	4.328855E-04	4.974546E-05
1.474431E+04	4.310019E-04	4.983967E-05
1.478392E+04	4.295477E-04	4.998010E-05
1.482353E+04	4.285245E-04	5.016786E-05
1.486314E+04	4.279256E-04	5.040307E-05
1.490275E+04	4.277358E-04	5.068483E-05
1.494236E+04	4.279332E-04	5.101140E-05
1.498197E+04	4.284899E-04	5.138022E-05
1.502158E+04	4.293728E-04	5.178808E-05
1.506119E+04	4.305441E-04	5.223104E-05
1.510080E+04	4.319613E-04	5.270454E-05
1.514041E+04	4.335782E-04	5.320339E-05
1.518002E+04	4.353447E-04	5.372181E-05
1.521963E+04	4.372074E-04	5.425352E-05
1.525924E+04	4.391106E-04	5.479171E-05
1.529885E+04	4.409967E-04	5.532927E-05
1.533846E+04	4.428061E-04	5.585864E-05
1.537807E+04	4.444801E-04	5.637220E-05
1.541768E+04	4.459586E-04	5.686203E-05
1.545729E+04	4.471838E-04	5.732033E-05
1.549690E+04	4.480986E-04	5.773924E-05
1.553651E+04	4.486492E-04	5.811118E-05
1.557612E+04	4.487856E-04	5.842894E-05
1.561573E+04	4.484635E-04	5.868589E-05
1.565534E+04	4.476452E-04	5.887620E-05
1.569495E+04	4.463008E-04	5.899497E-05
1.573456E+04	4.444099E-04	5.903847E-05
1.577417E+04	4.419608E-04	5.900411E-05
1.581378E+04	4.389525E-04	5.889069E-05
1.585339E+04	4.353937E-04	5.869833E-05
1.589300E+04	4.313042E-04	5.842869E-05
1.593261E+04	4.267136E-04	5.808482E-05
1.597222E+04	4.216606E-04	5.767108E-05
1.601183E+04	4.161930E-04	5.719313E-05
1.605144E+04	4.103644E-04	5.665759E-05
1.609105E+04	4.042332E-04	5.607182E-05
1.613066E+04	3.978582E-04	5.544346E-05
1.617027E+04	3.912964E-04	5.478003E-05
1.620988E+04	3.846036E-04	5.408901E-05
1.624949E+04	3.778339E-04	5.337782E-05
1.628911E+04	3.710391E-04	5.265367E-05
1.632872E+04	3.642662E-04	5.192324E-05
1.636833E+04	3.575581E-04	5.119273E-05
1.640794E+04	3.509515E-04	5.046756E-05
1.644755E+04	3.444778E-04	4.975250E-05
1.648716E+04	3.381618E-04	4.905141E-05
1.652677E+04	3.320228E-04	4.836741E-05
1.656638E+04	3.260746E-04	4.770289E-05
1.660599E+04	3.203258E-04	4.705951E-05
1.664560E+04	3.147816E-04	4.643841E-05
1.668521E+04	3.094434E-04	4.584020E-05
1.672482E+04	3.043111E-04	4.526530E-05
1.676443E+04	2.993826E-04	4.471377E-05
1.680404E+04	2.946559E-04	4.418572E-05
1.684365E+04	2.901284E-04	4.368115E-05
1.688326E+04	2.857987E-04	4.320024E-05
1.692287E+04	2.816664E-04	4.274331E-05
1.696248E+04	2.777324E-04	4.231086E-05
1.700209E+04	2.739999E-04	4.190376E-05
1.704170E+04	2.704737E-04	4.152315E-05
1.708131E+04	2.671614E-04	4.117055E-05
1.712092E+04	2.640718E-04	4.084776E-05
1.716053E+04	2.612164E-04	4.055693E-05
1.720014E+04	2.586080E-04	4.030051E-05
1.723975E+04	2.562610E-04	4.008118E-05
1.727936E+04	2.541918E-04	3.990198E-05
1.731897E+04	2.524172E-04	3.976606E-05
1.735858E+04	2.509560E-04	3.967688E-05
1.739819E+04	2.498278E-04	3.963809E-05
1.743780E+04	2.490532E-04	3.965354E-05
1.747741E+04	2.486533E-04	3.972720E-05
1.751702E+04	2.486498E-04	3.986315E-05
1.755663E+04	2.490636E-04	4.006542E-05
1.759624E+04	2.499144E-04	4.033787E-05
1.763585E+04	2.512198E-04	4.068403E-05
1.767546E+04	2.529939E-04	4.110691E-05
1.771507E+04	2.552456E-04	4.160871E-05
1.775468E+04	2.579775E-04	4.219058E-05
1.779429E+04	2.611842E-04	4.285236E-05
1.783390E+04	2.648511E-04	4.359238E-05
1.787351E+04	2.689529E-04	4.440714E-05
1.791312E+04	2.734528E-04	4.529118E-05
1.795274E+04	2.783019E-04	4.623693E-05
1.799235E+04	2.834384E-04	4.723460E-05
1.803196E+04	2.887883E-04	4.827219E-05
1.807157E+04	2.942657E-04	4.933557E-05
1.811118E+04	2.997756E-04	5.040889E-05
1.815079E+04	3.052152E-04	5.147484E-05
1.819040E+04	3.104791E-04	5.251540E-05
1.823001E+04	3.154622E-04	5.351245E-05
1.826962E+04	3.200650E-04	5.444857E-05
1.830923E+04	3.241967E-04	5.530771E-05
1.834884E+04	3.277787E-04	5.607568E-05
1.838845E+04	3.307472E-04	5.674070E-05
1.842806E+04	3.330539E-04	5.729359E-05
1.846767E+04	3.346682E-04	5.772808E-05
1.850728E+04	3.355764E-04	5.804082E-05
1.854689E+04	3.357821E-04	5.823147E-05
1.858650E+04	3.353048E-04	5.830242E-05
1.862611E+04	3.341780E-04	5.825859E-05
1.866572E+04	3.324473E-04	5.810707E-05
1.870533E+04	3.301671E-04	5.785659E-05
1.874494E+04	3.273974E-04	5.751700E-05
1.878455E+04	3.242026E-04	5.709900E-05
1.882416E+04	3.206485E-04	5.661368E-05
1.886377E+04	3.168010E-04	5.607229E-05
1.890338E+04	3.127257E-04	5.548611E-05
1.894299E+04	3.084863E-04	5.486622E-05
1.898260E+04	3.041442E-04	5.422339E-05
1.902221E+04	2.997576E-04	5.356797E-05
1.906182E+04	2.953816E-04	5.290979E-05
1.910143E+04	2.910670E-04	5.225804E-05
1.914104E+04	2.868599E-04	5.162114E-05
1.918065E+04	2.828014E-04	5.100668E-05
1.922026E+04	2.789264E-04	5.042119E-05
1.925987E+04	2.752633E-04	4.987008E-05
1.929948E+04	2.718340E-04	4.935764E-05
1.933909E+04	2.686543E-04	4.888704E-05
1.937870E+04	2.657343E-04	4.846047E-05
1.941831E+04	2.630791E-04	4.807919E-05
1.945792E+04	2.606891E-04	4.774363E-05
1.949753E+04	2.585612E-04	4.745353E-05
1.953714E+04	2.566888E-04	4.720804E-05
1.957675E+04	2.550621E-04	4.700564E-05
1.961636E+04	2.536688E-04	4.684437E-05
1.965598E+04	2.524938E-04	4.672171E-05
1.969559E+04	2.515203E-04	4.663481E-05
1.973520E+04	2.507292E-04	4.658037E-05
1.977481E+04	2.501001E-04	4.655480E-05
1.981442E+04	2.496115E-04	4.655427E-05
1.985403E+04	2.492405E-04	4.657468E-05
1.989364E+04	2.489640E-04	4.661184E-05
1.993325E+04	2.487583E-04	4.666138E-05
1.997286E+04	2.485995E-04	4.671894E-05
2.001247E+04	2.484635E-04	4.678002E-05
2.005208E+04	2.483270E-04	4.684025E-05
2.009169E+04	2.481673E-04	4.689535E-05
2.013130E+04	2.479631E-04	4.694129E-05
2.017091E+04	2.476948E-04	4.697429E-05
2.021052E+04	2.473453E-04	4.699107E-05
2.025013E+04	2.468996E-04	4.698867E-05
2.028974E+04	2.463450E-04	4.696462E-05
2.032935E+04	2.456717E-04	4.691693E-05
2.036896E+04	2.448717E-04	4.684397E-05
2.040857E+04	2.439393E-04	4.674454E-05
2.044818E+04	2.428704E-04	4.661772E-05
2.048779E+04	2.416628E-04	4.646301E-05
2.052740E+04	2.403158E-04	4.628012E-05
2.056701E+04	2.388304E-04	4.606914E-05
2.060662E+04	2.372090E-04	4.583042E-05
2.064623E+04	2.354553E-04	4.556456E-05
2.068584E+04	2.335749E-04	4.527256E-05
2.072545E+04	2.315747E-04	4.495566E-05
2.076506E+04	2.294630E-04	4.461537E-05
2.080467E+04	2.272499E-04	4.425357E-05
2.084428E+04	2.249465E-04	4.387235E-05
2.088389E+04	2.225655E-04	4.347418E-05
2.092350E+04	2.201210E-04	4.306171E-05
2.096311E+04	2.176282E-04	4.263791E-05
2.100272E+04	2.151034E-04	4.220595E-05
2.104233E+04	2.125635E-04	4.176916E-05
2.108194E+04	2.100265E-04	4.133109E-05
2.112155E+04	2.075108E-04	4.089537E-05
2.116116E+04	2.050344E-04	4.046558E-05
2.120077E+04	2.026148E-04	4.004523E-05
2.124038E+04	2.002676E-04	3.963748E-05
2.127999E+04	1.980042E-04	3.924466E-05
2.131961E+04	1.958272E-04	3.886739E-05
2.135922E+04	1.937282E-04	3.850403E-05
2.139883E+04	1.916929E-04	3.815186E-05
2.143844E+04	1.897055E-04	3.780780E-05
2.147805E+04	1.877507E-04	3.746879E-05
2.151766E+04	1.858132E-04	3.713185E-05
2.155727E+04	1.838797E-04	3.679435E-05
2.159688E+04	1.819389E-04	3.645402E-05
2.163649E+04	1.799815E-04	3.610902E-05
2.167610E+04	1.780004E-04	3.575790E-05
2.171571E+04	1.759906E-04	3.539968E-05
2.175532E+04	1.739493E-04	3.503373E-05
2.179493E+04	1.718749E-04	3.465977E-05
2.183454E+04	1.697679E-04	3.427786E-05
2.187415E+04	1.676300E-04	3.388834E-05
2.191376E+04	1.654643E-04	3.349181E-05
2.195337E+04	1.632757E-04	3.308926E-05
2.199298E+04	1.610695E-04	3.268178E-05
2.203259E+04	1.588529E-04	3.227082E-05
2.207220E+04	1.566333E-04	3.185788E-05
2.211181E+04	1.544189E-04	3.144464E-05
2.215142E+04	1.522182E-04	3.103288E-05
2.219103E+04	1.500400E-04	3.062438E-05
2.223064E+04	1.478924E-04	3.022086E-05
2.227025E+04	1.457834E-04	2.982396E-05
2.230986E+04	1.437201E-04	2.943517E-05
2.234947E+04	1.417090E-04	2.905588E-05
2.238908E+04	1.397551E-04	2.868718E-05
2.242869E+04	1.378631E-04	2.833005E-05
2.246830E+04	1.360360E-04	2.798517E-05
2.250791E+04	1.342761E-04	2.765311E-05
2.254752E+04	1.325850E-04	2.733419E-05
2.258713E+04	1.309629E-04	2.702855E-05
2.262674E+04	1.294101E-04	2.673628E-05
2.266635E+04	1.279262E-04	2.645736E-05
2.270596E+04	1.265105E-04	2.619173E-05
2.274557E+04	1.251628E-04	2.593936E-05
2.278518E+04	1.238826E-04	2.570019E-05
2.282479E+04	1.226693E-04	2.547418E-05
2.286440E+04	1.215228E-04	2.526136E-05
2.290401E+04	1.204433E-04	2.506178E-05
2.294362E+04	1.194311E-04	2.487558E-05
2.298323E+04	1.184865E-04	2.470287E-05
2.302285E+04	1.176107E-04	2.454393E-05
2.306246E+04	1.168045E-04	2.439900E-05
2.310207E+04	1.160695E-04	2.426843E-05
2.314168E+04	1.154073E-04	2.415260E-05
2.318129E+04	1.148196E-04	2.405197E-05
2.322090E+04	1.143087E-04	2.396699E-05
2.326051E+04	1.138765E-04	2.389817E-05
2.330012E+04	1.135252E-04	2.384598E-05
2.333973E+04	1.132566E-04	2.381088E-05
2.337934E+04	1.130725E-04	2.379326E-05
2.341895E+04	1.129744E-04	2.379351E-05
2.345856E+04	1.129635E-04	2.381192E-05
2.349817E+04	1.130408E-04	2.384875E-05
2.353778E+04	1.132068E-04	2.390419E-05
2.357739E+04	1.134620E-04	2.397835E-05
2.361700E+04	1.138064E-04	2.407127E-05
2.365661E+04	1.142394E-04	2.418293E-05
2.369622E+04	1.147606E-04	2.431323E-05
2.373583E+04	1.153690E-04	2.446201E-05
2.377544E+04	1.160631E-04	2.462904E-05
2.381505E+04	1.168415E-04	2.481402E-05
2.385466E+04	1.177022E-04	2.501658E-05
2.389427E+04	1.186431E-04	2.523631E-05
2.393388E+04	1.196622E-04	2.547282E-05
2.397349E+04	1.207572E-04	2.572564E-05
2.401310E+04	1.219255E-04	2.599428E-05
2.405271E+04	1.231650E-04	2.627833E-05
2.409232E+04	1.244735E-04	2.657730E-05
2.413193E+04	1.258479E-04	2.689060E-05
2.417154E+04	1.272857E-04	2.721771E-05
2.421115E+04	1.287836E-04	2.755794E-05
2.425076E+04	1.303384E-04	2.791063E-05
