#wls	flux	fluxerr
3.257341E+03	4.315092E-04	3.495323E-05
3.296951E+03	3.853212E-04	3.099673E-05
3.336561E+03	3.467026E-04	2.769570E-05
3.376171E+03	3.145223E-04	2.494797E-05
3.415782E+03	2.878397E-04	2.266881E-05
3.455392E+03	2.658770E-04	2.078830E-05
3.495002E+03	2.479969E-04	1.924907E-05
3.534612E+03	2.336829E-04	1.800450E-05
3.574223E+03	2.225213E-04	1.701695E-05
3.613833E+03	2.141887E-04	1.625651E-05
3.653443E+03	2.084384E-04	1.569978E-05
3.693053E+03	2.050912E-04	1.532896E-05
3.732664E+03	2.040250E-04	1.513084E-05
3.772274E+03	2.051635E-04	1.509586E-05
3.811884E+03	2.084630E-04	1.521700E-05
3.851494E+03	2.138994E-04	1.548873E-05
3.891105E+03	2.214613E-04	1.590648E-05
3.930715E+03	2.311470E-04	1.646640E-05
3.970325E+03	2.429586E-04	1.716486E-05
4.009935E+03	2.568931E-04	1.799790E-05
4.049545E+03	2.729332E-04	1.896056E-05
4.089156E+03	2.910388E-04	2.004632E-05
4.128766E+03	3.111379E-04	2.124662E-05
4.168376E+03	3.331204E-04	2.255045E-05
4.207986E+03	3.568349E-04	2.394433E-05
4.247597E+03	3.820905E-04	2.541250E-05
4.287207E+03	4.086631E-04	2.693748E-05
4.326817E+03	4.363029E-04	2.850065E-05
4.366427E+03	4.647329E-04	3.008228E-05
4.406038E+03	4.936229E-04	3.165985E-05
4.445648E+03	5.225655E-04	3.320675E-05
4.485258E+03	5.510864E-04	3.469318E-05
4.524868E+03	5.786738E-04	3.608810E-05
4.564479E+03	6.047898E-04	3.736011E-05
4.604089E+03	6.288731E-04	3.847765E-05
4.643699E+03	6.503468E-04	3.940955E-05
4.683309E+03	6.686586E-04	4.012746E-05
4.722919E+03	6.834030E-04	4.061306E-05
4.762530E+03	6.945586E-04	4.087154E-05
4.802140E+03	7.026592E-04	4.094048E-05
4.841750E+03	7.086415E-04	4.087943E-05
4.881360E+03	7.134917E-04	4.074855E-05
4.920971E+03	7.180161E-04	4.059554E-05
4.960581E+03	7.227732E-04	4.045223E-05
5.000191E+03	7.280702E-04	4.033532E-05
5.039801E+03	7.339902E-04	4.024847E-05
5.079412E+03	7.404350E-04	4.018535E-05
5.119022E+03	7.471650E-04	4.013229E-05
5.158632E+03	7.538164E-04	4.006954E-05
5.198242E+03	7.599222E-04	3.997274E-05
5.237853E+03	7.649595E-04	3.981567E-05
5.277463E+03	7.684316E-04	3.957460E-05
5.317073E+03	7.699779E-04	3.923382E-05
5.356683E+03	7.694898E-04	3.879107E-05
5.396293E+03	7.672048E-04	3.826156E-05
5.435904E+03	7.637379E-04	3.767861E-05
5.475514E+03	7.599879E-04	3.708801E-05
5.515124E+03	7.569095E-04	3.653636E-05
5.554734E+03	7.552730E-04	3.605942E-05
5.594345E+03	7.555700E-04	3.567823E-05
5.633955E+03	7.580605E-04	3.540199E-05
5.673565E+03	7.628576E-04	3.523265E-05
5.713175E+03	7.700088E-04	3.516902E-05
5.752786E+03	7.795501E-04	3.520933E-05
5.792396E+03	7.915238E-04	3.535212E-05
5.832006E+03	8.059661E-04	3.559564E-05
5.871616E+03	8.228897E-04	3.593714E-05
5.911227E+03	8.422888E-04	3.637314E-05
5.950837E+03	8.641683E-04	3.690075E-05
5.990447E+03	8.885755E-04	3.751895E-05
6.030057E+03	9.156296E-04	3.822976E-05
6.069667E+03	9.455555E-04	3.903947E-05
6.109278E+03	9.787093E-04	3.995948E-05
6.148888E+03	1.015571E-03	4.100566E-05
6.188498E+03	1.056541E-03	4.219009E-05
6.228108E+03	1.101017E-03	4.348469E-05
6.267719E+03	1.146728E-03	4.479757E-05
6.307329E+03	1.190384E-03	4.600142E-05
6.346939E+03	1.228147E-03	4.695336E-05
6.386549E+03	1.256546E-03	4.753063E-05
6.426160E+03	1.274695E-03	4.771238E-05
6.465770E+03	1.284762E-03	4.759179E-05
6.505380E+03	1.289830E-03	4.729166E-05
6.544990E+03	1.292765E-03	4.692145E-05
6.584601E+03	1.295745E-03	4.656161E-05
6.624211E+03	1.300158E-03	4.626126E-05
6.663821E+03	1.306713E-03	4.604362E-05
6.703431E+03	1.315607E-03	4.591322E-05
6.743041E+03	1.326649E-03	4.586106E-05
6.782652E+03	1.339337E-03	4.586780E-05
6.822262E+03	1.352925E-03	4.590659E-05
6.861872E+03	1.366527E-03	4.594681E-05
6.901482E+03	1.379246E-03	4.595876E-05
6.941093E+03	1.390313E-03	4.591785E-05
6.980703E+03	1.399155E-03	4.580691E-05
7.020313E+03	1.405431E-03	4.561691E-05
7.059923E+03	1.409043E-03	4.534688E-05
7.099534E+03	1.410092E-03	4.500226E-05
7.139144E+03	1.408764E-03	4.459112E-05
7.178754E+03	1.405199E-03	4.411966E-05
7.218364E+03	1.399389E-03	4.358935E-05
7.257975E+03	1.391185E-03	4.299732E-05
7.297585E+03	1.380439E-03	4.234069E-05
7.337195E+03	1.367209E-03	4.162303E-05
7.376805E+03	1.351974E-03	4.086042E-05
7.416415E+03	1.335772E-03	4.008529E-05
7.456026E+03	1.320221E-03	3.934636E-05
7.495636E+03	1.307357E-03	3.870350E-05
7.535246E+03	1.299349E-03	3.821884E-05
7.574856E+03	1.298096E-03	3.794538E-05
7.614467E+03	1.304291E-03	3.789964E-05
7.654077E+03	1.316192E-03	3.802755E-05
7.693687E+03	1.330835E-03	3.824133E-05
7.733297E+03	1.345187E-03	3.845328E-05
7.772908E+03	1.356768E-03	3.859313E-05
7.812518E+03	1.364059E-03	3.861870E-05
7.852128E+03	1.366592E-03	3.851804E-05
7.891738E+03	1.364686E-03	3.830124E-05
7.931349E+03	1.359036E-03	3.798865E-05
7.970959E+03	1.350412E-03	3.760231E-05
8.010569E+03	1.339511E-03	3.716184E-05
8.050179E+03	1.326926E-03	3.668366E-05
8.089789E+03	1.313162E-03	3.618162E-05
8.129400E+03	1.298655E-03	3.566743E-05
8.169010E+03	1.283745E-03	3.515013E-05
8.208620E+03	1.268646E-03	3.463528E-05
8.248230E+03	1.253436E-03	3.412472E-05
8.287841E+03	1.238064E-03	3.361681E-05
8.327451E+03	1.222370E-03	3.310709E-05
8.367061E+03	1.206158E-03	3.259020E-05
8.406671E+03	1.189300E-03	3.206276E-05
8.446282E+03	1.171819E-03	3.152545E-05
8.485892E+03	1.153912E-03	3.098377E-05
8.525502E+03	1.135931E-03	3.044729E-05
8.565112E+03	1.118340E-03	2.992863E-05
8.604723E+03	1.101674E-03	2.944216E-05
8.644333E+03	1.086451E-03	2.900192E-05
8.683943E+03	1.073098E-03	2.861943E-05
8.723553E+03	1.061928E-03	2.830330E-05
8.763163E+03	1.053174E-03	2.806008E-05
8.802774E+03	1.047028E-03	2.789534E-05
8.842384E+03	1.043647E-03	2.781391E-05
8.881994E+03	1.043103E-03	2.781850E-05
8.921604E+03	1.045325E-03	2.790825E-05
8.961215E+03	1.050103E-03	2.807881E-05
9.000825E+03	1.057119E-03	2.832310E-05
9.040435E+03	1.065981E-03	2.863223E-05
9.080045E+03	1.076343E-03	2.899862E-05
9.119656E+03	1.088041E-03	2.941972E-05
9.159266E+03	1.100970E-03	2.989463E-05
9.198876E+03	1.115127E-03	3.042470E-05
9.238486E+03	1.130591E-03	3.101356E-05
9.278097E+03	1.147404E-03	3.166398E-05
9.317707E+03	1.165517E-03	3.237639E-05
9.357317E+03	1.184791E-03	3.314877E-05
9.396927E+03	1.205029E-03	3.397757E-05
9.436537E+03	1.226038E-03	3.485920E-05
9.476148E+03	1.247636E-03	3.579041E-05
9.515758E+03	1.269610E-03	3.676693E-05
9.555368E+03	1.291653E-03	3.778149E-05
9.594978E+03	1.313333E-03	3.882284E-05
9.634589E+03	1.334118E-03	3.987628E-05
9.674199E+03	1.353445E-03	4.092524E-05
9.713809E+03	1.370799E-03	4.195378E-05
9.753419E+03	1.385813E-03	4.294960E-05
9.793030E+03	1.398350E-03	4.390674E-05
9.832640E+03	1.408409E-03	4.482300E-05
9.872250E+03	1.415541E-03	4.568070E-05
9.911857E+03	1.419271E-03	4.645949E-05
9.951468E+03	1.419584E-03	4.715317E-05
9.991078E+03	1.416850E-03	4.776793E-05
1.003069E+04	1.411658E-03	4.831800E-05
1.007030E+04	1.404687E-03	4.882175E-05
1.010991E+04	1.396619E-03	4.929888E-05
1.014952E+04	1.388063E-03	4.976797E-05
1.018913E+04	1.379521E-03	5.024500E-05
1.022874E+04	1.371391E-03	5.074334E-05
1.026835E+04	1.363992E-03	5.127432E-05
1.030796E+04	1.357585E-03	5.184801E-05
1.034757E+04	1.352374E-03	5.247294E-05
1.038718E+04	1.348482E-03	5.315507E-05
1.042679E+04	1.345922E-03	5.389640E-05
1.046640E+04	1.344594E-03	5.469446E-05
1.050601E+04	1.344289E-03	5.554205E-05
1.054562E+04	1.344693E-03	5.642725E-05
1.058523E+04	1.345406E-03	5.733364E-05
1.062484E+04	1.345966E-03	5.824110E-05
1.066445E+04	1.345883E-03	5.912720E-05
1.070406E+04	1.344688E-03	5.996903E-05
1.074367E+04	1.341963E-03	6.074493E-05
1.078328E+04	1.337375E-03	6.143584E-05
1.082289E+04	1.330696E-03	6.202684E-05
1.086250E+04	1.321825E-03	6.250831E-05
1.090211E+04	1.310788E-03	6.287656E-05
1.094172E+04	1.297729E-03	6.313357E-05
1.098133E+04	1.282871E-03	6.328578E-05
1.102094E+04	1.266489E-03	6.334277E-05
1.106055E+04	1.248877E-03	6.331596E-05
1.110016E+04	1.230330E-03	6.321751E-05
1.113977E+04	1.211122E-03	6.305945E-05
1.117938E+04	1.191499E-03	6.285308E-05
1.121900E+04	1.171672E-03	6.260856E-05
1.125861E+04	1.151821E-03	6.233493E-05
1.129822E+04	1.132109E-03	6.204084E-05
1.133783E+04	1.112697E-03	6.173537E-05
1.137744E+04	1.093749E-03	6.142823E-05
1.141705E+04	1.075427E-03	6.112935E-05
1.145666E+04	1.057882E-03	6.084855E-05
1.149627E+04	1.041266E-03	6.059626E-05
1.153588E+04	1.025759E-03	6.038485E-05
1.157549E+04	1.011582E-03	6.022964E-05
1.161510E+04	9.990065E-04	6.014957E-05
1.165471E+04	9.883454E-04	6.016689E-05
1.169432E+04	9.799294E-04	6.030571E-05
1.173393E+04	9.740782E-04	6.059034E-05
1.177354E+04	9.710803E-04	6.104394E-05
1.181315E+04	9.711768E-04	6.168737E-05
1.185276E+04	9.745414E-04	6.253777E-05
1.189237E+04	9.812653E-04	6.360733E-05
1.193198E+04	9.913313E-04	6.490131E-05
1.197159E+04	1.004560E-03	6.641415E-05
1.201120E+04	1.020535E-03	6.812399E-05
1.205081E+04	1.038542E-03	6.998762E-05
1.209042E+04	1.057513E-03	7.193614E-05
1.213003E+04	1.075989E-03	7.387082E-05
1.216964E+04	1.092111E-03	7.566171E-05
1.220925E+04	1.103742E-03	7.715479E-05
1.224886E+04	1.108773E-03	7.819265E-05
1.228847E+04	1.105601E-03	7.864897E-05
1.232808E+04	1.093649E-03	7.846720E-05
1.236769E+04	1.073598E-03	7.768049E-05
1.240730E+04	1.047087E-03	7.639393E-05
1.244691E+04	1.016184E-03	7.474812E-05
1.248652E+04	9.829441E-04	7.288806E-05
1.252613E+04	9.491597E-04	7.094379E-05
1.256574E+04	9.162634E-04	6.902267E-05
1.260535E+04	8.853301E-04	6.720827E-05
1.264496E+04	8.571158E-04	6.556217E-05
1.268457E+04	8.321075E-04	6.412697E-05
1.272418E+04	8.105689E-04	6.292895E-05
1.276379E+04	7.925812E-04	6.198067E-05
1.280340E+04	7.780879E-04	6.128388E-05
1.284301E+04	7.669398E-04	6.083284E-05
1.288262E+04	7.589264E-04	6.061642E-05
1.292224E+04	7.537910E-04	6.061928E-05
1.296185E+04	7.512440E-04	6.082276E-05
1.300146E+04	7.509815E-04	6.120631E-05
1.304107E+04	7.526973E-04	6.174852E-05
1.308068E+04	7.560913E-04	6.242774E-05
1.312029E+04	7.608756E-04	6.322266E-05
1.315990E+04	7.667794E-04	6.411276E-05
1.319951E+04	7.735547E-04	6.507883E-05
1.323912E+04	7.809765E-04	6.610309E-05
1.327873E+04	7.888401E-04	6.716898E-05
1.331834E+04	7.969585E-04	6.826105E-05
1.335795E+04	8.051577E-04	6.936459E-05
1.339756E+04	8.132743E-04	7.046543E-05
1.343717E+04	8.211518E-04	7.154971E-05
1.347678E+04	8.286370E-04	7.260353E-05
1.351639E+04	8.355808E-04	7.361310E-05
1.355600E+04	8.418426E-04	7.456507E-05
1.359561E+04	8.472951E-04	7.544706E-05
1.363522E+04	8.518307E-04	7.624823E-05
1.367483E+04	8.553659E-04	7.695970E-05
1.371444E+04	8.578411E-04	7.757466E-05
1.375405E+04	8.592203E-04	7.808835E-05
1.379366E+04	8.594941E-04	7.849841E-05
1.383327E+04	8.586803E-04	7.880499E-05
1.387288E+04	8.568259E-04	7.901099E-05
1.391249E+04	8.540074E-04	7.912215E-05
1.395210E+04	8.503220E-04	7.914632E-05
1.399171E+04	8.458792E-04	7.909266E-05
1.403132E+04	8.407933E-04	7.897102E-05
1.407093E+04	8.351798E-04	7.879155E-05
1.411054E+04	8.291496E-04	7.856419E-05
1.415015E+04	8.228092E-04	7.829864E-05
1.418976E+04	8.162608E-04	7.800439E-05
1.422937E+04	8.096004E-04	7.769049E-05
1.426898E+04	8.029194E-04	7.736572E-05
1.430859E+04	7.963117E-04	7.703923E-05
1.434820E+04	7.898831E-04	7.672148E-05
1.438781E+04	7.837532E-04	7.642444E-05
1.442742E+04	7.780481E-04	7.616088E-05
1.446703E+04	7.728895E-04	7.594333E-05
1.450664E+04	7.683886E-04	7.578344E-05
1.454625E+04	7.646401E-04	7.569138E-05
1.458587E+04	7.617176E-04	7.567534E-05
1.462548E+04	7.596659E-04	7.574073E-05
1.466509E+04	7.584983E-04	7.588985E-05
1.470470E+04	7.581981E-04	7.612196E-05
1.474431E+04	7.587216E-04	7.643360E-05
1.478392E+04	7.600027E-04	7.681890E-05
1.482353E+04	7.619557E-04	7.726996E-05
1.486314E+04	7.644765E-04	7.777685E-05
1.490275E+04	7.674366E-04	7.832697E-05
1.494236E+04	7.706815E-04	7.890494E-05
1.498197E+04	7.740356E-04	7.949294E-05
1.502158E+04	7.773120E-04	8.007181E-05
1.506119E+04	7.803227E-04	8.062202E-05
1.510080E+04	7.828854E-04	8.112443E-05
1.514041E+04	7.848321E-04	8.156112E-05
1.518002E+04	7.860188E-04	8.191654E-05
1.521963E+04	7.863360E-04	8.217857E-05
1.525924E+04	7.857127E-04	8.233904E-05
1.529885E+04	7.841165E-04	8.239372E-05
1.533846E+04	7.815447E-04	8.234157E-05
1.537807E+04	7.780234E-04	8.218456E-05
1.541768E+04	7.736008E-04	8.192707E-05
1.545729E+04	7.683366E-04	8.157477E-05
1.549690E+04	7.622917E-04	8.113357E-05
1.553651E+04	7.555290E-04	8.060961E-05
1.557612E+04	7.481175E-04	8.000984E-05
1.561573E+04	7.401399E-04	7.934273E-05
1.565534E+04	7.316927E-04	7.861831E-05
1.569495E+04	7.228798E-04	7.784755E-05
1.573456E+04	7.138016E-04	7.704114E-05
1.577417E+04	7.045518E-04	7.620912E-05
1.581378E+04	6.952207E-04	7.536131E-05
1.585339E+04	6.858979E-04	7.450748E-05
1.589300E+04	6.766689E-04	7.365708E-05
1.593261E+04	6.676140E-04	7.281905E-05
1.597222E+04	6.587989E-04	7.200079E-05
1.601183E+04	6.502643E-04	7.120703E-05
1.605144E+04	6.420259E-04	7.043979E-05
1.609105E+04	6.340852E-04	6.969952E-05
1.613066E+04	6.264386E-04	6.898610E-05
1.617027E+04	6.190830E-04	6.829948E-05
1.620988E+04	6.120175E-04	6.763983E-05
1.624949E+04	6.052440E-04	6.700760E-05
1.628911E+04	5.987661E-04	6.640347E-05
1.632872E+04	5.925898E-04	6.582834E-05
1.636833E+04	5.867192E-04	6.528291E-05
1.640794E+04	5.811553E-04	6.476755E-05
1.644755E+04	5.758990E-04	6.428258E-05
1.648716E+04	5.709522E-04	6.382845E-05
1.652677E+04	5.663099E-04	6.340482E-05
1.656638E+04	5.619494E-04	6.300938E-05
1.660599E+04	5.578303E-04	6.263776E-05
1.664560E+04	5.539046E-04	6.228476E-05
1.668521E+04	5.501305E-04	6.194580E-05
1.672482E+04	5.464797E-04	6.161782E-05
1.676443E+04	5.429414E-04	6.129972E-05
1.680404E+04	5.395222E-04	6.099232E-05
1.684365E+04	5.362365E-04	6.069737E-05
1.688326E+04	5.330914E-04	6.041577E-05
1.692287E+04	5.300731E-04	6.014606E-05
1.696248E+04	5.271472E-04	5.988442E-05
1.700209E+04	5.242694E-04	5.962589E-05
1.704170E+04	5.213982E-04	5.936582E-05
1.708131E+04	5.184995E-04	5.910036E-05
1.712092E+04	5.155456E-04	5.882637E-05
1.716053E+04	5.125127E-04	5.854116E-05
1.720014E+04	5.093842E-04	5.824285E-05
1.723975E+04	5.061600E-04	5.793144E-05
1.727936E+04	5.028609E-04	5.760931E-05
1.731897E+04	4.995280E-04	5.728121E-05
1.735858E+04	4.962192E-04	5.695381E-05
1.739819E+04	4.930072E-04	5.663551E-05
1.743780E+04	4.899777E-04	5.633622E-05
1.747741E+04	4.872242E-04	5.606682E-05
1.751702E+04	4.848423E-04	5.583844E-05
1.755663E+04	4.829212E-04	5.566148E-05
1.759624E+04	4.815354E-04	5.554471E-05
1.763585E+04	4.807413E-04	5.549479E-05
1.767546E+04	4.805800E-04	5.551667E-05
1.771507E+04	4.810824E-04	5.561409E-05
1.775468E+04	4.822670E-04	5.578936E-05
1.779429E+04	4.841328E-04	5.604255E-05
1.783390E+04	4.866541E-04	5.637084E-05
1.787351E+04	4.897812E-04	5.676861E-05
1.791312E+04	4.934438E-04	5.722784E-05
1.795274E+04	4.975571E-04	5.773880E-05
1.799235E+04	5.020330E-04	5.829134E-05
1.803196E+04	5.067853E-04	5.887553E-05
1.807157E+04	5.117298E-04	5.948160E-05
1.811118E+04	5.167784E-04	6.009935E-05
1.815079E+04	5.218370E-04	6.071784E-05
1.819040E+04	5.268091E-04	6.132580E-05
1.823001E+04	5.316029E-04	6.191256E-05
1.826962E+04	5.361393E-04	6.246883E-05
1.830923E+04	5.403545E-04	6.298716E-05
1.834884E+04	5.441992E-04	6.346175E-05
1.838845E+04	5.476329E-04	6.388782E-05
1.842806E+04	5.506223E-04	6.426143E-05
1.846767E+04	5.531370E-04	6.457898E-05
1.850728E+04	5.551495E-04	6.483722E-05
1.854689E+04	5.566395E-04	6.503372E-05
1.858650E+04	5.575971E-04	6.516729E-05
1.862611E+04	5.580226E-04	6.523792E-05
1.866572E+04	5.579219E-04	6.524626E-05
1.870533E+04	5.573040E-04	6.519335E-05
1.874494E+04	5.561813E-04	6.508059E-05
1.878455E+04	5.545711E-04	6.491002E-05
1.882416E+04	5.524967E-04	6.468434E-05
1.886377E+04	5.499874E-04	6.440696E-05
1.890338E+04	5.470806E-04	6.408228E-05
1.894299E+04	5.438248E-04	6.371598E-05
1.898260E+04	5.402822E-04	6.331536E-05
1.902221E+04	5.365243E-04	6.288882E-05
1.906182E+04	5.326266E-04	6.244523E-05
1.910143E+04	5.286677E-04	6.199384E-05
1.914104E+04	5.247270E-04	6.154399E-05
1.918065E+04	5.208812E-04	6.110472E-05
1.922026E+04	5.172008E-04	6.068437E-05
1.925987E+04	5.137485E-04	6.029031E-05
1.929948E+04	5.105780E-04	5.992892E-05
1.933909E+04	5.077310E-04	5.960514E-05
1.937870E+04	5.052321E-04	5.932191E-05
1.941831E+04	5.030853E-04	5.907976E-05
1.945792E+04	5.012734E-04	5.887673E-05
1.949753E+04	4.997599E-04	5.870857E-05
1.953714E+04	4.984921E-04	5.856914E-05
1.957675E+04	4.974070E-04	5.845110E-05
1.961636E+04	4.964390E-04	5.834676E-05
1.965598E+04	4.955278E-04	5.824910E-05
1.969559E+04	4.946248E-04	5.815243E-05
1.973520E+04	4.936989E-04	5.805311E-05
1.977481E+04	4.927355E-04	5.794948E-05
1.981442E+04	4.917333E-04	5.784140E-05
1.985403E+04	4.906938E-04	5.772908E-05
1.989364E+04	4.896110E-04	5.761186E-05
1.993325E+04	4.884688E-04	5.748786E-05
1.997286E+04	4.872374E-04	5.735360E-05
2.001247E+04	4.858741E-04	5.720410E-05
2.005208E+04	4.843257E-04	5.703310E-05
2.009169E+04	4.825342E-04	5.683381E-05
2.013130E+04	4.804493E-04	5.660029E-05
2.017091E+04	4.780370E-04	5.632854E-05
2.021052E+04	4.752853E-04	5.601718E-05
2.025013E+04	4.722048E-04	5.566744E-05
2.028974E+04	4.688266E-04	5.528299E-05
2.032935E+04	4.651959E-04	5.486915E-05
2.036896E+04	4.613642E-04	5.443201E-05
2.040857E+04	4.573802E-04	5.397730E-05
2.044818E+04	4.532863E-04	5.351004E-05
2.048779E+04	4.491198E-04	5.303464E-05
2.052740E+04	4.449157E-04	5.255524E-05
2.056701E+04	4.407095E-04	5.207605E-05
2.060662E+04	4.365368E-04	5.160128E-05
2.064623E+04	4.324284E-04	5.113459E-05
2.068584E+04	4.284085E-04	5.067887E-05
2.072545E+04	4.244909E-04	5.023577E-05
2.076506E+04	4.206771E-04	4.980549E-05
2.080467E+04	4.169576E-04	4.938695E-05
2.084428E+04	4.133169E-04	4.897830E-05
2.088389E+04	4.097379E-04	4.857757E-05
2.092350E+04	4.062052E-04	4.818292E-05
2.096311E+04	4.027022E-04	4.779242E-05
2.100272E+04	3.992151E-04	4.740444E-05
2.104233E+04	3.957401E-04	4.701851E-05
2.108194E+04	3.922855E-04	4.663565E-05
2.112155E+04	3.888707E-04	4.625814E-05
2.116116E+04	3.855173E-04	4.588851E-05
2.120077E+04	3.822448E-04	4.552905E-05
2.124038E+04	3.790705E-04	4.518177E-05
2.127999E+04	3.760089E-04	4.484841E-05
2.131961E+04	3.730655E-04	4.452959E-05
2.135922E+04	3.702313E-04	4.422424E-05
2.139883E+04	3.674974E-04	4.393125E-05
2.143844E+04	3.648548E-04	4.364956E-05
2.147805E+04	3.622899E-04	4.337751E-05
2.151766E+04	3.597815E-04	4.311256E-05
2.155727E+04	3.573034E-04	4.285153E-05
2.159688E+04	3.548275E-04	4.259103E-05
2.163649E+04	3.523274E-04	4.232785E-05
2.167610E+04	3.497799E-04	4.205915E-05
2.171571E+04	3.471648E-04	4.178245E-05
2.175532E+04	3.444627E-04	4.149537E-05
2.179493E+04	3.416511E-04	4.119512E-05
2.183454E+04	3.387028E-04	4.087836E-05
2.187415E+04	3.355865E-04	4.054121E-05
2.191376E+04	3.322707E-04	4.017978E-05
2.195337E+04	3.287311E-04	3.979101E-05
2.199298E+04	3.249546E-04	3.937321E-05
2.203259E+04	3.209411E-04	3.892625E-05
2.207220E+04	3.167020E-04	3.845138E-05
2.211181E+04	3.122587E-04	3.795109E-05
2.215142E+04	3.076398E-04	3.742875E-05
2.219103E+04	3.028772E-04	3.688813E-05
2.223064E+04	2.980042E-04	3.633321E-05
2.227025E+04	2.930554E-04	3.576814E-05
2.230986E+04	2.880681E-04	3.519741E-05
2.234947E+04	2.830817E-04	3.462580E-05
2.238908E+04	2.781375E-04	3.405834E-05
2.242869E+04	2.732767E-04	3.350005E-05
2.246830E+04	2.685401E-04	3.295596E-05
2.250791E+04	2.639650E-04	3.243067E-05
2.254752E+04	2.595823E-04	3.192802E-05
2.258713E+04	2.554138E-04	3.145075E-05
2.262674E+04	2.514727E-04	3.100058E-05
2.266635E+04	2.477648E-04	3.057826E-05
2.270596E+04	2.442907E-04	3.018397E-05
2.274557E+04	2.410470E-04	2.981738E-05
2.278518E+04	2.380278E-04	2.947781E-05
2.282479E+04	2.352231E-04	2.916412E-05
2.286440E+04	2.326213E-04	2.887496E-05
2.290401E+04	2.302104E-04	2.860888E-05
2.294362E+04	2.279790E-04	2.836456E-05
2.298323E+04	2.259177E-04	2.814089E-05
2.302285E+04	2.240180E-04	2.793685E-05
2.306246E+04	2.222719E-04	2.775153E-05
2.310207E+04	2.206741E-04	2.758431E-05
2.314168E+04	2.192217E-04	2.743490E-05
2.318129E+04	2.179152E-04	2.730339E-05
2.322090E+04	2.167559E-04	2.719002E-05
2.326051E+04	2.157440E-04	2.709486E-05
2.330012E+04	2.148772E-04	2.701770E-05
2.333973E+04	2.141516E-04	2.695809E-05
2.337934E+04	2.135626E-04	2.691550E-05
2.341895E+04	2.131055E-04	2.688940E-05
2.345856E+04	2.127761E-04	2.687931E-05
2.349817E+04	2.125702E-04	2.688474E-05
2.353778E+04	2.124810E-04	2.690491E-05
2.357739E+04	2.124997E-04	2.693871E-05
2.361700E+04	2.126162E-04	2.698492E-05
2.365661E+04	2.128200E-04	2.704225E-05
2.369622E+04	2.131006E-04	2.710938E-05
2.373583E+04	2.134469E-04	2.718494E-05
2.377544E+04	2.138475E-04	2.726750E-05
2.381505E+04	2.142913E-04	2.735565E-05
2.385466E+04	2.147659E-04	2.744783E-05
2.389427E+04	2.152593E-04	2.754250E-05
2.393388E+04	2.157599E-04	2.763820E-05
2.397349E+04	2.162564E-04	2.773346E-05
2.401310E+04	2.167395E-04	2.782708E-05
2.405271E+04	2.172018E-04	2.791809E-05
2.409232E+04	2.176376E-04	2.800578E-05
2.413193E+04	2.180434E-04	2.808965E-05
2.417154E+04	2.184173E-04	2.816945E-05
2.421115E+04	2.187590E-04	2.824512E-05
2.425076E+04	2.190695E-04	2.831676E-05
