#wls	flux	fluxerr
1.584409E+03	6.600194E-05	0.000000E+00
1.624020E+03	6.749843E-05	0.000000E+00
1.663630E+03	6.909364E-05	0.000000E+00
1.703240E+03	7.078137E-05	0.000000E+00
1.742850E+03	7.258172E-05	0.000000E+00
1.782461E+03	7.448691E-05	0.000000E+00
1.822071E+03	7.650186E-05	0.000000E+00
1.861681E+03	7.864352E-05	0.000000E+00
1.901291E+03	8.090147E-05	0.000000E+00
1.940902E+03	8.328384E-05	0.000000E+00
1.980512E+03	8.578470E-05	0.000000E+00
2.020122E+03	8.840968E-05	0.000000E+00
2.059732E+03	9.113819E-05	0.000000E+00
2.099342E+03	9.395540E-05	0.000000E+00
2.138953E+03	9.683987E-05	0.000000E+00
2.178563E+03	9.974034E-05	0.000000E+00
2.218173E+03	1.026014E-04	0.000000E+00
2.257783E+03	1.053929E-04	0.000000E+00
2.297394E+03	1.081083E-04	0.000000E+00
2.337004E+03	1.108019E-04	0.000000E+00
2.376614E+03	1.135122E-04	0.000000E+00
2.416224E+03	1.162685E-04	0.000000E+00
2.455835E+03	1.191065E-04	0.000000E+00
2.495445E+03	1.220268E-04	0.000000E+00
2.535055E+03	1.250376E-04	0.000000E+00
2.574665E+03	1.281343E-04	0.000000E+00
2.614276E+03	1.313152E-04	0.000000E+00
2.653886E+03	1.345626E-04	0.000000E+00
2.693496E+03	1.378579E-04	0.000000E+00
2.733106E+03	1.411779E-04	0.000000E+00
2.772716E+03	1.444959E-04	0.000000E+00
2.812327E+03	1.477861E-04	0.000000E+00
2.851937E+03	1.510330E-04	0.000000E+00
2.891547E+03	1.542300E-04	0.000000E+00
2.931157E+03	1.573864E-04	0.000000E+00
2.970768E+03	1.605215E-04	0.000000E+00
2.980670E+03	1.613092E-04	0.000000E+00
2.990573E+03	1.620938E-04	0.000000E+00
3.000475E+03	1.628824E-04	0.000000E+00
3.010378E+03	1.636706E-04	0.000000E+00
3.020280E+03	1.644618E-04	0.000000E+00
3.030183E+03	1.652589E-04	0.000000E+00
3.040086E+03	1.660544E-04	0.000000E+00
3.049988E+03	1.668583E-04	0.000000E+00
3.059891E+03	1.676633E-04	0.000000E+00
3.069793E+03	1.684756E-04	0.000000E+00
3.079696E+03	1.692915E-04	0.000000E+00
3.089598E+03	1.701104E-04	0.000000E+00
3.099501E+03	1.709385E-04	0.000000E+00
3.109403E+03	1.717688E-04	0.000000E+00
3.119306E+03	1.726106E-04	0.000000E+00
3.129209E+03	1.734537E-04	0.000000E+00
3.139111E+03	1.743073E-04	0.000000E+00
3.149014E+03	1.751646E-04	0.000000E+00
3.158916E+03	1.760315E-04	0.000000E+00
3.168819E+03	1.769044E-04	0.000000E+00
3.178721E+03	1.777859E-04	0.000000E+00
3.188624E+03	1.786758E-04	0.000000E+00
3.198526E+03	1.795735E-04	0.000000E+00
3.208429E+03	1.804757E-04	0.000000E+00
3.218332E+03	1.813884E-04	0.000000E+00
3.228234E+03	1.823076E-04	0.000000E+00
3.238137E+03	1.832365E-04	0.000000E+00
3.248039E+03	1.841717E-04	0.000000E+00
3.257942E+03	1.851130E-04	0.000000E+00
3.267844E+03	1.860630E-04	0.000000E+00
3.277747E+03	1.870188E-04	0.000000E+00
3.287650E+03	1.879831E-04	0.000000E+00
3.297552E+03	1.889554E-04	0.000000E+00
3.307455E+03	1.899305E-04	0.000000E+00
3.317357E+03	1.909138E-04	0.000000E+00
3.327260E+03	1.919024E-04	0.000000E+00
3.337162E+03	1.928963E-04	0.000000E+00
3.347065E+03	1.938958E-04	0.000000E+00
3.356967E+03	1.948957E-04	0.000000E+00
3.366870E+03	1.959016E-04	0.000000E+00
3.376773E+03	1.969108E-04	0.000000E+00
3.386675E+03	1.979210E-04	0.000000E+00
3.396578E+03	1.989329E-04	0.000000E+00
3.406480E+03	1.999469E-04	0.000000E+00
3.416383E+03	2.009580E-04	0.000000E+00
3.426285E+03	2.019697E-04	0.000000E+00
3.436188E+03	2.029773E-04	0.000000E+00
3.446090E+03	2.039819E-04	0.000000E+00
3.455993E+03	2.049815E-04	0.000000E+00
3.465896E+03	2.059745E-04	0.000000E+00
3.475798E+03	2.069594E-04	0.000000E+00
3.485701E+03	2.079351E-04	0.000000E+00
3.495603E+03	2.088976E-04	0.000000E+00
3.505506E+03	2.098438E-04	0.000000E+00
3.515408E+03	2.107722E-04	0.000000E+00
3.525311E+03	2.116801E-04	0.000000E+00
3.535213E+03	2.125663E-04	0.000000E+00
3.545116E+03	2.134258E-04	0.000000E+00
3.555019E+03	2.142579E-04	0.000000E+00
3.564921E+03	2.150600E-04	0.000000E+00
3.574824E+03	2.158337E-04	0.000000E+00
3.584726E+03	2.165741E-04	0.000000E+00
3.594629E+03	2.172811E-04	0.000000E+00
3.604531E+03	2.179481E-04	0.000000E+00
3.614434E+03	2.185750E-04	0.000000E+00
3.624337E+03	2.191592E-04	0.000000E+00
3.634239E+03	2.196992E-04	0.000000E+00
3.644142E+03	2.201945E-04	0.000000E+00
3.654044E+03	2.206455E-04	0.000000E+00
3.663947E+03	2.210500E-04	0.000000E+00
3.673849E+03	2.214101E-04	0.000000E+00
3.683752E+03	2.217238E-04	0.000000E+00
3.693654E+03	2.219950E-04	0.000000E+00
3.703557E+03	2.222236E-04	0.000000E+00
3.713460E+03	2.224096E-04	0.000000E+00
3.723362E+03	2.225548E-04	0.000000E+00
3.733265E+03	2.226629E-04	0.000000E+00
3.743167E+03	2.227335E-04	0.000000E+00
3.753070E+03	2.227702E-04	0.000000E+00
3.762972E+03	2.227725E-04	0.000000E+00
3.772875E+03	2.227422E-04	0.000000E+00
3.782777E+03	2.226824E-04	0.000000E+00
3.792680E+03	2.225959E-04	0.000000E+00
3.802583E+03	2.224825E-04	0.000000E+00
3.812485E+03	2.223468E-04	0.000000E+00
3.822388E+03	2.221863E-04	0.000000E+00
3.832290E+03	2.220074E-04	0.000000E+00
3.842193E+03	2.218074E-04	0.000000E+00
3.852095E+03	2.215926E-04	0.000000E+00
3.861998E+03	2.213619E-04	0.000000E+00
3.871900E+03	2.211178E-04	0.000000E+00
3.881803E+03	2.208608E-04	0.000000E+00
3.891706E+03	2.205937E-04	0.000000E+00
3.901608E+03	2.203165E-04	0.000000E+00
3.911511E+03	2.200334E-04	0.000000E+00
3.921413E+03	2.197428E-04	0.000000E+00
3.931316E+03	2.194470E-04	0.000000E+00
3.941218E+03	2.191463E-04	0.000000E+00
3.951121E+03	2.188442E-04	0.000000E+00
3.961024E+03	2.185409E-04	0.000000E+00
3.970926E+03	2.182365E-04	0.000000E+00
3.980829E+03	2.179310E-04	0.000000E+00
3.990731E+03	2.176282E-04	0.000000E+00
4.000634E+03	2.173260E-04	0.000000E+00
4.010536E+03	2.170278E-04	0.000000E+00
4.020439E+03	2.167317E-04	0.000000E+00
4.030341E+03	2.164396E-04	0.000000E+00
4.040244E+03	2.161528E-04	0.000000E+00
4.050147E+03	2.158709E-04	0.000000E+00
4.060049E+03	2.155940E-04	0.000000E+00
4.069952E+03	2.153216E-04	0.000000E+00
4.079854E+03	2.150568E-04	0.000000E+00
4.089757E+03	2.147977E-04	0.000000E+00
4.099659E+03	2.145456E-04	0.000000E+00
4.109562E+03	2.142982E-04	0.000000E+00
4.119464E+03	2.140572E-04	0.000000E+00
4.129367E+03	2.138234E-04	0.000000E+00
4.139270E+03	2.135950E-04	0.000000E+00
4.149172E+03	2.133731E-04	0.000000E+00
4.159075E+03	2.131555E-04	0.000000E+00
4.168977E+03	2.129434E-04	0.000000E+00
4.178880E+03	2.127347E-04	0.000000E+00
4.188782E+03	2.125306E-04	0.000000E+00
4.198685E+03	2.123286E-04	0.000000E+00
4.208587E+03	2.121282E-04	0.000000E+00
4.218490E+03	2.119273E-04	0.000000E+00
4.228393E+03	2.117271E-04	0.000000E+00
4.238295E+03	2.115249E-04	0.000000E+00
4.248198E+03	2.113205E-04	0.000000E+00
4.258100E+03	2.111112E-04	0.000000E+00
4.268003E+03	2.108949E-04	0.000000E+00
4.277905E+03	2.106709E-04	0.000000E+00
4.287808E+03	2.104384E-04	0.000000E+00
4.297711E+03	2.101952E-04	0.000000E+00
4.307613E+03	2.099403E-04	0.000000E+00
4.317516E+03	2.096716E-04	0.000000E+00
4.327418E+03	2.093899E-04	0.000000E+00
4.337321E+03	2.090943E-04	0.000000E+00
4.347223E+03	2.087893E-04	0.000000E+00
4.357126E+03	2.084741E-04	0.000000E+00
4.367028E+03	2.081513E-04	0.000000E+00
4.376931E+03	2.078217E-04	0.000000E+00
4.386834E+03	2.074899E-04	0.000000E+00
4.396736E+03	2.071552E-04	0.000000E+00
4.406639E+03	2.068183E-04	0.000000E+00
4.416541E+03	2.064822E-04	0.000000E+00
4.426444E+03	2.061478E-04	0.000000E+00
4.436346E+03	2.058160E-04	0.000000E+00
4.446249E+03	2.054865E-04	0.000000E+00
4.456151E+03	2.051616E-04	0.000000E+00
4.466054E+03	2.048413E-04	0.000000E+00
4.475957E+03	2.045261E-04	0.000000E+00
4.485859E+03	2.042172E-04	0.000000E+00
4.495762E+03	2.039125E-04	0.000000E+00
4.505664E+03	2.036148E-04	0.000000E+00
4.515567E+03	2.033234E-04	0.000000E+00
4.525469E+03	2.030396E-04	0.000000E+00
4.535372E+03	2.027609E-04	0.000000E+00
4.545274E+03	2.024906E-04	0.000000E+00
4.555177E+03	2.022260E-04	0.000000E+00
4.565080E+03	2.019702E-04	0.000000E+00
4.574982E+03	2.017212E-04	0.000000E+00
4.584885E+03	2.014798E-04	0.000000E+00
4.594787E+03	2.012459E-04	0.000000E+00
4.604690E+03	2.010223E-04	0.000000E+00
4.614592E+03	2.008068E-04	0.000000E+00
4.624495E+03	2.006027E-04	0.000000E+00
4.634398E+03	2.004092E-04	0.000000E+00
4.644300E+03	2.002261E-04	0.000000E+00
4.654203E+03	2.000566E-04	0.000000E+00
4.664105E+03	1.998982E-04	0.000000E+00
4.674008E+03	1.997527E-04	0.000000E+00
4.683910E+03	1.996176E-04	0.000000E+00
4.693813E+03	1.994945E-04	0.000000E+00
4.703715E+03	1.993791E-04	0.000000E+00
4.713618E+03	1.992729E-04	0.000000E+00
4.723521E+03	1.991739E-04	0.000000E+00
4.733423E+03	1.990834E-04	0.000000E+00
4.743326E+03	1.989991E-04	0.000000E+00
4.753228E+03	1.989206E-04	0.000000E+00
4.763131E+03	1.988477E-04	0.000000E+00
4.773033E+03	1.987799E-04	0.000000E+00
4.782936E+03	1.987169E-04	0.000000E+00
4.792838E+03	1.986565E-04	0.000000E+00
4.802741E+03	1.986001E-04	0.000000E+00
4.812644E+03	1.985477E-04	0.000000E+00
4.822546E+03	1.984968E-04	0.000000E+00
4.832449E+03	1.984471E-04	0.000000E+00
4.842351E+03	1.984004E-04	0.000000E+00
4.852254E+03	1.983525E-04	0.000000E+00
4.862156E+03	1.983071E-04	0.000000E+00
4.872059E+03	1.982618E-04	0.000000E+00
4.881961E+03	1.982146E-04	0.000000E+00
4.891864E+03	1.981670E-04	0.000000E+00
4.901767E+03	1.981193E-04	0.000000E+00
4.911669E+03	1.980690E-04	0.000000E+00
4.921572E+03	1.980179E-04	0.000000E+00
4.931474E+03	1.979624E-04	0.000000E+00
4.941377E+03	1.979058E-04	0.000000E+00
4.951279E+03	1.978461E-04	0.000000E+00
4.961182E+03	1.977817E-04	0.000000E+00
4.971085E+03	1.977142E-04	0.000000E+00
4.980987E+03	1.976420E-04	0.000000E+00
4.990890E+03	1.975646E-04	0.000000E+00
5.000792E+03	1.974826E-04	0.000000E+00
5.010695E+03	1.973958E-04	0.000000E+00
5.020597E+03	1.973027E-04	0.000000E+00
5.030500E+03	1.972050E-04	0.000000E+00
5.040402E+03	1.971010E-04	0.000000E+00
5.050305E+03	1.969913E-04	0.000000E+00
5.060208E+03	1.968740E-04	0.000000E+00
5.070110E+03	1.967512E-04	0.000000E+00
5.080013E+03	1.966197E-04	0.000000E+00
5.089915E+03	1.964834E-04	0.000000E+00
5.099818E+03	1.963391E-04	0.000000E+00
5.109720E+03	1.961889E-04	0.000000E+00
5.119623E+03	1.960317E-04	0.000000E+00
5.129525E+03	1.958659E-04	0.000000E+00
5.139428E+03	1.956939E-04	0.000000E+00
5.149331E+03	1.955146E-04	0.000000E+00
5.159233E+03	1.953285E-04	0.000000E+00
5.169136E+03	1.951362E-04	0.000000E+00
5.179038E+03	1.949367E-04	0.000000E+00
5.188941E+03	1.947305E-04	0.000000E+00
5.198843E+03	1.945166E-04	0.000000E+00
5.208746E+03	1.942976E-04	0.000000E+00
5.218648E+03	1.940725E-04	0.000000E+00
5.228551E+03	1.938423E-04	0.000000E+00
5.238454E+03	1.936077E-04	0.000000E+00
5.248356E+03	1.933677E-04	0.000000E+00
5.258259E+03	1.931233E-04	0.000000E+00
5.268161E+03	1.928756E-04	0.000000E+00
5.278064E+03	1.926253E-04	0.000000E+00
5.287966E+03	1.923719E-04	0.000000E+00
5.297869E+03	1.921180E-04	0.000000E+00
5.307772E+03	1.918650E-04	0.000000E+00
5.317674E+03	1.916136E-04	0.000000E+00
5.327577E+03	1.913634E-04	0.000000E+00
5.337479E+03	1.911190E-04	0.000000E+00
5.347382E+03	1.908795E-04	0.000000E+00
5.357284E+03	1.906502E-04	0.000000E+00
5.367187E+03	1.904301E-04	0.000000E+00
5.377089E+03	1.902225E-04	0.000000E+00
5.386992E+03	1.900281E-04	0.000000E+00
5.396895E+03	1.898522E-04	0.000000E+00
5.406797E+03	1.896939E-04	0.000000E+00
5.416700E+03	1.895526E-04	0.000000E+00
5.426602E+03	1.894256E-04	0.000000E+00
5.436505E+03	1.893139E-04	0.000000E+00
5.446407E+03	1.892151E-04	0.000000E+00
5.456310E+03	1.891283E-04	0.000000E+00
5.466212E+03	1.890528E-04	0.000000E+00
5.476115E+03	1.889879E-04	0.000000E+00
5.486018E+03	1.889327E-04	0.000000E+00
5.495920E+03	1.888881E-04	0.000000E+00
5.505823E+03	1.888537E-04	0.000000E+00
5.515725E+03	1.888322E-04	0.000000E+00
5.525628E+03	1.888207E-04	0.000000E+00
5.535530E+03	1.888242E-04	0.000000E+00
5.545433E+03	1.888397E-04	0.000000E+00
5.555335E+03	1.888700E-04	0.000000E+00
5.565238E+03	1.889181E-04	0.000000E+00
5.575141E+03	1.889808E-04	0.000000E+00
5.585043E+03	1.890645E-04	0.000000E+00
5.594946E+03	1.891682E-04	0.000000E+00
5.604848E+03	1.892903E-04	0.000000E+00
5.614751E+03	1.894374E-04	0.000000E+00
5.624653E+03	1.896059E-04	0.000000E+00
5.634556E+03	1.897977E-04	0.000000E+00
5.644459E+03	1.900157E-04	0.000000E+00
5.654361E+03	1.902594E-04	0.000000E+00
5.664264E+03	1.905288E-04	0.000000E+00
5.674166E+03	1.908242E-04	0.000000E+00
5.684069E+03	1.911472E-04	0.000000E+00
5.693971E+03	1.914995E-04	0.000000E+00
5.703874E+03	1.918767E-04	0.000000E+00
5.713776E+03	1.922844E-04	0.000000E+00
5.723679E+03	1.927183E-04	0.000000E+00
5.733582E+03	1.931817E-04	0.000000E+00
5.743484E+03	1.936720E-04	0.000000E+00
5.753387E+03	1.941906E-04	0.000000E+00
5.763289E+03	1.947369E-04	0.000000E+00
5.773192E+03	1.953121E-04	0.000000E+00
5.783094E+03	1.959135E-04	0.000000E+00
5.792997E+03	1.965402E-04	0.000000E+00
5.802899E+03	1.971935E-04	0.000000E+00
5.812802E+03	1.978745E-04	0.000000E+00
5.822705E+03	1.985783E-04	0.000000E+00
5.832607E+03	1.993077E-04	0.000000E+00
5.842510E+03	2.000601E-04	0.000000E+00
5.852412E+03	2.008363E-04	0.000000E+00
5.862315E+03	2.016351E-04	0.000000E+00
5.872217E+03	2.024534E-04	0.000000E+00
5.882120E+03	2.032920E-04	0.000000E+00
5.892022E+03	2.041498E-04	0.000000E+00
5.901925E+03	2.050232E-04	0.000000E+00
5.911828E+03	2.059156E-04	0.000000E+00
5.921730E+03	2.068206E-04	0.000000E+00
5.931633E+03	2.077397E-04	0.000000E+00
5.941535E+03	2.086709E-04	0.000000E+00
5.951438E+03	2.096107E-04	0.000000E+00
5.961340E+03	2.105603E-04	0.000000E+00
5.971243E+03	2.115132E-04	0.000000E+00
5.981146E+03	2.124731E-04	0.000000E+00
5.991048E+03	2.134337E-04	0.000000E+00
6.000951E+03	2.143962E-04	0.000000E+00
6.010853E+03	2.153569E-04	0.000000E+00
6.020756E+03	2.163146E-04	0.000000E+00
6.030658E+03	2.172654E-04	0.000000E+00
6.040561E+03	2.182056E-04	0.000000E+00
6.050463E+03	2.191367E-04	0.000000E+00
6.060366E+03	2.200492E-04	0.000000E+00
6.070269E+03	2.209446E-04	0.000000E+00
6.080171E+03	2.218162E-04	0.000000E+00
6.090074E+03	2.226627E-04	0.000000E+00
6.099976E+03	2.234715E-04	0.000000E+00
6.109879E+03	2.242436E-04	0.000000E+00
6.119781E+03	2.249690E-04	0.000000E+00
6.129684E+03	2.256431E-04	0.000000E+00
6.139586E+03	2.262581E-04	0.000000E+00
6.149489E+03	2.268180E-04	0.000000E+00
6.159392E+03	2.273294E-04	0.000000E+00
6.169294E+03	2.277995E-04	0.000000E+00
6.179197E+03	2.282360E-04	0.000000E+00
6.189099E+03	2.286376E-04	0.000000E+00
6.199002E+03	2.290187E-04	0.000000E+00
6.208904E+03	2.293755E-04	0.000000E+00
6.218807E+03	2.297168E-04	0.000000E+00
6.228709E+03	2.300485E-04	0.000000E+00
6.238612E+03	2.303680E-04	0.000000E+00
6.248515E+03	2.306816E-04	0.000000E+00
6.258417E+03	2.309926E-04	0.000000E+00
6.268320E+03	2.313046E-04	0.000000E+00
6.278222E+03	2.316154E-04	0.000000E+00
6.288125E+03	2.319283E-04	0.000000E+00
6.298027E+03	2.322438E-04	0.000000E+00
6.307930E+03	2.325630E-04	0.000000E+00
6.317833E+03	2.328830E-04	0.000000E+00
6.327735E+03	2.332009E-04	0.000000E+00
6.337638E+03	2.335141E-04	0.000000E+00
6.347540E+03	2.338231E-04	0.000000E+00
6.357443E+03	2.341250E-04	0.000000E+00
6.367345E+03	2.344099E-04	0.000000E+00
6.377248E+03	2.346887E-04	0.000000E+00
6.387150E+03	2.349621E-04	0.000000E+00
6.397053E+03	2.352336E-04	0.000000E+00
6.406956E+03	2.355116E-04	0.000000E+00
6.416858E+03	2.357931E-04	0.000000E+00
6.426761E+03	2.360861E-04	0.000000E+00
6.436663E+03	2.363916E-04	0.000000E+00
6.446566E+03	2.367139E-04	0.000000E+00
6.456468E+03	2.370468E-04	0.000000E+00
6.466371E+03	2.374024E-04	0.000000E+00
6.476273E+03	2.377738E-04	0.000000E+00
6.486176E+03	2.381656E-04	0.000000E+00
6.496079E+03	2.385786E-04	0.000000E+00
6.505981E+03	2.390097E-04	0.000000E+00
6.515884E+03	2.394633E-04	0.000000E+00
6.525786E+03	2.399401E-04	0.000000E+00
6.535689E+03	2.404365E-04	0.000000E+00
6.545591E+03	2.409532E-04	0.000000E+00
6.555494E+03	2.414901E-04	0.000000E+00
6.565396E+03	2.420513E-04	0.000000E+00
6.575299E+03	2.426288E-04	0.000000E+00
6.585202E+03	2.432268E-04	0.000000E+00
6.595104E+03	2.438446E-04	0.000000E+00
6.605007E+03	2.444779E-04	0.000000E+00
6.614909E+03	2.451305E-04	0.000000E+00
6.624812E+03	2.457979E-04	0.000000E+00
6.634714E+03	2.464841E-04	0.000000E+00
6.644617E+03	2.471802E-04	0.000000E+00
6.654520E+03	2.478907E-04	0.000000E+00
6.664422E+03	2.486200E-04	0.000000E+00
6.674325E+03	2.493597E-04	0.000000E+00
6.684227E+03	2.501149E-04	0.000000E+00
6.694130E+03	2.508817E-04	0.000000E+00
6.704032E+03	2.516651E-04	0.000000E+00
6.713935E+03	2.524615E-04	0.000000E+00
6.723837E+03	2.532717E-04	0.000000E+00
6.733740E+03	2.541011E-04	0.000000E+00
6.743643E+03	2.549412E-04	0.000000E+00
6.753545E+03	2.558022E-04	0.000000E+00
6.763448E+03	2.566754E-04	0.000000E+00
6.773350E+03	2.575712E-04	0.000000E+00
6.783253E+03	2.584808E-04	0.000000E+00
6.793155E+03	2.594055E-04	0.000000E+00
6.803058E+03	2.603507E-04	0.000000E+00
6.812960E+03	2.613175E-04	0.000000E+00
6.822863E+03	2.622974E-04	0.000000E+00
6.832766E+03	2.633012E-04	0.000000E+00
6.842668E+03	2.643253E-04	0.000000E+00
6.852571E+03	2.653761E-04	0.000000E+00
6.862473E+03	2.664442E-04	0.000000E+00
6.872376E+03	2.675359E-04	0.000000E+00
6.882278E+03	2.686521E-04	0.000000E+00
6.892181E+03	2.697882E-04	0.000000E+00
6.902083E+03	2.709501E-04	0.000000E+00
6.911986E+03	2.721380E-04	0.000000E+00
6.921889E+03	2.733472E-04	0.000000E+00
6.931791E+03	2.745776E-04	0.000000E+00
6.941694E+03	2.758296E-04	0.000000E+00
6.951596E+03	2.771084E-04	0.000000E+00
6.961499E+03	2.784035E-04	0.000000E+00
6.971401E+03	2.797260E-04	0.000000E+00
6.981304E+03	2.810648E-04	0.000000E+00
6.991207E+03	2.824254E-04	0.000000E+00
7.001109E+03	2.838025E-04	0.000000E+00
7.011012E+03	2.852017E-04	0.000000E+00
7.020914E+03	2.866228E-04	0.000000E+00
7.030817E+03	2.880603E-04	0.000000E+00
7.040719E+03	2.895077E-04	0.000000E+00
7.050622E+03	2.909769E-04	0.000000E+00
7.060524E+03	2.924616E-04	0.000000E+00
7.070427E+03	2.939618E-04	0.000000E+00
7.080330E+03	2.954772E-04	0.000000E+00
7.090232E+03	2.970016E-04	0.000000E+00
7.100135E+03	2.985411E-04	0.000000E+00
7.110037E+03	3.000894E-04	0.000000E+00
7.119940E+03	3.016463E-04	0.000000E+00
7.129842E+03	3.032185E-04	0.000000E+00
7.139745E+03	3.047997E-04	0.000000E+00
7.149647E+03	3.063962E-04	0.000000E+00
7.159550E+03	3.079956E-04	0.000000E+00
7.169453E+03	3.096036E-04	0.000000E+00
7.179355E+03	3.112202E-04	0.000000E+00
7.189258E+03	3.128440E-04	0.000000E+00
7.199160E+03	3.144741E-04	0.000000E+00
7.209063E+03	3.161084E-04	0.000000E+00
7.218965E+03	3.177374E-04	0.000000E+00
7.228868E+03	3.193644E-04	0.000000E+00
7.238770E+03	3.209857E-04	0.000000E+00
7.248673E+03	3.225968E-04	0.000000E+00
7.258576E+03	3.241859E-04	0.000000E+00
7.268478E+03	3.257547E-04	0.000000E+00
7.278381E+03	3.273057E-04	0.000000E+00
7.288283E+03	3.288201E-04	0.000000E+00
7.298186E+03	3.303005E-04	0.000000E+00
7.308088E+03	3.317433E-04	0.000000E+00
7.317991E+03	3.331533E-04	0.000000E+00
7.327894E+03	3.345201E-04	0.000000E+00
7.337796E+03	3.358498E-04	0.000000E+00
7.347699E+03	3.371489E-04	0.000000E+00
7.357601E+03	3.384085E-04	0.000000E+00
7.367504E+03	3.396440E-04	0.000000E+00
7.377406E+03	3.408397E-04	0.000000E+00
7.387309E+03	3.420037E-04	0.000000E+00
7.397211E+03	3.431284E-04	0.000000E+00
7.407114E+03	3.442225E-04	0.000000E+00
7.417017E+03	3.452709E-04	0.000000E+00
7.426919E+03	3.462828E-04	0.000000E+00
7.436822E+03	3.472604E-04	0.000000E+00
7.446724E+03	3.481975E-04	0.000000E+00
7.456627E+03	3.491141E-04	0.000000E+00
7.466529E+03	3.499976E-04	0.000000E+00
7.476432E+03	3.508611E-04	0.000000E+00
7.486334E+03	3.517020E-04	0.000000E+00
7.496237E+03	3.525348E-04	0.000000E+00
7.506140E+03	3.533580E-04	0.000000E+00
7.516042E+03	3.541868E-04	0.000000E+00
7.525945E+03	3.550198E-04	0.000000E+00
7.535847E+03	3.558637E-04	0.000000E+00
7.545750E+03	3.567336E-04	0.000000E+00
7.555652E+03	3.576260E-04	0.000000E+00
7.565555E+03	3.585461E-04	0.000000E+00
7.575457E+03	3.595060E-04	0.000000E+00
7.585360E+03	3.604996E-04	0.000000E+00
7.595263E+03	3.615359E-04	0.000000E+00
7.605165E+03	3.625959E-04	0.000000E+00
7.615068E+03	3.636951E-04	0.000000E+00
7.624970E+03	3.648301E-04	0.000000E+00
7.634873E+03	3.659878E-04	0.000000E+00
7.644775E+03	3.671720E-04	0.000000E+00
7.654678E+03	3.683678E-04	0.000000E+00
7.664581E+03	3.695687E-04	0.000000E+00
7.674483E+03	3.707765E-04	0.000000E+00
7.684386E+03	3.719839E-04	0.000000E+00
7.694288E+03	3.731829E-04	0.000000E+00
7.704191E+03	3.743557E-04	0.000000E+00
7.714093E+03	3.755033E-04	0.000000E+00
7.723996E+03	3.766174E-04	0.000000E+00
7.733898E+03	3.776896E-04	0.000000E+00
7.743801E+03	3.787125E-04	0.000000E+00
7.753704E+03	3.796782E-04	0.000000E+00
7.763606E+03	3.805901E-04	0.000000E+00
7.773509E+03	3.814320E-04	0.000000E+00
7.783411E+03	3.821982E-04	0.000000E+00
7.793314E+03	3.828840E-04	0.000000E+00
7.803216E+03	3.835056E-04	0.000000E+00
7.813119E+03	3.840394E-04	0.000000E+00
7.823021E+03	3.844931E-04	0.000000E+00
7.832924E+03	3.848545E-04	0.000000E+00
7.842827E+03	3.851425E-04	0.000000E+00
7.852729E+03	3.853566E-04	0.000000E+00
7.862632E+03	3.854757E-04	0.000000E+00
7.872534E+03	3.855312E-04	0.000000E+00
7.882437E+03	3.855138E-04	0.000000E+00
7.892339E+03	3.854249E-04	0.000000E+00
7.902242E+03	3.852771E-04	0.000000E+00
7.912144E+03	3.850621E-04	0.000000E+00
7.922047E+03	3.847726E-04	0.000000E+00
7.931950E+03	3.844333E-04	0.000000E+00
7.941852E+03	3.840160E-04	0.000000E+00
7.951755E+03	3.835567E-04	0.000000E+00
7.961657E+03	3.830276E-04	0.000000E+00
7.971560E+03	3.824545E-04	0.000000E+00
7.981462E+03	3.818205E-04	0.000000E+00
7.991365E+03	3.811512E-04	0.000000E+00
8.001268E+03	3.804299E-04	0.000000E+00
8.011170E+03	3.796715E-04	0.000000E+00
8.021073E+03	3.788697E-04	0.000000E+00
8.030975E+03	3.780395E-04	0.000000E+00
8.040878E+03	3.771845E-04	0.000000E+00
8.050780E+03	3.762873E-04	0.000000E+00
8.060683E+03	3.753727E-04	0.000000E+00
8.070585E+03	3.744327E-04	0.000000E+00
8.080488E+03	3.734704E-04	0.000000E+00
8.090391E+03	3.724777E-04	0.000000E+00
8.100293E+03	3.714781E-04	0.000000E+00
8.110196E+03	3.704526E-04	0.000000E+00
8.120098E+03	3.694141E-04	0.000000E+00
8.130001E+03	3.683648E-04	0.000000E+00
8.139903E+03	3.672970E-04	0.000000E+00
8.149806E+03	3.662138E-04	0.000000E+00
8.159708E+03	3.651295E-04	0.000000E+00
8.169611E+03	3.640484E-04	0.000000E+00
8.179514E+03	3.629549E-04	0.000000E+00
8.189416E+03	3.618760E-04	0.000000E+00
8.199319E+03	3.608079E-04	0.000000E+00
8.209221E+03	3.597578E-04	0.000000E+00
8.219124E+03	3.587335E-04	0.000000E+00
8.229026E+03	3.577428E-04	0.000000E+00
8.238929E+03	3.567934E-04	0.000000E+00
8.248831E+03	3.558925E-04	0.000000E+00
8.258734E+03	3.550473E-04	0.000000E+00
8.268637E+03	3.542637E-04	0.000000E+00
8.278539E+03	3.535369E-04	0.000000E+00
8.288442E+03	3.528814E-04	0.000000E+00
8.298344E+03	3.523009E-04	0.000000E+00
8.308247E+03	3.517872E-04	0.000000E+00
8.318149E+03	3.513525E-04	0.000000E+00
8.328052E+03	3.509869E-04	0.000000E+00
8.337955E+03	3.507004E-04	0.000000E+00
8.347857E+03	3.504818E-04	0.000000E+00
8.357760E+03	3.503288E-04	0.000000E+00
8.367662E+03	3.502496E-04	0.000000E+00
8.377565E+03	3.502310E-04	0.000000E+00
8.387467E+03	3.502695E-04	0.000000E+00
8.397370E+03	3.503614E-04	0.000000E+00
8.407272E+03	3.505033E-04	0.000000E+00
8.417175E+03	3.506912E-04	0.000000E+00
8.427078E+03	3.509109E-04	0.000000E+00
8.436980E+03	3.511805E-04	0.000000E+00
8.446883E+03	3.514862E-04	0.000000E+00
8.456785E+03	3.518149E-04	0.000000E+00
8.466688E+03	3.521748E-04	0.000000E+00
8.476590E+03	3.525536E-04	0.000000E+00
8.486493E+03	3.529599E-04	0.000000E+00
8.496395E+03	3.533818E-04	0.000000E+00
8.506298E+03	3.538288E-04	0.000000E+00
8.516201E+03	3.542889E-04	0.000000E+00
8.526103E+03	3.547614E-04	0.000000E+00
8.536006E+03	3.552452E-04	0.000000E+00
8.545908E+03	3.557395E-04	0.000000E+00
8.555811E+03	3.562549E-04	0.000000E+00
8.565713E+03	3.567689E-04	0.000000E+00
8.575616E+03	3.572920E-04	0.000000E+00
8.585518E+03	3.578122E-04	0.000000E+00
8.595421E+03	3.583516E-04	0.000000E+00
8.605324E+03	3.588759E-04	0.000000E+00
8.615226E+03	3.594181E-04	0.000000E+00
8.625129E+03	3.599435E-04	0.000000E+00
8.635031E+03	3.604736E-04	0.000000E+00
8.644934E+03	3.609845E-04	0.000000E+00
8.654836E+03	3.614977E-04	0.000000E+00
8.664739E+03	3.620006E-04	0.000000E+00
8.674642E+03	3.624794E-04	0.000000E+00
8.684544E+03	3.629324E-04	0.000000E+00
8.694447E+03	3.633690E-04	0.000000E+00
8.704349E+03	3.637753E-04	0.000000E+00
8.714252E+03	3.641489E-04	0.000000E+00
8.724154E+03	3.644881E-04	0.000000E+00
8.734057E+03	3.647786E-04	0.000000E+00
8.743959E+03	3.650189E-04	0.000000E+00
8.753862E+03	3.652080E-04	0.000000E+00
8.763765E+03	3.653327E-04	0.000000E+00
8.773667E+03	3.654179E-04	0.000000E+00
8.783570E+03	3.654518E-04	0.000000E+00
8.793472E+03	3.654611E-04	0.000000E+00
8.803375E+03	3.654350E-04	0.000000E+00
8.813277E+03	3.653885E-04	0.000000E+00
8.823180E+03	3.653116E-04	0.000000E+00
8.833082E+03	3.652449E-04	0.000000E+00
8.842985E+03	3.651647E-04	0.000000E+00
8.852888E+03	3.650855E-04	0.000000E+00
8.862790E+03	3.650209E-04	0.000000E+00
8.872693E+03	3.649573E-04	0.000000E+00
8.882595E+03	3.648935E-04	0.000000E+00
8.892498E+03	3.648402E-04	0.000000E+00
8.902400E+03	3.647941E-04	0.000000E+00
8.912303E+03	3.647511E-04	0.000000E+00
8.951913E+03	3.645617E-04	0.000000E+00
8.991523E+03	3.641879E-04	0.000000E+00
9.031134E+03	3.635538E-04	0.000000E+00
9.070744E+03	3.626887E-04	0.000000E+00
9.110354E+03	3.617942E-04	0.000000E+00
9.149964E+03	3.611250E-04	0.000000E+00
9.189575E+03	3.609479E-04	0.000000E+00
9.229185E+03	3.614919E-04	0.000000E+00
9.268795E+03	3.628672E-04	0.000000E+00
9.308405E+03	3.650495E-04	0.000000E+00
9.348016E+03	3.679409E-04	0.000000E+00
9.387626E+03	3.713530E-04	0.000000E+00
9.427236E+03	3.750809E-04	0.000000E+00
9.466846E+03	3.790563E-04	0.000000E+00
9.506456E+03	3.832322E-04	0.000000E+00
9.546067E+03	3.875828E-04	0.000000E+00
9.585677E+03	3.920649E-04	0.000000E+00
9.625287E+03	3.964432E-04	0.000000E+00
9.664897E+03	4.006175E-04	0.000000E+00
9.704508E+03	4.044399E-04	0.000000E+00
9.744118E+03	4.080768E-04	0.000000E+00
9.783728E+03	4.116795E-04	0.000000E+00
9.823338E+03	4.154559E-04	0.000000E+00
9.862949E+03	4.194341E-04	0.000000E+00
9.902559E+03	4.236834E-04	0.000000E+00
9.942169E+03	4.281074E-04	0.000000E+00
9.981779E+03	4.327060E-04	0.000000E+00
1.002139E+04	4.373485E-04	0.000000E+00
1.006100E+04	4.420630E-04	0.000000E+00
1.010061E+04	4.469215E-04	0.000000E+00
1.014022E+04	4.519056E-04	0.000000E+00
1.017983E+04	4.570831E-04	0.000000E+00
1.021944E+04	4.623067E-04	0.000000E+00
