#wls	flux	fluxerr
3.257341E+03	1.664052E-04	1.173847E-05
3.296951E+03	1.761974E-04	1.230237E-05
3.336561E+03	1.867768E-04	1.290696E-05
3.376171E+03	1.980924E-04	1.354718E-05
3.415782E+03	2.100475E-04	1.421502E-05
3.455392E+03	2.225153E-04	1.490077E-05
3.495002E+03	2.354423E-04	1.560000E-05
3.534612E+03	2.489267E-04	1.631834E-05
3.574223E+03	2.631148E-04	1.706432E-05
3.613833E+03	2.781372E-04	1.784508E-05
3.653443E+03	2.940736E-04	1.866421E-05
3.693053E+03	3.109276E-04	1.952028E-05
3.732664E+03	3.285998E-04	2.040554E-05
3.772274E+03	3.468841E-04	2.130594E-05
3.811884E+03	3.655681E-04	2.220770E-05
3.851494E+03	3.847214E-04	2.311451E-05
3.891105E+03	4.046079E-04	2.404141E-05
3.930715E+03	4.255023E-04	2.500342E-05
3.970325E+03	4.476418E-04	2.601266E-05
4.009935E+03	4.712138E-04	2.707781E-05
4.049545E+03	4.963540E-04	2.820420E-05
4.089156E+03	5.231514E-04	2.939421E-05
4.128766E+03	5.516493E-04	3.064754E-05
4.168376E+03	5.818491E-04	3.196152E-05
4.207986E+03	6.137120E-04	3.333139E-05
4.247597E+03	6.471560E-04	3.475019E-05
4.287207E+03	6.820487E-04	3.620859E-05
4.326817E+03	7.181831E-04	3.769372E-05
4.366427E+03	7.552490E-04	3.918792E-05
4.406038E+03	7.929025E-04	4.067261E-05
4.445648E+03	8.309542E-04	4.213789E-05
4.485258E+03	8.691702E-04	4.357212E-05
4.524868E+03	9.071457E-04	4.495577E-05
4.564479E+03	9.442492E-04	4.625908E-05
4.604089E+03	9.795399E-04	4.743878E-05
4.643699E+03	1.011647E-03	4.843310E-05
4.683309E+03	1.038627E-03	4.915605E-05
4.722919E+03	1.057905E-03	4.949632E-05
4.762530E+03	1.066774E-03	4.934173E-05
4.802140E+03	1.064079E-03	4.865648E-05
4.841750E+03	1.051955E-03	4.755549E-05
4.881360E+03	1.034612E-03	4.624139E-05
4.920971E+03	1.015794E-03	4.488705E-05
4.960581E+03	9.981031E-04	4.360774E-05
5.000191E+03	9.830377E-04	4.246590E-05
5.039801E+03	9.712247E-04	4.148397E-05
5.079412E+03	9.626697E-04	4.065703E-05
5.119022E+03	9.569444E-04	3.996221E-05
5.158632E+03	9.533012E-04	3.936439E-05
5.198242E+03	9.507617E-04	3.882054E-05
5.237853E+03	9.482216E-04	3.828442E-05
5.277463E+03	9.445802E-04	3.771200E-05
5.317073E+03	9.389042E-04	3.706785E-05
5.356683E+03	9.307203E-04	3.633610E-05
5.396293E+03	9.206043E-04	3.554218E-05
5.435904E+03	9.099110E-04	3.474013E-05
5.475514E+03	9.001381E-04	3.398712E-05
5.515124E+03	8.925630E-04	3.332960E-05
5.554734E+03	8.879992E-04	3.279483E-05
5.594345E+03	8.867595E-04	3.239054E-05
5.633955E+03	8.887953E-04	3.211102E-05
5.673565E+03	8.938781E-04	3.194434E-05
5.713175E+03	9.017572E-04	3.187833E-05
5.752786E+03	9.122818E-04	3.190483E-05
5.792396E+03	9.254766E-04	3.202214E-05
5.832006E+03	9.415735E-04	3.223577E-05
5.871616E+03	9.610327E-04	3.255882E-05
5.911227E+03	9.845663E-04	3.301239E-05
5.950837E+03	1.013147E-03	3.362548E-05
5.990447E+03	1.047953E-03	3.443285E-05
6.030057E+03	1.090179E-03	3.546864E-05
6.069667E+03	1.140617E-03	3.675298E-05
6.109278E+03	1.198903E-03	3.826871E-05
6.148888E+03	1.262539E-03	3.993233E-05
6.188498E+03	1.326834E-03	4.159500E-05
6.228108E+03	1.388772E-03	4.316561E-05
6.267719E+03	1.448813E-03	4.466342E-05
6.307329E+03	1.505802E-03	4.605783E-05
6.346939E+03	1.554951E-03	4.720853E-05
6.386549E+03	1.589477E-03	4.791880E-05
6.426160E+03	1.607431E-03	4.814150E-05
6.465770E+03	1.613717E-03	4.803362E-05
6.505380E+03	1.614166E-03	4.777457E-05
6.544990E+03	1.613321E-03	4.750066E-05
6.584601E+03	1.614070E-03	4.729597E-05
6.624211E+03	1.617853E-03	4.720043E-05
6.663821E+03	1.625051E-03	4.722249E-05
6.703431E+03	1.635321E-03	4.734980E-05
6.743041E+03	1.647846E-03	4.755662E-05
6.782652E+03	1.661487E-03	4.780840E-05
6.822262E+03	1.674909E-03	4.806549E-05
6.861872E+03	1.686716E-03	4.828693E-05
6.901482E+03	1.695615E-03	4.843501E-05
6.941093E+03	1.700568E-03	4.847970E-05
6.980703E+03	1.700927E-03	4.840208E-05
7.020313E+03	1.696521E-03	4.819697E-05
7.059923E+03	1.687709E-03	4.787417E-05
7.099534E+03	1.675361E-03	4.745797E-05
7.139144E+03	1.660744E-03	4.698371E-05
7.178754E+03	1.645336E-03	4.649261E-05
7.218364E+03	1.630641E-03	4.602658E-05
7.257975E+03	1.618074E-03	4.562483E-05
7.297585E+03	1.608885E-03	4.532202E-05
7.337195E+03	1.604076E-03	4.514575E-05
7.376805E+03	1.604168E-03	4.511015E-05
7.416415E+03	1.608869E-03	4.520659E-05
7.456026E+03	1.617173E-03	4.540653E-05
7.495636E+03	1.629227E-03	4.571403E-05
7.535246E+03	1.648316E-03	4.622120E-05
7.574856E+03	1.678018E-03	4.702829E-05
7.614467E+03	1.719105E-03	4.815683E-05
7.654077E+03	1.769152E-03	4.953865E-05
7.693687E+03	1.821439E-03	5.098564E-05
7.733297E+03	1.865025E-03	5.219180E-05
7.772908E+03	1.887929E-03	5.282211E-05
7.812518E+03	1.887091E-03	5.279037E-05
7.852128E+03	1.868302E-03	5.225750E-05
7.891738E+03	1.838091E-03	5.140507E-05
7.931349E+03	1.801451E-03	5.037174E-05
7.970959E+03	1.761673E-03	4.924863E-05
8.010569E+03	1.720715E-03	4.808974E-05
8.050179E+03	1.679646E-03	4.692440E-05
8.089789E+03	1.639020E-03	4.576764E-05
8.129400E+03	1.599124E-03	4.462719E-05
8.169010E+03	1.560116E-03	4.350725E-05
8.208620E+03	1.522081E-03	4.241012E-05
8.248230E+03	1.485061E-03	4.133702E-05
8.287841E+03	1.449082E-03	4.028881E-05
8.327451E+03	1.414200E-03	3.926718E-05
8.367061E+03	1.380571E-03	3.827678E-05
8.406671E+03	1.348564E-03	3.732808E-05
8.446282E+03	1.318829E-03	3.643934E-05
8.485892E+03	1.292307E-03	3.563669E-05
8.525502E+03	1.270164E-03	3.495229E-05
8.565112E+03	1.253675E-03	3.442097E-05
8.604723E+03	1.244060E-03	3.407560E-05
8.644333E+03	1.242230E-03	3.394033E-05
8.683943E+03	1.248610E-03	3.402564E-05
8.723553E+03	1.263271E-03	3.433225E-05
8.763163E+03	1.286161E-03	3.485753E-05
8.802774E+03	1.317239E-03	3.559913E-05
8.842384E+03	1.356468E-03	3.655499E-05
8.881994E+03	1.403658E-03	3.771896E-05
8.921604E+03	1.458117E-03	3.907183E-05
8.961215E+03	1.518112E-03	4.056690E-05
9.000825E+03	1.580033E-03	4.210841E-05
9.040435E+03	1.637403E-03	4.352558E-05
9.080045E+03	1.680572E-03	4.456555E-05
9.119656E+03	1.700378E-03	4.499073E-05
9.159266E+03	1.698513E-03	4.485157E-05
9.198876E+03	1.683184E-03	4.436802E-05
9.238486E+03	1.661412E-03	4.372629E-05
9.278097E+03	1.637718E-03	4.304549E-05
9.317707E+03	1.614628E-03	4.239156E-05
9.357317E+03	1.593422E-03	4.179755E-05
9.396927E+03	1.574746E-03	4.127982E-05
9.436537E+03	1.559030E-03	4.084913E-05
9.476148E+03	1.546715E-03	4.051666E-05
9.515758E+03	1.538311E-03	4.029551E-05
9.555368E+03	1.534340E-03	4.019924E-05
9.594978E+03	1.535212E-03	4.023864E-05
9.634589E+03	1.541013E-03	4.041625E-05
9.674199E+03	1.551136E-03	4.071656E-05
9.713809E+03	1.563670E-03	4.108994E-05
9.753419E+03	1.574598E-03	4.143117E-05
9.793030E+03	1.577438E-03	4.156960E-05
9.832640E+03	1.566061E-03	4.134225E-05
9.872250E+03	1.543248E-03	4.081884E-05
9.911857E+03	1.516403E-03	4.019149E-05
9.951468E+03	1.490969E-03	3.960177E-05
9.991078E+03	1.469818E-03	3.912421E-05
1.003069E+04	1.453990E-03	3.878528E-05
1.007030E+04	1.443442E-03	3.858285E-05
1.010991E+04	1.437562E-03	3.849965E-05
1.014952E+04	1.435479E-03	3.851124E-05
1.018913E+04	1.436240E-03	3.859084E-05
1.022874E+04	1.438945E-03	3.871286E-05
1.026835E+04	1.442852E-03	3.885591E-05
1.030796E+04	1.447479E-03	3.900536E-05
1.034757E+04	1.452636E-03	3.915451E-05
1.038718E+04	1.458378E-03	3.930332E-05
1.042679E+04	1.464901E-03	3.945543E-05
1.046640E+04	1.472414E-03	3.961497E-05
1.050601E+04	1.481036E-03	3.978348E-05
1.054562E+04	1.490712E-03	3.995785E-05
1.058523E+04	1.501182E-03	4.012947E-05
1.062484E+04	1.511992E-03	4.028451E-05
1.066445E+04	1.522535E-03	4.040536E-05
1.070406E+04	1.532131E-03	4.047269E-05
1.074367E+04	1.540098E-03	4.046769E-05
1.078328E+04	1.545828E-03	4.037400E-05
1.082289E+04	1.548853E-03	4.017959E-05
1.086250E+04	1.548900E-03	3.987812E-05
1.090211E+04	1.545915E-03	3.946950E-05
1.094172E+04	1.540050E-03	3.895931E-05
1.098133E+04	1.531607E-03	3.835718E-05
1.102094E+04	1.520973E-03	3.767492E-05
1.106055E+04	1.508553E-03	3.692481E-05
1.110016E+04	1.494733E-03	3.611848E-05
1.113977E+04	1.479845E-03	3.526604E-05
1.117938E+04	1.464148E-03	3.437578E-05
1.121900E+04	1.447831E-03	3.345416E-05
1.125861E+04	1.431021E-03	3.250616E-05
1.129822E+04	1.413807E-03	3.153595E-05
1.133783E+04	1.396274E-03	3.054757E-05
1.137744E+04	1.378512E-03	2.954523E-05
1.141705E+04	1.360602E-03	2.853303E-05
1.145666E+04	1.342622E-03	2.751498E-05
1.149627E+04	1.324666E-03	2.649546E-05
1.153588E+04	1.306883E-03	2.547999E-05
1.157549E+04	1.289517E-03	2.447582E-05
1.161510E+04	1.272934E-03	2.349216E-05
1.165471E+04	1.257621E-03	2.253996E-05
1.169432E+04	1.244161E-03	2.163113E-05
1.173393E+04	1.233205E-03	2.077787E-05
1.177354E+04	1.225468E-03	1.999259E-05
1.181315E+04	1.221746E-03	1.928818E-05
1.185276E+04	1.222952E-03	1.867867E-05
1.189237E+04	1.230187E-03	1.818039E-05
1.193198E+04	1.244795E-03	1.781293E-05
1.197159E+04	1.268372E-03	1.759954E-05
1.201120E+04	1.302688E-03	1.756666E-05
1.205081E+04	1.349527E-03	1.774305E-05
1.209042E+04	1.410301E-03	1.815663E-05
1.213003E+04	1.485138E-03	1.882518E-05
1.216964E+04	1.570967E-03	1.973475E-05
1.220925E+04	1.658283E-03	2.079966E-05
1.224886E+04	1.727707E-03	2.181276E-05
1.228847E+04	1.752243E-03	2.245068E-05
1.232808E+04	1.715196E-03	2.247080E-05
1.236769E+04	1.629323E-03	2.197017E-05
1.240730E+04	1.522839E-03	2.125016E-05
1.244691E+04	1.417572E-03	2.055844E-05
1.248652E+04	1.324334E-03	2.002423E-05
1.252613E+04	1.246509E-03	1.969328E-05
1.256574E+04	1.183869E-03	1.956955E-05
1.260535E+04	1.134821E-03	1.964063E-05
1.264496E+04	1.097460E-03	1.988990E-05
1.268457E+04	1.069980E-03	2.030120E-05
1.272418E+04	1.050785E-03	2.086011E-05
1.276379E+04	1.038503E-03	2.155382E-05
1.280340E+04	1.031963E-03	2.237096E-05
1.284301E+04	1.030190E-03	2.330162E-05
1.288262E+04	1.032366E-03	2.433704E-05
1.292224E+04	1.037793E-03	2.546894E-05
1.296185E+04	1.045852E-03	2.668898E-05
1.300146E+04	1.056004E-03	2.798890E-05
1.304107E+04	1.067782E-03	2.936052E-05
1.308068E+04	1.080776E-03	3.079579E-05
1.312029E+04	1.094632E-03	3.228669E-05
1.315990E+04	1.109042E-03	3.382538E-05
1.319951E+04	1.123749E-03	3.540440E-05
1.323912E+04	1.138528E-03	3.701651E-05
1.327873E+04	1.153185E-03	3.865448E-05
1.331834E+04	1.167536E-03	4.031079E-05
1.335795E+04	1.181401E-03	4.197738E-05
1.339756E+04	1.194604E-03	4.364560E-05
1.343717E+04	1.206970E-03	4.530621E-05
1.347678E+04	1.218328E-03	4.694939E-05
1.351639E+04	1.228510E-03	4.856492E-05
1.355600E+04	1.237364E-03	5.014251E-05
1.359561E+04	1.244757E-03	5.167215E-05
1.363522E+04	1.250587E-03	5.314464E-05
1.367483E+04	1.254783E-03	5.455186E-05
1.371444E+04	1.257308E-03	5.588696E-05
1.375405E+04	1.258157E-03	5.714442E-05
1.379366E+04	1.257360E-03	5.832040E-05
1.383327E+04	1.254979E-03	5.941291E-05
1.387288E+04	1.251119E-03	6.042213E-05
1.391249E+04	1.245917E-03	6.135052E-05
1.395210E+04	1.239539E-03	6.220235E-05
1.399171E+04	1.232158E-03	6.298311E-05
1.403132E+04	1.223948E-03	6.369897E-05
1.407093E+04	1.215074E-03	6.435636E-05
1.411054E+04	1.205688E-03	6.496162E-05
1.415015E+04	1.195925E-03	6.552083E-05
1.418976E+04	1.185908E-03	6.603978E-05
1.422937E+04	1.175744E-03	6.652398E-05
1.426898E+04	1.165530E-03	6.697871E-05
1.430859E+04	1.155374E-03	6.741015E-05
1.434820E+04	1.145405E-03	6.782638E-05
1.438781E+04	1.135791E-03	6.823794E-05
1.442742E+04	1.126713E-03	6.865696E-05
1.446703E+04	1.118348E-03	6.909591E-05
1.450664E+04	1.110856E-03	6.956666E-05
1.454625E+04	1.104367E-03	7.007984E-05
1.458587E+04	1.098979E-03	7.064428E-05
1.462548E+04	1.094745E-03	7.126628E-05
1.466509E+04	1.091673E-03	7.194910E-05
1.470470E+04	1.089722E-03	7.269305E-05
1.474431E+04	1.088819E-03	7.349571E-05
1.478392E+04	1.088858E-03	7.435235E-05
1.482353E+04	1.089709E-03	7.525624E-05
1.486314E+04	1.091212E-03	7.619790E-05
1.490275E+04	1.093156E-03	7.716395E-05
1.494236E+04	1.095269E-03	7.813599E-05
1.498197E+04	1.097231E-03	7.909104E-05
1.502158E+04	1.098689E-03	8.000314E-05
1.506119E+04	1.099281E-03	8.084443E-05
1.510080E+04	1.098646E-03	8.158621E-05
1.514041E+04	1.096448E-03	8.220058E-05
1.518002E+04	1.092409E-03	8.266326E-05
1.521963E+04	1.086346E-03	8.295652E-05
1.525924E+04	1.078189E-03	8.307088E-05
1.529885E+04	1.067960E-03	8.300385E-05
1.533846E+04	1.055733E-03	8.275745E-05
1.537807E+04	1.041633E-03	8.233780E-05
1.541768E+04	1.025831E-03	8.175514E-05
1.545729E+04	1.008515E-03	8.102170E-05
1.549690E+04	9.898642E-04	8.014948E-05
1.553651E+04	9.700520E-04	7.915062E-05
1.557612E+04	9.492749E-04	7.803960E-05
1.561573E+04	9.277772E-04	7.683538E-05
1.565534E+04	9.058534E-04	7.556179E-05
1.569495E+04	8.838304E-04	7.424609E-05
1.573456E+04	8.620417E-04	7.291687E-05
1.577417E+04	8.408257E-04	7.160394E-05
1.581378E+04	8.205392E-04	7.033940E-05
1.585339E+04	8.015507E-04	6.915716E-05
1.589300E+04	7.842077E-04	6.809004E-05
1.593261E+04	7.687978E-04	6.716633E-05
1.597222E+04	7.555151E-04	6.640660E-05
1.601183E+04	7.444327E-04	6.582106E-05
1.605144E+04	7.355066E-04	6.540954E-05
1.609105E+04	7.286152E-04	6.516473E-05
1.613066E+04	7.235981E-04	6.507545E-05
1.617027E+04	7.202795E-04	6.512877E-05
1.620988E+04	7.184730E-04	6.531032E-05
1.624949E+04	7.179749E-04	6.560372E-05
1.628911E+04	7.185533E-04	6.598956E-05
1.632872E+04	7.199528E-04	6.644577E-05
1.636833E+04	7.219062E-04	6.694868E-05
1.640794E+04	7.241585E-04	6.747524E-05
1.644755E+04	7.265025E-04	6.800642E-05
1.648716E+04	7.287950E-04	6.852883E-05
1.652677E+04	7.309359E-04	6.903291E-05
1.656638E+04	7.328226E-04	6.950874E-05
1.660599E+04	7.343324E-04	6.994428E-05
1.664560E+04	7.353410E-04	7.032719E-05
1.668521E+04	7.357628E-04	7.064866E-05
1.672482E+04	7.355837E-04	7.090668E-05
1.676443E+04	7.348761E-04	7.110762E-05
1.680404E+04	7.337913E-04	7.126562E-05
1.684365E+04	7.325202E-04	7.139896E-05
1.688326E+04	7.312346E-04	7.152430E-05
1.692287E+04	7.300286E-04	7.165091E-05
1.696248E+04	7.289017E-04	7.177891E-05
1.700209E+04	7.277887E-04	7.190198E-05
1.704170E+04	7.266052E-04	7.201181E-05
1.708131E+04	7.252706E-04	7.210042E-05
1.712092E+04	7.237062E-04	7.215987E-05
1.716053E+04	7.218281E-04	7.218164E-05
1.720014E+04	7.195579E-04	7.215768E-05
1.723975E+04	7.168490E-04	7.208305E-05
1.727936E+04	7.137052E-04	7.195788E-05
1.731897E+04	7.101793E-04	7.178727E-05
1.735858E+04	7.063646E-04	7.158049E-05
1.739819E+04	7.023911E-04	7.135065E-05
1.743780E+04	6.984228E-04	7.111446E-05
1.747741E+04	6.946476E-04	7.089122E-05
1.751702E+04	6.912624E-04	7.070134E-05
1.755663E+04	6.884514E-04	7.056406E-05
1.759624E+04	6.863639E-04	7.049522E-05
1.763585E+04	6.851066E-04	7.050634E-05
1.767546E+04	6.847552E-04	7.060579E-05
1.771507E+04	6.853710E-04	7.080052E-05
1.775468E+04	6.869990E-04	7.109577E-05
1.779429E+04	6.896469E-04	7.149293E-05
1.783390E+04	6.932721E-04	7.198811E-05
1.787351E+04	6.977830E-04	7.257229E-05
1.791312E+04	7.030509E-04	7.323247E-05
1.795274E+04	7.089258E-04	7.395333E-05
1.799235E+04	7.152536E-04	7.471900E-05
1.803196E+04	7.218897E-04	7.551449E-05
1.807157E+04	7.286969E-04	7.632554E-05
1.811118E+04	7.355380E-04	7.713775E-05
1.815079E+04	7.422702E-04	7.793611E-05
1.819040E+04	7.487511E-04	7.870555E-05
1.823001E+04	7.548477E-04	7.943196E-05
1.826962E+04	7.604493E-04	8.010353E-05
1.830923E+04	7.654709E-04	8.071112E-05
1.834884E+04	7.698499E-04	8.124794E-05
1.838845E+04	7.735405E-04	8.170898E-05
1.842806E+04	7.765072E-04	8.209033E-05
1.846767E+04	7.787201E-04	8.238867E-05
1.850728E+04	7.801536E-04	8.260118E-05
1.854689E+04	7.807926E-04	8.272612E-05
1.858650E+04	7.806365E-04	8.276337E-05
1.862611E+04	7.796976E-04	8.271413E-05
1.866572E+04	7.779957E-04	8.258048E-05
1.870533E+04	7.755535E-04	8.236480E-05
1.874494E+04	7.723960E-04	8.206978E-05
1.878455E+04	7.685529E-04	8.169857E-05
1.882416E+04	7.640598E-04	8.125503E-05
1.886377E+04	7.589584E-04	8.074365E-05
1.890338E+04	7.533016E-04	8.017015E-05
1.894299E+04	7.471577E-04	7.954191E-05
1.898260E+04	7.406141E-04	7.886834E-05
1.902221E+04	7.337715E-04	7.816032E-05
1.906182E+04	7.267379E-04	7.742950E-05
1.910143E+04	7.196254E-04	7.668798E-05
1.914104E+04	7.125464E-04	7.594790E-05
1.918065E+04	7.056097E-04	7.522104E-05
1.922026E+04	6.989142E-04	7.451811E-05
1.925987E+04	6.925466E-04	7.384853E-05
1.929948E+04	6.865804E-04	7.322032E-05
1.933909E+04	6.810709E-04	7.263952E-05
1.937870E+04	6.760469E-04	7.210938E-05
1.941831E+04	6.715078E-04	7.162999E-05
1.945792E+04	6.674215E-04	7.119809E-05
1.949753E+04	6.637269E-04	7.080728E-05
1.953714E+04	6.603388E-04	7.044863E-05
1.957675E+04	6.571567E-04	7.011157E-05
1.961636E+04	6.540763E-04	6.978509E-05
1.965598E+04	6.510021E-04	6.945914E-05
1.969559E+04	6.478603E-04	6.912599E-05
1.973520E+04	6.446073E-04	6.878111E-05
1.977481E+04	6.412315E-04	6.842340E-05
1.981442E+04	6.377446E-04	6.805423E-05
1.985403E+04	6.341656E-04	6.767577E-05
1.989364E+04	6.305045E-04	6.728920E-05
1.993325E+04	6.267534E-04	6.689381E-05
1.997286E+04	6.228820E-04	6.648649E-05
2.001247E+04	6.188369E-04	6.606166E-05
2.005208E+04	6.145448E-04	6.561162E-05
2.009169E+04	6.099217E-04	6.512748E-05
2.013130E+04	6.048887E-04	6.460093E-05
2.017091E+04	5.993872E-04	6.402579E-05
2.021052E+04	5.933879E-04	6.339900E-05
2.025013E+04	5.868936E-04	6.272091E-05
2.028974E+04	5.799350E-04	6.199484E-05
2.032935E+04	5.725629E-04	6.122626E-05
2.036896E+04	5.648333E-04	6.042117E-05
2.040857E+04	5.567961E-04	5.958491E-05
2.044818E+04	5.484886E-04	5.872147E-05
2.048779E+04	5.399387E-04	5.783385E-05
2.052740E+04	5.311712E-04	5.692466E-05
2.056701E+04	5.222116E-04	5.599661E-05
2.060662E+04	5.130880E-04	5.505266E-05
2.064623E+04	5.038262E-04	5.409553E-05
2.068584E+04	4.944483E-04	5.312756E-05
2.072545E+04	4.849721E-04	5.215055E-05
2.076506E+04	4.754117E-04	5.116596E-05
2.080467E+04	4.657876E-04	5.017589E-05
2.084428E+04	4.561390E-04	4.918449E-05
2.088389E+04	4.465346E-04	4.819907E-05
2.092350E+04	4.370685E-04	4.722971E-05
2.096311E+04	4.278537E-04	4.628857E-05
2.100272E+04	4.190203E-04	4.538974E-05
2.104233E+04	4.107155E-04	4.454922E-05
2.108194E+04	4.030988E-04	4.378444E-05
2.112155E+04	3.963211E-04	4.311187E-05
2.116116E+04	3.904867E-04	4.254305E-05
2.120077E+04	3.856094E-04	4.207974E-05
2.124038E+04	3.815758E-04	4.170990E-05
2.127999E+04	3.781678E-04	4.140992E-05
2.131961E+04	3.752902E-04	4.116958E-05
2.135922E+04	3.731209E-04	4.100862E-05
2.139883E+04	3.718126E-04	4.094417E-05
2.143844E+04	3.713894E-04	4.097935E-05
2.147805E+04	3.717694E-04	4.110562E-05
2.151766E+04	3.728069E-04	4.130730E-05
2.155727E+04	3.743322E-04	4.156597E-05
2.159688E+04	3.761770E-04	4.186321E-05
2.163649E+04	3.781884E-04	4.218217E-05
2.167610E+04	3.802312E-04	4.250779E-05
2.171571E+04	3.821874E-04	4.282689E-05
2.175532E+04	3.839528E-04	4.312762E-05
2.179493E+04	3.854329E-04	4.339915E-05
2.183454E+04	3.865365E-04	4.363092E-05
2.187415E+04	3.871749E-04	4.381251E-05
2.191376E+04	3.872673E-04	4.393431E-05
2.195337E+04	3.867512E-04	4.398866E-05
2.199298E+04	3.855904E-04	4.397083E-05
2.203259E+04	3.837756E-04	4.387911E-05
2.207220E+04	3.813221E-04	4.371457E-05
2.211181E+04	3.782655E-04	4.348063E-05
2.215142E+04	3.746550E-04	4.318231E-05
2.219103E+04	3.705475E-04	4.282556E-05
2.223064E+04	3.660042E-04	4.241692E-05
2.227025E+04	3.610889E-04	4.196326E-05
2.230986E+04	3.558700E-04	4.147211E-05
2.234947E+04	3.504191E-04	4.095144E-05
2.238908E+04	3.448104E-04	4.040964E-05
2.242869E+04	3.391188E-04	3.985523E-05
2.246830E+04	3.334171E-04	3.929662E-05
2.250791E+04	3.277726E-04	3.874168E-05
2.254752E+04	3.222438E-04	3.819733E-05
2.258713E+04	3.168755E-04	3.766892E-05
2.262674E+04	3.117003E-04	3.716042E-05
2.266635E+04	3.067387E-04	3.667444E-05
2.270596E+04	3.020036E-04	3.621266E-05
2.274557E+04	2.975012E-04	3.577601E-05
2.278518E+04	2.932317E-04	3.536469E-05
2.282479E+04	2.891904E-04	3.497835E-05
2.286440E+04	2.853692E-04	3.461618E-05
2.290401E+04	2.817578E-04	3.427711E-05
2.294362E+04	2.783474E-04	3.396027E-05
2.298323E+04	2.751305E-04	3.366488E-05
2.302285E+04	2.721009E-04	3.339038E-05
2.306246E+04	2.692536E-04	3.313631E-05
2.310207E+04	2.665865E-04	3.290257E-05
2.314168E+04	2.641004E-04	3.268943E-05
2.318129E+04	2.618003E-04	3.249767E-05
2.322090E+04	2.596915E-04	3.232812E-05
2.326051E+04	2.577782E-04	3.218148E-05
2.330012E+04	2.560611E-04	3.205805E-05
2.333973E+04	2.545390E-04	3.195784E-05
2.337934E+04	2.532083E-04	3.188058E-05
2.341895E+04	2.520665E-04	3.182616E-05
2.345856E+04	2.511103E-04	3.179434E-05
2.349817E+04	2.503365E-04	3.178489E-05
2.353778E+04	2.497381E-04	3.179709E-05
2.357739E+04	2.493056E-04	3.182990E-05
2.361700E+04	2.490274E-04	3.188200E-05
2.365661E+04	2.488910E-04	3.195191E-05
2.369622E+04	2.488833E-04	3.203811E-05
2.373583E+04	2.489914E-04	3.213904E-05
2.377544E+04	2.492017E-04	3.225304E-05
2.381505E+04	2.494994E-04	3.237829E-05
2.385466E+04	2.498700E-04	3.251297E-05
2.389427E+04	2.502981E-04	3.265514E-05
2.393388E+04	2.507691E-04	3.280292E-05
2.397349E+04	2.512683E-04	3.295444E-05
2.401310E+04	2.517837E-04	3.310812E-05
2.405271E+04	2.523048E-04	3.326258E-05
2.409232E+04	2.528237E-04	3.341678E-05
2.413193E+04	2.533349E-04	3.356995E-05
2.417154E+04	2.538345E-04	3.372158E-05
2.421115E+04	2.543210E-04	3.387142E-05
2.425076E+04	2.547934E-04	3.401934E-05
