#wls	flux	fluxerr
3.257341E+03	2.389928E-03	1.035525E-04
3.296951E+03	2.414679E-03	1.032877E-04
3.336561E+03	2.444011E-03	1.031870E-04
3.376171E+03	2.478433E-03	1.032643E-04
3.415782E+03	2.518458E-03	1.035328E-04
3.455392E+03	2.564585E-03	1.040034E-04
3.495002E+03	2.617284E-03	1.046854E-04
3.534612E+03	2.676965E-03	1.055843E-04
3.574223E+03	2.743952E-03	1.067017E-04
3.613833E+03	2.818438E-03	1.080333E-04
3.653443E+03	2.900419E-03	1.095672E-04
3.693053E+03	2.989638E-03	1.112822E-04
3.732664E+03	3.085503E-03	1.131454E-04
3.772274E+03	3.187026E-03	1.151112E-04
3.811884E+03	3.292779E-03	1.171207E-04
3.851494E+03	3.400915E-03	1.191035E-04
3.891105E+03	3.509227E-03	1.209812E-04
3.930715E+03	3.615298E-03	1.226731E-04
3.970325E+03	3.716692E-03	1.241034E-04
4.009935E+03	3.811194E-03	1.252089E-04
4.049545E+03	3.896998E-03	1.259445E-04
4.089156E+03	3.972866E-03	1.262867E-04
4.128766E+03	4.038244E-03	1.262365E-04
4.168376E+03	4.093465E-03	1.258228E-04
4.207986E+03	4.139982E-03	1.251078E-04
4.247597E+03	4.180563E-03	1.241895E-04
4.287207E+03	4.219429E-03	1.232026E-04
4.326817E+03	4.262169E-03	1.223125E-04
4.366427E+03	4.314915E-03	1.216890E-04
4.406038E+03	4.381264E-03	1.214197E-04
4.445648E+03	4.458959E-03	1.214266E-04
4.485258E+03	4.543222E-03	1.215682E-04
4.524868E+03	4.629696E-03	1.217231E-04
4.564479E+03	4.715244E-03	1.218103E-04
4.604089E+03	4.797979E-03	1.217862E-04
4.643699E+03	4.877044E-03	1.216363E-04
4.683309E+03	4.952316E-03	1.213657E-04
4.722919E+03	5.023717E-03	1.209807E-04
4.762530E+03	5.089169E-03	1.204405E-04
4.802140E+03	5.145546E-03	1.196828E-04
4.841750E+03	5.190712E-03	1.186726E-04
4.881360E+03	5.223634E-03	1.174023E-04
4.920971E+03	5.244327E-03	1.158887E-04
4.960581E+03	5.253683E-03	1.141670E-04
5.000191E+03	5.253245E-03	1.122845E-04
5.039801E+03	5.244898E-03	1.102928E-04
5.079412E+03	5.230571E-03	1.082418E-04
5.119022E+03	5.211900E-03	1.061720E-04
5.158632E+03	5.190023E-03	1.041120E-04
5.198242E+03	5.165597E-03	1.020791E-04
5.237853E+03	5.139097E-03	1.000863E-04
5.277463E+03	5.111258E-03	9.815083E-05
5.317073E+03	5.083375E-03	9.629963E-05
5.356683E+03	5.057028E-03	9.456361E-05
5.396293E+03	5.033096E-03	9.295864E-05
5.435904E+03	5.012480E-03	9.150022E-05
5.475514E+03	4.997428E-03	9.022756E-05
5.515124E+03	4.990867E-03	8.919030E-05
5.554734E+03	4.992043E-03	8.836967E-05
5.594345E+03	4.997279E-03	8.769642E-05
5.633955E+03	5.003725E-03	8.711842E-05
5.673565E+03	5.009799E-03	8.660726E-05
5.713175E+03	5.014710E-03	8.614886E-05
5.752786E+03	5.017897E-03	8.573337E-05
5.792396E+03	5.018584E-03	8.534742E-05
5.832006E+03	5.015483E-03	8.496899E-05
5.871616E+03	5.006732E-03	8.456645E-05
5.911227E+03	4.990141E-03	8.410267E-05
5.950837E+03	4.963594E-03	8.354146E-05
5.990447E+03	4.925534E-03	8.285513E-05
6.030057E+03	4.875550E-03	8.203334E-05
6.069667E+03	4.815090E-03	8.109601E-05
6.109278E+03	4.748463E-03	8.011079E-05
6.148888E+03	4.683563E-03	7.920597E-05
6.188498E+03	4.630000E-03	7.853984E-05
6.228108E+03	4.590344E-03	7.815171E-05
6.267719E+03	4.557637E-03	7.791941E-05
6.307329E+03	4.525175E-03	7.772388E-05
6.346939E+03	4.489571E-03	7.750164E-05
6.386549E+03	4.450078E-03	7.723409E-05
6.426160E+03	4.407325E-03	7.692652E-05
6.465770E+03	4.362464E-03	7.659389E-05
6.505380E+03	4.316742E-03	7.625362E-05
6.544990E+03	4.271253E-03	7.592125E-05
6.584601E+03	4.226726E-03	7.560663E-05
6.624211E+03	4.183355E-03	7.531064E-05
6.663821E+03	4.140719E-03	7.502348E-05
6.703431E+03	4.097896E-03	7.472629E-05
6.743041E+03	4.053715E-03	7.439553E-05
6.782652E+03	4.007117E-03	7.400946E-05
6.822262E+03	3.957350E-03	7.355180E-05
6.861872E+03	3.903932E-03	7.301124E-05
6.901482E+03	3.846485E-03	7.237849E-05
6.941093E+03	3.784705E-03	7.164564E-05
6.980703E+03	3.718479E-03	7.080863E-05
7.020313E+03	3.648101E-03	6.987128E-05
7.059923E+03	3.574384E-03	6.884783E-05
7.099534E+03	3.498618E-03	6.776225E-05
7.139144E+03	3.422346E-03	6.664416E-05
7.178754E+03	3.347038E-03	6.552252E-05
7.218364E+03	3.273857E-03	6.442097E-05
7.257975E+03	3.203690E-03	6.335821E-05
7.297585E+03	3.137531E-03	6.235540E-05
7.337195E+03	3.077139E-03	6.144945E-05
7.376805E+03	3.025754E-03	6.070758E-05
7.416415E+03	2.988478E-03	6.023570E-05
7.456026E+03	2.971494E-03	6.016322E-05
7.495636E+03	2.977267E-03	6.054552E-05
7.535246E+03	2.996887E-03	6.120618E-05
7.574856E+03	3.016832E-03	6.187057E-05
7.614467E+03	3.026528E-03	6.231947E-05
7.654077E+03	3.021511E-03	6.245651E-05
7.693687E+03	3.001782E-03	6.227687E-05
7.733297E+03	2.969299E-03	6.181676E-05
7.772908E+03	2.926543E-03	6.112437E-05
7.812518E+03	2.875902E-03	6.024694E-05
7.852128E+03	2.819528E-03	5.922778E-05
7.891738E+03	2.759348E-03	5.810626E-05
7.931349E+03	2.697058E-03	5.691756E-05
7.970959E+03	2.634084E-03	5.569175E-05
8.010569E+03	2.571559E-03	5.445300E-05
8.050179E+03	2.510332E-03	5.321984E-05
8.089789E+03	2.451024E-03	5.200604E-05
8.129400E+03	2.394078E-03	5.082175E-05
8.169010E+03	2.339825E-03	4.967470E-05
8.208620E+03	2.288515E-03	4.857094E-05
8.248230E+03	2.240355E-03	4.751553E-05
8.287841E+03	2.195525E-03	4.651284E-05
8.327451E+03	2.154190E-03	4.556690E-05
8.367061E+03	2.116498E-03	4.468114E-05
8.406671E+03	2.082571E-03	4.385838E-05
8.446282E+03	2.052519E-03	4.310097E-05
8.485892E+03	2.026429E-03	4.241057E-05
8.525502E+03	2.004376E-03	4.178844E-05
8.565112E+03	1.986426E-03	4.123540E-05
8.604723E+03	1.972631E-03	4.075175E-05
8.644333E+03	1.963026E-03	4.033727E-05
8.683943E+03	1.957603E-03	3.999057E-05
8.723553E+03	1.956285E-03	3.970867E-05
8.763163E+03	1.958886E-03	3.948620E-05
8.802774E+03	1.965104E-03	3.931543E-05
8.842384E+03	1.974555E-03	3.918689E-05
8.881994E+03	1.986809E-03	3.909037E-05
8.921604E+03	2.001447E-03	3.901599E-05
8.961215E+03	2.018093E-03	3.895492E-05
9.000825E+03	2.036444E-03	3.889989E-05
9.040435E+03	2.056282E-03	3.884549E-05
9.080045E+03	2.077461E-03	3.878772E-05
9.119656E+03	2.099882E-03	3.872363E-05
9.159266E+03	2.123463E-03	3.865061E-05
9.198876E+03	2.148121E-03	3.856613E-05
9.238486E+03	2.173750E-03	3.846741E-05
9.278097E+03	2.200237E-03	3.835163E-05
9.317707E+03	2.227463E-03	3.821605E-05
9.357317E+03	2.255307E-03	3.805813E-05
9.396927E+03	2.283656E-03	3.787566E-05
9.436537E+03	2.312404E-03	3.766681E-05
9.476148E+03	2.341461E-03	3.743021E-05
9.515758E+03	2.370737E-03	3.716484E-05
9.555368E+03	2.400149E-03	3.686997E-05
9.594978E+03	2.429598E-03	3.654504E-05
9.634589E+03	2.458975E-03	3.618959E-05
9.674199E+03	2.488122E-03	3.580292E-05
9.713809E+03	2.516838E-03	3.538418E-05
9.753419E+03	2.544849E-03	3.493210E-05
9.793030E+03	2.571788E-03	3.444487E-05
9.832640E+03	2.597177E-03	3.392012E-05
9.872250E+03	2.620410E-03	3.335484E-05
9.911857E+03	2.640748E-03	3.274564E-05
9.951468E+03	2.657308E-03	3.208864E-05
9.991078E+03	2.669080E-03	3.138010E-05
1.003069E+04	2.674942E-03	3.061661E-05
1.007030E+04	2.673708E-03	2.979557E-05
1.010991E+04	2.664182E-03	2.891575E-05
1.014952E+04	2.645240E-03	2.797786E-05
1.018913E+04	2.615976E-03	2.698555E-05
1.022874E+04	2.575951E-03	2.594722E-05
1.026835E+04	2.525623E-03	2.487919E-05
1.030796E+04	2.466959E-03	2.381024E-05
1.034757E+04	2.404267E-03	2.278791E-05
1.038718E+04	2.345011E-03	2.188448E-05
1.042679E+04	2.299476E-03	2.119303E-05
1.046640E+04	2.276338E-03	2.078720E-05
1.050601E+04	2.276016E-03	2.066034E-05
1.054562E+04	2.290651E-03	2.073195E-05
1.058523E+04	2.310780E-03	2.091016E-05
1.062484E+04	2.329950E-03	2.113119E-05
1.066445E+04	2.344867E-03	2.135926E-05
1.070406E+04	2.354302E-03	2.157644E-05
1.074367E+04	2.358167E-03	2.177457E-05
1.078328E+04	2.356913E-03	2.195027E-05
1.082289E+04	2.351195E-03	2.210221E-05
1.086250E+04	2.341696E-03	2.222986E-05
1.090211E+04	2.329041E-03	2.233276E-05
1.094172E+04	2.313764E-03	2.241039E-05
1.098133E+04	2.296312E-03	2.246215E-05
1.102094E+04	2.277066E-03	2.248759E-05
1.106055E+04	2.256370E-03	2.248662E-05
1.110016E+04	2.234541E-03	2.245964E-05
1.113977E+04	2.211894E-03	2.240767E-05
1.117938E+04	2.188729E-03	2.233217E-05
1.121900E+04	2.165321E-03	2.223496E-05
1.125861E+04	2.141923E-03	2.211810E-05
1.129822E+04	2.118754E-03	2.198374E-05
1.133783E+04	2.095988E-03	2.183396E-05
1.137744E+04	2.073763E-03	2.167081E-05
1.141705E+04	2.052171E-03	2.149613E-05
1.145666E+04	2.031253E-03	2.131151E-05
1.149627E+04	2.011000E-03	2.111825E-05
1.153588E+04	1.991363E-03	2.091745E-05
1.157549E+04	1.972268E-03	2.071016E-05
1.161510E+04	1.953647E-03	2.049772E-05
1.165471E+04	1.935449E-03	2.028186E-05
1.169432E+04	1.917645E-03	2.006472E-05
1.173393E+04	1.900205E-03	1.984866E-05
1.177354E+04	1.883069E-03	1.963587E-05
1.181315E+04	1.866081E-03	1.942776E-05
1.185276E+04	1.848956E-03	1.922451E-05
1.189237E+04	1.831230E-03	1.902464E-05
1.193198E+04	1.812253E-03	1.882472E-05
1.197159E+04	1.791222E-03	1.861977E-05
1.201120E+04	1.767265E-03	1.840391E-05
1.205081E+04	1.739562E-03	1.817143E-05
1.209042E+04	1.707519E-03	1.791835E-05
1.213003E+04	1.671052E-03	1.764526E-05
1.216964E+04	1.631006E-03	1.736169E-05
1.220925E+04	1.589746E-03	1.709284E-05
1.224886E+04	1.551694E-03	1.688595E-05
1.228847E+04	1.522853E-03	1.680498E-05
1.232808E+04	1.507341E-03	1.689613E-05
1.236769E+04	1.502803E-03	1.713613E-05
1.240730E+04	1.503846E-03	1.746590E-05
1.244691E+04	1.506410E-03	1.783833E-05
1.248652E+04	1.508491E-03	1.822772E-05
1.252613E+04	1.509490E-03	1.862380E-05
1.256574E+04	1.509519E-03	1.902466E-05
1.260535E+04	1.508960E-03	1.943193E-05
1.264496E+04	1.508211E-03	1.984804E-05
1.268457E+04	1.507583E-03	2.027471E-05
1.272418E+04	1.507254E-03	2.071239E-05
1.276379E+04	1.507294E-03	2.116029E-05
1.280340E+04	1.507704E-03	2.161692E-05
1.284301E+04	1.508460E-03	2.208051E-05
1.288262E+04	1.509536E-03	2.254937E-05
1.292224E+04	1.510918E-03	2.302202E-05
1.296185E+04	1.512595E-03	2.349721E-05
1.300146E+04	1.514555E-03	2.397367E-05
1.304107E+04	1.516766E-03	2.444989E-05
1.308068E+04	1.519166E-03	2.492396E-05
1.312029E+04	1.521678E-03	2.539364E-05
1.315990E+04	1.524218E-03	2.585663E-05
1.319951E+04	1.526711E-03	2.631070E-05
1.323912E+04	1.529088E-03	2.675374E-05
1.327873E+04	1.531281E-03	2.718362E-05
1.331834E+04	1.533214E-03	2.759808E-05
1.335795E+04	1.534799E-03	2.799461E-05
1.339756E+04	1.535936E-03	2.837049E-05
1.343717E+04	1.536521E-03	2.872282E-05
1.347678E+04	1.536447E-03	2.904874E-05
1.351639E+04	1.535616E-03	2.934544E-05
1.355600E+04	1.533933E-03	2.961024E-05
1.359561E+04	1.531305E-03	2.984048E-05
1.363522E+04	1.527636E-03	3.003347E-05
1.367483E+04	1.522835E-03	3.018665E-05
1.371444E+04	1.516823E-03	3.029777E-05
1.375405E+04	1.509547E-03	3.036515E-05
1.379366E+04	1.500990E-03	3.038789E-05
1.383327E+04	1.491170E-03	3.036597E-05
1.387288E+04	1.480142E-03	3.030023E-05
1.391249E+04	1.467995E-03	3.019235E-05
1.395210E+04	1.454848E-03	3.004476E-05
1.399171E+04	1.440843E-03	2.986054E-05
1.403132E+04	1.426142E-03	2.964327E-05
1.407093E+04	1.410917E-03	2.939690E-05
1.411054E+04	1.395340E-03	2.912548E-05
1.415015E+04	1.379581E-03	2.883305E-05
1.418976E+04	1.363799E-03	2.852354E-05
1.422937E+04	1.348143E-03	2.820069E-05
1.426898E+04	1.332745E-03	2.786789E-05
1.430859E+04	1.317719E-03	2.752815E-05
1.434820E+04	1.303154E-03	2.718398E-05
1.438781E+04	1.289117E-03	2.683741E-05
1.442742E+04	1.275656E-03	2.648998E-05
1.446703E+04	1.262798E-03	2.614289E-05
1.450664E+04	1.250563E-03	2.579711E-05
1.454625E+04	1.238972E-03	2.545355E-05
1.458587E+04	1.228045E-03	2.511319E-05
1.462548E+04	1.217802E-03	2.477689E-05
1.466509E+04	1.208250E-03	2.444530E-05
1.470470E+04	1.199380E-03	2.411867E-05
1.474431E+04	1.191159E-03	2.379682E-05
1.478392E+04	1.183534E-03	2.347914E-05
1.482353E+04	1.176424E-03	2.316454E-05
1.486314E+04	1.169721E-03	2.285143E-05
1.490275E+04	1.163281E-03	2.253763E-05
1.494236E+04	1.156919E-03	2.222030E-05
1.498197E+04	1.150419E-03	2.189615E-05
1.502158E+04	1.143543E-03	2.156170E-05
1.506119E+04	1.136061E-03	2.121382E-05
1.510080E+04	1.127779E-03	2.085030E-05
1.514041E+04	1.118578E-03	2.047049E-05
1.518002E+04	1.108431E-03	2.007556E-05
1.521963E+04	1.097408E-03	1.966848E-05
1.525924E+04	1.085653E-03	1.925356E-05
1.529885E+04	1.073362E-03	1.883591E-05
1.533846E+04	1.060754E-03	1.842089E-05
1.537807E+04	1.048041E-03	1.801365E-05
1.541768E+04	1.035415E-03	1.761882E-05
1.545729E+04	1.023026E-03	1.724021E-05
1.549690E+04	1.010969E-03	1.688064E-05
1.553651E+04	9.992730E-04	1.654174E-05
1.557612E+04	9.878877E-04	1.622388E-05
1.561573E+04	9.766872E-04	1.592618E-05
1.565534E+04	9.654715E-04	1.564658E-05
1.569495E+04	9.539774E-04	1.538202E-05
1.573456E+04	9.418964E-04	1.512871E-05
1.577417E+04	9.289065E-04	1.488252E-05
1.581378E+04	9.147343E-04	1.463991E-05
1.585339E+04	8.992492E-04	1.439930E-05
1.589300E+04	8.826067E-04	1.416332E-05
1.593261E+04	8.654578E-04	1.394220E-05
1.597222E+04	8.492261E-04	1.375792E-05
1.601183E+04	8.362667E-04	1.364705E-05
1.605144E+04	8.291291E-04	1.365071E-05
1.609105E+04	8.275540E-04	1.376546E-05
1.613066E+04	8.288879E-04	1.394824E-05
1.617027E+04	8.310212E-04	1.416364E-05
1.620988E+04	8.328907E-04	1.439270E-05
1.624949E+04	8.341869E-04	1.462865E-05
1.628911E+04	8.349931E-04	1.487132E-05
1.632872E+04	8.355307E-04	1.512310E-05
1.636833E+04	8.360155E-04	1.538651E-05
1.640794E+04	8.366011E-04	1.566319E-05
1.644755E+04	8.373716E-04	1.595370E-05
1.648716E+04	8.383609E-04	1.625779E-05
1.652677E+04	8.395691E-04	1.657465E-05
1.656638E+04	8.409718E-04	1.690304E-05
1.660599E+04	8.425231E-04	1.724129E-05
1.664560E+04	8.441566E-04	1.758732E-05
1.668521E+04	8.457894E-04	1.793864E-05
1.672482E+04	8.473240E-04	1.829235E-05
1.676443E+04	8.486469E-04	1.864512E-05
1.680404E+04	8.496291E-04	1.899312E-05
1.684365E+04	8.501305E-04	1.933214E-05
1.688326E+04	8.500160E-04	1.965786E-05
1.692287E+04	8.491738E-04	1.996639E-05
1.696248E+04	8.475326E-04	2.025464E-05
1.700209E+04	8.450737E-04	2.052075E-05
1.704170E+04	8.418408E-04	2.076439E-05
1.708131E+04	8.379407E-04	2.098694E-05
1.712092E+04	8.335334E-04	2.119136E-05
1.716053E+04	8.288114E-04	2.138169E-05
1.720014E+04	8.239797E-04	2.156266E-05
1.723975E+04	8.192442E-04	2.173936E-05
1.727936E+04	8.148061E-04	2.191706E-05
1.731897E+04	8.108583E-04	2.210115E-05
1.735858E+04	8.075802E-04	2.229690E-05
1.739819E+04	8.051365E-04	2.250946E-05
1.743780E+04	8.036777E-04	2.274378E-05
1.747741E+04	8.033411E-04	2.300463E-05
1.751702E+04	8.042476E-04	2.329648E-05
1.755663E+04	8.064957E-04	2.362324E-05
1.759624E+04	8.101557E-04	2.398811E-05
1.763585E+04	8.152672E-04	2.439342E-05
1.767546E+04	8.218387E-04	2.484052E-05
1.771507E+04	8.298474E-04	2.532981E-05
1.775468E+04	8.392419E-04	2.586070E-05
1.779429E+04	8.499442E-04	2.643167E-05
1.783390E+04	8.618512E-04	2.704027E-05
1.787351E+04	8.748332E-04	2.768305E-05
1.791312E+04	8.887329E-04	2.835548E-05
1.795274E+04	9.033643E-04	2.905192E-05
1.799235E+04	9.185102E-04	2.976548E-05
1.803196E+04	9.339230E-04	3.048807E-05
1.807157E+04	9.493277E-04	3.121040E-05
1.811118E+04	9.644267E-04	3.192224E-05
1.815079E+04	9.789102E-04	3.261267E-05
1.819040E+04	9.924674E-04	3.327049E-05
1.823001E+04	1.004801E-03	3.388475E-05
1.826962E+04	1.015638E-03	3.444519E-05
1.830923E+04	1.024742E-03	3.494258E-05
1.834884E+04	1.031917E-03	3.536908E-05
1.838845E+04	1.037013E-03	3.571828E-05
1.842806E+04	1.039925E-03	3.598544E-05
1.846767E+04	1.040597E-03	3.616754E-05
1.850728E+04	1.039028E-03	3.626349E-05
1.854689E+04	1.035275E-03	3.627437E-05
1.858650E+04	1.029450E-03	3.620345E-05
1.862611E+04	1.021720E-03	3.605594E-05
1.866572E+04	1.012285E-03	3.583847E-05
1.870533E+04	1.001361E-03	3.555843E-05
1.874494E+04	9.891624E-04	3.522333E-05
1.878455E+04	9.758940E-04	3.484042E-05
1.882416E+04	9.617475E-04	3.441666E-05
1.886377E+04	9.469044E-04	3.395876E-05
1.890338E+04	9.315408E-04	3.347329E-05
1.894299E+04	9.158254E-04	3.296666E-05
1.898260E+04	8.999213E-04	3.244512E-05
1.902221E+04	8.839842E-04	3.191471E-05
1.906182E+04	8.681635E-04	3.138128E-05
1.910143E+04	8.525989E-04	3.085033E-05
1.914104E+04	8.374176E-04	3.032694E-05
1.918065E+04	8.227294E-04	2.981555E-05
1.922026E+04	8.086248E-04	2.931990E-05
1.925987E+04	7.951748E-04	2.884300E-05
1.929948E+04	7.824334E-04	2.838722E-05
1.933909E+04	7.704412E-04	2.795443E-05
1.937870E+04	7.592279E-04	2.754609E-05
1.941831E+04	7.488140E-04	2.716327E-05
1.945792E+04	7.392108E-04	2.680670E-05
1.949753E+04	7.304193E-04	2.647673E-05
1.953714E+04	7.224273E-04	2.617317E-05
1.957675E+04	7.152066E-04	2.589528E-05
1.961636E+04	7.087108E-04	2.564160E-05
1.965598E+04	7.028731E-04	2.540997E-05
1.969559E+04	6.976104E-04	2.519760E-05
1.973520E+04	6.928288E-04	2.500133E-05
1.977481E+04	6.884309E-04	2.481789E-05
1.981442E+04	6.843231E-04	2.464414E-05
1.985403E+04	6.804168E-04	2.447715E-05
1.989364E+04	6.766292E-04	2.431420E-05
1.993325E+04	6.728808E-04	2.415271E-05
1.997286E+04	6.690952E-04	2.399024E-05
2.001247E+04	6.651984E-04	2.382444E-05
2.005208E+04	6.611214E-04	2.365314E-05
2.009169E+04	6.568025E-04	2.347447E-05
2.013130E+04	6.521921E-04	2.328697E-05
2.017091E+04	6.472566E-04	2.308978E-05
2.021052E+04	6.419815E-04	2.288270E-05
2.025013E+04	6.363733E-04	2.266629E-05
2.028974E+04	6.304568E-04	2.244173E-05
2.032935E+04	6.242690E-04	2.221063E-05
2.036896E+04	6.178514E-04	2.197474E-05
2.040857E+04	6.112441E-04	2.173575E-05
2.044818E+04	6.044810E-04	2.149509E-05
2.048779E+04	5.975891E-04	2.125396E-05
2.052740E+04	5.905888E-04	2.101327E-05
2.056701E+04	5.834930E-04	2.077367E-05
2.060662E+04	5.763089E-04	2.053559E-05
2.064623E+04	5.690367E-04	2.029917E-05
2.068584E+04	5.616726E-04	2.006439E-05
2.072545E+04	5.542111E-04	1.983117E-05
2.076506E+04	5.466512E-04	1.959952E-05
2.080467E+04	5.390002E-04	1.936975E-05
2.084428E+04	5.312721E-04	1.914239E-05
2.088389E+04	5.234843E-04	1.891804E-05
2.092350E+04	5.156510E-04	1.869718E-05
2.096311E+04	5.077814E-04	1.848009E-05
2.100272E+04	4.998849E-04	1.826703E-05
2.104233E+04	4.919839E-04	1.805862E-05
2.108194E+04	4.841364E-04	1.785657E-05
2.112155E+04	4.764659E-04	1.766500E-05
2.116116E+04	4.692019E-04	1.749206E-05
2.120077E+04	4.627275E-04	1.735191E-05
2.124038E+04	4.576143E-04	1.726618E-05
2.127999E+04	4.545410E-04	1.726125E-05
2.131961E+04	4.537368E-04	1.734704E-05
2.135922E+04	4.546062E-04	1.750217E-05
2.139883E+04	4.564536E-04	1.770086E-05
2.143844E+04	4.587515E-04	1.792317E-05
2.147805E+04	4.611386E-04	1.815517E-05
2.151766E+04	4.633752E-04	1.838730E-05
2.155727E+04	4.653027E-04	1.861295E-05
2.159688E+04	4.668125E-04	1.882729E-05
2.163649E+04	4.678231E-04	1.902646E-05
2.167610E+04	4.682635E-04	1.920687E-05
2.171571E+04	4.680654E-04	1.936492E-05
2.175532E+04	4.671604E-04	1.949688E-05
2.179493E+04	4.654784E-04	1.959883E-05
2.183454E+04	4.629486E-04	1.966669E-05
2.187415E+04	4.595026E-04	1.969635E-05
2.191376E+04	4.550790E-04	1.968387E-05
2.195337E+04	4.496311E-04	1.962582E-05
2.199298E+04	4.431310E-04	1.951951E-05
2.203259E+04	4.355753E-04	1.936328E-05
2.207220E+04	4.269858E-04	1.915656E-05
2.211181E+04	4.174110E-04	1.890003E-05
2.215142E+04	4.069248E-04	1.859560E-05
2.219103E+04	3.956252E-04	1.824637E-05
2.223064E+04	3.836310E-04	1.785662E-05
2.227025E+04	3.710770E-04	1.743156E-05
2.230986E+04	3.581101E-04	1.697721E-05
2.234947E+04	3.448832E-04	1.650015E-05
2.238908E+04	3.315512E-04	1.600734E-05
2.242869E+04	3.182676E-04	1.550592E-05
2.246830E+04	3.051795E-04	1.500304E-05
2.250791E+04	2.924239E-04	1.450562E-05
2.254752E+04	2.801222E-04	1.402003E-05
2.258713E+04	2.683773E-04	1.355198E-05
2.262674E+04	2.572706E-04	1.310625E-05
2.266635E+04	2.468617E-04	1.268668E-05
2.270596E+04	2.371899E-04	1.229618E-05
2.274557E+04	2.282766E-04	1.193678E-05
2.278518E+04	2.201295E-04	1.160988E-05
2.282479E+04	2.127445E-04	1.131623E-05
2.286440E+04	2.061095E-04	1.105619E-05
2.290401E+04	2.002053E-04	1.082969E-05
2.294362E+04	1.950078E-04	1.063638E-05
2.298323E+04	1.904888E-04	1.047565E-05
2.302285E+04	1.866184E-04	1.034674E-05
2.306246E+04	1.833663E-04	1.024879E-05
2.310207E+04	1.807031E-04	1.018098E-05
2.314168E+04	1.786012E-04	1.014253E-05
2.318129E+04	1.770363E-04	1.013276E-05
2.322090E+04	1.759863E-04	1.015112E-05
2.326051E+04	1.754319E-04	1.019717E-05
2.330012E+04	1.753560E-04	1.027053E-05
2.333973E+04	1.757437E-04	1.037097E-05
2.337934E+04	1.765807E-04	1.049822E-05
2.341895E+04	1.778544E-04	1.065210E-05
2.345856E+04	1.795523E-04	1.083243E-05
2.349817E+04	1.816622E-04	1.103899E-05
2.353778E+04	1.841721E-04	1.127156E-05
2.357739E+04	1.870696E-04	1.152988E-05
2.361700E+04	1.903417E-04	1.181362E-05
2.365661E+04	1.939756E-04	1.212243E-05
2.369622E+04	1.979575E-04	1.245587E-05
2.373583E+04	2.022741E-04	1.281353E-05
2.377544E+04	2.069122E-04	1.319494E-05
2.381505E+04	2.118583E-04	1.359961E-05
2.385466E+04	2.170998E-04	1.402708E-05
2.389427E+04	2.226240E-04	1.447684E-05
2.393388E+04	2.284189E-04	1.494843E-05
2.397349E+04	2.344724E-04	1.544132E-05
2.401310E+04	2.407727E-04	1.595502E-05
2.405271E+04	2.473074E-04	1.648895E-05
2.409232E+04	2.540641E-04	1.704250E-05
2.413193E+04	2.610304E-04	1.761506E-05
2.417154E+04	2.681940E-04	1.820599E-05
2.421115E+04	2.755447E-04	1.881477E-05
2.425076E+04	2.830727E-04	1.944088E-05
