#wls	flux	fluxerr
3.257341E+03	1.637275E-04	1.288274E-05
3.296951E+03	1.664767E-04	1.308043E-05
3.336561E+03	1.693108E-04	1.328411E-05
3.376171E+03	1.722314E-04	1.349386E-05
3.415782E+03	1.752425E-04	1.370998E-05
3.455392E+03	1.783511E-04	1.393297E-05
3.495002E+03	1.815671E-04	1.416359E-05
3.534612E+03	1.849037E-04	1.440282E-05
3.574223E+03	1.883770E-04	1.465187E-05
3.613833E+03	1.920061E-04	1.491217E-05
3.653443E+03	1.958117E-04	1.518528E-05
3.693053E+03	1.998169E-04	1.547294E-05
3.732664E+03	2.040458E-04	1.577694E-05
3.772274E+03	2.085239E-04	1.609916E-05
3.811884E+03	2.132769E-04	1.644151E-05
3.851494E+03	2.183305E-04	1.680587E-05
3.891105E+03	2.237103E-04	1.719411E-05
3.930715E+03	2.294405E-04	1.760797E-05
3.970325E+03	2.355440E-04	1.804910E-05
4.009935E+03	2.420416E-04	1.851895E-05
4.049545E+03	2.489523E-04	1.901885E-05
4.089156E+03	2.562917E-04	1.954985E-05
4.128766E+03	2.640727E-04	2.011279E-05
4.168376E+03	2.723032E-04	2.070812E-05
4.207986E+03	2.809851E-04	2.133584E-05
4.247597E+03	2.901120E-04	2.199533E-05
4.287207E+03	2.996669E-04	2.268514E-05
4.326817E+03	3.096194E-04	2.340285E-05
4.366427E+03	3.199242E-04	2.414490E-05
4.406038E+03	3.305188E-04	2.490650E-05
4.445648E+03	3.413251E-04	2.568168E-05
4.485258E+03	3.522513E-04	2.646348E-05
4.524868E+03	3.631976E-04	2.724441E-05
4.564479E+03	3.740639E-04	2.801698E-05
4.604089E+03	3.847575E-04	2.877431E-05
4.643699E+03	3.952026E-04	2.951082E-05
4.683309E+03	4.053430E-04	3.022244E-05
4.722919E+03	4.151368E-04	3.090617E-05
4.762530E+03	4.245406E-04	3.155894E-05
4.802140E+03	4.334853E-04	3.217579E-05
4.841750E+03	4.418842E-04	3.275045E-05
4.881360E+03	4.496527E-04	3.327691E-05
4.920971E+03	4.567201E-04	3.375015E-05
4.960581E+03	4.630326E-04	3.416647E-05
5.000191E+03	4.685537E-04	3.452347E-05
5.039801E+03	4.732595E-04	3.481967E-05
5.079412E+03	4.771379E-04	3.505446E-05
5.119022E+03	4.801873E-04	3.522803E-05
5.158632E+03	4.824171E-04	3.534135E-05
5.198242E+03	4.838505E-04	3.539640E-05
5.237853E+03	4.845272E-04	3.539635E-05
5.277463E+03	4.845081E-04	3.534590E-05
5.317073E+03	4.838800E-04	3.525161E-05
5.356683E+03	4.827593E-04	3.512214E-05
5.396293E+03	4.812954E-04	3.496852E-05
5.435904E+03	4.796688E-04	3.480396E-05
5.475514E+03	4.780854E-04	3.464343E-05
5.515124E+03	4.767654E-04	3.450290E-05
5.554734E+03	4.759304E-04	3.439831E-05
5.594345E+03	4.757868E-04	3.434444E-05
5.633955E+03	4.765134E-04	3.435403E-05
5.673565E+03	4.782491E-04	3.443686E-05
5.713175E+03	4.810885E-04	3.459951E-05
5.752786E+03	4.850821E-04	3.484535E-05
5.792396E+03	4.902370E-04	3.517464E-05
5.832006E+03	4.965164E-04	3.558451E-05
5.871616E+03	5.038384E-04	3.606888E-05
5.911227E+03	5.120735E-04	3.661829E-05
5.950837E+03	5.210435E-04	3.721989E-05
5.990447E+03	5.305231E-04	3.785751E-05
6.030057E+03	5.402466E-04	3.851218E-05
6.069667E+03	5.499225E-04	3.916317E-05
6.109278E+03	5.592614E-04	3.979000E-05
6.148888E+03	5.680197E-04	4.037553E-05
6.188498E+03	5.760504E-04	4.090949E-05
6.228108E+03	5.833058E-04	4.138876E-05
6.267719E+03	5.898296E-04	4.181665E-05
6.307329E+03	5.957850E-04	4.220490E-05
6.346939E+03	6.014260E-04	4.257167E-05
6.386549E+03	6.070543E-04	4.293837E-05
6.426160E+03	6.129829E-04	4.332720E-05
6.465770E+03	6.195082E-04	4.375909E-05
6.505380E+03	6.268889E-04	4.425229E-05
6.544990E+03	6.353320E-04	4.482135E-05
6.584601E+03	6.449827E-04	4.547645E-05
6.624211E+03	6.559206E-04	4.622314E-05
6.663821E+03	6.681613E-04	4.706247E-05
6.703431E+03	6.816602E-04	4.799128E-05
6.743041E+03	6.963190E-04	4.900262E-05
6.782652E+03	7.119890E-04	5.008609E-05
6.822262E+03	7.284740E-04	5.122792E-05
6.861872E+03	7.455339E-04	5.241132E-05
6.901482E+03	7.628932E-04	5.361705E-05
6.941093E+03	7.802533E-04	5.482425E-05
6.980703E+03	7.973054E-04	5.601140E-05
7.020313E+03	8.137457E-04	5.715731E-05
7.059923E+03	8.292872E-04	5.824200E-05
7.099534E+03	8.436723E-04	5.924755E-05
7.139144E+03	8.566817E-04	6.015873E-05
7.178754E+03	8.681394E-04	6.096330E-05
7.218364E+03	8.779188E-04	6.165251E-05
7.257975E+03	8.859534E-04	6.222175E-05
7.297585E+03	8.922595E-04	6.267224E-05
7.337195E+03	8.969690E-04	6.301329E-05
7.376805E+03	9.003639E-04	6.326470E-05
7.416415E+03	9.028977E-04	6.345835E-05
7.456026E+03	9.051948E-04	6.363814E-05
7.495636E+03	9.080175E-04	6.385770E-05
7.535246E+03	9.121880E-04	6.417497E-05
7.574856E+03	9.184542E-04	6.464274E-05
7.614467E+03	9.272374E-04	6.529096E-05
7.654077E+03	9.383524E-04	6.610688E-05
7.693687E+03	9.512251E-04	6.705037E-05
7.733297E+03	9.651193E-04	6.806973E-05
7.772908E+03	9.792564E-04	6.911020E-05
7.812518E+03	9.928945E-04	7.011948E-05
7.852128E+03	1.005387E-03	7.105188E-05
7.891738E+03	1.016232E-03	7.187168E-05
7.931349E+03	1.025106E-03	7.255575E-05
7.970959E+03	1.031880E-03	7.309471E-05
8.010569E+03	1.036615E-03	7.349248E-05
8.050179E+03	1.039527E-03	7.376398E-05
8.089789E+03	1.040935E-03	7.393140E-05
8.129400E+03	1.041201E-03	7.402018E-05
8.169010E+03	1.040680E-03	7.405530E-05
8.208620E+03	1.039687E-03	7.405903E-05
8.248230E+03	1.038482E-03	7.404956E-05
8.287841E+03	1.037250E-03	7.404009E-05
8.327451E+03	1.036093E-03	7.403783E-05
8.367061E+03	1.035024E-03	7.404367E-05
8.406671E+03	1.033978E-03	7.405280E-05
8.446282E+03	1.032833E-03	7.405656E-05
8.485892E+03	1.031449E-03	7.404468E-05
8.525502E+03	1.029693E-03	7.400753E-05
8.565112E+03	1.027469E-03	7.393807E-05
8.604723E+03	1.024740E-03	7.383334E-05
8.644333E+03	1.021540E-03	7.369569E-05
8.683943E+03	1.017984E-03	7.353322E-05
8.723553E+03	1.014265E-03	7.335960E-05
8.763163E+03	1.010636E-03	7.319317E-05
8.802774E+03	1.007397E-03	7.305558E-05
8.842384E+03	1.004866E-03	7.297001E-05
8.881994E+03	1.003357E-03	7.295936E-05
8.921604E+03	1.003153E-03	7.304459E-05
8.961215E+03	1.004493E-03	7.324340E-05
9.000825E+03	1.007551E-03	7.356888E-05
9.040435E+03	1.012423E-03	7.402870E-05
9.080045E+03	1.019132E-03	7.462480E-05
9.119656E+03	1.027628E-03	7.535434E-05
9.159266E+03	1.037820E-03	7.621099E-05
9.198876E+03	1.049589E-03	7.718654E-05
9.238486E+03	1.062806E-03	7.827196E-05
9.278097E+03	1.077340E-03	7.945815E-05
9.317707E+03	1.093069E-03	8.073640E-05
9.357317E+03	1.109879E-03	8.209863E-05
9.396927E+03	1.127660E-03	8.353715E-05
9.436537E+03	1.146299E-03	8.504372E-05
9.476148E+03	1.165646E-03	8.660757E-05
9.515758E+03	1.185487E-03	8.821297E-05
9.555368E+03	1.205515E-03	8.983722E-05
9.594978E+03	1.225328E-03	9.145027E-05
9.634589E+03	1.244447E-03	9.301628E-05
9.674199E+03	1.262353E-03	9.449617E-05
9.713809E+03	1.278529E-03	9.585069E-05
9.753419E+03	1.292492E-03	9.704301E-05
9.793030E+03	1.303824E-03	9.804085E-05
9.832640E+03	1.312194E-03	9.881839E-05
9.872250E+03	1.317380E-03	9.935790E-05
9.911857E+03	1.319290E-03	9.965128E-05
9.951468E+03	1.317977E-03	9.970136E-05
9.991078E+03	1.313648E-03	9.952267E-05
1.003069E+04	1.306664E-03	9.914165E-05
1.007030E+04	1.297536E-03	9.859608E-05
1.010991E+04	1.286902E-03	9.793380E-05
1.014952E+04	1.275498E-03	9.721031E-05
1.018913E+04	1.264116E-03	9.648584E-05
1.022874E+04	1.253553E-03	9.582130E-05
1.026835E+04	1.244540E-03	9.527287E-05
1.030796E+04	1.237643E-03	9.488437E-05
1.034757E+04	1.233156E-03	9.467919E-05
1.038718E+04	1.231057E-03	9.465633E-05
1.042679E+04	1.231045E-03	9.479339E-05
1.046640E+04	1.232641E-03	9.505420E-05
1.050601E+04	1.235285E-03	9.539603E-05
1.054562E+04	1.238401E-03	9.577448E-05
1.058523E+04	1.241424E-03	9.614615E-05
1.062484E+04	1.243830E-03	9.647021E-05
1.066445E+04	1.245143E-03	9.670947E-05
1.070406E+04	1.244950E-03	9.683148E-05
1.074367E+04	1.242916E-03	9.680962E-05
1.078328E+04	1.238795E-03	9.662401E-05
1.082289E+04	1.232435E-03	9.626212E-05
1.086250E+04	1.223777E-03	9.571860E-05
1.090211E+04	1.212847E-03	9.499467E-05
1.094172E+04	1.199743E-03	9.409744E-05
1.098133E+04	1.184637E-03	9.303951E-05
1.102094E+04	1.167757E-03	9.183830E-05
1.106055E+04	1.149379E-03	9.051505E-05
1.110016E+04	1.129806E-03	8.909302E-05
1.113977E+04	1.109342E-03	8.759595E-05
1.117938E+04	1.088282E-03	8.604685E-05
1.121900E+04	1.066898E-03	8.446721E-05
1.125861E+04	1.045439E-03	8.287654E-05
1.129822E+04	1.024122E-03	8.129213E-05
1.133783E+04	1.003133E-03	7.972886E-05
1.137744E+04	9.826307E-04	7.819947E-05
1.141705E+04	9.627523E-04	7.671503E-05
1.145666E+04	9.436186E-04	7.528544E-05
1.149627E+04	9.253434E-04	7.392001E-05
1.153588E+04	9.080366E-04	7.262784E-05
1.157549E+04	8.918074E-04	7.141796E-05
1.161510E+04	8.767613E-04	7.029920E-05
1.165471E+04	8.629942E-04	6.927962E-05
1.169432E+04	8.505821E-04	6.836571E-05
1.173393E+04	8.395745E-04	6.756188E-05
1.177354E+04	8.299930E-04	6.687029E-05
1.181315E+04	8.218302E-04	6.629077E-05
1.185276E+04	8.150489E-04	6.582072E-05
1.189237E+04	8.095783E-04	6.545482E-05
1.193198E+04	8.053097E-04	6.518466E-05
1.197159E+04	8.020937E-04	6.499846E-05
1.201120E+04	7.997373E-04	6.488087E-05
1.205081E+04	7.980071E-04	6.481315E-05
1.209042E+04	7.966300E-04	6.477328E-05
1.213003E+04	7.952981E-04	6.473630E-05
1.216964E+04	7.936719E-04	6.467454E-05
1.220925E+04	7.913867E-04	6.455818E-05
1.224886E+04	7.880658E-04	6.435629E-05
1.228847E+04	7.833481E-04	6.403908E-05
1.232808E+04	7.769388E-04	6.358206E-05
1.236769E+04	7.686789E-04	6.297179E-05
1.240730E+04	7.585982E-04	6.221024E-05
1.244691E+04	7.469145E-04	6.131486E-05
1.248652E+04	7.339843E-04	6.031456E-05
1.252613E+04	7.202350E-04	5.924422E-05
1.256574E+04	7.061129E-04	5.814040E-05
1.260535E+04	6.920465E-04	5.703836E-05
1.264496E+04	6.784259E-04	5.597033E-05
1.268457E+04	6.655896E-04	5.496440E-05
1.272418E+04	6.538202E-04	5.404412E-05
1.276379E+04	6.433423E-04	5.322840E-05
1.280340E+04	6.343244E-04	5.253148E-05
1.284301E+04	6.268839E-04	5.196345E-05
1.288262E+04	6.210915E-04	5.153058E-05
1.292224E+04	6.169764E-04	5.123567E-05
1.296185E+04	6.145291E-04	5.107832E-05
1.300146E+04	6.137043E-04	5.105513E-05
1.304107E+04	6.144248E-04	5.116006E-05
1.308068E+04	6.165892E-04	5.138497E-05
1.312029E+04	6.200763E-04	5.172007E-05
1.315990E+04	6.247498E-04	5.215427E-05
1.319951E+04	6.304587E-04	5.267517E-05
1.323912E+04	6.370373E-04	5.326916E-05
1.327873E+04	6.443076E-04	5.392148E-05
1.331834E+04	6.520807E-04	5.461645E-05
1.335795E+04	6.601622E-04	5.533785E-05
1.339756E+04	6.683555E-04	5.606925E-05
1.343717E+04	6.764660E-04	5.679431E-05
1.347678E+04	6.843043E-04	5.749707E-05
1.351639E+04	6.916884E-04	5.816217E-05
1.355600E+04	6.984483E-04	5.877520E-05
1.359561E+04	7.044307E-04	5.932312E-05
1.363522E+04	7.095046E-04	5.979473E-05
1.367483E+04	7.135671E-04	6.018117E-05
1.371444E+04	7.165454E-04	6.047609E-05
1.375405E+04	7.183984E-04	6.067584E-05
1.379366E+04	7.191148E-04	6.077924E-05
1.383327E+04	7.187098E-04	6.078737E-05
1.387288E+04	7.172217E-04	6.070329E-05
1.391249E+04	7.147077E-04	6.053166E-05
1.395210E+04	7.112414E-04	6.027853E-05
1.399171E+04	7.069090E-04	5.995107E-05
1.403132E+04	7.018079E-04	5.955740E-05
1.407093E+04	6.960452E-04	5.910652E-05
1.411054E+04	6.897365E-04	5.860814E-05
1.415015E+04	6.830049E-04	5.807265E-05
1.418976E+04	6.759788E-04	5.751093E-05
1.422937E+04	6.687893E-04	5.693411E-05
1.426898E+04	6.615663E-04	5.635324E-05
1.430859E+04	6.544373E-04	5.577921E-05
1.434820E+04	6.475281E-04	5.522276E-05
1.438781E+04	6.409616E-04	5.469444E-05
1.442742E+04	6.348578E-04	5.420457E-05
1.446703E+04	6.293330E-04	5.376315E-05
1.450664E+04	6.244980E-04	5.337975E-05
1.454625E+04	6.204577E-04	5.306345E-05
1.458587E+04	6.173053E-04	5.282235E-05
1.462548E+04	6.151167E-04	5.266308E-05
1.466509E+04	6.139452E-04	5.259034E-05
1.470470E+04	6.138167E-04	5.260651E-05
1.474431E+04	6.147259E-04	5.271124E-05
1.478392E+04	6.166342E-04	5.290139E-05
1.482353E+04	6.194688E-04	5.317082E-05
1.486314E+04	6.231267E-04	5.351079E-05
1.490275E+04	6.274795E-04	5.391039E-05
1.494236E+04	6.323810E-04	5.435712E-05
1.498197E+04	6.376728E-04	5.483742E-05
1.502158E+04	6.431860E-04	5.533680E-05
1.506119E+04	6.487444E-04	5.584011E-05
1.510080E+04	6.541661E-04	5.633168E-05
1.514041E+04	6.592724E-04	5.679610E-05
1.518002E+04	6.638998E-04	5.721923E-05
1.521963E+04	6.679110E-04	5.758917E-05
1.525924E+04	6.712047E-04	5.789712E-05
1.529885E+04	6.737175E-04	5.813752E-05
1.533846E+04	6.754213E-04	5.830787E-05
1.537807E+04	6.763167E-04	5.840813E-05
1.541768E+04	6.764213E-04	5.843973E-05
1.545729E+04	6.757607E-04	5.840482E-05
1.549690E+04	6.743593E-04	5.830544E-05
1.553651E+04	6.722377E-04	5.814329E-05
1.557612E+04	6.694120E-04	5.791972E-05
1.561573E+04	6.658996E-04	5.763616E-05
1.565534E+04	6.617234E-04	5.729455E-05
1.569495E+04	6.569177E-04	5.689780E-05
1.573456E+04	6.515283E-04	5.644984E-05
1.577417E+04	6.456079E-04	5.595521E-05
1.581378E+04	6.392085E-04	5.541836E-05
1.585339E+04	6.323726E-04	5.484296E-05
1.589300E+04	6.251267E-04	5.423128E-05
1.593261E+04	6.174809E-04	5.358420E-05
1.597222E+04	6.094322E-04	5.290143E-05
1.601183E+04	6.009733E-04	5.218231E-05
1.605144E+04	5.921049E-04	5.142690E-05
1.609105E+04	5.828507E-04	5.063722E-05
1.613066E+04	5.732698E-04	4.981843E-05
1.617027E+04	5.634606E-04	4.897905E-05
1.620988E+04	5.535541E-04	4.813048E-05
1.624949E+04	5.436998E-04	4.728574E-05
1.628911E+04	5.340461E-04	4.645775E-05
1.632872E+04	5.247222E-04	4.565778E-05
1.636833E+04	5.158268E-04	4.489447E-05
1.640794E+04	5.074251E-04	4.417352E-05
1.644755E+04	4.995506E-04	4.349791E-05
1.648716E+04	4.922093E-04	4.286819E-05
1.652677E+04	4.853831E-04	4.228283E-05
1.656638E+04	4.790372E-04	4.173885E-05
1.660599E+04	4.731268E-04	4.123238E-05
1.664560E+04	4.676037E-04	4.075924E-05
1.668521E+04	4.624224E-04	4.031550E-05
1.672482E+04	4.575416E-04	3.989758E-05
1.676443E+04	4.529251E-04	3.950236E-05
1.680404E+04	4.485395E-04	3.912693E-05
1.684365E+04	4.443531E-04	3.876857E-05
1.688326E+04	4.403341E-04	3.842449E-05
1.692287E+04	4.364488E-04	3.809179E-05
1.696248E+04	4.326624E-04	3.776741E-05
1.700209E+04	4.289388E-04	3.744825E-05
1.704170E+04	4.252439E-04	3.713132E-05
1.708131E+04	4.215475E-04	3.681399E-05
1.712092E+04	4.178272E-04	3.649432E-05
1.716053E+04	4.140714E-04	3.617129E-05
1.720014E+04	4.102800E-04	3.584490E-05
1.723975E+04	4.064670E-04	3.551638E-05
1.727936E+04	4.026605E-04	3.518820E-05
1.731897E+04	3.989008E-04	3.486388E-05
1.735858E+04	3.952389E-04	3.454788E-05
1.739819E+04	3.917327E-04	3.424527E-05
1.743780E+04	3.884442E-04	3.396150E-05
1.747741E+04	3.854373E-04	3.370215E-05
1.751702E+04	3.827747E-04	3.347272E-05
1.755663E+04	3.805171E-04	3.327854E-05
1.759624E+04	3.787212E-04	3.312458E-05
1.763585E+04	3.774365E-04	3.301518E-05
1.767546E+04	3.767031E-04	3.295387E-05
1.771507E+04	3.765487E-04	3.294309E-05
1.775468E+04	3.769878E-04	3.298411E-05
1.779429E+04	3.780198E-04	3.307691E-05
1.783390E+04	3.796290E-04	3.322011E-05
1.787351E+04	3.817856E-04	3.341113E-05
1.791312E+04	3.844487E-04	3.364639E-05
1.795274E+04	3.875686E-04	3.392156E-05
1.799235E+04	3.910879E-04	3.423161E-05
1.803196E+04	3.949428E-04	3.457097E-05
1.807157E+04	3.990638E-04	3.493357E-05
1.811118E+04	4.033774E-04	3.531295E-05
1.815079E+04	4.078069E-04	3.570242E-05
1.819040E+04	4.122755E-04	3.609525E-05
1.823001E+04	4.167069E-04	3.648476E-05
1.826962E+04	4.210290E-04	3.686464E-05
1.830923E+04	4.251756E-04	3.722908E-05
1.834884E+04	4.290874E-04	3.757290E-05
1.838845E+04	4.327123E-04	3.789153E-05
1.842806E+04	4.360042E-04	3.818093E-05
1.846767E+04	4.389236E-04	3.843763E-05
1.850728E+04	4.414367E-04	3.865870E-05
1.854689E+04	4.435173E-04	3.884180E-05
1.858650E+04	4.451477E-04	3.898542E-05
1.862611E+04	4.463192E-04	3.908877E-05
1.866572E+04	4.470304E-04	3.915174E-05
1.870533E+04	4.472866E-04	3.917480E-05
1.874494E+04	4.470994E-04	3.915895E-05
1.878455E+04	4.464875E-04	3.910585E-05
1.882416E+04	4.454779E-04	3.901785E-05
1.886377E+04	4.441078E-04	3.889822E-05
1.890338E+04	4.424248E-04	3.875112E-05
1.894299E+04	4.404866E-04	3.858163E-05
1.898260E+04	4.383590E-04	3.839550E-05
1.902221E+04	4.361128E-04	3.819895E-05
1.906182E+04	4.338218E-04	3.799842E-05
1.910143E+04	4.315591E-04	3.780035E-05
1.914104E+04	4.293957E-04	3.761094E-05
1.918065E+04	4.273977E-04	3.743599E-05
1.922026E+04	4.256227E-04	3.728054E-05
1.925987E+04	4.241179E-04	3.714876E-05
1.929948E+04	4.229185E-04	3.704370E-05
1.933909E+04	4.220465E-04	3.696731E-05
1.937870E+04	4.215115E-04	3.692044E-05
1.941831E+04	4.213109E-04	3.690284E-05
1.945792E+04	4.214301E-04	3.691326E-05
1.949753E+04	4.218430E-04	3.694942E-05
1.953714E+04	4.225122E-04	3.700802E-05
1.957675E+04	4.233914E-04	3.708503E-05
1.961636E+04	4.244289E-04	3.717593E-05
1.965598E+04	4.255710E-04	3.727601E-05
1.969559E+04	4.267639E-04	3.738056E-05
1.973520E+04	4.279569E-04	3.748514E-05
1.977481E+04	4.291028E-04	3.758564E-05
1.981442E+04	4.301585E-04	3.767827E-05
1.985403E+04	4.310838E-04	3.775953E-05
1.989364E+04	4.318414E-04	3.782613E-05
1.993325E+04	4.323950E-04	3.787492E-05
1.997286E+04	4.327101E-04	3.790287E-05
2.001247E+04	4.327528E-04	3.790703E-05
2.005208E+04	4.324904E-04	3.788452E-05
2.009169E+04	4.318924E-04	3.783267E-05
2.013130E+04	4.309323E-04	3.774918E-05
2.017091E+04	4.295923E-04	3.763249E-05
2.021052E+04	4.278676E-04	3.748216E-05
2.025013E+04	4.257700E-04	3.729925E-05
2.028974E+04	4.233298E-04	3.708640E-05
2.032935E+04	4.205923E-04	3.684760E-05
2.036896E+04	4.176145E-04	3.658782E-05
2.040857E+04	4.144589E-04	3.631254E-05
2.044818E+04	4.111888E-04	3.602732E-05
2.048779E+04	4.078627E-04	3.573728E-05
2.052740E+04	4.045311E-04	3.544685E-05
2.056701E+04	4.012333E-04	3.515947E-05
2.060662E+04	3.979950E-04	3.487740E-05
2.064623E+04	3.948287E-04	3.460172E-05
2.068584E+04	3.917342E-04	3.433245E-05
2.072545E+04	3.887031E-04	3.406882E-05
2.076506E+04	3.857193E-04	3.380943E-05
2.080467E+04	3.827632E-04	3.355259E-05
2.084428E+04	3.798125E-04	3.329631E-05
2.088389E+04	3.768454E-04	3.303871E-05
2.092350E+04	3.738433E-04	3.277814E-05
2.096311E+04	3.707917E-04	3.251334E-05
2.100272E+04	3.676830E-04	3.224363E-05
2.104233E+04	3.645173E-04	3.196903E-05
2.108194E+04	3.613056E-04	3.169050E-05
2.112155E+04	3.580723E-04	3.141018E-05
2.116116E+04	3.548585E-04	3.113167E-05
2.120077E+04	3.517201E-04	3.085986E-05
2.124038E+04	3.487221E-04	3.060045E-05
2.127999E+04	3.459236E-04	3.035863E-05
2.131961E+04	3.433430E-04	3.013601E-05
2.135922E+04	3.409400E-04	2.992905E-05
2.139883E+04	3.386527E-04	2.973233E-05
2.143844E+04	3.364193E-04	2.954042E-05
2.147805E+04	3.341862E-04	2.934860E-05
2.151766E+04	3.319097E-04	2.915302E-05
2.155727E+04	3.295563E-04	2.895074E-05
2.159688E+04	3.271010E-04	2.873956E-05
2.163649E+04	3.245263E-04	2.851792E-05
2.167610E+04	3.218198E-04	2.828474E-05
2.171571E+04	3.189737E-04	2.803931E-05
2.175532E+04	3.159826E-04	2.778113E-05
2.179493E+04	3.128423E-04	2.750984E-05
2.183454E+04	3.095514E-04	2.722530E-05
2.187415E+04	3.061107E-04	2.692756E-05
2.191376E+04	3.025248E-04	2.661702E-05
2.195337E+04	2.988031E-04	2.629449E-05
2.199298E+04	2.949583E-04	2.596109E-05
2.203259E+04	2.910062E-04	2.561818E-05
2.207220E+04	2.869660E-04	2.526744E-05
2.211181E+04	2.828596E-04	2.491081E-05
2.215142E+04	2.787123E-04	2.455049E-05
2.219103E+04	2.745512E-04	2.418887E-05
2.223064E+04	2.704051E-04	2.382847E-05
2.227025E+04	2.663023E-04	2.347180E-05
2.230986E+04	2.622711E-04	2.312134E-05
2.234947E+04	2.583394E-04	2.277955E-05
2.238908E+04	2.545331E-04	2.244873E-05
2.242869E+04	2.508767E-04	2.213102E-05
2.246830E+04	2.473922E-04	2.182839E-05
2.250791E+04	2.440989E-04	2.154253E-05
2.254752E+04	2.410123E-04	2.127483E-05
2.258713E+04	2.381446E-04	2.102637E-05
2.262674E+04	2.355036E-04	2.079785E-05
2.266635E+04	2.330920E-04	2.058953E-05
2.270596E+04	2.309088E-04	2.040131E-05
2.274557E+04	2.289494E-04	2.023281E-05
2.278518E+04	2.272067E-04	2.008342E-05
2.282479E+04	2.256710E-04	1.995227E-05
2.286440E+04	2.243300E-04	1.983831E-05
2.290401E+04	2.231705E-04	1.974037E-05
2.294362E+04	2.221787E-04	1.965724E-05
2.298323E+04	2.213417E-04	1.958778E-05
2.302285E+04	2.206478E-04	1.953098E-05
2.306246E+04	2.200875E-04	1.948599E-05
2.310207E+04	2.196522E-04	1.945206E-05
2.314168E+04	2.193347E-04	1.942856E-05
2.318129E+04	2.191290E-04	1.941496E-05
2.322090E+04	2.190288E-04	1.941073E-05
2.326051E+04	2.190281E-04	1.941530E-05
2.330012E+04	2.191195E-04	1.942807E-05
2.333973E+04	2.192958E-04	1.944837E-05
2.337934E+04	2.195481E-04	1.947543E-05
2.341895E+04	2.198678E-04	1.950849E-05
2.345856E+04	2.202458E-04	1.954674E-05
2.349817E+04	2.206734E-04	1.958940E-05
2.353778E+04	2.211415E-04	1.963569E-05
2.357739E+04	2.216416E-04	1.968485E-05
2.361700E+04	2.221648E-04	1.973608E-05
2.365661E+04	2.227017E-04	1.978855E-05
2.369622E+04	2.232431E-04	1.984145E-05
2.373583E+04	2.237791E-04	1.989388E-05
2.377544E+04	2.242993E-04	1.994493E-05
2.381505E+04	2.247929E-04	1.999363E-05
2.385466E+04	2.252492E-04	2.003904E-05
2.389427E+04	2.256573E-04	2.008017E-05
2.393388E+04	2.260075E-04	2.011615E-05
2.397349E+04	2.262909E-04	2.014621E-05
2.401310E+04	2.265010E-04	2.016974E-05
2.405271E+04	2.266336E-04	2.018637E-05
2.409232E+04	2.266870E-04	2.019593E-05
2.413193E+04	2.266620E-04	2.019851E-05
2.417154E+04	2.265614E-04	2.019433E-05
2.421115E+04	2.263903E-04	2.018386E-05
2.425076E+04	2.261550E-04	2.016764E-05
