#wls	flux	fluxerr
3.257341E+03	1.372643E-02	6.202662E-04
3.296951E+03	1.079485E-02	4.787276E-04
3.336561E+03	8.500093E-03	3.698829E-04
3.376171E+03	6.714397E-03	2.866407E-04
3.415782E+03	5.332513E-03	2.232953E-04
3.455392E+03	4.268763E-03	1.753068E-04
3.495002E+03	3.454195E-03	1.391013E-04
3.534612E+03	2.833913E-03	1.118934E-04
3.574223E+03	2.364714E-03	9.153420E-05
3.613833E+03	2.013035E-03	7.638454E-05
3.653443E+03	1.753265E-03	6.521135E-05
3.693053E+03	1.566365E-03	5.710482E-05
3.732664E+03	1.438834E-03	5.141490E-05
3.772274E+03	1.361963E-03	4.770310E-05
3.811884E+03	1.330169E-03	4.566662E-05
3.851494E+03	1.336810E-03	4.498626E-05
3.891105E+03	1.376107E-03	4.539298E-05
3.930715E+03	1.444440E-03	4.670567E-05
3.970325E+03	1.539382E-03	4.879310E-05
4.009935E+03	1.658901E-03	5.154454E-05
4.049545E+03	1.800781E-03	5.485072E-05
4.089156E+03	1.962234E-03	5.859238E-05
4.128766E+03	2.139676E-03	6.263524E-05
4.168376E+03	2.328683E-03	6.683048E-05
4.207986E+03	2.524134E-03	7.102084E-05
4.247597E+03	2.720560E-03	7.505164E-05
4.287207E+03	2.912662E-03	7.878506E-05
4.326817E+03	3.095983E-03	8.211701E-05
4.366427E+03	3.267560E-03	8.499127E-05
4.406038E+03	3.424992E-03	8.737154E-05
4.445648E+03	3.563744E-03	8.917219E-05
4.485258E+03	3.679808E-03	9.032848E-05
4.524868E+03	3.771304E-03	9.083293E-05
4.564479E+03	3.838835E-03	9.073815E-05
4.604089E+03	3.885843E-03	9.015965E-05
4.643699E+03	3.919272E-03	8.928538E-05
4.683309E+03	3.950767E-03	8.839570E-05
4.722919E+03	3.997919E-03	8.788264E-05
4.762530E+03	4.081779E-03	8.818651E-05
4.802140E+03	4.224364E-03	8.973945E-05
4.841750E+03	4.428446E-03	9.254492E-05
4.881360E+03	4.676360E-03	9.618820E-05
4.920971E+03	4.948133E-03	1.002353E-04
4.960581E+03	5.222559E-03	1.042522E-04
5.000191E+03	5.477073E-03	1.078021E-04
5.039801E+03	5.689280E-03	1.104753E-04
5.079412E+03	5.839766E-03	1.119394E-04
5.119022E+03	5.914831E-03	1.119845E-04
5.158632E+03	5.908574E-03	1.105540E-04
5.198242E+03	5.823689E-03	1.077493E-04
5.237853E+03	5.671289E-03	1.038179E-04
5.277463E+03	5.470426E-03	9.913774E-05
5.317073E+03	5.247210E-03	9.419576E-05
5.356683E+03	5.029545E-03	8.949039E-05
5.396293E+03	4.829218E-03	8.521652E-05
5.435904E+03	4.652088E-03	8.146003E-05
5.475514E+03	4.511871E-03	7.844221E-05
5.515124E+03	4.425059E-03	7.642643E-05
5.554734E+03	4.387825E-03	7.532220E-05
5.594345E+03	4.381625E-03	7.479299E-05
5.633955E+03	4.392117E-03	7.458337E-05
5.673565E+03	4.410071E-03	7.453105E-05
5.713175E+03	4.429788E-03	7.453725E-05
5.752786E+03	4.447714E-03	7.454159E-05
5.792396E+03	4.461327E-03	7.450257E-05
5.832006E+03	4.468275E-03	7.438265E-05
5.871616E+03	4.465737E-03	7.413739E-05
5.911227E+03	4.450076E-03	7.370961E-05
5.950837E+03	4.416835E-03	7.302919E-05
5.990447E+03	4.361237E-03	7.202081E-05
6.030057E+03	4.279358E-03	7.062289E-05
6.069667E+03	4.170399E-03	6.882282E-05
6.109278E+03	4.040261E-03	6.671525E-05
6.148888E+03	3.905891E-03	6.457622E-05
6.188498E+03	3.795765E-03	6.287337E-05
6.228108E+03	3.719953E-03	6.177139E-05
6.267719E+03	3.661553E-03	6.098860E-05
6.307329E+03	3.615564E-03	6.044043E-05
6.346939E+03	3.592139E-03	6.029656E-05
6.386549E+03	3.610889E-03	6.088969E-05
6.426160E+03	3.675290E-03	6.228396E-05
6.465770E+03	3.766763E-03	6.416963E-05
6.505380E+03	3.868838E-03	6.626740E-05
6.544990E+03	3.969346E-03	6.836611E-05
6.584601E+03	4.059027E-03	7.030031E-05
6.624211E+03	4.130891E-03	7.194056E-05
6.663821E+03	4.180052E-03	7.319176E-05
6.703431E+03	4.203702E-03	7.399403E-05
6.743041E+03	4.201035E-03	7.432265E-05
6.782652E+03	4.173037E-03	7.418551E-05
6.822262E+03	4.122094E-03	7.361702E-05
6.861872E+03	4.051496E-03	7.266980E-05
6.901482E+03	3.964932E-03	7.140591E-05
6.941093E+03	3.866119E-03	6.989003E-05
6.980703E+03	3.758572E-03	6.818511E-05
7.020313E+03	3.645513E-03	6.635042E-05
7.059923E+03	3.529821E-03	6.444021E-05
7.099534E+03	3.413989E-03	6.250270E-05
7.139144E+03	3.300055E-03	6.057847E-05
7.178754E+03	3.189521E-03	5.869868E-05
7.218364E+03	3.083328E-03	5.688439E-05
7.257975E+03	2.981919E-03	5.514755E-05
7.297585E+03	2.885504E-03	5.349566E-05
7.337195E+03	2.794499E-03	5.193997E-05
7.376805E+03	2.710256E-03	5.050899E-05
7.416415E+03	2.636125E-03	4.926869E-05
7.456026E+03	2.578517E-03	4.834205E-05
7.495636E+03	2.542766E-03	4.783274E-05
7.535246E+03	2.522079E-03	4.761728E-05
7.574856E+03	2.509525E-03	4.756764E-05
7.614467E+03	2.502866E-03	4.764309E-05
7.654077E+03	2.499636E-03	4.779790E-05
7.693687E+03	2.501154E-03	4.805792E-05
7.733297E+03	2.513082E-03	4.853152E-05
7.772908E+03	2.536363E-03	4.923654E-05
7.812518E+03	2.562326E-03	5.000360E-05
7.852128E+03	2.579246E-03	5.059986E-05
7.891738E+03	2.580913E-03	5.089642E-05
7.931349E+03	2.565815E-03	5.085515E-05
7.970959E+03	2.535274E-03	5.049411E-05
8.010569E+03	2.492051E-03	4.986138E-05
8.050179E+03	2.439432E-03	4.901728E-05
8.089789E+03	2.380671E-03	4.802345E-05
8.129400E+03	2.318711E-03	4.693692E-05
8.169010E+03	2.256071E-03	4.580757E-05
8.208620E+03	2.194821E-03	4.467729E-05
8.248230E+03	2.136622E-03	4.358034E-05
8.287841E+03	2.082776E-03	4.254417E-05
8.327451E+03	2.034282E-03	4.159017E-05
8.367061E+03	1.991886E-03	4.073460E-05
8.406671E+03	1.956132E-03	3.998942E-05
8.446282E+03	1.927413E-03	3.936320E-05
8.485892E+03	1.906011E-03	3.886185E-05
8.525502E+03	1.892129E-03	3.848928E-05
8.565112E+03	1.885907E-03	3.824758E-05
8.604723E+03	1.887419E-03	3.813699E-05
8.644333E+03	1.896629E-03	3.815504E-05
8.683943E+03	1.913333E-03	3.829543E-05
8.723553E+03	1.937068E-03	3.854629E-05
8.763163E+03	1.967039E-03	3.888895E-05
8.802774E+03	2.002058E-03	3.929713E-05
8.842384E+03	2.040564E-03	3.973771E-05
8.881994E+03	2.080738E-03	4.017345E-05
8.921604E+03	2.120773E-03	4.056858E-05
8.961215E+03	2.159405E-03	4.089909E-05
9.000825E+03	2.196863E-03	4.117025E-05
9.040435E+03	2.236513E-03	4.144553E-05
9.080045E+03	2.287144E-03	4.188511E-05
9.119656E+03	2.360347E-03	4.269204E-05
9.159266E+03	2.451227E-03	4.376398E-05
9.198876E+03	2.546631E-03	4.485633E-05
9.238486E+03	2.637325E-03	4.580309E-05
9.278097E+03	2.717661E-03	4.650847E-05
9.317707E+03	2.784305E-03	4.692189E-05
9.357317E+03	2.835429E-03	4.702190E-05
9.396927E+03	2.870241E-03	4.680686E-05
9.436537E+03	2.888718E-03	4.628924E-05
9.476148E+03	2.891422E-03	4.549186E-05
9.515758E+03	2.879396E-03	4.444533E-05
9.555368E+03	2.854082E-03	4.318611E-05
9.594978E+03	2.817315E-03	4.175563E-05
9.634589E+03	2.771447E-03	4.020135E-05
9.674199E+03	2.719709E-03	3.858096E-05
9.713809E+03	2.667057E-03	3.697238E-05
9.753419E+03	2.621812E-03	3.549306E-05
9.793030E+03	2.598086E-03	3.432645E-05
9.832640E+03	2.611905E-03	3.366208E-05
9.872250E+03	2.655929E-03	3.337390E-05
9.911857E+03	2.712025E-03	3.321398E-05
9.951468E+03	2.767733E-03	3.302649E-05
9.991078E+03	2.814933E-03	3.272330E-05
1.003069E+04	2.847762E-03	3.225306E-05
1.007030E+04	2.861542E-03	3.158553E-05
1.010991E+04	2.852383E-03	3.070468E-05
1.014952E+04	2.817193E-03	2.960661E-05
1.018913E+04	2.753924E-03	2.829958E-05
1.022874E+04	2.661990E-03	2.680510E-05
1.026835E+04	2.542801E-03	2.515976E-05
1.030796E+04	2.400560E-03	2.341957E-05
1.034757E+04	2.243794E-03	2.167196E-05
1.038718E+04	2.088895E-03	2.006879E-05
1.042679E+04	1.967592E-03	1.890101E-05
1.046640E+04	1.928989E-03	1.862795E-05
1.050601E+04	1.974467E-03	1.926123E-05
1.054562E+04	2.053461E-03	2.031870E-05
1.058523E+04	2.135405E-03	2.150215E-05
1.062484E+04	2.207668E-03	2.267715E-05
1.066445E+04	2.265847E-03	2.378303E-05
1.070406E+04	2.309071E-03	2.479069E-05
1.074367E+04	2.338010E-03	2.568568E-05
1.078328E+04	2.354021E-03	2.646148E-05
1.082289E+04	2.358757E-03	2.711683E-05
1.086250E+04	2.353966E-03	2.765424E-05
1.090211E+04	2.341367E-03	2.807907E-05
1.094172E+04	2.322570E-03	2.839853E-05
1.098133E+04	2.299027E-03	2.862093E-05
1.102094E+04	2.272017E-03	2.875520E-05
1.106055E+04	2.242652E-03	2.881048E-05
1.110016E+04	2.211886E-03	2.879590E-05
1.113977E+04	2.180541E-03	2.872052E-05
1.117938E+04	2.149325E-03	2.859320E-05
1.121900E+04	2.118840E-03	2.842241E-05
1.125861E+04	2.089598E-03	2.821622E-05
1.129822E+04	2.062019E-03	2.798201E-05
1.133783E+04	2.036446E-03	2.772649E-05
1.137744E+04	2.013143E-03	2.745558E-05
1.141705E+04	1.992295E-03	2.717431E-05
1.145666E+04	1.974015E-03	2.688684E-05
1.149627E+04	1.958344E-03	2.659642E-05
1.153588E+04	1.945250E-03	2.630550E-05
1.157549E+04	1.934641E-03	2.601586E-05
1.161510E+04	1.926359E-03	2.572871E-05
1.165471E+04	1.920181E-03	2.544475E-05
1.169432E+04	1.915806E-03	2.516419E-05
1.173393E+04	1.912824E-03	2.488652E-05
1.177354E+04	1.910678E-03	2.461016E-05
1.181315E+04	1.908618E-03	2.433212E-05
1.185276E+04	1.905666E-03	2.404771E-05
1.189237E+04	1.900565E-03	2.375009E-05
1.193198E+04	1.891783E-03	2.343026E-05
1.197159E+04	1.877508E-03	2.307687E-05
1.201120E+04	1.855720E-03	2.267652E-05
1.205081E+04	1.824296E-03	2.221421E-05
1.209042E+04	1.781253E-03	2.167495E-05
1.213003E+04	1.725215E-03	2.104792E-05
1.216964E+04	1.656370E-03	2.033655E-05
1.220925E+04	1.578371E-03	1.958161E-05
1.224886E+04	1.502099E-03	1.890932E-05
1.228847E+04	1.451313E-03	1.861009E-05
1.232808E+04	1.451933E-03	1.902827E-05
1.236769E+04	1.485417E-03	1.995216E-05
1.240730E+04	1.524424E-03	2.103414E-05
1.244691E+04	1.556555E-03	2.210167E-05
1.248652E+04	1.578231E-03	2.309028E-05
1.252613E+04	1.589723E-03	2.398558E-05
1.256574E+04	1.592712E-03	2.479408E-05
1.260535E+04	1.589195E-03	2.552963E-05
1.264496E+04	1.581019E-03	2.620731E-05
1.268457E+04	1.569726E-03	2.684085E-05
1.272418E+04	1.556544E-03	2.744194E-05
1.276379E+04	1.542413E-03	2.802012E-05
1.280340E+04	1.528043E-03	2.858315E-05
1.284301E+04	1.513962E-03	2.913728E-05
1.288262E+04	1.500561E-03	2.968762E-05
1.292224E+04	1.488116E-03	3.023821E-05
1.296185E+04	1.476811E-03	3.079204E-05
1.300146E+04	1.466746E-03	3.135106E-05
1.304107E+04	1.457954E-03	3.191607E-05
1.308068E+04	1.450405E-03	3.248681E-05
1.312029E+04	1.444032E-03	3.306213E-05
1.315990E+04	1.438735E-03	3.364017E-05
1.319951E+04	1.434402E-03	3.421863E-05
1.323912E+04	1.430913E-03	3.479487E-05
1.327873E+04	1.428144E-03	3.536595E-05
1.331834E+04	1.425965E-03	3.592867E-05
1.335795E+04	1.424245E-03	3.647953E-05
1.339756E+04	1.422845E-03	3.701470E-05
1.343717E+04	1.421627E-03	3.753015E-05
1.347678E+04	1.420452E-03	3.802174E-05
1.351639E+04	1.419181E-03	3.848505E-05
1.355600E+04	1.417678E-03	3.891575E-05
1.359561E+04	1.415810E-03	3.930939E-05
1.363522E+04	1.413442E-03	3.966142E-05
1.367483E+04	1.410450E-03	3.996755E-05
1.371444E+04	1.406720E-03	4.022376E-05
1.375405E+04	1.402158E-03	4.042655E-05
1.379366E+04	1.396691E-03	4.057317E-05
1.383327E+04	1.390279E-03	4.066187E-05
1.387288E+04	1.382906E-03	4.069173E-05
1.391249E+04	1.374588E-03	4.066296E-05
1.395210E+04	1.365371E-03	4.057676E-05
1.399171E+04	1.355324E-03	4.043526E-05
1.403132E+04	1.344538E-03	4.024140E-05
1.407093E+04	1.333120E-03	3.999875E-05
1.411054E+04	1.321190E-03	3.971146E-05
1.415015E+04	1.308876E-03	3.938398E-05
1.418976E+04	1.296304E-03	3.902092E-05
1.422937E+04	1.283606E-03	3.862704E-05
1.426898E+04	1.270902E-03	3.820684E-05
1.430859E+04	1.258310E-03	3.776477E-05
1.434820E+04	1.245931E-03	3.730477E-05
1.438781E+04	1.233855E-03	3.683042E-05
1.442742E+04	1.222156E-03	3.634486E-05
1.446703E+04	1.210896E-03	3.585075E-05
1.450664E+04	1.200127E-03	3.535041E-05
1.454625E+04	1.189891E-03	3.484587E-05
1.458587E+04	1.180225E-03	3.433894E-05
1.462548E+04	1.171163E-03	3.383122E-05
1.466509E+04	1.162726E-03	3.332403E-05
1.470470E+04	1.154930E-03	3.281836E-05
1.474431E+04	1.147774E-03	3.231480E-05
1.478392E+04	1.141245E-03	3.181348E-05
1.482353E+04	1.135308E-03	3.131404E-05
1.486314E+04	1.129907E-03	3.081557E-05
1.490275E+04	1.124965E-03	3.031662E-05
1.494236E+04	1.120378E-03	2.981528E-05
1.498197E+04	1.116028E-03	2.930935E-05
1.502158E+04	1.111789E-03	2.879675E-05
1.506119E+04	1.107543E-03	2.827587E-05
1.510080E+04	1.103200E-03	2.774607E-05
1.514041E+04	1.098712E-03	2.720802E-05
1.518002E+04	1.094079E-03	2.666385E-05
1.521963E+04	1.089354E-03	2.611701E-05
1.525924E+04	1.084622E-03	2.557194E-05
1.529885E+04	1.079990E-03	2.503346E-05
1.533846E+04	1.075553E-03	2.450628E-05
1.537807E+04	1.071377E-03	2.399442E-05
1.541768E+04	1.067471E-03	2.350080E-05
1.545729E+04	1.063770E-03	2.302695E-05
1.549690E+04	1.060118E-03	2.257278E-05
1.553651E+04	1.056259E-03	2.213654E-05
1.557612E+04	1.051831E-03	2.171484E-05
1.561573E+04	1.046371E-03	2.130274E-05
1.565534E+04	1.039323E-03	2.089390E-05
1.569495E+04	1.030053E-03	2.048080E-05
1.573456E+04	1.017885E-03	2.005504E-05
1.577417E+04	1.002143E-03	1.960787E-05
1.581378E+04	9.822364E-04	1.913131E-05
1.585339E+04	9.578079E-04	1.862040E-05
1.589300E+04	9.290099E-04	1.807810E-05
1.593261E+04	8.970334E-04	1.752532E-05
1.597222E+04	8.651154E-04	1.702002E-05
1.601183E+04	8.401963E-04	1.669260E-05
1.605144E+04	8.324887E-04	1.674591E-05
1.609105E+04	8.407751E-04	1.716391E-05
1.613066E+04	8.545334E-04	1.774069E-05
1.617027E+04	8.675509E-04	1.834921E-05
1.620988E+04	8.773510E-04	1.893355E-05
1.624949E+04	8.833699E-04	1.947493E-05
1.628911E+04	8.859064E-04	1.997216E-05
1.632872E+04	8.855836E-04	2.043149E-05
1.636833E+04	8.830850E-04	2.086150E-05
1.640794E+04	8.790372E-04	2.127070E-05
1.644755E+04	8.739660E-04	2.166654E-05
1.648716E+04	8.682917E-04	2.205515E-05
1.652677E+04	8.623375E-04	2.244129E-05
1.656638E+04	8.563430E-04	2.282851E-05
1.660599E+04	8.504759E-04	2.321922E-05
1.664560E+04	8.448420E-04	2.361474E-05
1.668521E+04	8.394933E-04	2.401532E-05
1.672482E+04	8.344350E-04	2.442016E-05
1.676443E+04	8.296325E-04	2.482744E-05
1.680404E+04	8.250180E-04	2.523438E-05
1.684365E+04	8.205026E-04	2.563748E-05
1.688326E+04	8.159890E-04	2.603286E-05
1.692287E+04	8.113864E-04	2.641669E-05
1.696248E+04	8.066252E-04	2.678572E-05
1.700209E+04	8.016675E-04	2.713766E-05
1.704170E+04	7.965137E-04	2.747153E-05
1.708131E+04	7.912042E-04	2.778785E-05
1.712092E+04	7.858144E-04	2.808856E-05
1.716053E+04	7.804465E-04	2.837681E-05
1.720014E+04	7.752201E-04	2.865672E-05
1.723975E+04	7.702633E-04	2.893306E-05
1.727936E+04	7.657067E-04	2.921103E-05
1.731897E+04	7.616778E-04	2.949602E-05
1.735858E+04	7.582971E-04	2.979348E-05
1.739819E+04	7.556757E-04	3.010871E-05
1.743780E+04	7.539129E-04	3.044678E-05
1.747741E+04	7.530949E-04	3.081240E-05
1.751702E+04	7.532922E-04	3.120978E-05
1.755663E+04	7.545571E-04	3.164242E-05
1.759624E+04	7.569204E-04	3.211299E-05
1.763585E+04	7.603892E-04	3.262312E-05
1.767546E+04	7.649465E-04	3.317331E-05
1.771507E+04	7.705518E-04	3.376294E-05
1.775468E+04	7.771418E-04	3.439023E-05
1.779429E+04	7.846335E-04	3.505232E-05
1.783390E+04	7.929251E-04	3.574530E-05
1.787351E+04	8.018984E-04	3.646429E-05
1.791312E+04	8.114197E-04	3.720343E-05
1.795274E+04	8.213402E-04	3.795593E-05
1.799235E+04	8.314979E-04	3.871415E-05
1.803196E+04	8.417186E-04	3.946960E-05
1.807157E+04	8.518192E-04	4.021316E-05
1.811118E+04	8.616114E-04	4.093524E-05
1.815079E+04	8.709074E-04	4.162606E-05
1.819040E+04	8.795254E-04	4.227598E-05
1.823001E+04	8.872968E-04	4.287585E-05
1.826962E+04	8.940715E-04	4.341733E-05
1.830923E+04	8.997222E-04	4.389317E-05
1.834884E+04	9.041470E-04	4.429733E-05
1.838845E+04	9.072713E-04	4.462517E-05
1.842806E+04	9.090478E-04	4.487345E-05
1.846767E+04	9.094580E-04	4.504048E-05
1.850728E+04	9.085113E-04	4.512607E-05
1.854689E+04	9.062463E-04	4.513162E-05
1.858650E+04	9.027282E-04	4.506004E-05
1.862611E+04	8.980444E-04	4.491546E-05
1.866572E+04	8.922980E-04	4.470300E-05
1.870533E+04	8.855998E-04	4.442830E-05
1.874494E+04	8.780616E-04	4.409714E-05
1.878455E+04	8.697915E-04	4.371529E-05
1.882416E+04	8.608924E-04	4.328830E-05
1.886377E+04	8.514620E-04	4.282156E-05
1.890338E+04	8.415939E-04	4.232031E-05
1.894299E+04	8.313797E-04	4.178974E-05
1.898260E+04	8.209085E-04	4.123494E-05
1.902221E+04	8.102686E-04	4.066096E-05
1.906182E+04	7.995466E-04	4.007280E-05
1.910143E+04	7.888274E-04	3.947535E-05
1.914104E+04	7.781918E-04	3.887328E-05
1.918065E+04	7.677155E-04	3.827098E-05
1.922026E+04	7.574677E-04	3.767246E-05
1.925987E+04	7.475099E-04	3.708133E-05
1.929948E+04	7.378972E-04	3.650081E-05
1.933909E+04	7.286779E-04	3.593376E-05
1.937870E+04	7.198953E-04	3.538270E-05
1.941831E+04	7.115869E-04	3.484988E-05
1.945792E+04	7.037852E-04	3.433718E-05
1.949753E+04	6.965148E-04	3.384610E-05
1.953714E+04	6.897916E-04	3.337764E-05
1.957675E+04	6.836191E-04	3.293219E-05
1.961636E+04	6.779868E-04	3.250943E-05
1.965598E+04	6.728682E-04	3.210826E-05
1.969559E+04	6.682218E-04	3.172690E-05
1.973520E+04	6.639935E-04	3.136299E-05
1.977481E+04	6.601209E-04	3.101383E-05
1.981442E+04	6.565374E-04	3.067660E-05
1.985403E+04	6.531769E-04	3.034856E-05
1.989364E+04	6.499763E-04	3.002719E-05
1.993325E+04	6.468772E-04	2.971029E-05
1.997286E+04	6.438276E-04	2.939600E-05
2.001247E+04	6.407823E-04	2.908288E-05
2.005208E+04	6.377040E-04	2.876988E-05
2.009169E+04	6.345637E-04	2.845641E-05
2.013130E+04	6.313425E-04	2.814235E-05
2.017091E+04	6.280309E-04	2.782808E-05
2.021052E+04	6.246297E-04	2.751442E-05
2.025013E+04	6.211488E-04	2.720261E-05
2.028974E+04	6.176055E-04	2.689424E-05
2.032935E+04	6.140207E-04	2.659101E-05
2.036896E+04	6.104169E-04	2.629472E-05
2.040857E+04	6.068143E-04	2.600701E-05
2.044818E+04	6.032276E-04	2.572931E-05
2.048779E+04	5.996645E-04	2.546274E-05
2.052740E+04	5.961232E-04	2.520799E-05
2.056701E+04	5.925900E-04	2.496527E-05
2.060662E+04	5.890377E-04	2.473422E-05
2.064623E+04	5.854239E-04	2.451384E-05
2.068584E+04	5.816905E-04	2.430246E-05
2.072545E+04	5.777640E-04	2.409776E-05
2.076506E+04	5.735586E-04	2.389687E-05
2.080467E+04	5.689792E-04	2.369646E-05
2.084428E+04	5.639249E-04	2.349288E-05
2.088389E+04	5.582939E-04	2.328226E-05
2.092350E+04	5.519899E-04	2.306083E-05
2.096311E+04	5.449317E-04	2.282517E-05
2.100272E+04	5.370678E-04	2.257290E-05
2.104233E+04	5.283982E-04	2.230346E-05
2.108194E+04	5.190063E-04	2.201912E-05
2.112155E+04	5.091042E-04	2.172705E-05
2.116116E+04	4.991066E-04	2.144315E-05
2.120077E+04	4.897528E-04	2.119780E-05
2.124038E+04	4.823007E-04	2.104503E-05
2.127999E+04	4.786183E-04	2.106783E-05
2.131961E+04	4.794686E-04	2.130349E-05
2.135922E+04	4.830593E-04	2.167670E-05
2.139883E+04	4.877317E-04	2.211559E-05
2.143844E+04	4.924732E-04	2.257501E-05
2.147805E+04	4.966911E-04	2.302734E-05
2.151766E+04	5.000443E-04	2.345544E-05
2.155727E+04	5.023457E-04	2.384862E-05
2.159688E+04	5.035049E-04	2.420026E-05
2.163649E+04	5.034922E-04	2.450638E-05
2.167610E+04	5.023155E-04	2.476461E-05
2.171571E+04	5.000026E-04	2.497350E-05
2.175532E+04	4.965922E-04	2.513213E-05
2.179493E+04	4.921269E-04	2.523979E-05
2.183454E+04	4.866495E-04	2.529583E-05
2.187415E+04	4.802023E-04	2.529965E-05
2.191376E+04	4.728273E-04	2.525073E-05
2.195337E+04	4.645687E-04	2.514874E-05
2.199298E+04	4.554751E-04	2.499372E-05
2.203259E+04	4.456011E-04	2.478618E-05
2.207220E+04	4.350100E-04	2.452728E-05
2.211181E+04	4.237744E-04	2.421893E-05
2.215142E+04	4.119774E-04	2.386387E-05
2.219103E+04	3.997115E-04	2.346569E-05
2.223064E+04	3.870780E-04	2.302880E-05
2.227025E+04	3.741851E-04	2.255838E-05
2.230986E+04	3.611452E-04	2.206026E-05
2.234947E+04	3.480730E-04	2.154081E-05
2.238908E+04	3.350825E-04	2.100672E-05
2.242869E+04	3.222845E-04	2.046495E-05
2.246830E+04	3.097839E-04	1.992241E-05
2.250791E+04	2.976770E-04	1.938588E-05
2.254752E+04	2.860490E-04	1.886172E-05
2.258713E+04	2.749721E-04	1.835575E-05
2.262674E+04	2.645040E-04	1.787307E-05
2.266635E+04	2.546876E-04	1.741798E-05
2.270596E+04	2.455521E-04	1.699400E-05
2.274557E+04	2.371138E-04	1.660386E-05
2.278518E+04	2.293784E-04	1.624961E-05
2.282479E+04	2.223430E-04	1.593269E-05
2.286440E+04	2.159976E-04	1.565406E-05
2.290401E+04	2.103263E-04	1.541421E-05
2.294362E+04	2.053096E-04	1.521330E-05
2.298323E+04	2.009246E-04	1.505120E-05
2.302285E+04	1.971469E-04	1.492757E-05
2.306246E+04	1.939514E-04	1.484193E-05
2.310207E+04	1.913132E-04	1.479377E-05
2.314168E+04	1.892087E-04	1.478256E-05
2.318129E+04	1.876156E-04	1.480780E-05
2.322090E+04	1.865138E-04	1.486911E-05
2.326051E+04	1.858847E-04	1.496613E-05
2.330012E+04	1.857115E-04	1.509861E-05
2.333973E+04	1.859787E-04	1.526631E-05
2.337934E+04	1.866720E-04	1.546907E-05
2.341895E+04	1.877778E-04	1.570672E-05
2.345856E+04	1.892830E-04	1.597907E-05
2.349817E+04	1.911748E-04	1.628594E-05
2.353778E+04	1.934403E-04	1.662705E-05
2.357739E+04	1.960667E-04	1.700211E-05
2.361700E+04	1.990409E-04	1.741075E-05
2.365661E+04	2.023495E-04	1.785252E-05
2.369622E+04	2.059793E-04	1.832694E-05
2.373583E+04	2.099168E-04	1.883345E-05
2.377544E+04	2.141490E-04	1.937151E-05
2.381505E+04	2.186624E-04	1.994046E-05
2.385466E+04	2.234444E-04	2.053968E-05
2.389427E+04	2.284821E-04	2.116850E-05
2.393388E+04	2.337630E-04	2.182621E-05
2.397349E+04	2.392750E-04	2.251212E-05
2.401310E+04	2.450055E-04	2.322543E-05
2.405271E+04	2.509425E-04	2.396539E-05
2.409232E+04	2.570738E-04	2.473113E-05
2.413193E+04	2.633874E-04	2.552182E-05
2.417154E+04	2.698718E-04	2.633662E-05
2.421115E+04	2.765167E-04	2.717474E-05
2.425076E+04	2.833125E-04	2.803549E-05
