#wls	flux	fluxerr
3.257341E+03	1.263324E-03	1.031569E-04
3.296951E+03	1.277577E-03	1.029796E-04
3.336561E+03	1.294281E-03	1.029632E-04
3.376171E+03	1.313643E-03	1.031163E-04
3.415782E+03	1.335882E-03	1.034476E-04
3.455392E+03	1.361220E-03	1.039650E-04
3.495002E+03	1.389874E-03	1.046753E-04
3.534612E+03	1.422048E-03	1.055831E-04
3.574223E+03	1.457919E-03	1.066904E-04
3.613833E+03	1.497627E-03	1.079957E-04
3.653443E+03	1.541264E-03	1.094936E-04
3.693053E+03	1.588862E-03	1.111740E-04
3.732664E+03	1.640382E-03	1.130221E-04
3.772274E+03	1.695705E-03	1.150177E-04
3.811884E+03	1.754630E-03	1.171358E-04
3.851494E+03	1.816871E-03	1.193468E-04
3.891105E+03	1.882066E-03	1.216177E-04
3.930715E+03	1.949788E-03	1.239128E-04
3.970325E+03	2.019563E-03	1.261959E-04
4.009935E+03	2.090892E-03	1.284309E-04
4.049545E+03	2.163269E-03	1.305841E-04
4.089156E+03	2.236187E-03	1.326239E-04
4.128766E+03	2.309139E-03	1.345211E-04
4.168376E+03	2.381573E-03	1.362462E-04
4.207986E+03	2.452826E-03	1.377661E-04
4.247597E+03	2.521991E-03	1.390373E-04
4.287207E+03	2.587764E-03	1.399984E-04
4.326817E+03	2.648290E-03	1.405648E-04
4.366427E+03	2.701264E-03	1.406355E-04
4.406038E+03	2.745230E-03	1.401626E-04
4.445648E+03	2.781529E-03	1.392437E-04
4.485258E+03	2.812490E-03	1.380186E-04
4.524868E+03	2.840227E-03	1.366072E-04
4.564479E+03	2.866456E-03	1.351025E-04
4.604089E+03	2.892507E-03	1.335728E-04
4.643699E+03	2.919297E-03	1.320631E-04
4.683309E+03	2.947188E-03	1.305902E-04
4.722919E+03	2.975556E-03	1.291272E-04
4.762530E+03	3.002291E-03	1.275866E-04
4.802140E+03	3.026260E-03	1.259285E-04
4.841750E+03	3.047649E-03	1.241697E-04
4.881360E+03	3.066882E-03	1.223353E-04
4.920971E+03	3.084436E-03	1.204510E-04
4.960581E+03	3.100781E-03	1.185406E-04
5.000191E+03	3.116337E-03	1.166244E-04
5.039801E+03	3.131415E-03	1.147176E-04
5.079412E+03	3.146128E-03	1.128274E-04
5.119022E+03	3.160305E-03	1.109507E-04
5.158632E+03	3.173375E-03	1.090717E-04
5.198242E+03	3.184260E-03	1.071590E-04
5.237853E+03	3.191266E-03	1.051643E-04
5.277463E+03	3.192058E-03	1.030232E-04
5.317073E+03	3.183858E-03	1.006629E-04
5.356683E+03	3.164566E-03	9.803874E-05
5.396293E+03	3.135722E-03	9.521989E-05
5.435904E+03	3.100755E-03	9.232684E-05
5.475514E+03	3.061686E-03	8.942999E-05
5.515124E+03	3.019120E-03	8.655374E-05
5.554734E+03	2.976498E-03	8.379881E-05
5.594345E+03	2.939018E-03	8.130663E-05
5.633955E+03	2.909946E-03	7.915655E-05
5.673565E+03	2.890728E-03	7.737453E-05
5.713175E+03	2.881696E-03	7.595634E-05
5.752786E+03	2.882632E-03	7.488468E-05
5.792396E+03	2.893117E-03	7.413936E-05
5.832006E+03	2.912683E-03	7.370143E-05
5.871616E+03	2.940881E-03	7.355469E-05
5.911227E+03	2.977210E-03	7.368410E-05
5.950837E+03	3.020962E-03	7.407170E-05
5.990447E+03	3.070902E-03	7.468892E-05
6.030057E+03	3.124729E-03	7.548385E-05
6.069667E+03	3.178299E-03	7.636232E-05
6.109278E+03	3.224614E-03	7.716072E-05
6.148888E+03	3.252773E-03	7.762192E-05
6.188498E+03	3.249621E-03	7.743477E-05
6.228108E+03	3.212937E-03	7.654280E-05
6.267719E+03	3.155925E-03	7.524997E-05
6.307329E+03	3.091316E-03	7.384647E-05
6.346939E+03	3.027483E-03	7.251946E-05
6.386549E+03	2.969137E-03	7.137089E-05
6.426160E+03	2.918490E-03	7.044534E-05
6.465770E+03	2.876224E-03	6.975275E-05
6.505380E+03	2.842113E-03	6.928279E-05
6.544990E+03	2.815416E-03	6.901381E-05
6.584601E+03	2.795110E-03	6.891794E-05
6.624211E+03	2.780012E-03	6.896386E-05
6.663821E+03	2.768861E-03	6.911838E-05
6.703431E+03	2.760366E-03	6.934755E-05
6.743041E+03	2.753272E-03	6.961812E-05
6.782652E+03	2.746385E-03	6.989820E-05
6.822262E+03	2.738643E-03	7.015895E-05
6.861872E+03	2.729151E-03	7.037569E-05
6.901482E+03	2.717246E-03	7.052951E-05
6.941093E+03	2.702540E-03	7.060874E-05
6.980703E+03	2.684988E-03	7.061079E-05
7.020313E+03	2.664917E-03	7.054329E-05
7.059923E+03	2.643052E-03	7.042496E-05
7.099534E+03	2.620496E-03	7.028541E-05
7.139144E+03	2.598679E-03	7.016414E-05
7.178754E+03	2.579233E-03	7.010729E-05
7.218364E+03	2.563818E-03	7.016318E-05
7.257975E+03	2.553885E-03	7.037577E-05
7.297585E+03	2.550359E-03	7.077574E-05
7.337195E+03	2.553209E-03	7.136808E-05
7.376805E+03	2.560861E-03	7.211453E-05
7.416415E+03	2.569422E-03	7.290998E-05
7.456026E+03	2.572262E-03	7.356646E-05
7.495636E+03	2.562662E-03	7.388353E-05
7.535246E+03	2.540117E-03	7.383409E-05
7.574856E+03	2.505652E-03	7.343474E-05
7.614467E+03	2.459789E-03	7.268791E-05
7.654077E+03	2.404816E-03	7.164930E-05
7.693687E+03	2.343313E-03	7.038597E-05
7.733297E+03	2.277202E-03	6.894802E-05
7.772908E+03	2.207817E-03	6.736997E-05
7.812518E+03	2.136087E-03	6.567584E-05
7.852128E+03	2.062708E-03	6.388384E-05
7.891738E+03	1.988250E-03	6.200940E-05
7.931349E+03	1.913229E-03	6.006741E-05
7.970959E+03	1.838150E-03	5.807334E-05
8.010569E+03	1.763524E-03	5.604367E-05
8.050179E+03	1.689866E-03	5.399585E-05
8.089789E+03	1.617689E-03	5.194801E-05
8.129400E+03	1.547505E-03	4.991878E-05
8.169010E+03	1.479817E-03	4.792711E-05
8.208620E+03	1.415127E-03	4.599214E-05
8.248230E+03	1.353926E-03	4.413306E-05
8.287841E+03	1.296699E-03	4.236885E-05
8.327451E+03	1.243919E-03	4.071814E-05
8.367061E+03	1.196044E-03	3.919893E-05
8.406671E+03	1.153519E-03	3.782845E-05
8.446282E+03	1.116771E-03	3.662298E-05
8.485892E+03	1.086207E-03	3.559751E-05
8.525502E+03	1.062200E-03	3.476533E-05
8.565112E+03	1.045067E-03	3.413703E-05
8.604723E+03	1.035021E-03	3.371892E-05
8.644333E+03	1.032073E-03	3.350987E-05
8.683943E+03	1.035960E-03	3.349895E-05
8.723553E+03	1.046224E-03	3.366809E-05
8.763163E+03	1.062314E-03	3.399585E-05
8.802774E+03	1.083653E-03	3.445934E-05
8.842384E+03	1.109652E-03	3.503515E-05
8.881994E+03	1.139730E-03	3.570000E-05
8.921604E+03	1.173324E-03	3.643104E-05
8.961215E+03	1.209887E-03	3.720623E-05
9.000825E+03	1.248904E-03	3.800461E-05
9.040435E+03	1.289891E-03	3.880656E-05
9.080045E+03	1.332403E-03	3.959401E-05
9.119656E+03	1.376033E-03	4.035055E-05
9.159266E+03	1.420416E-03	4.106144E-05
9.198876E+03	1.465221E-03	4.171366E-05
9.238486E+03	1.510160E-03	4.229582E-05
9.278097E+03	1.554977E-03	4.279822E-05
9.317707E+03	1.599457E-03	4.321280E-05
9.357317E+03	1.643421E-03	4.353314E-05
9.396927E+03	1.686727E-03	4.375439E-05
9.436537E+03	1.729263E-03	4.387307E-05
9.476148E+03	1.770937E-03	4.388679E-05
9.515758E+03	1.811666E-03	4.379396E-05
9.555368E+03	1.851361E-03	4.359341E-05
9.594978E+03	1.889918E-03	4.328437E-05
9.634589E+03	1.927222E-03	4.286653E-05
9.674199E+03	1.963151E-03	4.234034E-05
9.713809E+03	1.997582E-03	4.170713E-05
9.753419E+03	2.030385E-03	4.096916E-05
9.793030E+03	2.061424E-03	4.012972E-05
9.832640E+03	2.090562E-03	3.919328E-05
9.872250E+03	2.117675E-03	3.816598E-05
9.911857E+03	2.142682E-03	3.705629E-05
9.951468E+03	2.165576E-03	3.587504E-05
9.991078E+03	2.186464E-03	3.463665E-05
1.003069E+04	2.205620E-03	3.335930E-05
1.007030E+04	2.223550E-03	3.206562E-05
1.010991E+04	2.241043E-03	3.078289E-05
1.014952E+04	2.259225E-03	2.954326E-05
1.018913E+04	2.279546E-03	2.838300E-05
1.022874E+04	2.303713E-03	2.734153E-05
1.026835E+04	2.333437E-03	2.645876E-05
1.030796E+04	2.369797E-03	2.576918E-05
1.034757E+04	2.411807E-03	2.528889E-05
1.038718E+04	2.453519E-03	2.498911E-05
1.042679E+04	2.480018E-03	2.475833E-05
1.046640E+04	2.469421E-03	2.441606E-05
1.050601E+04	2.420892E-03	2.395479E-05
1.054562E+04	2.357350E-03	2.356161E-05
1.058523E+04	2.295316E-03	2.335160E-05
1.062484E+04	2.241673E-03	2.335016E-05
1.066445E+04	2.197857E-03	2.353683E-05
1.070406E+04	2.163008E-03	2.387504E-05
1.074367E+04	2.135518E-03	2.432561E-05
1.078328E+04	2.113685E-03	2.485195E-05
1.082289E+04	2.095961E-03	2.542162E-05
1.086250E+04	2.081041E-03	2.600670E-05
1.090211E+04	2.067855E-03	2.658346E-05
1.094172E+04	2.055555E-03	2.713197E-05
1.098133E+04	2.043491E-03	2.763592E-05
1.102094E+04	2.031184E-03	2.808220E-05
1.106055E+04	2.018293E-03	2.846066E-05
1.110016E+04	2.004604E-03	2.876383E-05
1.113977E+04	1.989995E-03	2.898665E-05
1.117938E+04	1.974427E-03	2.912619E-05
1.121900E+04	1.957916E-03	2.918136E-05
1.125861E+04	1.940526E-03	2.915261E-05
1.129822E+04	1.922345E-03	2.904166E-05
1.133783E+04	1.903484E-03	2.885128E-05
1.137744E+04	1.884061E-03	2.858510E-05
1.141705E+04	1.864202E-03	2.824745E-05
1.145666E+04	1.844040E-03	2.784335E-05
1.149627E+04	1.823713E-03	2.737842E-05
1.153588E+04	1.803374E-03	2.685893E-05
1.157549E+04	1.783192E-03	2.629183E-05
1.161510E+04	1.763360E-03	2.568482E-05
1.165471E+04	1.744096E-03	2.504636E-05
1.169432E+04	1.725657E-03	2.438575E-05
1.173393E+04	1.708338E-03	2.371324E-05
1.177354E+04	1.692488E-03	2.304015E-05
1.181315E+04	1.678515E-03	2.237898E-05
1.185276E+04	1.666893E-03	2.174358E-05
1.189237E+04	1.658176E-03	2.114934E-05
1.193198E+04	1.652993E-03	2.061328E-05
1.197159E+04	1.652034E-03	2.015416E-05
1.201120E+04	1.656013E-03	1.979225E-05
1.205081E+04	1.665573E-03	1.954864E-05
1.209042E+04	1.681111E-03	1.944377E-05
1.213003E+04	1.702441E-03	1.949403E-05
1.216964E+04	1.728213E-03	1.970533E-05
1.220925E+04	1.754886E-03	2.006057E-05
1.224886E+04	1.775210E-03	2.049875E-05
1.228847E+04	1.777299E-03	2.089003E-05
1.232808E+04	1.750963E-03	2.109198E-05
1.236769E+04	1.704039E-03	2.115739E-05
1.240730E+04	1.650176E-03	2.121376E-05
1.244691E+04	1.598133E-03	2.134339E-05
1.248652E+04	1.552179E-03	2.158513E-05
1.252613E+04	1.513893E-03	2.195210E-05
1.256574E+04	1.483438E-03	2.244391E-05
1.260535E+04	1.460288E-03	2.305358E-05
1.264496E+04	1.443634E-03	2.377118E-05
1.268457E+04	1.432589E-03	2.458570E-05
1.272418E+04	1.426301E-03	2.548616E-05
1.276379E+04	1.424000E-03	2.646204E-05
1.280340E+04	1.425015E-03	2.750353E-05
1.284301E+04	1.428769E-03	2.860159E-05
1.288262E+04	1.434777E-03	2.974790E-05
1.292224E+04	1.442626E-03	3.093469E-05
1.296185E+04	1.451961E-03	3.215465E-05
1.300146E+04	1.462475E-03	3.340073E-05
1.304107E+04	1.473892E-03	3.466596E-05
1.308068E+04	1.485962E-03	3.594337E-05
1.312029E+04	1.498451E-03	3.722578E-05
1.315990E+04	1.511132E-03	3.850578E-05
1.319951E+04	1.523789E-03	3.977563E-05
1.323912E+04	1.536205E-03	4.102725E-05
1.327873E+04	1.548167E-03	4.225217E-05
1.331834E+04	1.559462E-03	4.344160E-05
1.335795E+04	1.569875E-03	4.458634E-05
1.339756E+04	1.579194E-03	4.567700E-05
1.343717E+04	1.587215E-03	4.670414E-05
1.347678E+04	1.593750E-03	4.765863E-05
1.351639E+04	1.598633E-03	4.853195E-05
1.355600E+04	1.601729E-03	4.931650E-05
1.359561E+04	1.602939E-03	5.000583E-05
1.363522E+04	1.602198E-03	5.059475E-05
1.367483E+04	1.599475E-03	5.107948E-05
1.371444E+04	1.594774E-03	5.145762E-05
1.375405E+04	1.588134E-03	5.172825E-05
1.379366E+04	1.579624E-03	5.189187E-05
1.383327E+04	1.569342E-03	5.195041E-05
1.387288E+04	1.557416E-03	5.190721E-05
1.391249E+04	1.543999E-03	5.176693E-05
1.395210E+04	1.529271E-03	5.153544E-05
1.399171E+04	1.513427E-03	5.121968E-05
1.403132E+04	1.496676E-03	5.082731E-05
1.407093E+04	1.479232E-03	5.036651E-05
1.411054E+04	1.461306E-03	4.984566E-05
1.415015E+04	1.443105E-03	4.927308E-05
1.418976E+04	1.424822E-03	4.865679E-05
1.422937E+04	1.406634E-03	4.800438E-05
1.426898E+04	1.388699E-03	4.732279E-05
1.430859E+04	1.371157E-03	4.661824E-05
1.434820E+04	1.354125E-03	4.589623E-05
1.438781E+04	1.337699E-03	4.516138E-05
1.442742E+04	1.321954E-03	4.441755E-05
1.446703E+04	1.306947E-03	4.366778E-05
1.450664E+04	1.292710E-03	4.291431E-05
1.454625E+04	1.279259E-03	4.215861E-05
1.458587E+04	1.266588E-03	4.140136E-05
1.462548E+04	1.254667E-03	4.064247E-05
1.466509E+04	1.243449E-03	3.988115E-05
1.470470E+04	1.232861E-03	3.911586E-05
1.474431E+04	1.222810E-03	3.834444E-05
1.478392E+04	1.213178E-03	3.756417E-05
1.482353E+04	1.203828E-03	3.677183E-05
1.486314E+04	1.194604E-03	3.596390E-05
1.490275E+04	1.185334E-03	3.513676E-05
1.494236E+04	1.175839E-03	3.428700E-05
1.498197E+04	1.165943E-03	3.341171E-05
1.502158E+04	1.155477E-03	3.250876E-05
1.506119E+04	1.144294E-03	3.157708E-05
1.510080E+04	1.132273E-03	3.061691E-05
1.514041E+04	1.119330E-03	2.962992E-05
1.518002E+04	1.105422E-03	2.861927E-05
1.521963E+04	1.090551E-03	2.758961E-05
1.525924E+04	1.074763E-03	2.654692E-05
1.529885E+04	1.058148E-03	2.549834E-05
1.533846E+04	1.040832E-03	2.445190E-05
1.537807E+04	1.022973E-03	2.341631E-05
1.541768E+04	1.004755E-03	2.240066E-05
1.545729E+04	9.863861E-04	2.141429E-05
1.549690E+04	9.680898E-04	2.046666E-05
1.553651E+04	9.501114E-04	1.956734E-05
1.557612E+04	9.327167E-04	1.872598E-05
1.561573E+04	9.161959E-04	1.795236E-05
1.565534E+04	9.008671E-04	1.725647E-05
1.569495E+04	8.870817E-04	1.664858E-05
1.573456E+04	8.752234E-04	1.613929E-05
1.577417E+04	8.656999E-04	1.573941E-05
1.581378E+04	8.589142E-04	1.545960E-05
1.585339E+04	8.551912E-04	1.530929E-05
1.589300E+04	8.546150E-04	1.529395E-05
1.593261E+04	8.566910E-04	1.540893E-05
1.597222E+04	8.597281E-04	1.562472E-05
1.601183E+04	8.600641E-04	1.587114E-05
1.605144E+04	8.527666E-04	1.604804E-05
1.609105E+04	8.383718E-04	1.614972E-05
1.613066E+04	8.220084E-04	1.625868E-05
1.617027E+04	8.070608E-04	1.643118E-05
1.620988E+04	7.949410E-04	1.669050E-05
1.624949E+04	7.859537E-04	1.704097E-05
1.628911E+04	7.799042E-04	1.747806E-05
1.632872E+04	7.764120E-04	1.799377E-05
1.636833E+04	7.750514E-04	1.857898E-05
1.640794E+04	7.754123E-04	1.922447E-05
1.644755E+04	7.771201E-04	1.992134E-05
1.648716E+04	7.798417E-04	2.066104E-05
1.652677E+04	7.832849E-04	2.143544E-05
1.656638E+04	7.871945E-04	2.223676E-05
1.660599E+04	7.913492E-04	2.305759E-05
1.664560E+04	7.955580E-04	2.389087E-05
1.668521E+04	7.996569E-04	2.472986E-05
1.672482E+04	8.035063E-04	2.556818E-05
1.676443E+04	8.069887E-04	2.639983E-05
1.680404E+04	8.100085E-04	2.721922E-05
1.684365E+04	8.124920E-04	2.802134E-05
1.688326E+04	8.143870E-04	2.880177E-05
1.692287E+04	8.156655E-04	2.955693E-05
1.696248E+04	8.163249E-04	3.028418E-05
1.700209E+04	8.163889E-04	3.098196E-05
1.704170E+04	8.159078E-04	3.164998E-05
1.708131E+04	8.149591E-04	3.228926E-05
1.712092E+04	8.136438E-04	3.290213E-05
1.716053E+04	8.120843E-04	3.349223E-05
1.720014E+04	8.104200E-04	3.406435E-05
1.723975E+04	8.088017E-04	3.462432E-05
1.727936E+04	8.073888E-04	3.517880E-05
1.731897E+04	8.063424E-04	3.573505E-05
1.735858E+04	8.058223E-04	3.630079E-05
1.739819E+04	8.059824E-04	3.688387E-05
1.743780E+04	8.069669E-04	3.749213E-05
1.747741E+04	8.089084E-04	3.813320E-05
1.751702E+04	8.119260E-04	3.881435E-05
1.755663E+04	8.161229E-04	3.954230E-05
1.759624E+04	8.215863E-04	4.032317E-05
1.763585E+04	8.283835E-04	4.116216E-05
1.767546E+04	8.365605E-04	4.206344E-05
1.771507E+04	8.461398E-04	4.302997E-05
1.775468E+04	8.571177E-04	4.406322E-05
1.779429E+04	8.694614E-04	4.516304E-05
1.783390E+04	8.831075E-04	4.632741E-05
1.787351E+04	8.979582E-04	4.755224E-05
1.791312E+04	9.138800E-04	4.883118E-05
1.795274E+04	9.307014E-04	5.015545E-05
1.799235E+04	9.482123E-04	5.151375E-05
1.803196E+04	9.661652E-04	5.289229E-05
1.807157E+04	9.842778E-04	5.427486E-05
1.811118E+04	1.002240E-03	5.564330E-05
1.815079E+04	1.019722E-03	5.697778E-05
1.819040E+04	1.036384E-03	5.825759E-05
1.823001E+04	1.051889E-03	5.946178E-05
1.826962E+04	1.065916E-03	6.057000E-05
1.830923E+04	1.078170E-03	6.156318E-05
1.834884E+04	1.088389E-03	6.242414E-05
1.838845E+04	1.096359E-03	6.313826E-05
1.842806E+04	1.101912E-03	6.369381E-05
1.846767E+04	1.104937E-03	6.408250E-05
1.850728E+04	1.105384E-03	6.429973E-05
1.854689E+04	1.103263E-03	6.434477E-05
1.858650E+04	1.098645E-03	6.422083E-05
1.862611E+04	1.091659E-03	6.393476E-05
1.866572E+04	1.082479E-03	6.349645E-05
1.870533E+04	1.071308E-03	6.291802E-05
1.874494E+04	1.058376E-03	6.221314E-05
1.878455E+04	1.043918E-03	6.139643E-05
1.882416E+04	1.028180E-03	6.048308E-05
1.886377E+04	1.011407E-03	5.948864E-05
1.890338E+04	9.938470E-04	5.842875E-05
1.894299E+04	9.757401E-04	5.731885E-05
1.898260E+04	9.573198E-04	5.617393E-05
1.902221E+04	9.388060E-04	5.500821E-05
1.906182E+04	9.204022E-04	5.383484E-05
1.910143E+04	9.022920E-04	5.266578E-05
1.914104E+04	8.846359E-04	5.151151E-05
1.918065E+04	8.675684E-04	5.038086E-05
1.922026E+04	8.511978E-04	4.928100E-05
1.925987E+04	8.356059E-04	4.821743E-05
1.929948E+04	8.208506E-04	4.719414E-05
1.933909E+04	8.069691E-04	4.621379E-05
1.937870E+04	7.939798E-04	4.527786E-05
1.941831E+04	7.818872E-04	4.438693E-05
1.945792E+04	7.706817E-04	4.354071E-05
1.949753E+04	7.603413E-04	4.273812E-05
1.953714E+04	7.508315E-04	4.197737E-05
1.957675E+04	7.421058E-04	4.125596E-05
1.961636E+04	7.341065E-04	4.057078E-05
1.965598E+04	7.267657E-04	3.991818E-05
1.969559E+04	7.200055E-04	3.929402E-05
1.973520E+04	7.137413E-04	3.869389E-05
1.977481E+04	7.078822E-04	3.811314E-05
1.981442E+04	7.023361E-04	3.754717E-05
1.985403E+04	6.970111E-04	3.699155E-05
1.989364E+04	6.918190E-04	3.644219E-05
1.993325E+04	6.866764E-04	3.589542E-05
1.997286E+04	6.815064E-04	3.534803E-05
2.001247E+04	6.762377E-04	3.479729E-05
2.005208E+04	6.708065E-04	3.424096E-05
2.009169E+04	6.651564E-04	3.367732E-05
2.013130E+04	6.592393E-04	3.310518E-05
2.017091E+04	6.530161E-04	3.252391E-05
2.021052E+04	6.464569E-04	3.193340E-05
2.025013E+04	6.395402E-04	3.133403E-05
2.028974E+04	6.322532E-04	3.072660E-05
2.032935E+04	6.245908E-04	3.011233E-05
2.036896E+04	6.165552E-04	2.949275E-05
2.040857E+04	6.081550E-04	2.886967E-05
2.044818E+04	5.994043E-04	2.824510E-05
2.048779E+04	5.903233E-04	2.762127E-05
2.052740E+04	5.809376E-04	2.700055E-05
2.056701E+04	5.712808E-04	2.638556E-05
2.060662E+04	5.613942E-04	2.577918E-05
2.064623E+04	5.513296E-04	2.518457E-05
2.068584E+04	5.411510E-04	2.460532E-05
2.072545E+04	5.309376E-04	2.404552E-05
2.076506E+04	5.207841E-04	2.350982E-05
2.080467E+04	5.108026E-04	2.300345E-05
2.084428E+04	5.011213E-04	2.253226E-05
2.088389E+04	4.918843E-04	2.210268E-05
2.092350E+04	4.832491E-04	2.172173E-05
2.096311E+04	4.753823E-04	2.139682E-05
2.100272E+04	4.684532E-04	2.113562E-05
2.104233E+04	4.626235E-04	2.094561E-05
2.108194E+04	4.580267E-04	2.083321E-05
2.112155E+04	4.547341E-04	2.080159E-05
2.116116E+04	4.526993E-04	2.084855E-05
2.120077E+04	4.516751E-04	2.096281E-05
2.124038E+04	4.511126E-04	2.111893E-05
2.127999E+04	4.501784E-04	2.127721E-05
2.131961E+04	4.485181E-04	2.141931E-05
2.135922E+04	4.468470E-04	2.157765E-05
2.139883E+04	4.458426E-04	2.178425E-05
2.143844E+04	4.458443E-04	2.205607E-05
2.147805E+04	4.469278E-04	2.239787E-05
2.151766E+04	4.490060E-04	2.280657E-05
2.155727E+04	4.518999E-04	2.327429E-05
2.159688E+04	4.553861E-04	2.379052E-05
2.163649E+04	4.592238E-04	2.434326E-05
2.167610E+04	4.631718E-04	2.491982E-05
2.171571E+04	4.669987E-04	2.550731E-05
2.175532E+04	4.704886E-04	2.609294E-05
2.179493E+04	4.734445E-04	2.666423E-05
2.183454E+04	4.756920E-04	2.720926E-05
2.187415E+04	4.770803E-04	2.771683E-05
2.191376E+04	4.774857E-04	2.817670E-05
2.195337E+04	4.768112E-04	2.857975E-05
2.199298E+04	4.749894E-04	2.891822E-05
2.203259E+04	4.719829E-04	2.918588E-05
2.207220E+04	4.677841E-04	2.937822E-05
2.211181E+04	4.624156E-04	2.949257E-05
2.215142E+04	4.559289E-04	2.952821E-05
2.219103E+04	4.484024E-04	2.948634E-05
2.223064E+04	4.399369E-04	2.937003E-05
2.227025E+04	4.306528E-04	2.918403E-05
2.230986E+04	4.206842E-04	2.893459E-05
2.234947E+04	4.101745E-04	2.862913E-05
2.238908E+04	3.992719E-04	2.827607E-05
2.242869E+04	3.881249E-04	2.788446E-05
2.246830E+04	3.768780E-04	2.746373E-05
2.250791E+04	3.656690E-04	2.702344E-05
2.254752E+04	3.546257E-04	2.657300E-05
2.258713E+04	3.438623E-04	2.612138E-05
2.262674E+04	3.334791E-04	2.567695E-05
2.266635E+04	3.235601E-04	2.524730E-05
2.270596E+04	3.141739E-04	2.483912E-05
2.274557E+04	3.053733E-04	2.445818E-05
2.278518E+04	2.971974E-04	2.410938E-05
2.282479E+04	2.896718E-04	2.379667E-05
2.286440E+04	2.828117E-04	2.352327E-05
2.290401E+04	2.766227E-04	2.329163E-05
2.294362E+04	2.711028E-04	2.310361E-05
2.298323E+04	2.662445E-04	2.296058E-05
2.302285E+04	2.620359E-04	2.286349E-05
2.306246E+04	2.584623E-04	2.281300E-05
2.310207E+04	2.555076E-04	2.280957E-05
2.314168E+04	2.531544E-04	2.285348E-05
2.318129E+04	2.513855E-04	2.294494E-05
2.322090E+04	2.501841E-04	2.308412E-05
2.326051E+04	2.495332E-04	2.327110E-05
2.330012E+04	2.494168E-04	2.350598E-05
2.333973E+04	2.498201E-04	2.378888E-05
2.337934E+04	2.507277E-04	2.411981E-05
2.341895E+04	2.521257E-04	2.449884E-05
2.345856E+04	2.539994E-04	2.492590E-05
2.349817E+04	2.563355E-04	2.540098E-05
2.353778E+04	2.591193E-04	2.592388E-05
2.357739E+04	2.623368E-04	2.649439E-05
2.361700E+04	2.659730E-04	2.711213E-05
2.365661E+04	2.700126E-04	2.777660E-05
2.369622E+04	2.744389E-04	2.848714E-05
2.373583E+04	2.792351E-04	2.924295E-05
2.377544E+04	2.843835E-04	3.004306E-05
2.381505E+04	2.898663E-04	3.088645E-05
2.385466E+04	2.956650E-04	3.177192E-05
2.389427E+04	3.017615E-04	3.269823E-05
2.393388E+04	3.081387E-04	3.366419E-05
2.397349E+04	3.147797E-04	3.466855E-05
2.401310E+04	3.216685E-04	3.571010E-05
2.405271E+04	3.287897E-04	3.678761E-05
2.409232E+04	3.361287E-04	3.789989E-05
2.413193E+04	3.436713E-04	3.904575E-05
2.417154E+04	3.514041E-04	4.022402E-05
2.421115E+04	3.593134E-04	4.143343E-05
2.425076E+04	3.673867E-04	4.267282E-05
