#wls	flux	fluxerr
1.584409E+03	7.123216E-05	0.000000E+00
1.624020E+03	7.293458E-05	0.000000E+00
1.663630E+03	7.475036E-05	0.000000E+00
1.703240E+03	7.667324E-05	0.000000E+00
1.742850E+03	7.872557E-05	0.000000E+00
1.782461E+03	8.089950E-05	0.000000E+00
1.822071E+03	8.320096E-05	0.000000E+00
1.861681E+03	8.564892E-05	0.000000E+00
1.901291E+03	8.823266E-05	0.000000E+00
1.940902E+03	9.096161E-05	0.000000E+00
1.980512E+03	9.382980E-05	0.000000E+00
2.020122E+03	9.684386E-05	0.000000E+00
2.059732E+03	9.998163E-05	0.000000E+00
2.099342E+03	1.032270E-04	0.000000E+00
2.138953E+03	1.065566E-04	0.000000E+00
2.178563E+03	1.099136E-04	0.000000E+00
2.218173E+03	1.132363E-04	0.000000E+00
2.257783E+03	1.164905E-04	0.000000E+00
2.297394E+03	1.196676E-04	0.000000E+00
2.337004E+03	1.228262E-04	0.000000E+00
2.376614E+03	1.260077E-04	0.000000E+00
2.416224E+03	1.292433E-04	0.000000E+00
2.455835E+03	1.325711E-04	0.000000E+00
2.495445E+03	1.359900E-04	0.000000E+00
2.535055E+03	1.395072E-04	0.000000E+00
2.574665E+03	1.431154E-04	0.000000E+00
2.614276E+03	1.468100E-04	0.000000E+00
2.653886E+03	1.505679E-04	0.000000E+00
2.693496E+03	1.543650E-04	0.000000E+00
2.733106E+03	1.581713E-04	0.000000E+00
2.772716E+03	1.619523E-04	0.000000E+00
2.812327E+03	1.656745E-04	0.000000E+00
2.851937E+03	1.693151E-04	0.000000E+00
2.891547E+03	1.728615E-04	0.000000E+00
2.931157E+03	1.763184E-04	0.000000E+00
2.970768E+03	1.797020E-04	0.000000E+00
2.980670E+03	1.805438E-04	0.000000E+00
2.990573E+03	1.813788E-04	0.000000E+00
3.000475E+03	1.822144E-04	0.000000E+00
3.010378E+03	1.830460E-04	0.000000E+00
3.020280E+03	1.838771E-04	0.000000E+00
3.030183E+03	1.847109E-04	0.000000E+00
3.040086E+03	1.855390E-04	0.000000E+00
3.049988E+03	1.863724E-04	0.000000E+00
3.059891E+03	1.872028E-04	0.000000E+00
3.069793E+03	1.880373E-04	0.000000E+00
3.079696E+03	1.888715E-04	0.000000E+00
3.089598E+03	1.897045E-04	0.000000E+00
3.099501E+03	1.905436E-04	0.000000E+00
3.109403E+03	1.913805E-04	0.000000E+00
3.119306E+03	1.922256E-04	0.000000E+00
3.129209E+03	1.930675E-04	0.000000E+00
3.139111E+03	1.939164E-04	0.000000E+00
3.149014E+03	1.947648E-04	0.000000E+00
3.158916E+03	1.956189E-04	0.000000E+00
3.168819E+03	1.964748E-04	0.000000E+00
3.178721E+03	1.973356E-04	0.000000E+00
3.188624E+03	1.982006E-04	0.000000E+00
3.198526E+03	1.990695E-04	0.000000E+00
3.208429E+03	1.999384E-04	0.000000E+00
3.218332E+03	2.008136E-04	0.000000E+00
3.228234E+03	2.016914E-04	0.000000E+00
3.238137E+03	2.025749E-04	0.000000E+00
3.248039E+03	2.034602E-04	0.000000E+00
3.257942E+03	2.043474E-04	0.000000E+00
3.267844E+03	2.052395E-04	0.000000E+00
3.277747E+03	2.061330E-04	0.000000E+00
3.287650E+03	2.070307E-04	0.000000E+00
3.297552E+03	2.079329E-04	0.000000E+00
3.307455E+03	2.088334E-04	0.000000E+00
3.317357E+03	2.097382E-04	0.000000E+00
3.327260E+03	2.106445E-04	0.000000E+00
3.337162E+03	2.115522E-04	0.000000E+00
3.347065E+03	2.124618E-04	0.000000E+00
3.356967E+03	2.133677E-04	0.000000E+00
3.366870E+03	2.142760E-04	0.000000E+00
3.376773E+03	2.151845E-04	0.000000E+00
3.386675E+03	2.160906E-04	0.000000E+00
3.396578E+03	2.169948E-04	0.000000E+00
3.406480E+03	2.178981E-04	0.000000E+00
3.416383E+03	2.187955E-04	0.000000E+00
3.426285E+03	2.196906E-04	0.000000E+00
3.436188E+03	2.205791E-04	0.000000E+00
3.446090E+03	2.214619E-04	0.000000E+00
3.455993E+03	2.223375E-04	0.000000E+00
3.465896E+03	2.232043E-04	0.000000E+00
3.475798E+03	2.240612E-04	0.000000E+00
3.485701E+03	2.249070E-04	0.000000E+00
3.495603E+03	2.257382E-04	0.000000E+00
3.505506E+03	2.265512E-04	0.000000E+00
3.515408E+03	2.273456E-04	0.000000E+00
3.525311E+03	2.281181E-04	0.000000E+00
3.535213E+03	2.288683E-04	0.000000E+00
3.545116E+03	2.295911E-04	0.000000E+00
3.555019E+03	2.302863E-04	0.000000E+00
3.564921E+03	2.309512E-04	0.000000E+00
3.574824E+03	2.315885E-04	0.000000E+00
3.584726E+03	2.321933E-04	0.000000E+00
3.594629E+03	2.327658E-04	0.000000E+00
3.604531E+03	2.332993E-04	0.000000E+00
3.614434E+03	2.337945E-04	0.000000E+00
3.624337E+03	2.342491E-04	0.000000E+00
3.634239E+03	2.346615E-04	0.000000E+00
3.644142E+03	2.350323E-04	0.000000E+00
3.654044E+03	2.353617E-04	0.000000E+00
3.663947E+03	2.356484E-04	0.000000E+00
3.673849E+03	2.358948E-04	0.000000E+00
3.683752E+03	2.360993E-04	0.000000E+00
3.693654E+03	2.362663E-04	0.000000E+00
3.703557E+03	2.363964E-04	0.000000E+00
3.713460E+03	2.364898E-04	0.000000E+00
3.723362E+03	2.365486E-04	0.000000E+00
3.733265E+03	2.365772E-04	0.000000E+00
3.743167E+03	2.365756E-04	0.000000E+00
3.753070E+03	2.365478E-04	0.000000E+00
3.762972E+03	2.364938E-04	0.000000E+00
3.772875E+03	2.364152E-04	0.000000E+00
3.782777E+03	2.363159E-04	0.000000E+00
3.792680E+03	2.361992E-04	0.000000E+00
3.802583E+03	2.360647E-04	0.000000E+00
3.812485E+03	2.359179E-04	0.000000E+00
3.822388E+03	2.357557E-04	0.000000E+00
3.832290E+03	2.355853E-04	0.000000E+00
3.842193E+03	2.354043E-04	0.000000E+00
3.852095E+03	2.352188E-04	0.000000E+00
3.861998E+03	2.350281E-04	0.000000E+00
3.871900E+03	2.348348E-04	0.000000E+00
3.881803E+03	2.346397E-04	0.000000E+00
3.891706E+03	2.344453E-04	0.000000E+00
3.901608E+03	2.342520E-04	0.000000E+00
3.911511E+03	2.340639E-04	0.000000E+00
3.921413E+03	2.338797E-04	0.000000E+00
3.931316E+03	2.337016E-04	0.000000E+00
3.941218E+03	2.335296E-04	0.000000E+00
3.951121E+03	2.333678E-04	0.000000E+00
3.961024E+03	2.332161E-04	0.000000E+00
3.970926E+03	2.330744E-04	0.000000E+00
3.980829E+03	2.329429E-04	0.000000E+00
3.990731E+03	2.328253E-04	0.000000E+00
4.000634E+03	2.327193E-04	0.000000E+00
4.010536E+03	2.326283E-04	0.000000E+00
4.020439E+03	2.325507E-04	0.000000E+00
4.030341E+03	2.324876E-04	0.000000E+00
4.040244E+03	2.324406E-04	0.000000E+00
4.050147E+03	2.324092E-04	0.000000E+00
4.060049E+03	2.323933E-04	0.000000E+00
4.069952E+03	2.323922E-04	0.000000E+00
4.079854E+03	2.324088E-04	0.000000E+00
4.089757E+03	2.324414E-04	0.000000E+00
4.099659E+03	2.324906E-04	0.000000E+00
4.109562E+03	2.325544E-04	0.000000E+00
4.119464E+03	2.326337E-04	0.000000E+00
4.129367E+03	2.327301E-04	0.000000E+00
4.139270E+03	2.328405E-04	0.000000E+00
4.149172E+03	2.329664E-04	0.000000E+00
4.159075E+03	2.331053E-04	0.000000E+00
4.168977E+03	2.332581E-04	0.000000E+00
4.178880E+03	2.334223E-04	0.000000E+00
4.188782E+03	2.335988E-04	0.000000E+00
4.198685E+03	2.337850E-04	0.000000E+00
4.208587E+03	2.339800E-04	0.000000E+00
4.218490E+03	2.341812E-04	0.000000E+00
4.228393E+03	2.343895E-04	0.000000E+00
4.238295E+03	2.346020E-04	0.000000E+00
4.248198E+03	2.348178E-04	0.000000E+00
4.258100E+03	2.350342E-04	0.000000E+00
4.268003E+03	2.352482E-04	0.000000E+00
4.277905E+03	2.354587E-04	0.000000E+00
4.287808E+03	2.356649E-04	0.000000E+00
4.297711E+03	2.358633E-04	0.000000E+00
4.307613E+03	2.360535E-04	0.000000E+00
4.317516E+03	2.362319E-04	0.000000E+00
4.327418E+03	2.363995E-04	0.000000E+00
4.337321E+03	2.365549E-04	0.000000E+00
4.347223E+03	2.367030E-04	0.000000E+00
4.357126E+03	2.368425E-04	0.000000E+00
4.367028E+03	2.369760E-04	0.000000E+00
4.376931E+03	2.371043E-04	0.000000E+00
4.386834E+03	2.372325E-04	0.000000E+00
4.396736E+03	2.373594E-04	0.000000E+00
4.406639E+03	2.374857E-04	0.000000E+00
4.416541E+03	2.376148E-04	0.000000E+00
4.426444E+03	2.377472E-04	0.000000E+00
4.436346E+03	2.378843E-04	0.000000E+00
4.446249E+03	2.380252E-04	0.000000E+00
4.456151E+03	2.381728E-04	0.000000E+00
4.466054E+03	2.383263E-04	0.000000E+00
4.475957E+03	2.384870E-04	0.000000E+00
4.485859E+03	2.386563E-04	0.000000E+00
4.495762E+03	2.388309E-04	0.000000E+00
4.505664E+03	2.390143E-04	0.000000E+00
4.515567E+03	2.392060E-04	0.000000E+00
4.525469E+03	2.394068E-04	0.000000E+00
4.535372E+03	2.396145E-04	0.000000E+00
4.545274E+03	2.398322E-04	0.000000E+00
4.555177E+03	2.400569E-04	0.000000E+00
4.565080E+03	2.402927E-04	0.000000E+00
4.574982E+03	2.405363E-04	0.000000E+00
4.584885E+03	2.407891E-04	0.000000E+00
4.594787E+03	2.410508E-04	0.000000E+00
4.604690E+03	2.413249E-04	0.000000E+00
4.614592E+03	2.416085E-04	0.000000E+00
4.624495E+03	2.419051E-04	0.000000E+00
4.634398E+03	2.422146E-04	0.000000E+00
4.644300E+03	2.425358E-04	0.000000E+00
4.654203E+03	2.428728E-04	0.000000E+00
4.664105E+03	2.432225E-04	0.000000E+00
4.674008E+03	2.435867E-04	0.000000E+00
4.683910E+03	2.439625E-04	0.000000E+00
4.693813E+03	2.443515E-04	0.000000E+00
4.703715E+03	2.447484E-04	0.000000E+00
4.713618E+03	2.451549E-04	0.000000E+00
4.723521E+03	2.455677E-04	0.000000E+00
4.733423E+03	2.459887E-04	0.000000E+00
4.743326E+03	2.464144E-04	0.000000E+00
4.753228E+03	2.468443E-04	0.000000E+00
4.763131E+03	2.472774E-04	0.000000E+00
4.773033E+03	2.477130E-04	0.000000E+00
4.782936E+03	2.481500E-04	0.000000E+00
4.792838E+03	2.485856E-04	0.000000E+00
4.802741E+03	2.490208E-04	0.000000E+00
4.812644E+03	2.494550E-04	0.000000E+00
4.822546E+03	2.498849E-04	0.000000E+00
4.832449E+03	2.503095E-04	0.000000E+00
4.842351E+03	2.507303E-04	0.000000E+00
4.852254E+03	2.511416E-04	0.000000E+00
4.862156E+03	2.515474E-04	0.000000E+00
4.872059E+03	2.519443E-04	0.000000E+00
4.881961E+03	2.523290E-04	0.000000E+00
4.891864E+03	2.527031E-04	0.000000E+00
4.901767E+03	2.530658E-04	0.000000E+00
4.911669E+03	2.534139E-04	0.000000E+00
4.921572E+03	2.537489E-04	0.000000E+00
4.931474E+03	2.540653E-04	0.000000E+00
4.941377E+03	2.543671E-04	0.000000E+00
4.951279E+03	2.546516E-04	0.000000E+00
4.961182E+03	2.549152E-04	0.000000E+00
4.971085E+03	2.551602E-04	0.000000E+00
4.980987E+03	2.553833E-04	0.000000E+00
4.990890E+03	2.555843E-04	0.000000E+00
5.000792E+03	2.557626E-04	0.000000E+00
5.010695E+03	2.559180E-04	0.000000E+00
5.020597E+03	2.560476E-04	0.000000E+00
5.030500E+03	2.561540E-04	0.000000E+00
5.040402E+03	2.562344E-04	0.000000E+00
5.050305E+03	2.562888E-04	0.000000E+00
5.060208E+03	2.563149E-04	0.000000E+00
5.070110E+03	2.563151E-04	0.000000E+00
5.080013E+03	2.562847E-04	0.000000E+00
5.089915E+03	2.562290E-04	0.000000E+00
5.099818E+03	2.561436E-04	0.000000E+00
5.109720E+03	2.560313E-04	0.000000E+00
5.119623E+03	2.558904E-04	0.000000E+00
5.129525E+03	2.557188E-04	0.000000E+00
5.139428E+03	2.555199E-04	0.000000E+00
5.149331E+03	2.552921E-04	0.000000E+00
5.159233E+03	2.550365E-04	0.000000E+00
5.169136E+03	2.547539E-04	0.000000E+00
5.179038E+03	2.544430E-04	0.000000E+00
5.188941E+03	2.541053E-04	0.000000E+00
5.198843E+03	2.537392E-04	0.000000E+00
5.208746E+03	2.533490E-04	0.000000E+00
5.218648E+03	2.529336E-04	0.000000E+00
5.228551E+03	2.524943E-04	0.000000E+00
5.238454E+03	2.520332E-04	0.000000E+00
5.248356E+03	2.515492E-04	0.000000E+00
5.258259E+03	2.510443E-04	0.000000E+00
5.268161E+03	2.505203E-04	0.000000E+00
5.278064E+03	2.499794E-04	0.000000E+00
5.287966E+03	2.494204E-04	0.000000E+00
5.297869E+03	2.488486E-04	0.000000E+00
5.307772E+03	2.482658E-04	0.000000E+00
5.317674E+03	2.476739E-04	0.000000E+00
5.327577E+03	2.470730E-04	0.000000E+00
5.337479E+03	2.464701E-04	0.000000E+00
5.347382E+03	2.458648E-04	0.000000E+00
5.357284E+03	2.452644E-04	0.000000E+00
5.367187E+03	2.446689E-04	0.000000E+00
5.377089E+03	2.440826E-04	0.000000E+00
5.386992E+03	2.435081E-04	0.000000E+00
5.396895E+03	2.429525E-04	0.000000E+00
5.406797E+03	2.424158E-04	0.000000E+00
5.416700E+03	2.418977E-04	0.000000E+00
5.426602E+03	2.413958E-04	0.000000E+00
5.436505E+03	2.409121E-04	0.000000E+00
5.446407E+03	2.404446E-04	0.000000E+00
5.456310E+03	2.399929E-04	0.000000E+00
5.466212E+03	2.395568E-04	0.000000E+00
5.476115E+03	2.391366E-04	0.000000E+00
5.486018E+03	2.387316E-04	0.000000E+00
5.495920E+03	2.383443E-04	0.000000E+00
5.505823E+03	2.379744E-04	0.000000E+00
5.515725E+03	2.376265E-04	0.000000E+00
5.525628E+03	2.372976E-04	0.000000E+00
5.535530E+03	2.369947E-04	0.000000E+00
5.545433E+03	2.367147E-04	0.000000E+00
5.555335E+03	2.364616E-04	0.000000E+00
5.565238E+03	2.362401E-04	0.000000E+00
5.575141E+03	2.360464E-04	0.000000E+00
5.585043E+03	2.358896E-04	0.000000E+00
5.594946E+03	2.357684E-04	0.000000E+00
5.604848E+03	2.356817E-04	0.000000E+00
5.614751E+03	2.356379E-04	0.000000E+00
5.624653E+03	2.356331E-04	0.000000E+00
5.634556E+03	2.356706E-04	0.000000E+00
5.644459E+03	2.357537E-04	0.000000E+00
5.654361E+03	2.358829E-04	0.000000E+00
5.664264E+03	2.360586E-04	0.000000E+00
5.674166E+03	2.362811E-04	0.000000E+00
5.684069E+03	2.365532E-04	0.000000E+00
5.693971E+03	2.368774E-04	0.000000E+00
5.703874E+03	2.372488E-04	0.000000E+00
5.713776E+03	2.376744E-04	0.000000E+00
5.723679E+03	2.381490E-04	0.000000E+00
5.733582E+03	2.386774E-04	0.000000E+00
5.743484E+03	2.392564E-04	0.000000E+00
5.753387E+03	2.398881E-04	0.000000E+00
5.763289E+03	2.405714E-04	0.000000E+00
5.773192E+03	2.413085E-04	0.000000E+00
5.783094E+03	2.420954E-04	0.000000E+00
5.792997E+03	2.429316E-04	0.000000E+00
5.802899E+03	2.438181E-04	0.000000E+00
5.812802E+03	2.447563E-04	0.000000E+00
5.822705E+03	2.457399E-04	0.000000E+00
5.832607E+03	2.467727E-04	0.000000E+00
5.842510E+03	2.478500E-04	0.000000E+00
5.852412E+03	2.489734E-04	0.000000E+00
5.862315E+03	2.501410E-04	0.000000E+00
5.872217E+03	2.513480E-04	0.000000E+00
5.882120E+03	2.525955E-04	0.000000E+00
5.892022E+03	2.538811E-04	0.000000E+00
5.901925E+03	2.552000E-04	0.000000E+00
5.911828E+03	2.565557E-04	0.000000E+00
5.921730E+03	2.579400E-04	0.000000E+00
5.931633E+03	2.593536E-04	0.000000E+00
5.941535E+03	2.607936E-04	0.000000E+00
5.951438E+03	2.622551E-04	0.000000E+00
5.961340E+03	2.637379E-04	0.000000E+00
5.971243E+03	2.652338E-04	0.000000E+00
5.981146E+03	2.667457E-04	0.000000E+00
5.991048E+03	2.682651E-04	0.000000E+00
6.000951E+03	2.697921E-04	0.000000E+00
6.010853E+03	2.713209E-04	0.000000E+00
6.020756E+03	2.728488E-04	0.000000E+00
6.030658E+03	2.743694E-04	0.000000E+00
6.040561E+03	2.758770E-04	0.000000E+00
6.050463E+03	2.773717E-04	0.000000E+00
6.060366E+03	2.788406E-04	0.000000E+00
6.070269E+03	2.802842E-04	0.000000E+00
6.080171E+03	2.816926E-04	0.000000E+00
6.090074E+03	2.830627E-04	0.000000E+00
6.099976E+03	2.843779E-04	0.000000E+00
6.109879E+03	2.856381E-04	0.000000E+00
6.119781E+03	2.868296E-04	0.000000E+00
6.129684E+03	2.879456E-04	0.000000E+00
6.139586E+03	2.889754E-04	0.000000E+00
6.149489E+03	2.899233E-04	0.000000E+00
6.159392E+03	2.907972E-04	0.000000E+00
6.169294E+03	2.916058E-04	0.000000E+00
6.179197E+03	2.923582E-04	0.000000E+00
6.189099E+03	2.930530E-04	0.000000E+00
6.199002E+03	2.937079E-04	0.000000E+00
6.208904E+03	2.943186E-04	0.000000E+00
6.218807E+03	2.948961E-04	0.000000E+00
6.228709E+03	2.954478E-04	0.000000E+00
6.238612E+03	2.959704E-04	0.000000E+00
6.248515E+03	2.964722E-04	0.000000E+00
6.258417E+03	2.969579E-04	0.000000E+00
6.268320E+03	2.974325E-04	0.000000E+00
6.278222E+03	2.978930E-04	0.000000E+00
6.288125E+03	2.983449E-04	0.000000E+00
6.298027E+03	2.987893E-04	0.000000E+00
6.307930E+03	2.992282E-04	0.000000E+00
6.317833E+03	2.996587E-04	0.000000E+00
6.327735E+03	3.000782E-04	0.000000E+00
6.337638E+03	3.004840E-04	0.000000E+00
6.347540E+03	3.008776E-04	0.000000E+00
6.357443E+03	3.012560E-04	0.000000E+00
6.367345E+03	3.016079E-04	0.000000E+00
6.377248E+03	3.019479E-04	0.000000E+00
6.387150E+03	3.022773E-04	0.000000E+00
6.397053E+03	3.026024E-04	0.000000E+00
6.406956E+03	3.029339E-04	0.000000E+00
6.416858E+03	3.032690E-04	0.000000E+00
6.426761E+03	3.036187E-04	0.000000E+00
6.436663E+03	3.039851E-04	0.000000E+00
6.446566E+03	3.043744E-04	0.000000E+00
6.456468E+03	3.047797E-04	0.000000E+00
6.466371E+03	3.052162E-04	0.000000E+00
6.476273E+03	3.056765E-04	0.000000E+00
6.486176E+03	3.061670E-04	0.000000E+00
6.496079E+03	3.066893E-04	0.000000E+00
6.505981E+03	3.072399E-04	0.000000E+00
6.515884E+03	3.078249E-04	0.000000E+00
6.525786E+03	3.084458E-04	0.000000E+00
6.535689E+03	3.090987E-04	0.000000E+00
6.545591E+03	3.097843E-04	0.000000E+00
6.555494E+03	3.105034E-04	0.000000E+00
6.565396E+03	3.112620E-04	0.000000E+00
6.575299E+03	3.120505E-04	0.000000E+00
6.585202E+03	3.128742E-04	0.000000E+00
6.595104E+03	3.137337E-04	0.000000E+00
6.605007E+03	3.146241E-04	0.000000E+00
6.614909E+03	3.155507E-04	0.000000E+00
6.624812E+03	3.165085E-04	0.000000E+00
6.634714E+03	3.175032E-04	0.000000E+00
6.644617E+03	3.185243E-04	0.000000E+00
6.654520E+03	3.195771E-04	0.000000E+00
6.664422E+03	3.206677E-04	0.000000E+00
6.674325E+03	3.217852E-04	0.000000E+00
6.684227E+03	3.229358E-04	0.000000E+00
6.694130E+03	3.241141E-04	0.000000E+00
6.704032E+03	3.253263E-04	0.000000E+00
6.713935E+03	3.265673E-04	0.000000E+00
6.723837E+03	3.278375E-04	0.000000E+00
6.733740E+03	3.291435E-04	0.000000E+00
6.743643E+03	3.304740E-04	0.000000E+00
6.753545E+03	3.318416E-04	0.000000E+00
6.763448E+03	3.332350E-04	0.000000E+00
6.773350E+03	3.346667E-04	0.000000E+00
6.783253E+03	3.361258E-04	0.000000E+00
6.793155E+03	3.376124E-04	0.000000E+00
6.803058E+03	3.391338E-04	0.000000E+00
6.812960E+03	3.406905E-04	0.000000E+00
6.822863E+03	3.422708E-04	0.000000E+00
6.832766E+03	3.438880E-04	0.000000E+00
6.842668E+03	3.455365E-04	0.000000E+00
6.852571E+03	3.472234E-04	0.000000E+00
6.862473E+03	3.489362E-04	0.000000E+00
6.872376E+03	3.506822E-04	0.000000E+00
6.882278E+03	3.524616E-04	0.000000E+00
6.892181E+03	3.542684E-04	0.000000E+00
6.902083E+03	3.561092E-04	0.000000E+00
6.911986E+03	3.579848E-04	0.000000E+00
6.921889E+03	3.598881E-04	0.000000E+00
6.931791E+03	3.618194E-04	0.000000E+00
6.941694E+03	3.637784E-04	0.000000E+00
6.951596E+03	3.657722E-04	0.000000E+00
6.961499E+03	3.677865E-04	0.000000E+00
6.971401E+03	3.698355E-04	0.000000E+00
6.981304E+03	3.719044E-04	0.000000E+00
6.991207E+03	3.740003E-04	0.000000E+00
7.001109E+03	3.761154E-04	0.000000E+00
7.011012E+03	3.782569E-04	0.000000E+00
7.020914E+03	3.804247E-04	0.000000E+00
7.030817E+03	3.826105E-04	0.000000E+00
7.040719E+03	3.848060E-04	0.000000E+00
7.050622E+03	3.870266E-04	0.000000E+00
7.060524E+03	3.892637E-04	0.000000E+00
7.070427E+03	3.915172E-04	0.000000E+00
7.080330E+03	3.937862E-04	0.000000E+00
7.090232E+03	3.960620E-04	0.000000E+00
7.100135E+03	3.983524E-04	0.000000E+00
7.110037E+03	4.006486E-04	0.000000E+00
7.119940E+03	4.029494E-04	0.000000E+00
7.129842E+03	4.052626E-04	0.000000E+00
7.139745E+03	4.075789E-04	0.000000E+00
7.149647E+03	4.099058E-04	0.000000E+00
7.159550E+03	4.122249E-04	0.000000E+00
7.169453E+03	4.145431E-04	0.000000E+00
7.179355E+03	4.168586E-04	0.000000E+00
7.189258E+03	4.191694E-04	0.000000E+00
7.199160E+03	4.214732E-04	0.000000E+00
7.209063E+03	4.237669E-04	0.000000E+00
7.218965E+03	4.260383E-04	0.000000E+00
7.228868E+03	4.282933E-04	0.000000E+00
7.238770E+03	4.305275E-04	0.000000E+00
7.248673E+03	4.327375E-04	0.000000E+00
7.258576E+03	4.349093E-04	0.000000E+00
7.268478E+03	4.370485E-04	0.000000E+00
7.278381E+03	4.391601E-04	0.000000E+00
7.288283E+03	4.412214E-04	0.000000E+00
7.298186E+03	4.432377E-04	0.000000E+00
7.308088E+03	4.452059E-04	0.000000E+00
7.317991E+03	4.471331E-04	0.000000E+00
7.327894E+03	4.490065E-04	0.000000E+00
7.337796E+03	4.508342E-04	0.000000E+00
7.347699E+03	4.526249E-04	0.000000E+00
7.357601E+03	4.543677E-04	0.000000E+00
7.367504E+03	4.560827E-04	0.000000E+00
7.377406E+03	4.577497E-04	0.000000E+00
7.387309E+03	4.593797E-04	0.000000E+00
7.397211E+03	4.609632E-04	0.000000E+00
7.407114E+03	4.625126E-04	0.000000E+00
7.417017E+03	4.640088E-04	0.000000E+00
7.426919E+03	4.654649E-04	0.000000E+00
7.436822E+03	4.668843E-04	0.000000E+00
7.446724E+03	4.682596E-04	0.000000E+00
7.456627E+03	4.696171E-04	0.000000E+00
7.466529E+03	4.709397E-04	0.000000E+00
7.476432E+03	4.722436E-04	0.000000E+00
7.486334E+03	4.735231E-04	0.000000E+00
7.496237E+03	4.747955E-04	0.000000E+00
7.506140E+03	4.760554E-04	0.000000E+00
7.516042E+03	4.773203E-04	0.000000E+00
7.525945E+03	4.785846E-04	0.000000E+00
7.535847E+03	4.798538E-04	0.000000E+00
7.545750E+03	4.811446E-04	0.000000E+00
7.555652E+03	4.824499E-04	0.000000E+00
7.565555E+03	4.837731E-04	0.000000E+00
7.575457E+03	4.851288E-04	0.000000E+00
7.585360E+03	4.865068E-04	0.000000E+00
7.595263E+03	4.879193E-04	0.000000E+00
7.605165E+03	4.893412E-04	0.000000E+00
7.615068E+03	4.907944E-04	0.000000E+00
7.624970E+03	4.922758E-04	0.000000E+00
7.634873E+03	4.937690E-04	0.000000E+00
7.644775E+03	4.952807E-04	0.000000E+00
7.654678E+03	4.967931E-04	0.000000E+00
7.664581E+03	4.982990E-04	0.000000E+00
7.674483E+03	4.998034E-04	0.000000E+00
7.684386E+03	5.012981E-04	0.000000E+00
7.694288E+03	5.027753E-04	0.000000E+00
7.704191E+03	5.042130E-04	0.000000E+00
7.714093E+03	5.056153E-04	0.000000E+00
7.723996E+03	5.069730E-04	0.000000E+00
7.733898E+03	5.082775E-04	0.000000E+00
7.743801E+03	5.095200E-04	0.000000E+00
7.753704E+03	5.106922E-04	0.000000E+00
7.763606E+03	5.117993E-04	0.000000E+00
7.773509E+03	5.128210E-04	0.000000E+00
7.783411E+03	5.137500E-04	0.000000E+00
7.793314E+03	5.145804E-04	0.000000E+00
7.803216E+03	5.153337E-04	0.000000E+00
7.813119E+03	5.159783E-04	0.000000E+00
7.823021E+03	5.165235E-04	0.000000E+00
7.832924E+03	5.169528E-04	0.000000E+00
7.842827E+03	5.172909E-04	0.000000E+00
7.852729E+03	5.175367E-04	0.000000E+00
7.862632E+03	5.176611E-04	0.000000E+00
7.872534E+03	5.177061E-04	0.000000E+00
7.882437E+03	5.176582E-04	0.000000E+00
7.892339E+03	5.175189E-04	0.000000E+00
7.902242E+03	5.173040E-04	0.000000E+00
7.912144E+03	5.170020E-04	0.000000E+00
7.922047E+03	5.166019E-04	0.000000E+00
7.931950E+03	5.161355E-04	0.000000E+00
7.941852E+03	5.155644E-04	0.000000E+00
7.951755E+03	5.149353E-04	0.000000E+00
7.961657E+03	5.142107E-04	0.000000E+00
7.971560E+03	5.134235E-04	0.000000E+00
7.981462E+03	5.125509E-04	0.000000E+00
7.991365E+03	5.116264E-04	0.000000E+00
8.001268E+03	5.106271E-04	0.000000E+00
8.011170E+03	5.095725E-04	0.000000E+00
8.021073E+03	5.084541E-04	0.000000E+00
8.030975E+03	5.072915E-04	0.000000E+00
8.040878E+03	5.060900E-04	0.000000E+00
8.050780E+03	5.048268E-04	0.000000E+00
8.060683E+03	5.035351E-04	0.000000E+00
8.070585E+03	5.022061E-04	0.000000E+00
8.080488E+03	5.008445E-04	0.000000E+00
8.090391E+03	4.994416E-04	0.000000E+00
8.100293E+03	4.980302E-04	0.000000E+00
8.110196E+03	4.965872E-04	0.000000E+00
8.120098E+03	4.951320E-04	0.000000E+00
8.130001E+03	4.936698E-04	0.000000E+00
8.139903E+03	4.921919E-04	0.000000E+00
8.149806E+03	4.907041E-04	0.000000E+00
8.159708E+03	4.892264E-04	0.000000E+00
8.169611E+03	4.877654E-04	0.000000E+00
8.179514E+03	4.862995E-04	0.000000E+00
8.189416E+03	4.848637E-04	0.000000E+00
8.199319E+03	4.834513E-04	0.000000E+00
8.209221E+03	4.820697E-04	0.000000E+00
8.219124E+03	4.807260E-04	0.000000E+00
8.229026E+03	4.794277E-04	0.000000E+00
8.238929E+03	4.781818E-04	0.000000E+00
8.248831E+03	4.769952E-04	0.000000E+00
8.258734E+03	4.758740E-04	0.000000E+00
8.268637E+03	4.748242E-04	0.000000E+00
8.278539E+03	4.738369E-04	0.000000E+00
8.288442E+03	4.729305E-04	0.000000E+00
8.298344E+03	4.721088E-04	0.000000E+00
8.308247E+03	4.713603E-04	0.000000E+00
8.318149E+03	4.707013E-04	0.000000E+00
8.328052E+03	4.701192E-04	0.000000E+00
8.337955E+03	4.696282E-04	0.000000E+00
8.347857E+03	4.692143E-04	0.000000E+00
8.357760E+03	4.688764E-04	0.000000E+00
8.367662E+03	4.686271E-04	0.000000E+00
8.377565E+03	4.684506E-04	0.000000E+00
8.387467E+03	4.683443E-04	0.000000E+00
8.397370E+03	4.683058E-04	0.000000E+00
8.407272E+03	4.683321E-04	0.000000E+00
8.417175E+03	4.684201E-04	0.000000E+00
8.427078E+03	4.685527E-04	0.000000E+00
8.436980E+03	4.687550E-04	0.000000E+00
8.446883E+03	4.690099E-04	0.000000E+00
8.456785E+03	4.693006E-04	0.000000E+00
8.466688E+03	4.696387E-04	0.000000E+00
8.476590E+03	4.700073E-04	0.000000E+00
8.486493E+03	4.704185E-04	0.000000E+00
8.496395E+03	4.708559E-04	0.000000E+00
8.506298E+03	4.713322E-04	0.000000E+00
8.516201E+03	4.718310E-04	0.000000E+00
8.526103E+03	4.723510E-04	0.000000E+00
8.536006E+03	4.728909E-04	0.000000E+00
8.545908E+03	4.734493E-04	0.000000E+00
8.555811E+03	4.740400E-04	0.000000E+00
8.565713E+03	4.746326E-04	0.000000E+00
8.575616E+03	4.752407E-04	0.000000E+00
8.585518E+03	4.758487E-04	0.000000E+00
8.595421E+03	4.764854E-04	0.000000E+00
8.605324E+03	4.771054E-04	0.000000E+00
8.615226E+03	4.777524E-04	0.000000E+00
8.625129E+03	4.783805E-04	0.000000E+00
8.635031E+03	4.790187E-04	0.000000E+00
8.644934E+03	4.796357E-04	0.000000E+00
8.654836E+03	4.802609E-04	0.000000E+00
8.664739E+03	4.808775E-04	0.000000E+00
8.674642E+03	4.814693E-04	0.000000E+00
8.684544E+03	4.820345E-04	0.000000E+00
8.694447E+03	4.825875E-04	0.000000E+00
8.704349E+03	4.831115E-04	0.000000E+00
8.714252E+03	4.836050E-04	0.000000E+00
8.724154E+03	4.840672E-04	0.000000E+00
8.734057E+03	4.844809E-04	0.000000E+00
8.743959E+03	4.848452E-04	0.000000E+00
8.753862E+03	4.851597E-04	0.000000E+00
8.763765E+03	4.854073E-04	0.000000E+00
8.773667E+03	4.856206E-04	0.000000E+00
8.783570E+03	4.857831E-04	0.000000E+00
8.793472E+03	4.859287E-04	0.000000E+00
8.803375E+03	4.860413E-04	0.000000E+00
8.813277E+03	4.861382E-04	0.000000E+00
8.823180E+03	4.862032E-04	0.000000E+00
8.833082E+03	4.862879E-04	0.000000E+00
8.842985E+03	4.863583E-04	0.000000E+00
8.852888E+03	4.864319E-04	0.000000E+00
8.862790E+03	4.865255E-04	0.000000E+00
8.872693E+03	4.866206E-04	0.000000E+00
8.882595E+03	4.867160E-04	0.000000E+00
8.892498E+03	4.868268E-04	0.000000E+00
8.902400E+03	4.869509E-04	0.000000E+00
8.912303E+03	4.870856E-04	0.000000E+00
8.951913E+03	4.877135E-04	0.000000E+00
8.991523E+03	4.883963E-04	0.000000E+00
9.031134E+03	4.891150E-04	0.000000E+00
9.070744E+03	4.898905E-04	0.000000E+00
9.110354E+03	4.909081E-04	0.000000E+00
9.149964E+03	4.924024E-04	0.000000E+00
9.189575E+03	4.946175E-04	0.000000E+00
9.229185E+03	4.977682E-04	0.000000E+00
9.268795E+03	5.019651E-04	0.000000E+00
9.308405E+03	5.071911E-04	0.000000E+00
9.348016E+03	5.133644E-04	0.000000E+00
9.387626E+03	5.202956E-04	0.000000E+00
9.427236E+03	5.277576E-04	0.000000E+00
9.466846E+03	5.356506E-04	0.000000E+00
9.506456E+03	5.438308E-04	0.000000E+00
9.546067E+03	5.521614E-04	0.000000E+00
9.585677E+03	5.605439E-04	0.000000E+00
9.625287E+03	5.687003E-04	0.000000E+00
9.664897E+03	5.765596E-04	0.000000E+00
9.704508E+03	5.839042E-04	0.000000E+00
9.744118E+03	5.908776E-04	0.000000E+00
9.783728E+03	5.975438E-04	0.000000E+00
9.823338E+03	6.040702E-04	0.000000E+00
9.862949E+03	6.104305E-04	0.000000E+00
9.902559E+03	6.167177E-04	0.000000E+00
9.942169E+03	6.228176E-04	0.000000E+00
9.981779E+03	6.287525E-04	0.000000E+00
1.002139E+04	6.343391E-04	0.000000E+00
1.006100E+04	6.395923E-04	0.000000E+00
1.010061E+04	6.445614E-04	0.000000E+00
1.014022E+04	6.491783E-04	0.000000E+00
1.017983E+04	6.535448E-04	0.000000E+00
1.021944E+04	6.574795E-04	0.000000E+00
