#wls	flux	fluxerr
3.257341E+03	7.996829E-06	1.306421E-06
3.296951E+03	8.360073E-06	1.361716E-06
3.336561E+03	8.748443E-06	1.420713E-06
3.376171E+03	9.163751E-06	1.483666E-06
3.415782E+03	9.607906E-06	1.550840E-06
3.455392E+03	1.008285E-05	1.622502E-06
3.495002E+03	1.059043E-05	1.698895E-06
3.534612E+03	1.113226E-05	1.780229E-06
3.574223E+03	1.170988E-05	1.866691E-06
3.613833E+03	1.232475E-05	1.958454E-06
3.653443E+03	1.297823E-05	2.055671E-06
3.693053E+03	1.367157E-05	2.158476E-06
3.732664E+03	1.440593E-05	2.266985E-06
3.772274E+03	1.518233E-05	2.381288E-06
3.811884E+03	1.600152E-05	2.501430E-06
3.851494E+03	1.686381E-05	2.627388E-06
3.891105E+03	1.776907E-05	2.759067E-06
3.930715E+03	1.871676E-05	2.896308E-06
3.970325E+03	1.970594E-05	3.038890E-06
4.009935E+03	2.073532E-05	3.186544E-06
4.049545E+03	2.180334E-05	3.338955E-06
4.089156E+03	2.290812E-05	3.495770E-06
4.128766E+03	2.404757E-05	3.656603E-06
4.168376E+03	2.521943E-05	3.821046E-06
4.207986E+03	2.642119E-05	3.988659E-06
4.247597E+03	2.765032E-05	4.159006E-06
4.287207E+03	2.890420E-05	4.331639E-06
4.326817E+03	3.018018E-05	4.506116E-06
4.366427E+03	3.147546E-05	4.681973E-06
4.406038E+03	3.278715E-05	4.858743E-06
4.445648E+03	3.411235E-05	5.035961E-06
4.485258E+03	3.544820E-05	5.213179E-06
4.524868E+03	3.679200E-05	5.389975E-06
4.564479E+03	3.814125E-05	5.565963E-06
4.604089E+03	3.949383E-05	5.740820E-06
4.643699E+03	4.084788E-05	5.914263E-06
4.683309E+03	4.220177E-05	6.086049E-06
4.722919E+03	4.355402E-05	6.255962E-06
4.762530E+03	4.490325E-05	6.423800E-06
4.802140E+03	4.624792E-05	6.589345E-06
4.841750E+03	4.758650E-05	6.752383E-06
4.881360E+03	4.891736E-05	6.912690E-06
4.920971E+03	5.023876E-05	7.070032E-06
4.960581E+03	5.154866E-05	7.224136E-06
5.000191E+03	5.284472E-05	7.374690E-06
5.039801E+03	5.412433E-05	7.521354E-06
5.079412E+03	5.538471E-05	7.663765E-06
5.119022E+03	5.662290E-05	7.801549E-06
5.158632E+03	5.783584E-05	7.934320E-06
5.198242E+03	5.902034E-05	8.061686E-06
5.237853E+03	6.017292E-05	8.183223E-06
5.277463E+03	6.128971E-05	8.298461E-06
5.317073E+03	6.236644E-05	8.406891E-06
5.356683E+03	6.339863E-05	8.507979E-06
5.396293E+03	6.438154E-05	8.601176E-06
5.435904E+03	6.531035E-05	8.685928E-06
5.475514E+03	6.618005E-05	8.761671E-06
5.515124E+03	6.698564E-05	8.827856E-06
5.554734E+03	6.772238E-05	8.883979E-06
5.594345E+03	6.838596E-05	8.929607E-06
5.633955E+03	6.897289E-05	8.964423E-06
5.673565E+03	6.948098E-05	8.988285E-06
5.713175E+03	6.990954E-05	9.001255E-06
5.752786E+03	7.025926E-05	9.003572E-06
5.792396E+03	7.053182E-05	8.995599E-06
5.832006E+03	7.072989E-05	8.977823E-06
5.871616E+03	7.085719E-05	8.950856E-06
5.911227E+03	7.091843E-05	8.915426E-06
5.950837E+03	7.091904E-05	8.872343E-06
5.990447E+03	7.086529E-05	8.822505E-06
6.030057E+03	7.076423E-05	8.766893E-06
6.069667E+03	7.062350E-05	8.706542E-06
6.109278E+03	7.045094E-05	8.642496E-06
6.148888E+03	7.025445E-05	8.575785E-06
6.188498E+03	7.004212E-05	8.507445E-06
6.228108E+03	6.982238E-05	8.438532E-06
6.267719E+03	6.960390E-05	8.370112E-06
6.307329E+03	6.939511E-05	8.303200E-06
6.346939E+03	6.920373E-05	8.238706E-06
6.386549E+03	6.903654E-05	8.177414E-06
6.426160E+03	6.889882E-05	8.119905E-06
6.465770E+03	6.879437E-05	8.066575E-06
6.505380E+03	6.872613E-05	8.017710E-06
6.544990E+03	6.869629E-05	7.973499E-06
6.584601E+03	6.870633E-05	7.934047E-06
6.624211E+03	6.875722E-05	7.899398E-06
6.663821E+03	6.884942E-05	7.869537E-06
6.703431E+03	6.898330E-05	7.844435E-06
6.743041E+03	6.915880E-05	7.824018E-06
6.782652E+03	6.937521E-05	7.808138E-06
6.822262E+03	6.963100E-05	7.796560E-06
6.861872E+03	6.992401E-05	7.788980E-06
6.901482E+03	7.025165E-05	7.785054E-06
6.941093E+03	7.061128E-05	7.784440E-06
6.980703E+03	7.100021E-05	7.786797E-06
7.020313E+03	7.141571E-05	7.791787E-06
7.059923E+03	7.185460E-05	7.799031E-06
7.099534E+03	7.231341E-05	7.808127E-06
7.139144E+03	7.278834E-05	7.818642E-06
7.178754E+03	7.327525E-05	7.830125E-06
7.218364E+03	7.376993E-05	7.842120E-06
7.257975E+03	7.426842E-05	7.854211E-06
7.297585E+03	7.476719E-05	7.866036E-06
7.337195E+03	7.526302E-05	7.877276E-06
7.376805E+03	7.575256E-05	7.887605E-06
7.416415E+03	7.623251E-05	7.896709E-06
7.456026E+03	7.670005E-05	7.904332E-06
7.495636E+03	7.715302E-05	7.910295E-06
7.535246E+03	7.758972E-05	7.914467E-06
7.574856E+03	7.800843E-05	7.916722E-06
7.614467E+03	7.840730E-05	7.916922E-06
7.654077E+03	7.878466E-05	7.914956E-06
7.693687E+03	7.913896E-05	7.910723E-06
7.733297E+03	7.946828E-05	7.904092E-06
7.772908E+03	7.977024E-05	7.894891E-06
7.812518E+03	8.004258E-05	7.882958E-06
7.852128E+03	8.028339E-05	7.868158E-06
7.891738E+03	8.049066E-05	7.850347E-06
7.931349E+03	8.066237E-05	7.829389E-06
7.970959E+03	8.079671E-05	7.805163E-06
8.010569E+03	8.089221E-05	7.777590E-06
8.050179E+03	8.094803E-05	7.746651E-06
8.089789E+03	8.096435E-05	7.712423E-06
8.129400E+03	8.094280E-05	7.675123E-06
8.169010E+03	8.088681E-05	7.635132E-06
8.208620E+03	8.080168E-05	7.593001E-06
8.248230E+03	8.069423E-05	7.549411E-06
8.287841E+03	8.057204E-05	7.505107E-06
8.327451E+03	8.044289E-05	7.460838E-06
8.367061E+03	8.031454E-05	7.417337E-06
8.406671E+03	8.019441E-05	7.375296E-06
8.446282E+03	8.008932E-05	7.335341E-06
8.485892E+03	8.000510E-05	7.298000E-06
8.525502E+03	7.994651E-05	7.263694E-06
8.565112E+03	7.991707E-05	7.232730E-06
8.604723E+03	7.991906E-05	7.205298E-06
8.644333E+03	7.995355E-05	7.181479E-06
8.683943E+03	8.002068E-05	7.161271E-06
8.723553E+03	8.011981E-05	7.144607E-06
8.763163E+03	8.024982E-05	7.131378E-06
8.802774E+03	8.040908E-05	7.121435E-06
8.842384E+03	8.059533E-05	7.114578E-06
8.881994E+03	8.080553E-05	7.110543E-06
8.921604E+03	8.103608E-05	7.109021E-06
8.961215E+03	8.128311E-05	7.109688E-06
9.000825E+03	8.154277E-05	7.112226E-06
9.040435E+03	8.181132E-05	7.116332E-06
9.080045E+03	8.208560E-05	7.121757E-06
9.119656E+03	8.236301E-05	7.128306E-06
9.159266E+03	8.264088E-05	7.135767E-06
9.198876E+03	8.291672E-05	7.143929E-06
9.238486E+03	8.318826E-05	7.152601E-06
9.278097E+03	8.345342E-05	7.161614E-06
9.317707E+03	8.371033E-05	7.170814E-06
9.357317E+03	8.395718E-05	7.180051E-06
9.396927E+03	8.419215E-05	7.189180E-06
9.436537E+03	8.441384E-05	7.198088E-06
9.476148E+03	8.462144E-05	7.206713E-06
9.515758E+03	8.481443E-05	7.215019E-06
9.555368E+03	8.499261E-05	7.222994E-06
9.594978E+03	8.515596E-05	7.230642E-06
9.634589E+03	8.530465E-05	7.237981E-06
9.674199E+03	8.543919E-05	7.245059E-06
9.713809E+03	8.556071E-05	7.251973E-06
9.753419E+03	8.567127E-05	7.258900E-06
9.793030E+03	8.577418E-05	7.266121E-06
9.832640E+03	8.587349E-05	7.273975E-06
9.872250E+03	8.597169E-05	7.282651E-06
9.911857E+03	8.607044E-05	7.292247E-06
9.951468E+03	8.617215E-05	7.302929E-06
9.991078E+03	8.628019E-05	7.314944E-06
1.003069E+04	8.639884E-05	7.328617E-06
1.007030E+04	8.653317E-05	7.344341E-06
1.010991E+04	8.668885E-05	7.362561E-06
1.014952E+04	8.687200E-05	7.383766E-06
1.018913E+04	8.708922E-05	7.408484E-06
1.022874E+04	8.734748E-05	7.437282E-06
1.026835E+04	8.765433E-05	7.470780E-06
1.030796E+04	8.801789E-05	7.509649E-06
1.034757E+04	8.844591E-05	7.554535E-06
1.038718E+04	8.894511E-05	7.606001E-06
1.042679E+04	8.952080E-05	7.664493E-06
1.046640E+04	9.017728E-05	7.730376E-06
1.050601E+04	9.091767E-05	7.803916E-06
1.054562E+04	9.174369E-05	7.885263E-06
1.058523E+04	9.265570E-05	7.974452E-06
1.062484E+04	9.365322E-05	8.071447E-06
1.066445E+04	9.473520E-05	8.176162E-06
1.070406E+04	9.589983E-05	8.288449E-06
1.074367E+04	9.714442E-05	8.408081E-06
1.078328E+04	9.846599E-05	8.534806E-06
1.082289E+04	9.986169E-05	8.668383E-06
1.086250E+04	1.013284E-04	8.808543E-06
1.090211E+04	1.028616E-04	8.954899E-06
1.094172E+04	1.044549E-04	9.106883E-06
1.098133E+04	1.060988E-04	9.263683E-06
1.102094E+04	1.077814E-04	9.424242E-06
1.106055E+04	1.094887E-04	9.587320E-06
1.110016E+04	1.112047E-04	9.751513E-06
1.113977E+04	1.129120E-04	9.915257E-06
1.117938E+04	1.145909E-04	1.007680E-05
1.121900E+04	1.162197E-04	1.023419E-05
1.125861E+04	1.177748E-04	1.038531E-05
1.129822E+04	1.192319E-04	1.052795E-05
1.133783E+04	1.205653E-04	1.065980E-05
1.137744E+04	1.217489E-04	1.077847E-05
1.141705E+04	1.227565E-04	1.088157E-05
1.145666E+04	1.235637E-04	1.096685E-05
1.149627E+04	1.241494E-04	1.103237E-05
1.153588E+04	1.245003E-04	1.107685E-05
1.157549E+04	1.246217E-04	1.110066E-05
1.161510E+04	1.245338E-04	1.110554E-05
1.165471E+04	1.242624E-04	1.109372E-05
1.169432E+04	1.238351E-04	1.106758E-05
1.173393E+04	1.232797E-04	1.102955E-05
1.177354E+04	1.226229E-04	1.098194E-05
1.181315E+04	1.218894E-04	1.092691E-05
1.185276E+04	1.211011E-04	1.086636E-05
1.189237E+04	1.202776E-04	1.080202E-05
1.193198E+04	1.194361E-04	1.073541E-05
1.197159E+04	1.185916E-04	1.066784E-05
1.201120E+04	1.177567E-04	1.060043E-05
1.205081E+04	1.169409E-04	1.053401E-05
1.209042E+04	1.161510E-04	1.046918E-05
1.213003E+04	1.153917E-04	1.040637E-05
1.216964E+04	1.146664E-04	1.034586E-05
1.220925E+04	1.139771E-04	1.028782E-05
1.224886E+04	1.133246E-04	1.023231E-05
1.228847E+04	1.127089E-04	1.017934E-05
1.232808E+04	1.121280E-04	1.012869E-05
1.236769E+04	1.115773E-04	1.007997E-05
1.240730E+04	1.110507E-04	1.003260E-05
1.244691E+04	1.105414E-04	9.985960E-06
1.248652E+04	1.100432E-04	9.939479E-06
1.252613E+04	1.095516E-04	9.892747E-06
1.256574E+04	1.090650E-04	9.845619E-06
1.260535E+04	1.085852E-04	9.798243E-06
1.264496E+04	1.081168E-04	9.751029E-06
1.268457E+04	1.076667E-04	9.704604E-06
1.272418E+04	1.072434E-04	9.659720E-06
1.276379E+04	1.068559E-04	9.617195E-06
1.280340E+04	1.065138E-04	9.577867E-06
1.284301E+04	1.062260E-04	9.542532E-06
1.288262E+04	1.060003E-04	9.511873E-06
1.292224E+04	1.058424E-04	9.486387E-06
1.296185E+04	1.057558E-04	9.466361E-06
1.300146E+04	1.057422E-04	9.451921E-06
1.304107E+04	1.058026E-04	9.443118E-06
1.308068E+04	1.059369E-04	9.439918E-06
1.312029E+04	1.061436E-04	9.442135E-06
1.315990E+04	1.064190E-04	9.449421E-06
1.319951E+04	1.067578E-04	9.461260E-06
1.323912E+04	1.071524E-04	9.476946E-06
1.327873E+04	1.075930E-04	9.495562E-06
1.331834E+04	1.080676E-04	9.516028E-06
1.335795E+04	1.085623E-04	9.537094E-06
1.339756E+04	1.090614E-04	9.557367E-06
1.343717E+04	1.095480E-04	9.575365E-06
1.347678E+04	1.100049E-04	9.589602E-06
1.351639E+04	1.104156E-04	9.598655E-06
1.355600E+04	1.107649E-04	9.601243E-06
1.359561E+04	1.110399E-04	9.596310E-06
1.363522E+04	1.112303E-04	9.583040E-06
1.367483E+04	1.113278E-04	9.560803E-06
1.371444E+04	1.113255E-04	9.529106E-06
1.375405E+04	1.112191E-04	9.487685E-06
1.379366E+04	1.110072E-04	9.436542E-06
1.383327E+04	1.106906E-04	9.375871E-06
1.387288E+04	1.102718E-04	9.306013E-06
1.391249E+04	1.097548E-04	9.227451E-06
1.395210E+04	1.091462E-04	9.140865E-06
1.399171E+04	1.084543E-04	9.047080E-06
1.403132E+04	1.076878E-04	8.946964E-06
1.407093E+04	1.068555E-04	8.841358E-06
1.411054E+04	1.059660E-04	8.731102E-06
1.415015E+04	1.050287E-04	8.617082E-06
1.418976E+04	1.040537E-04	8.500229E-06
1.422937E+04	1.030512E-04	8.381474E-06
1.426898E+04	1.020317E-04	8.261748E-06
1.430859E+04	1.010057E-04	8.141982E-06
1.434820E+04	9.998358E-05	8.023076E-06
1.438781E+04	9.897516E-05	7.905871E-06
1.442742E+04	9.799019E-05	7.791187E-06
1.446703E+04	9.703871E-05	7.679853E-06
1.450664E+04	9.613136E-05	7.572733E-06
1.454625E+04	9.527923E-05	7.470708E-06
1.458587E+04	9.449310E-05	7.374621E-06
1.462548E+04	9.378275E-05	7.285221E-06
1.466509E+04	9.315702E-05	7.203171E-06
1.470470E+04	9.262414E-05	7.129078E-06
1.474431E+04	9.219174E-05	7.063493E-06
1.478392E+04	9.186703E-05	7.006928E-06
1.482353E+04	9.165672E-05	6.959851E-06
1.486314E+04	9.156698E-05	6.922686E-06
1.490275E+04	9.160402E-05	6.895858E-06
1.494236E+04	9.177561E-05	6.879910E-06
1.498197E+04	9.209239E-05	6.875596E-06
1.502158E+04	9.256753E-05	6.883859E-06
1.506119E+04	9.321568E-05	6.905745E-06
1.510080E+04	9.405229E-05	6.942364E-06
1.514041E+04	9.509267E-05	6.994810E-06
1.518002E+04	9.635157E-05	7.064144E-06
1.521963E+04	9.784262E-05	7.151356E-06
1.525924E+04	9.957737E-05	7.257296E-06
1.529885E+04	1.015646E-04	7.382631E-06
1.533846E+04	1.038096E-04	7.527814E-06
1.537807E+04	1.063143E-04	7.693068E-06
1.541768E+04	1.090777E-04	7.878461E-06
1.545729E+04	1.120976E-04	8.083956E-06
1.549690E+04	1.153699E-04	8.309419E-06
1.553651E+04	1.188861E-04	8.554419E-06
1.557612E+04	1.226296E-04	8.817992E-06
1.561573E+04	1.265763E-04	9.098660E-06
1.565534E+04	1.306962E-04	9.394561E-06
1.569495E+04	1.349545E-04	9.703517E-06
1.573456E+04	1.393119E-04	1.002304E-05
1.577417E+04	1.437236E-04	1.035027E-05
1.581378E+04	1.481373E-04	1.068179E-05
1.585339E+04	1.524890E-04	1.101334E-05
1.589300E+04	1.567011E-04	1.133963E-05
1.593261E+04	1.606813E-04	1.165426E-05
1.597222E+04	1.643235E-04	1.194971E-05
1.601183E+04	1.675090E-04	1.221746E-05
1.605144E+04	1.701093E-04	1.244806E-05
1.609105E+04	1.719949E-04	1.263181E-05
1.613066E+04	1.731018E-04	1.276359E-05
1.617027E+04	1.734976E-04	1.284785E-05
1.620988E+04	1.732826E-04	1.289140E-05
1.624949E+04	1.725613E-04	1.290135E-05
1.628911E+04	1.714336E-04	1.288444E-05
1.632872E+04	1.699894E-04	1.284676E-05
1.636833E+04	1.683079E-04	1.279367E-05
1.640794E+04	1.664583E-04	1.272989E-05
1.644755E+04	1.645006E-04	1.265955E-05
1.648716E+04	1.624848E-04	1.258609E-05
1.652677E+04	1.604517E-04	1.251235E-05
1.656638E+04	1.584340E-04	1.244062E-05
1.660599E+04	1.564588E-04	1.237282E-05
1.664560E+04	1.545488E-04	1.231060E-05
1.668521E+04	1.527222E-04	1.225531E-05
1.672482E+04	1.509923E-04	1.220797E-05
1.676443E+04	1.493681E-04	1.216931E-05
1.680404E+04	1.478553E-04	1.213979E-05
1.684365E+04	1.464573E-04	1.211973E-05
1.688326E+04	1.451756E-04	1.210935E-05
1.692287E+04	1.440110E-04	1.210878E-05
1.696248E+04	1.429631E-04	1.211809E-05
1.700209E+04	1.420308E-04	1.213730E-05
1.704170E+04	1.412124E-04	1.216639E-05
1.708131E+04	1.405054E-04	1.220526E-05
1.712092E+04	1.399066E-04	1.225378E-05
1.716053E+04	1.394129E-04	1.231181E-05
1.720014E+04	1.390213E-04	1.237923E-05
1.723975E+04	1.387294E-04	1.245596E-05
1.727936E+04	1.385347E-04	1.254191E-05
1.731897E+04	1.384348E-04	1.263704E-05
1.735858E+04	1.384278E-04	1.274128E-05
1.739819E+04	1.385117E-04	1.285464E-05
1.743780E+04	1.386847E-04	1.297707E-05
1.747741E+04	1.389446E-04	1.310852E-05
1.751702E+04	1.392892E-04	1.324892E-05
1.755663E+04	1.397162E-04	1.339821E-05
1.759624E+04	1.402234E-04	1.355632E-05
1.763585E+04	1.408083E-04	1.372316E-05
1.767546E+04	1.414679E-04	1.389855E-05
1.771507E+04	1.421986E-04	1.408228E-05
1.775468E+04	1.429960E-04	1.427405E-05
1.779429E+04	1.438560E-04	1.447356E-05
1.783390E+04	1.447745E-04	1.468049E-05
1.787351E+04	1.457480E-04	1.489460E-05
1.791312E+04	1.467742E-04	1.511576E-05
1.795274E+04	1.478510E-04	1.534382E-05
1.799235E+04	1.489757E-04	1.557859E-05
1.803196E+04	1.501448E-04	1.581978E-05
1.807157E+04	1.513533E-04	1.606695E-05
1.811118E+04	1.525952E-04	1.631950E-05
1.815079E+04	1.538636E-04	1.657674E-05
1.819040E+04	1.551514E-04	1.683793E-05
1.823001E+04	1.564516E-04	1.710231E-05
1.826962E+04	1.577567E-04	1.736907E-05
1.830923E+04	1.590589E-04	1.763731E-05
1.834884E+04	1.603490E-04	1.790599E-05
1.838845E+04	1.616173E-04	1.817392E-05
1.842806E+04	1.628531E-04	1.843985E-05
1.846767E+04	1.640458E-04	1.870244E-05
1.850728E+04	1.651852E-04	1.896040E-05
1.854689E+04	1.662630E-04	1.921262E-05
1.858650E+04	1.672744E-04	1.945837E-05
1.862611E+04	1.682174E-04	1.969724E-05
1.866572E+04	1.690924E-04	1.992909E-05
1.870533E+04	1.699016E-04	2.015400E-05
1.874494E+04	1.706480E-04	2.037217E-05
1.878455E+04	1.713353E-04	2.058387E-05
1.882416E+04	1.719679E-04	2.078948E-05
1.886377E+04	1.725522E-04	2.098963E-05
1.890338E+04	1.730966E-04	2.118523E-05
1.894299E+04	1.736108E-04	2.137737E-05
1.898260E+04	1.741054E-04	2.156726E-05
1.902221E+04	1.745910E-04	2.175618E-05
1.906182E+04	1.750786E-04	2.194548E-05
1.910143E+04	1.755789E-04	2.213648E-05
1.914104E+04	1.761020E-04	2.233049E-05
1.918065E+04	1.766569E-04	2.252868E-05
1.922026E+04	1.772514E-04	2.273212E-05
1.925987E+04	1.778918E-04	2.294169E-05
1.929948E+04	1.785823E-04	2.315802E-05
1.933909E+04	1.793256E-04	2.338154E-05
1.937870E+04	1.801234E-04	2.361259E-05
1.941831E+04	1.809773E-04	2.385148E-05
1.945792E+04	1.818881E-04	2.409841E-05
1.949753E+04	1.828550E-04	2.435340E-05
1.953714E+04	1.838763E-04	2.461630E-05
1.957675E+04	1.849496E-04	2.488688E-05
1.961636E+04	1.860719E-04	2.516485E-05
1.965598E+04	1.872387E-04	2.544966E-05
1.969559E+04	1.884436E-04	2.574053E-05
1.973520E+04	1.896790E-04	2.603647E-05
1.977481E+04	1.909364E-04	2.633634E-05
1.981442E+04	1.922063E-04	2.663887E-05
1.985403E+04	1.934792E-04	2.694274E-05
1.989364E+04	1.947471E-04	2.724682E-05
1.993325E+04	1.960037E-04	2.755019E-05
1.997286E+04	1.972436E-04	2.785205E-05
2.001247E+04	1.984616E-04	2.815163E-05
2.005208E+04	1.996529E-04	2.844818E-05
2.009169E+04	2.008119E-04	2.874083E-05
2.013130E+04	2.019321E-04	2.902860E-05
2.017091E+04	2.030060E-04	2.931028E-05
2.021052E+04	2.040253E-04	2.958459E-05
2.025013E+04	2.049814E-04	2.985015E-05
2.028974E+04	2.058656E-04	3.010559E-05
2.032935E+04	2.066702E-04	3.034961E-05
2.036896E+04	2.073877E-04	3.058097E-05
2.040857E+04	2.080106E-04	3.079836E-05
2.044818E+04	2.085307E-04	3.100043E-05
2.048779E+04	2.089402E-04	3.118582E-05
2.052740E+04	2.092320E-04	3.135323E-05
2.056701E+04	2.093992E-04	3.150145E-05
2.060662E+04	2.094362E-04	3.162939E-05
2.064623E+04	2.093382E-04	3.173612E-05
2.068584E+04	2.091015E-04	3.182084E-05
2.072545E+04	2.087229E-04	3.188282E-05
2.076506E+04	2.082002E-04	3.192147E-05
2.080467E+04	2.075326E-04	3.193647E-05
2.084428E+04	2.067217E-04	3.192781E-05
2.088389E+04	2.057708E-04	3.189577E-05
2.092350E+04	2.046842E-04	3.184082E-05
2.096311E+04	2.034679E-04	3.176365E-05
2.100272E+04	2.021289E-04	3.166521E-05
2.104233E+04	2.006756E-04	3.154658E-05
2.108194E+04	1.991169E-04	3.140905E-05
2.112155E+04	1.974630E-04	3.125404E-05
2.116116E+04	1.957247E-04	3.108317E-05
2.120077E+04	1.939136E-04	3.089815E-05
2.124038E+04	1.920415E-04	3.070079E-05
2.127999E+04	1.901203E-04	3.049292E-05
2.131961E+04	1.881605E-04	3.027614E-05
2.135922E+04	1.861697E-04	3.005169E-05
2.139883E+04	1.841543E-04	2.982054E-05
2.143844E+04	1.821197E-04	2.958357E-05
2.147805E+04	1.800713E-04	2.934165E-05
2.151766E+04	1.780146E-04	2.909568E-05
2.155727E+04	1.759550E-04	2.884654E-05
2.159688E+04	1.738974E-04	2.859508E-05
2.163649E+04	1.718467E-04	2.834211E-05
2.167610E+04	1.698074E-04	2.808843E-05
2.171571E+04	1.677842E-04	2.783485E-05
2.175532E+04	1.657821E-04	2.758223E-05
2.179493E+04	1.638061E-04	2.733147E-05
2.183454E+04	1.618609E-04	2.708344E-05
2.187415E+04	1.599510E-04	2.683892E-05
2.191376E+04	1.580806E-04	2.659871E-05
2.195337E+04	1.562541E-04	2.636362E-05
2.199298E+04	1.544759E-04	2.613447E-05
2.203259E+04	1.527497E-04	2.591199E-05
2.207220E+04	1.510788E-04	2.569682E-05
2.211181E+04	1.494666E-04	2.548964E-05
2.215142E+04	1.479170E-04	2.529120E-05
2.219103E+04	1.464343E-04	2.510235E-05
2.223064E+04	1.450231E-04	2.492400E-05
2.227025E+04	1.436880E-04	2.475703E-05
2.230986E+04	1.424329E-04	2.460223E-05
2.234947E+04	1.412610E-04	2.446027E-05
2.238908E+04	1.401743E-04	2.433163E-05
2.242869E+04	1.391744E-04	2.421671E-05
2.246830E+04	1.382623E-04	2.411579E-05
2.250791E+04	1.374383E-04	2.402905E-05
2.254752E+04	1.367023E-04	2.395661E-05
2.258713E+04	1.360542E-04	2.389855E-05
2.262674E+04	1.354934E-04	2.385487E-05
2.266635E+04	1.350190E-04	2.382555E-05
2.270596E+04	1.346301E-04	2.381053E-05
2.274557E+04	1.343258E-04	2.380975E-05
2.278518E+04	1.341052E-04	2.382318E-05
2.282479E+04	1.339679E-04	2.385082E-05
2.286440E+04	1.339134E-04	2.389269E-05
2.290401E+04	1.339413E-04	2.394884E-05
2.294362E+04	1.340514E-04	2.401930E-05
2.298323E+04	1.342434E-04	2.410412E-05
2.302285E+04	1.345173E-04	2.420341E-05
2.306246E+04	1.348734E-04	2.431730E-05
2.310207E+04	1.353119E-04	2.444589E-05
2.314168E+04	1.358327E-04	2.458930E-05
2.318129E+04	1.364361E-04	2.474764E-05
2.322090E+04	1.371224E-04	2.492106E-05
2.326051E+04	1.378926E-04	2.510982E-05
2.330012E+04	1.387477E-04	2.531419E-05
2.333973E+04	1.396893E-04	2.553455E-05
2.337934E+04	1.407191E-04	2.577128E-05
2.341895E+04	1.418392E-04	2.602487E-05
2.345856E+04	1.430517E-04	2.629579E-05
2.349817E+04	1.443582E-04	2.658440E-05
2.353778E+04	1.457595E-04	2.689095E-05
2.357739E+04	1.472558E-04	2.721556E-05
2.361700E+04	1.488463E-04	2.755816E-05
2.365661E+04	1.505295E-04	2.791855E-05
2.369622E+04	1.523030E-04	2.829637E-05
2.373583E+04	1.541641E-04	2.869119E-05
2.377544E+04	1.561090E-04	2.910238E-05
2.381505E+04	1.581329E-04	2.952908E-05
2.385466E+04	1.602300E-04	2.997028E-05
2.389427E+04	1.623940E-04	3.042488E-05
2.393388E+04	1.646188E-04	3.089174E-05
2.397349E+04	1.668977E-04	3.136966E-05
2.401310E+04	1.692238E-04	3.185736E-05
2.405271E+04	1.715898E-04	3.235353E-05
2.409232E+04	1.739896E-04	3.285697E-05
2.413193E+04	1.764179E-04	3.336675E-05
2.417154E+04	1.788713E-04	3.388222E-05
2.421115E+04	1.813478E-04	3.440300E-05
2.425076E+04	1.838469E-04	3.492899E-05
