#wls	flux	fluxerr
3.257341E+03	1.509130E-04	2.160202E-05
3.296951E+03	1.456458E-04	2.080621E-05
3.336561E+03	1.407128E-04	2.006075E-05
3.376171E+03	1.360973E-04	1.936296E-05
3.415782E+03	1.317838E-04	1.871045E-05
3.455392E+03	1.277586E-04	1.810099E-05
3.495002E+03	1.240086E-04	1.753254E-05
3.534612E+03	1.205222E-04	1.700322E-05
3.574223E+03	1.172884E-04	1.651128E-05
3.613833E+03	1.142972E-04	1.605508E-05
3.653443E+03	1.115389E-04	1.563310E-05
3.693053E+03	1.090047E-04	1.524388E-05
3.732664E+03	1.066861E-04	1.488608E-05
3.772274E+03	1.045753E-04	1.455839E-05
3.811884E+03	1.026648E-04	1.425959E-05
3.851494E+03	1.009474E-04	1.398852E-05
3.891105E+03	9.941645E-05	1.374407E-05
3.930715E+03	9.806561E-05	1.352522E-05
3.970325E+03	9.688894E-05	1.333096E-05
4.009935E+03	9.588085E-05	1.316037E-05
4.049545E+03	9.503616E-05	1.301258E-05
4.089156E+03	9.434996E-05	1.288676E-05
4.128766E+03	9.381779E-05	1.278215E-05
4.168376E+03	9.343550E-05	1.269803E-05
4.207986E+03	9.319930E-05	1.263373E-05
4.247597E+03	9.310574E-05	1.258864E-05
4.287207E+03	9.315171E-05	1.256219E-05
4.326817E+03	9.333438E-05	1.255386E-05
4.366427E+03	9.365125E-05	1.256315E-05
4.406038E+03	9.410003E-05	1.258962E-05
4.445648E+03	9.467872E-05	1.263286E-05
4.485258E+03	9.538542E-05	1.269247E-05
4.524868E+03	9.621843E-05	1.276808E-05
4.564479E+03	9.717601E-05	1.285931E-05
4.604089E+03	9.825640E-05	1.296578E-05
4.643699E+03	9.945764E-05	1.308710E-05
4.683309E+03	1.007775E-04	1.322281E-05
4.722919E+03	1.022131E-04	1.337242E-05
4.762530E+03	1.037613E-04	1.353536E-05
4.802140E+03	1.054178E-04	1.371094E-05
4.841750E+03	1.071778E-04	1.389838E-05
4.881360E+03	1.090352E-04	1.409678E-05
4.920971E+03	1.109830E-04	1.430511E-05
4.960581E+03	1.130133E-04	1.452221E-05
5.000191E+03	1.151167E-04	1.474680E-05
5.039801E+03	1.172832E-04	1.497748E-05
5.079412E+03	1.195017E-04	1.521273E-05
5.119022E+03	1.217600E-04	1.545097E-05
5.158632E+03	1.240456E-04	1.569051E-05
5.198242E+03	1.263449E-04	1.592962E-05
5.237853E+03	1.286444E-04	1.616655E-05
5.277463E+03	1.309298E-04	1.639950E-05
5.317073E+03	1.331869E-04	1.662670E-05
5.356683E+03	1.354014E-04	1.684640E-05
5.396293E+03	1.375594E-04	1.705690E-05
5.435904E+03	1.396471E-04	1.725658E-05
5.475514E+03	1.416514E-04	1.744388E-05
5.515124E+03	1.435598E-04	1.761737E-05
5.554734E+03	1.453607E-04	1.777574E-05
5.594345E+03	1.470432E-04	1.791782E-05
5.633955E+03	1.485978E-04	1.804256E-05
5.673565E+03	1.500158E-04	1.814910E-05
5.713175E+03	1.512899E-04	1.823672E-05
5.752786E+03	1.524142E-04	1.830489E-05
5.792396E+03	1.533837E-04	1.835323E-05
5.832006E+03	1.541952E-04	1.838154E-05
5.871616E+03	1.548468E-04	1.838983E-05
5.911227E+03	1.553382E-04	1.837827E-05
5.950837E+03	1.556706E-04	1.834722E-05
5.990447E+03	1.558470E-04	1.829724E-05
6.030057E+03	1.558722E-04	1.822913E-05
6.069667E+03	1.557528E-04	1.814386E-05
6.109278E+03	1.554973E-04	1.804263E-05
6.148888E+03	1.551170E-04	1.792693E-05
6.188498E+03	1.546255E-04	1.779852E-05
6.228108E+03	1.540391E-04	1.765942E-05
6.267719E+03	1.533775E-04	1.751204E-05
6.307329E+03	1.526645E-04	1.735919E-05
6.346939E+03	1.519269E-04	1.720399E-05
6.386549E+03	1.511925E-04	1.704961E-05
6.426160E+03	1.504839E-04	1.689861E-05
6.465770E+03	1.498186E-04	1.675292E-05
6.505380E+03	1.492141E-04	1.661442E-05
6.544990E+03	1.486908E-04	1.648531E-05
6.584601E+03	1.482725E-04	1.636810E-05
6.624211E+03	1.479858E-04	1.626556E-05
6.663821E+03	1.478595E-04	1.618068E-05
6.703431E+03	1.479242E-04	1.611655E-05
6.743041E+03	1.482109E-04	1.607628E-05
6.782652E+03	1.487489E-04	1.606271E-05
6.822262E+03	1.495630E-04	1.607815E-05
6.861872E+03	1.506723E-04	1.612425E-05
6.901482E+03	1.520898E-04	1.620196E-05
6.941093E+03	1.538221E-04	1.631155E-05
6.980703E+03	1.558703E-04	1.645267E-05
7.020313E+03	1.582297E-04	1.662439E-05
7.059923E+03	1.608896E-04	1.682510E-05
7.099534E+03	1.638330E-04	1.705263E-05
7.139144E+03	1.670385E-04	1.730435E-05
7.178754E+03	1.704821E-04	1.757739E-05
7.218364E+03	1.741367E-04	1.786865E-05
7.257975E+03	1.779748E-04	1.817500E-05
7.297585E+03	1.819660E-04	1.849311E-05
7.337195E+03	1.860794E-04	1.881962E-05
7.376805E+03	1.902825E-04	1.915113E-05
7.416415E+03	1.945420E-04	1.948415E-05
7.456026E+03	1.988240E-04	1.981528E-05
7.495636E+03	2.030945E-04	2.014110E-05
7.535246E+03	2.073178E-04	2.045816E-05
7.574856E+03	2.114576E-04	2.076298E-05
7.614467E+03	2.154765E-04	2.105205E-05
7.654077E+03	2.193358E-04	2.132184E-05
7.693687E+03	2.229954E-04	2.156871E-05
7.733297E+03	2.264138E-04	2.178903E-05
7.772908E+03	2.295510E-04	2.197935E-05
7.812518E+03	2.323723E-04	2.213680E-05
7.852128E+03	2.348493E-04	2.225920E-05
7.891738E+03	2.369607E-04	2.234506E-05
7.931349E+03	2.386920E-04	2.239358E-05
7.970959E+03	2.400384E-04	2.240486E-05
8.010569E+03	2.410069E-04	2.238016E-05
8.050179E+03	2.416160E-04	2.232174E-05
8.089789E+03	2.418957E-04	2.223288E-05
8.129400E+03	2.418841E-04	2.211758E-05
8.169010E+03	2.416250E-04	2.198025E-05
8.208620E+03	2.411655E-04	2.182550E-05
8.248230E+03	2.405542E-04	2.165804E-05
8.287841E+03	2.398399E-04	2.148246E-05
8.327451E+03	2.390685E-04	2.130302E-05
8.367061E+03	2.382821E-04	2.112355E-05
8.406671E+03	2.375155E-04	2.094716E-05
8.446282E+03	2.367953E-04	2.077618E-05
8.485892E+03	2.361394E-04	2.061214E-05
8.525502E+03	2.355572E-04	2.045580E-05
8.565112E+03	2.350513E-04	2.030730E-05
8.604723E+03	2.346176E-04	2.016622E-05
8.644333E+03	2.342473E-04	2.003175E-05
8.683943E+03	2.339302E-04	1.990296E-05
8.723553E+03	2.336570E-04	1.977904E-05
8.763163E+03	2.334209E-04	1.965939E-05
8.802774E+03	2.332186E-04	1.954373E-05
8.842384E+03	2.330508E-04	1.943210E-05
8.881994E+03	2.329215E-04	1.932484E-05
8.921604E+03	2.328389E-04	1.922260E-05
8.961215E+03	2.328167E-04	1.912652E-05
9.000825E+03	2.328737E-04	1.903810E-05
9.040435E+03	2.330345E-04	1.895929E-05
9.080045E+03	2.333273E-04	1.889229E-05
9.119656E+03	2.337820E-04	1.883942E-05
9.159266E+03	2.344266E-04	1.880278E-05
9.198876E+03	2.352862E-04	1.878417E-05
9.238486E+03	2.363826E-04	1.878512E-05
9.278097E+03	2.377290E-04	1.880640E-05
9.317707E+03	2.393246E-04	1.884775E-05
9.357317E+03	2.411543E-04	1.890772E-05
9.396927E+03	2.431927E-04	1.898415E-05
9.436537E+03	2.454070E-04	1.907431E-05
9.476148E+03	2.477599E-04	1.917517E-05
9.515758E+03	2.502113E-04	1.928358E-05
9.555368E+03	2.527224E-04	1.939652E-05
9.594978E+03	2.552556E-04	1.951111E-05
9.634589E+03	2.577760E-04	1.962473E-05
9.674199E+03	2.602508E-04	1.973498E-05
9.713809E+03	2.626530E-04	1.983992E-05
9.753419E+03	2.649629E-04	1.993820E-05
9.793030E+03	2.671677E-04	2.002900E-05
9.832640E+03	2.692570E-04	2.011169E-05
9.872250E+03	2.712160E-04	2.018531E-05
9.911857E+03	2.730282E-04	2.024874E-05
9.951468E+03	2.746796E-04	2.030104E-05
9.991078E+03	2.761618E-04	2.034172E-05
1.003069E+04	2.774749E-04	2.037089E-05
1.007030E+04	2.786264E-04	2.038924E-05
1.010991E+04	2.796335E-04	2.039809E-05
1.014952E+04	2.805207E-04	2.039934E-05
1.018913E+04	2.813183E-04	2.039523E-05
1.022874E+04	2.820584E-04	2.038813E-05
1.026835E+04	2.827733E-04	2.038040E-05
1.030796E+04	2.834939E-04	2.037427E-05
1.034757E+04	2.842470E-04	2.037163E-05
1.038718E+04	2.850550E-04	2.037407E-05
1.042679E+04	2.859335E-04	2.038266E-05
1.046640E+04	2.868907E-04	2.039796E-05
1.050601E+04	2.879275E-04	2.041997E-05
1.054562E+04	2.890365E-04	2.044814E-05
1.058523E+04	2.902040E-04	2.048151E-05
1.062484E+04	2.914108E-04	2.051868E-05
1.066445E+04	2.926356E-04	2.055816E-05
1.070406E+04	2.938554E-04	2.059838E-05
1.074367E+04	2.950482E-04	2.063781E-05
1.078328E+04	2.961939E-04	2.067511E-05
1.082289E+04	2.972750E-04	2.070909E-05
1.086250E+04	2.982778E-04	2.073889E-05
1.090211E+04	2.991937E-04	2.076398E-05
1.094172E+04	3.000181E-04	2.078411E-05
1.098133E+04	3.007504E-04	2.079932E-05
1.102094E+04	3.013932E-04	2.080988E-05
1.106055E+04	3.019518E-04	2.081624E-05
1.110016E+04	3.024348E-04	2.081907E-05
1.113977E+04	3.028532E-04	2.081921E-05
1.117938E+04	3.032215E-04	2.081772E-05
1.121900E+04	3.035579E-04	2.081595E-05
1.125861E+04	3.038840E-04	2.081542E-05
1.129822E+04	3.042252E-04	2.081798E-05
1.133783E+04	3.046098E-04	2.082561E-05
1.137744E+04	3.050683E-04	2.084048E-05
1.141705E+04	3.056314E-04	2.086474E-05
1.145666E+04	3.063297E-04	2.090057E-05
1.149627E+04	3.071940E-04	2.095015E-05
1.153588E+04	3.082542E-04	2.101561E-05
1.157549E+04	3.095395E-04	2.109904E-05
1.161510E+04	3.110780E-04	2.120246E-05
1.165471E+04	3.128962E-04	2.132783E-05
1.169432E+04	3.150177E-04	2.147689E-05
1.173393E+04	3.174621E-04	2.165117E-05
1.177354E+04	3.202424E-04	2.185174E-05
1.181315E+04	3.233630E-04	2.207914E-05
1.185276E+04	3.268179E-04	2.233320E-05
1.189237E+04	3.305897E-04	2.261302E-05
1.193198E+04	3.346472E-04	2.291676E-05
1.197159E+04	3.389431E-04	2.324150E-05
1.201120E+04	3.434131E-04	2.358316E-05
1.205081E+04	3.479711E-04	2.393616E-05
1.209042E+04	3.525085E-04	2.429333E-05
1.213003E+04	3.568902E-04	2.464565E-05
1.216964E+04	3.609540E-04	2.498210E-05
1.220925E+04	3.645093E-04	2.528961E-05
1.224886E+04	3.673379E-04	2.555301E-05
1.228847E+04	3.692000E-04	2.575542E-05
1.232808E+04	3.698557E-04	2.587967E-05
1.236769E+04	3.691314E-04	2.591287E-05
1.240730E+04	3.670552E-04	2.585590E-05
1.244691E+04	3.637996E-04	2.571973E-05
1.248652E+04	3.595716E-04	2.551784E-05
1.252613E+04	3.545799E-04	2.526400E-05
1.256574E+04	3.490235E-04	2.497146E-05
1.260535E+04	3.430879E-04	2.465267E-05
1.264496E+04	3.369451E-04	2.431933E-05
1.268457E+04	3.307513E-04	2.398221E-05
1.272418E+04	3.246474E-04	2.365117E-05
1.276379E+04	3.187575E-04	2.333503E-05
1.280340E+04	3.131897E-04	2.304166E-05
1.284301E+04	3.080365E-04	2.277796E-05
1.288262E+04	3.033747E-04	2.254981E-05
1.292224E+04	2.992650E-04	2.236206E-05
1.296185E+04	2.957531E-04	2.221857E-05
1.300146E+04	2.928691E-04	2.212213E-05
1.304107E+04	2.906294E-04	2.207455E-05
1.308068E+04	2.890360E-04	2.207666E-05
1.312029E+04	2.880780E-04	2.212829E-05
1.315990E+04	2.877326E-04	2.222837E-05
1.319951E+04	2.879641E-04	2.237484E-05
1.323912E+04	2.887257E-04	2.256471E-05
1.327873E+04	2.899601E-04	2.279412E-05
1.331834E+04	2.916015E-04	2.305843E-05
1.335795E+04	2.935764E-04	2.335230E-05
1.339756E+04	2.958064E-04	2.366986E-05
1.343717E+04	2.982097E-04	2.400483E-05
1.347678E+04	3.007044E-04	2.435077E-05
1.351639E+04	3.032112E-04	2.470130E-05
1.355600E+04	3.056561E-04	2.505032E-05
1.359561E+04	3.079719E-04	2.539213E-05
1.363522E+04	3.100983E-04	2.572149E-05
1.367483E+04	3.119840E-04	2.603378E-05
1.371444E+04	3.135863E-04	2.632498E-05
1.375405E+04	3.148717E-04	2.659180E-05
1.379366E+04	3.158172E-04	2.683172E-05
1.383327E+04	3.164089E-04	2.704298E-05
1.387288E+04	3.166424E-04	2.722459E-05
1.391249E+04	3.165227E-04	2.737639E-05
1.395210E+04	3.160633E-04	2.749894E-05
1.399171E+04	3.152847E-04	2.759344E-05
1.403132E+04	3.142120E-04	2.766157E-05
1.407093E+04	3.128744E-04	2.770539E-05
1.411054E+04	3.113050E-04	2.772738E-05
1.415015E+04	3.095390E-04	2.773030E-05
1.418976E+04	3.076137E-04	2.771714E-05
1.422937E+04	3.055686E-04	2.769119E-05
1.426898E+04	3.034448E-04	2.765597E-05
1.430859E+04	3.012841E-04	2.761515E-05
1.434820E+04	2.991284E-04	2.757249E-05
1.438781E+04	2.970177E-04	2.753168E-05
1.442742E+04	2.949884E-04	2.749615E-05
1.446703E+04	2.930726E-04	2.746900E-05
1.450664E+04	2.912979E-04	2.745300E-05
1.454625E+04	2.896871E-04	2.745048E-05
1.458587E+04	2.882576E-04	2.746335E-05
1.462548E+04	2.870232E-04	2.749317E-05
1.466509E+04	2.859924E-04	2.754105E-05
1.470470E+04	2.851719E-04	2.760793E-05
1.474431E+04	2.845659E-04	2.769454E-05
1.478392E+04	2.841772E-04	2.780145E-05
1.482353E+04	2.840064E-04	2.792903E-05
1.486314E+04	2.840513E-04	2.807739E-05
1.490275E+04	2.843068E-04	2.824634E-05
1.494236E+04	2.847664E-04	2.843553E-05
1.498197E+04	2.854220E-04	2.864443E-05
1.502158E+04	2.862641E-04	2.887238E-05
1.506119E+04	2.872813E-04	2.911848E-05
1.510080E+04	2.884597E-04	2.938156E-05
1.514041E+04	2.897812E-04	2.966001E-05
1.518002E+04	2.912245E-04	2.995181E-05
1.521963E+04	2.927654E-04	3.025465E-05
1.525924E+04	2.943781E-04	3.056599E-05
1.529885E+04	2.960346E-04	3.088297E-05
1.533846E+04	2.977047E-04	3.120249E-05
1.537807E+04	2.993555E-04	3.152110E-05
1.541768E+04	3.009521E-04	3.183508E-05
1.545729E+04	3.024579E-04	3.214042E-05
1.549690E+04	3.038343E-04	3.243288E-05
1.553651E+04	3.050413E-04	3.270797E-05
1.557612E+04	3.060390E-04	3.296114E-05
1.561573E+04	3.067890E-04	3.318795E-05
1.565534E+04	3.072572E-04	3.338432E-05
1.569495E+04	3.074145E-04	3.354668E-05
1.573456E+04	3.072395E-04	3.367224E-05
1.577417E+04	3.067177E-04	3.375896E-05
1.581378E+04	3.058423E-04	3.380557E-05
1.585339E+04	3.046112E-04	3.381139E-05
1.589300E+04	3.030284E-04	3.377635E-05
1.593261E+04	3.011023E-04	3.370093E-05
1.597222E+04	2.988466E-04	3.358620E-05
1.601183E+04	2.962782E-04	3.343363E-05
1.605144E+04	2.934162E-04	3.324496E-05
1.609105E+04	2.902837E-04	3.302243E-05
1.613066E+04	2.869101E-04	3.276899E-05
1.617027E+04	2.833317E-04	3.248853E-05
1.620988E+04	2.795877E-04	3.218527E-05
1.624949E+04	2.757161E-04	3.186338E-05
1.628911E+04	2.717530E-04	3.152689E-05
1.632872E+04	2.677328E-04	3.117972E-05
1.636833E+04	2.636869E-04	3.082544E-05
1.640794E+04	2.596431E-04	3.046733E-05
1.644755E+04	2.556254E-04	3.010821E-05
1.648716E+04	2.516540E-04	2.975053E-05
1.652677E+04	2.477465E-04	2.939644E-05
1.656638E+04	2.439186E-04	2.904793E-05
1.660599E+04	2.401849E-04	2.870687E-05
1.664560E+04	2.365592E-04	2.837503E-05
1.668521E+04	2.330541E-04	2.805409E-05
1.672482E+04	2.296786E-04	2.774533E-05
1.676443E+04	2.264386E-04	2.744963E-05
1.680404E+04	2.233379E-04	2.716763E-05
1.684365E+04	2.203778E-04	2.689971E-05
1.688326E+04	2.175585E-04	2.664606E-05
1.692287E+04	2.148798E-04	2.640686E-05
1.696248E+04	2.123425E-04	2.618239E-05
1.700209E+04	2.099482E-04	2.597304E-05
1.704170E+04	2.077007E-04	2.577946E-05
1.708131E+04	2.056043E-04	2.560241E-05
1.712092E+04	2.036658E-04	2.544289E-05
1.716053E+04	2.018930E-04	2.530210E-05
1.720014E+04	2.002955E-04	2.518147E-05
1.723975E+04	1.988839E-04	2.508254E-05
1.727936E+04	1.976699E-04	2.500701E-05
1.731897E+04	1.966650E-04	2.495659E-05
1.735858E+04	1.958810E-04	2.493302E-05
1.739819E+04	1.953288E-04	2.493798E-05
1.743780E+04	1.950192E-04	2.497308E-05
1.747741E+04	1.949620E-04	2.503992E-05
1.751702E+04	1.951671E-04	2.514000E-05
1.755663E+04	1.956437E-04	2.527483E-05
1.759624E+04	1.964005E-04	2.544584E-05
1.763585E+04	1.974456E-04	2.565439E-05
1.767546E+04	1.987851E-04	2.590157E-05
1.771507E+04	2.004220E-04	2.618811E-05
1.775468E+04	2.023561E-04	2.651428E-05
1.779429E+04	2.045814E-04	2.687961E-05
1.783390E+04	2.070851E-04	2.728271E-05
1.787351E+04	2.098459E-04	2.772105E-05
1.791312E+04	2.128340E-04	2.819092E-05
1.795274E+04	2.160099E-04	2.868731E-05
1.799235E+04	2.193252E-04	2.920393E-05
1.803196E+04	2.227220E-04	2.973320E-05
1.807157E+04	2.261354E-04	3.026647E-05
1.811118E+04	2.294937E-04	3.079413E-05
1.815079E+04	2.327218E-04	3.130596E-05
1.819040E+04	2.357438E-04	3.179162E-05
1.823001E+04	2.384871E-04	3.224103E-05
1.826962E+04	2.408855E-04	3.264493E-05
1.830923E+04	2.428822E-04	3.299524E-05
1.834884E+04	2.444324E-04	3.328546E-05
1.838845E+04	2.455035E-04	3.351069E-05
1.842806E+04	2.460760E-04	3.366779E-05
1.846767E+04	2.461426E-04	3.375528E-05
1.850728E+04	2.457090E-04	3.377345E-05
1.854689E+04	2.447925E-04	3.372422E-05
1.858650E+04	2.434236E-04	3.361137E-05
1.862611E+04	2.416437E-04	3.344019E-05
1.866572E+04	2.395028E-04	3.321728E-05
1.870533E+04	2.370550E-04	3.294982E-05
1.874494E+04	2.343569E-04	3.264545E-05
1.878455E+04	2.314647E-04	3.231180E-05
1.882416E+04	2.284344E-04	3.195656E-05
1.886377E+04	2.253212E-04	3.158737E-05
1.890338E+04	2.221792E-04	3.121177E-05
1.894299E+04	2.190597E-04	3.083699E-05
1.898260E+04	2.160107E-04	3.046984E-05
1.902221E+04	2.130740E-04	3.011632E-05
1.906182E+04	2.102852E-04	2.978159E-05
1.910143E+04	2.076728E-04	2.946984E-05
1.914104E+04	2.052572E-04	2.918413E-05
1.918065E+04	2.030523E-04	2.892663E-05
1.922026E+04	2.010646E-04	2.869845E-05
1.925987E+04	1.992964E-04	2.850013E-05
1.929948E+04	1.977466E-04	2.833170E-05
1.933909E+04	1.964120E-04	2.819289E-05
1.937870E+04	1.952885E-04	2.808330E-05
1.941831E+04	1.943716E-04	2.800244E-05
1.945792E+04	1.936553E-04	2.794962E-05
1.949753E+04	1.931328E-04	2.792405E-05
1.953714E+04	1.927959E-04	2.792466E-05
1.957675E+04	1.926346E-04	2.795016E-05
1.961636E+04	1.926370E-04	2.799895E-05
1.965598E+04	1.927895E-04	2.806920E-05
1.969559E+04	1.930770E-04	2.815882E-05
1.973520E+04	1.934828E-04	2.826543E-05
1.977481E+04	1.939889E-04	2.838654E-05
1.981442E+04	1.945772E-04	2.851953E-05
1.985403E+04	1.952288E-04	2.866170E-05
1.989364E+04	1.959263E-04	2.881053E-05
1.993325E+04	1.966530E-04	2.896359E-05
1.997286E+04	1.973937E-04	2.911867E-05
2.001247E+04	1.981340E-04	2.927365E-05
2.005208E+04	1.988605E-04	2.942653E-05
2.009169E+04	1.995613E-04	2.957553E-05
2.013130E+04	2.002250E-04	2.971897E-05
2.017091E+04	2.008415E-04	2.985529E-05
2.021052E+04	2.014009E-04	2.998300E-05
2.025013E+04	2.018949E-04	3.010085E-05
2.028974E+04	2.023161E-04	3.020764E-05
2.032935E+04	2.026575E-04	3.030231E-05
2.036896E+04	2.029126E-04	3.038384E-05
2.040857E+04	2.030757E-04	3.045130E-05
2.044818E+04	2.031410E-04	3.050378E-05
2.048779E+04	2.031037E-04	3.054051E-05
2.052740E+04	2.029599E-04	3.056081E-05
2.056701E+04	2.027052E-04	3.056398E-05
2.060662E+04	2.023360E-04	3.054940E-05
2.064623E+04	2.018490E-04	3.051652E-05
2.068584E+04	2.012424E-04	3.046498E-05
2.072545E+04	2.005148E-04	3.039453E-05
2.076506E+04	1.996662E-04	3.030508E-05
2.080467E+04	1.986969E-04	3.019664E-05
2.084428E+04	1.976088E-04	3.006939E-05
2.088389E+04	1.964037E-04	2.992360E-05
2.092350E+04	1.950860E-04	2.975985E-05
2.096311E+04	1.936617E-04	2.957902E-05
2.100272E+04	1.921386E-04	2.938223E-05
2.104233E+04	1.905254E-04	2.917078E-05
2.108194E+04	1.888323E-04	2.894620E-05
2.112155E+04	1.870705E-04	2.871017E-05
2.116116E+04	1.852522E-04	2.846454E-05
2.120077E+04	1.833911E-04	2.821137E-05
2.124038E+04	1.815002E-04	2.795270E-05
2.127999E+04	1.795923E-04	2.769046E-05
2.131961E+04	1.776758E-04	2.742596E-05
2.135922E+04	1.757541E-04	2.715973E-05
2.139883E+04	1.738275E-04	2.689183E-05
2.143844E+04	1.718949E-04	2.662208E-05
2.147805E+04	1.699550E-04	2.635028E-05
2.151766E+04	1.680060E-04	2.607620E-05
2.155727E+04	1.660471E-04	2.579968E-05
2.159688E+04	1.640780E-04	2.552069E-05
2.163649E+04	1.620987E-04	2.523924E-05
2.167610E+04	1.601115E-04	2.495568E-05
2.171571E+04	1.581187E-04	2.467039E-05
2.175532E+04	1.561240E-04	2.438394E-05
2.179493E+04	1.541312E-04	2.409694E-05
2.183454E+04	1.521437E-04	2.380995E-05
2.187415E+04	1.501645E-04	2.352343E-05
2.191376E+04	1.481963E-04	2.323781E-05
2.195337E+04	1.462416E-04	2.295352E-05
2.199298E+04	1.443027E-04	2.267092E-05
2.203259E+04	1.423819E-04	2.239040E-05
2.207220E+04	1.404819E-04	2.211238E-05
2.211181E+04	1.386057E-04	2.183737E-05
2.215142E+04	1.367570E-04	2.156596E-05
2.219103E+04	1.349396E-04	2.129879E-05
2.223064E+04	1.331577E-04	2.103654E-05
2.227025E+04	1.314153E-04	2.077985E-05
2.230986E+04	1.297163E-04	2.052936E-05
2.234947E+04	1.280646E-04	2.028573E-05
2.238908E+04	1.264639E-04	2.004957E-05
2.242869E+04	1.249179E-04	1.982150E-05
2.246830E+04	1.234297E-04	1.960202E-05
2.250791E+04	1.220015E-04	1.939153E-05
2.254752E+04	1.206351E-04	1.919034E-05
2.258713E+04	1.193317E-04	1.899866E-05
2.262674E+04	1.180918E-04	1.881663E-05
2.266635E+04	1.169160E-04	1.864435E-05
2.270596E+04	1.158042E-04	1.848185E-05
2.274557E+04	1.147563E-04	1.832913E-05
2.278518E+04	1.137721E-04	1.818620E-05
2.282479E+04	1.128518E-04	1.805309E-05
2.286440E+04	1.119956E-04	1.792990E-05
2.290401E+04	1.112042E-04	1.781676E-05
2.294362E+04	1.104787E-04	1.771386E-05
2.298323E+04	1.098202E-04	1.762140E-05
2.302285E+04	1.092298E-04	1.753961E-05
2.306246E+04	1.087091E-04	1.746875E-05
2.310207E+04	1.082595E-04	1.740906E-05
2.314168E+04	1.078820E-04	1.736078E-05
2.318129E+04	1.075779E-04	1.732411E-05
2.322090E+04	1.073481E-04	1.729920E-05
2.326051E+04	1.071933E-04	1.728623E-05
2.330012E+04	1.071142E-04	1.728533E-05
2.333973E+04	1.071115E-04	1.729664E-05
2.337934E+04	1.071859E-04	1.732029E-05
2.341895E+04	1.073378E-04	1.735638E-05
2.345856E+04	1.075676E-04	1.740499E-05
2.349817E+04	1.078755E-04	1.746617E-05
2.353778E+04	1.082613E-04	1.753993E-05
2.357739E+04	1.087247E-04	1.762625E-05
2.361700E+04	1.092650E-04	1.772501E-05
2.365661E+04	1.098809E-04	1.783606E-05
2.369622E+04	1.105710E-04	1.795917E-05
2.373583E+04	1.113335E-04	1.809406E-05
2.377544E+04	1.121662E-04	1.824042E-05
2.381505E+04	1.130669E-04	1.839790E-05
2.385466E+04	1.140331E-04	1.856610E-05
2.389427E+04	1.150623E-04	1.874465E-05
2.393388E+04	1.161522E-04	1.893317E-05
2.397349E+04	1.173003E-04	1.913128E-05
2.401310E+04	1.185045E-04	1.933865E-05
2.405271E+04	1.197627E-04	1.955495E-05
2.409232E+04	1.210729E-04	1.977984E-05
2.413193E+04	1.224328E-04	2.001301E-05
2.417154E+04	1.238406E-04	2.025413E-05
2.421115E+04	1.252944E-04	2.050290E-05
2.425076E+04	1.267924E-04	2.075907E-05
