#wls	flux	fluxerr
3.257341E+03	5.689072E-06	1.306832E-06
3.296951E+03	5.783484E-06	1.328491E-06
3.336561E+03	5.882369E-06	1.351177E-06
3.376171E+03	5.985830E-06	1.374912E-06
3.415782E+03	6.093964E-06	1.399720E-06
3.455392E+03	6.206867E-06	1.425621E-06
3.495002E+03	6.324628E-06	1.452638E-06
3.534612E+03	6.447333E-06	1.480788E-06
3.574223E+03	6.575060E-06	1.510090E-06
3.613833E+03	6.707880E-06	1.540560E-06
3.653443E+03	6.845857E-06	1.572213E-06
3.693053E+03	6.989041E-06	1.605061E-06
3.732664E+03	7.137478E-06	1.639113E-06
3.772274E+03	7.291196E-06	1.674376E-06
3.811884E+03	7.450214E-06	1.710854E-06
3.851494E+03	7.614533E-06	1.748548E-06
3.891105E+03	7.784144E-06	1.787455E-06
3.930715E+03	7.959017E-06	1.827568E-06
3.970325E+03	8.139106E-06	1.868877E-06
4.009935E+03	8.324347E-06	1.911366E-06
4.049545E+03	8.514657E-06	1.955018E-06
4.089156E+03	8.709934E-06	1.999807E-06
4.128766E+03	8.910053E-06	2.045705E-06
4.168376E+03	9.114870E-06	2.092680E-06
4.207986E+03	9.324221E-06	2.140694E-06
4.247597E+03	9.537917E-06	2.189702E-06
4.287207E+03	9.755750E-06	2.239657E-06
4.326817E+03	9.977491E-06	2.290507E-06
4.366427E+03	1.020289E-05	2.342193E-06
4.406038E+03	1.043168E-05	2.394655E-06
4.445648E+03	1.066356E-05	2.447825E-06
4.485258E+03	1.089824E-05	2.501632E-06
4.524868E+03	1.113538E-05	2.556004E-06
4.564479E+03	1.137465E-05	2.610861E-06
4.604089E+03	1.161570E-05	2.666122E-06
4.643699E+03	1.185817E-05	2.721706E-06
4.683309E+03	1.210167E-05	2.777525E-06
4.722919E+03	1.234584E-05	2.833492E-06
4.762530E+03	1.259028E-05	2.889520E-06
4.802140E+03	1.283462E-05	2.945520E-06
4.841750E+03	1.307845E-05	3.001401E-06
4.881360E+03	1.332140E-05	3.057077E-06
4.920971E+03	1.356308E-05	3.112459E-06
4.960581E+03	1.380312E-05	3.167462E-06
5.000191E+03	1.404115E-05	3.221998E-06
5.039801E+03	1.427683E-05	3.275993E-06
5.079412E+03	1.450980E-05	3.329364E-06
5.119022E+03	1.473976E-05	3.382041E-06
5.158632E+03	1.496638E-05	3.433946E-06
5.198242E+03	1.518938E-05	3.485021E-06
5.237853E+03	1.540849E-05	3.535199E-06
5.277463E+03	1.562346E-05	3.584423E-06
5.317073E+03	1.583407E-05	3.632645E-06
5.356683E+03	1.604009E-05	3.679813E-06
5.396293E+03	1.624138E-05	3.725889E-06
5.435904E+03	1.643773E-05	3.770833E-06
5.475514E+03	1.662905E-05	3.814618E-06
5.515124E+03	1.681521E-05	3.857217E-06
5.554734E+03	1.699612E-05	3.898610E-06
5.594345E+03	1.717170E-05	3.938779E-06
5.633955E+03	1.734192E-05	3.977715E-06
5.673565E+03	1.750675E-05	4.015412E-06
5.713175E+03	1.766617E-05	4.051866E-06
5.752786E+03	1.782021E-05	4.087084E-06
5.792396E+03	1.796889E-05	4.121069E-06
5.832006E+03	1.811226E-05	4.153837E-06
5.871616E+03	1.825038E-05	4.185399E-06
5.911227E+03	1.838331E-05	4.215767E-06
5.950837E+03	1.851115E-05	4.244967E-06
5.990447E+03	1.863399E-05	4.273020E-06
6.030057E+03	1.875195E-05	4.299951E-06
6.069667E+03	1.886514E-05	4.325786E-06
6.109278E+03	1.897365E-05	4.350549E-06
6.148888E+03	1.907765E-05	4.374275E-06
6.188498E+03	1.917725E-05	4.396989E-06
6.228108E+03	1.927255E-05	4.418719E-06
6.267719E+03	1.936373E-05	4.439502E-06
6.307329E+03	1.945091E-05	4.459366E-06
6.346939E+03	1.953420E-05	4.478337E-06
6.386549E+03	1.961372E-05	4.496445E-06
6.426160E+03	1.968961E-05	4.513719E-06
6.465770E+03	1.976198E-05	4.530184E-06
6.505380E+03	1.983092E-05	4.545862E-06
6.544990E+03	1.989654E-05	4.560781E-06
6.584601E+03	1.995893E-05	4.574955E-06
6.624211E+03	2.001817E-05	4.588410E-06
6.663821E+03	2.007436E-05	4.601164E-06
6.703431E+03	2.012756E-05	4.613232E-06
6.743041E+03	2.017785E-05	4.624633E-06
6.782652E+03	2.022528E-05	4.635378E-06
6.822262E+03	2.026994E-05	4.645488E-06
6.861872E+03	2.031187E-05	4.654973E-06
6.901482E+03	2.035112E-05	4.663843E-06
6.941093E+03	2.038775E-05	4.672110E-06
6.980703E+03	2.042181E-05	4.679790E-06
7.020313E+03	2.045332E-05	4.686886E-06
7.059923E+03	2.048234E-05	4.693413E-06
7.099534E+03	2.050892E-05	4.699377E-06
7.139144E+03	2.053307E-05	4.704788E-06
7.178754E+03	2.055484E-05	4.709652E-06
7.218364E+03	2.057427E-05	4.713980E-06
7.257975E+03	2.059139E-05	4.717780E-06
7.297585E+03	2.060624E-05	4.721060E-06
7.337195E+03	2.061887E-05	4.723830E-06
7.376805E+03	2.062929E-05	4.726096E-06
7.416415E+03	2.063756E-05	4.727869E-06
7.456026E+03	2.064372E-05	4.729161E-06
7.495636E+03	2.064781E-05	4.729978E-06
7.535246E+03	2.064989E-05	4.730335E-06
7.574856E+03	2.064999E-05	4.730239E-06
7.614467E+03	2.064818E-05	4.729708E-06
7.654077E+03	2.064453E-05	4.728755E-06
7.693687E+03	2.063906E-05	4.727387E-06
7.733297E+03	2.063187E-05	4.725626E-06
7.772908E+03	2.062301E-05	4.723480E-06
7.812518E+03	2.061252E-05	4.720966E-06
7.852128E+03	2.060049E-05	4.718099E-06
7.891738E+03	2.058694E-05	4.714884E-06
7.931349E+03	2.057196E-05	4.711344E-06
7.970959E+03	2.055561E-05	4.707490E-06
8.010569E+03	2.053796E-05	4.703338E-06
8.050179E+03	2.051907E-05	4.698907E-06
8.089789E+03	2.049902E-05	4.694208E-06
8.129400E+03	2.047790E-05	4.689267E-06
8.169010E+03	2.045578E-05	4.684099E-06
8.208620E+03	2.043277E-05	4.678728E-06
8.248230E+03	2.040896E-05	4.673173E-06
8.287841E+03	2.038445E-05	4.667462E-06
8.327451E+03	2.035933E-05	4.661609E-06
8.367061E+03	2.033372E-05	4.655650E-06
8.406671E+03	2.030773E-05	4.649601E-06
8.446282E+03	2.028148E-05	4.643495E-06
8.485892E+03	2.025507E-05	4.637356E-06
8.525502E+03	2.022864E-05	4.631211E-06
8.565112E+03	2.020231E-05	4.625091E-06
8.604723E+03	2.017620E-05	4.619025E-06
8.644333E+03	2.015044E-05	4.613039E-06
8.683943E+03	2.012516E-05	4.607164E-06
8.723553E+03	2.010050E-05	4.601432E-06
8.763163E+03	2.007658E-05	4.595872E-06
8.802774E+03	2.005355E-05	4.590517E-06
8.842384E+03	2.003155E-05	4.585399E-06
8.881994E+03	2.001072E-05	4.580549E-06
8.921604E+03	1.999117E-05	4.575996E-06
8.961215E+03	1.997306E-05	4.571773E-06
9.000825E+03	1.995652E-05	4.567910E-06
9.040435E+03	1.994170E-05	4.564443E-06
9.080045E+03	1.992869E-05	4.561392E-06
9.119656E+03	1.991762E-05	4.558788E-06
9.159266E+03	1.990858E-05	4.556649E-06
9.198876E+03	1.990168E-05	4.555001E-06
9.238486E+03	1.989698E-05	4.553858E-06
9.278097E+03	1.989457E-05	4.553240E-06
9.317707E+03	1.989450E-05	4.553161E-06
9.357317E+03	1.989684E-05	4.553634E-06
9.396927E+03	1.990167E-05	4.554678E-06
9.436537E+03	1.990903E-05	4.556304E-06
9.476148E+03	1.991901E-05	4.558528E-06
9.515758E+03	1.993166E-05	4.561366E-06
9.555368E+03	1.994705E-05	4.564833E-06
9.594978E+03	1.996525E-05	4.568944E-06
9.634589E+03	1.998629E-05	4.573706E-06
9.674199E+03	2.001026E-05	4.579140E-06
9.713809E+03	2.003719E-05	4.585253E-06
9.753419E+03	2.006714E-05	4.592056E-06
9.793030E+03	2.010012E-05	4.599556E-06
9.832640E+03	2.013616E-05	4.607756E-06
9.872250E+03	2.017525E-05	4.616656E-06
9.911857E+03	2.021732E-05	4.626240E-06
9.951468E+03	2.026236E-05	4.636503E-06
9.991078E+03	2.031030E-05	4.647430E-06
1.003069E+04	2.036104E-05	4.659001E-06
1.007030E+04	2.041452E-05	4.671198E-06
1.010991E+04	2.047068E-05	4.684009E-06
1.014952E+04	2.052942E-05	4.697412E-06
1.018913E+04	2.059065E-05	4.711386E-06
1.022874E+04	2.065430E-05	4.725912E-06
1.026835E+04	2.072029E-05	4.740975E-06
1.030796E+04	2.078851E-05	4.756551E-06
1.034757E+04	2.085888E-05	4.772617E-06
1.038718E+04	2.093133E-05	4.789158E-06
1.042679E+04	2.100575E-05	4.806154E-06
1.046640E+04	2.108205E-05	4.823578E-06
1.050601E+04	2.116016E-05	4.841416E-06
1.054562E+04	2.123997E-05	4.859644E-06
1.058523E+04	2.132138E-05	4.878238E-06
1.062484E+04	2.140434E-05	4.897185E-06
1.066445E+04	2.148871E-05	4.916456E-06
1.070406E+04	2.157442E-05	4.936034E-06
1.074367E+04	2.166138E-05	4.955898E-06
1.078328E+04	2.174949E-05	4.976026E-06
1.082289E+04	2.183866E-05	4.996394E-06
1.086250E+04	2.192882E-05	5.016988E-06
1.090211E+04	2.201984E-05	5.037781E-06
1.094172E+04	2.211167E-05	5.058756E-06
1.098133E+04	2.220419E-05	5.079889E-06
1.102094E+04	2.229731E-05	5.101161E-06
1.106055E+04	2.239096E-05	5.122551E-06
1.110016E+04	2.248504E-05	5.144041E-06
1.113977E+04	2.257946E-05	5.165605E-06
1.117938E+04	2.267412E-05	5.187226E-06
1.121900E+04	2.276895E-05	5.208884E-06
1.125861E+04	2.286385E-05	5.230558E-06
1.129822E+04	2.295875E-05	5.252230E-06
1.133783E+04	2.305354E-05	5.273878E-06
1.137744E+04	2.314816E-05	5.295483E-06
1.141705E+04	2.324251E-05	5.317027E-06
1.145666E+04	2.333652E-05	5.338491E-06
1.149627E+04	2.343009E-05	5.359855E-06
1.153588E+04	2.352316E-05	5.381101E-06
1.157549E+04	2.361563E-05	5.402210E-06
1.161510E+04	2.370745E-05	5.423168E-06
1.165471E+04	2.379850E-05	5.443950E-06
1.169432E+04	2.388876E-05	5.464548E-06
1.173393E+04	2.397811E-05	5.484937E-06
1.177354E+04	2.406650E-05	5.505107E-06
1.181315E+04	2.415386E-05	5.525037E-06
1.185276E+04	2.424012E-05	5.544714E-06
1.189237E+04	2.432520E-05	5.564120E-06
1.193198E+04	2.440905E-05	5.583243E-06
1.197159E+04	2.449162E-05	5.602070E-06
1.201120E+04	2.457282E-05	5.620582E-06
1.205081E+04	2.465261E-05	5.638771E-06
1.209042E+04	2.473091E-05	5.656617E-06
1.213003E+04	2.480770E-05	5.674116E-06
1.216964E+04	2.488291E-05	5.691250E-06
1.220925E+04	2.495650E-05	5.708011E-06
1.224886E+04	2.502842E-05	5.724389E-06
1.228847E+04	2.509861E-05	5.740370E-06
1.232808E+04	2.516705E-05	5.755946E-06
1.236769E+04	2.523369E-05	5.771109E-06
1.240730E+04	2.529850E-05	5.785852E-06
1.244691E+04	2.536143E-05	5.800163E-06
1.248652E+04	2.542247E-05	5.814039E-06
1.252613E+04	2.548160E-05	5.827473E-06
1.256574E+04	2.553876E-05	5.840457E-06
1.260535E+04	2.559396E-05	5.852990E-06
1.264496E+04	2.564716E-05	5.865062E-06
1.268457E+04	2.569836E-05	5.876675E-06
1.272418E+04	2.574754E-05	5.887821E-06
1.276379E+04	2.579470E-05	5.898504E-06
1.280340E+04	2.583980E-05	5.908714E-06
1.284301E+04	2.588288E-05	5.918458E-06
1.288262E+04	2.592391E-05	5.927732E-06
1.292224E+04	2.596290E-05	5.936537E-06
1.296185E+04	2.599987E-05	5.944875E-06
1.300146E+04	2.603480E-05	5.952746E-06
1.304107E+04	2.606774E-05	5.960156E-06
1.308068E+04	2.609867E-05	5.967106E-06
1.312029E+04	2.612761E-05	5.973598E-06
1.315990E+04	2.615461E-05	5.979642E-06
1.319951E+04	2.617967E-05	5.985241E-06
1.323912E+04	2.620282E-05	5.990400E-06
1.327873E+04	2.622410E-05	5.995130E-06
1.331834E+04	2.624353E-05	5.999432E-06
1.335795E+04	2.626116E-05	6.003320E-06
1.339756E+04	2.627701E-05	6.006799E-06
1.343717E+04	2.629115E-05	6.009882E-06
1.347678E+04	2.630359E-05	6.012575E-06
1.351639E+04	2.631440E-05	6.014893E-06
1.355600E+04	2.632362E-05	6.016843E-06
1.359561E+04	2.633131E-05	6.018439E-06
1.363522E+04	2.633751E-05	6.019694E-06
1.367483E+04	2.634228E-05	6.020618E-06
1.371444E+04	2.634569E-05	6.021229E-06
1.375405E+04	2.634780E-05	6.021538E-06
1.379366E+04	2.634866E-05	6.021559E-06
1.383327E+04	2.634834E-05	6.021307E-06
1.387288E+04	2.634692E-05	6.020800E-06
1.391249E+04	2.634445E-05	6.020051E-06
1.395210E+04	2.634100E-05	6.019074E-06
1.399171E+04	2.633665E-05	6.017889E-06
1.403132E+04	2.633148E-05	6.016514E-06
1.407093E+04	2.632555E-05	6.014962E-06
1.411054E+04	2.631895E-05	6.013253E-06
1.415015E+04	2.631174E-05	6.011403E-06
1.418976E+04	2.630401E-05	6.009428E-06
1.422937E+04	2.629584E-05	6.007352E-06
1.426898E+04	2.628730E-05	6.005188E-06
1.430859E+04	2.627847E-05	6.002954E-06
1.434820E+04	2.626944E-05	6.000671E-06
1.438781E+04	2.626030E-05	5.998359E-06
1.442742E+04	2.625112E-05	5.996035E-06
1.446703E+04	2.624197E-05	5.993715E-06
1.450664E+04	2.623294E-05	5.991421E-06
1.454625E+04	2.622413E-05	5.989171E-06
1.458587E+04	2.621561E-05	5.986987E-06
1.462548E+04	2.620745E-05	5.984881E-06
1.466509E+04	2.619976E-05	5.982877E-06
1.470470E+04	2.619258E-05	5.980988E-06
1.474431E+04	2.618604E-05	5.979242E-06
1.478392E+04	2.618018E-05	5.977648E-06
1.482353E+04	2.617511E-05	5.976230E-06
1.486314E+04	2.617090E-05	5.975005E-06
1.490275E+04	2.616762E-05	5.973990E-06
1.494236E+04	2.616538E-05	5.973207E-06
1.498197E+04	2.616420E-05	5.972665E-06
1.502158E+04	2.616422E-05	5.972393E-06
1.506119E+04	2.616548E-05	5.972398E-06
1.510080E+04	2.616806E-05	5.972704E-06
1.514041E+04	2.617204E-05	5.973325E-06
1.518002E+04	2.617748E-05	5.974276E-06
1.521963E+04	2.618447E-05	5.975577E-06
1.525924E+04	2.619309E-05	5.977245E-06
1.529885E+04	2.620338E-05	5.979293E-06
1.533846E+04	2.621543E-05	5.981737E-06
1.537807E+04	2.622931E-05	5.984594E-06
1.541768E+04	2.624507E-05	5.987878E-06
1.545729E+04	2.626278E-05	5.991603E-06
1.549690E+04	2.628251E-05	5.995784E-06
1.553651E+04	2.630433E-05	6.000439E-06
1.557612E+04	2.632829E-05	6.005577E-06
1.561573E+04	2.635447E-05	6.011216E-06
1.565534E+04	2.638289E-05	6.017364E-06
1.569495E+04	2.641364E-05	6.024040E-06
1.573456E+04	2.644677E-05	6.031253E-06
1.577417E+04	2.648233E-05	6.039015E-06
1.581378E+04	2.652036E-05	6.047338E-06
1.585339E+04	2.656095E-05	6.056238E-06
1.589300E+04	2.660411E-05	6.065722E-06
1.593261E+04	2.664992E-05	6.075804E-06
1.597222E+04	2.669840E-05	6.086490E-06
1.601183E+04	2.674962E-05	6.097796E-06
1.605144E+04	2.680360E-05	6.109728E-06
1.609105E+04	2.686040E-05	6.122296E-06
1.613066E+04	2.692006E-05	6.135511E-06
1.617027E+04	2.698260E-05	6.149380E-06
1.620988E+04	2.704808E-05	6.163911E-06
1.624949E+04	2.711652E-05	6.179112E-06
1.628911E+04	2.718796E-05	6.194990E-06
1.632872E+04	2.726240E-05	6.211550E-06
1.636833E+04	2.733992E-05	6.228803E-06
1.640794E+04	2.742052E-05	6.246753E-06
1.644755E+04	2.750421E-05	6.265403E-06
1.648716E+04	2.759103E-05	6.284758E-06
1.652677E+04	2.768100E-05	6.304824E-06
1.656638E+04	2.777410E-05	6.325600E-06
1.660599E+04	2.787040E-05	6.347096E-06
1.664560E+04	2.796986E-05	6.369307E-06
1.668521E+04	2.807250E-05	6.392235E-06
1.672482E+04	2.817834E-05	6.415888E-06
1.676443E+04	2.828736E-05	6.440254E-06
1.680404E+04	2.839956E-05	6.465342E-06
1.684365E+04	2.851493E-05	6.491143E-06
1.688326E+04	2.863347E-05	6.517659E-06
1.692287E+04	2.875515E-05	6.544883E-06
1.696248E+04	2.887996E-05	6.572812E-06
1.700209E+04	2.900786E-05	6.601440E-06
1.704170E+04	2.913884E-05	6.630760E-06
1.708131E+04	2.927286E-05	6.660763E-06
1.712092E+04	2.940986E-05	6.691440E-06
1.716053E+04	2.954982E-05	6.722781E-06
1.720014E+04	2.969266E-05	6.754772E-06
1.723975E+04	2.983836E-05	6.787405E-06
1.727936E+04	2.998684E-05	6.820663E-06
1.731897E+04	3.013803E-05	6.854530E-06
1.735858E+04	3.029185E-05	6.888986E-06
1.739819E+04	3.044822E-05	6.924018E-06
1.743780E+04	3.060707E-05	6.959603E-06
1.747741E+04	3.076828E-05	6.995719E-06
1.751702E+04	3.093175E-05	7.032339E-06
1.755663E+04	3.109738E-05	7.069445E-06
1.759624E+04	3.126505E-05	7.107005E-06
1.763585E+04	3.143463E-05	7.144992E-06
1.767546E+04	3.160598E-05	7.183374E-06
1.771507E+04	3.177897E-05	7.222122E-06
1.775468E+04	3.195343E-05	7.261194E-06
1.779429E+04	3.212923E-05	7.300564E-06
1.783390E+04	3.230617E-05	7.340185E-06
1.787351E+04	3.248410E-05	7.380023E-06
1.791312E+04	3.266280E-05	7.420029E-06
1.795274E+04	3.284211E-05	7.460166E-06
1.799235E+04	3.302181E-05	7.500385E-06
1.803196E+04	3.320167E-05	7.540633E-06
1.807157E+04	3.338150E-05	7.580867E-06
1.811118E+04	3.356105E-05	7.621029E-06
1.815079E+04	3.374008E-05	7.661067E-06
1.819040E+04	3.391834E-05	7.700924E-06
1.823001E+04	3.409559E-05	7.740544E-06
1.826962E+04	3.427154E-05	7.779864E-06
1.830923E+04	3.444592E-05	7.818819E-06
1.834884E+04	3.461846E-05	7.857352E-06
1.838845E+04	3.478886E-05	7.895394E-06
1.842806E+04	3.495683E-05	7.932879E-06
1.846767E+04	3.512206E-05	7.969735E-06
1.850728E+04	3.528423E-05	8.005895E-06
1.854689E+04	3.544305E-05	8.041288E-06
1.858650E+04	3.559817E-05	8.075837E-06
1.862611E+04	3.574929E-05	8.109475E-06
1.866572E+04	3.589606E-05	8.142123E-06
1.870533E+04	3.603816E-05	8.173708E-06
1.874494E+04	3.617524E-05	8.204153E-06
1.878455E+04	3.630697E-05	8.233383E-06
1.882416E+04	3.643302E-05	8.261321E-06
1.886377E+04	3.655305E-05	8.287893E-06
1.890338E+04	3.666674E-05	8.313027E-06
1.894299E+04	3.677372E-05	8.336640E-06
1.898260E+04	3.687371E-05	8.358666E-06
1.902221E+04	3.696636E-05	8.379030E-06
1.906182E+04	3.705135E-05	8.397658E-06
1.910143E+04	3.712839E-05	8.414485E-06
1.914104E+04	3.719716E-05	8.429442E-06
1.918065E+04	3.725740E-05	8.442467E-06
1.922026E+04	3.730880E-05	8.453492E-06
1.925987E+04	3.735111E-05	8.462464E-06
1.929948E+04	3.738410E-05	8.469326E-06
1.933909E+04	3.740752E-05	8.474023E-06
1.937870E+04	3.742115E-05	8.476511E-06
1.941831E+04	3.742480E-05	8.476743E-06
1.945792E+04	3.741829E-05	8.474683E-06
1.949753E+04	3.740146E-05	8.470290E-06
1.953714E+04	3.737421E-05	8.463545E-06
1.957675E+04	3.733639E-05	8.454417E-06
1.961636E+04	3.728794E-05	8.442890E-06
1.965598E+04	3.722878E-05	8.428950E-06
1.969559E+04	3.715892E-05	8.412594E-06
1.973520E+04	3.707833E-05	8.393822E-06
1.977481E+04	3.698705E-05	8.372641E-06
1.981442E+04	3.688513E-05	8.349064E-06
1.985403E+04	3.677266E-05	8.323109E-06
1.989364E+04	3.664977E-05	8.294811E-06
1.993325E+04	3.651658E-05	8.264194E-06
1.997286E+04	3.637330E-05	8.231309E-06
2.001247E+04	3.622014E-05	8.196201E-06
2.005208E+04	3.605732E-05	8.158923E-06
2.009169E+04	3.588514E-05	8.119543E-06
2.013130E+04	3.570389E-05	8.078126E-06
2.017091E+04	3.551391E-05	8.034749E-06
2.021052E+04	3.531556E-05	7.989495E-06
2.025013E+04	3.510922E-05	7.942451E-06
2.028974E+04	3.489534E-05	7.893718E-06
2.032935E+04	3.467434E-05	7.843392E-06
2.036896E+04	3.444669E-05	7.791577E-06
2.040857E+04	3.421290E-05	7.738394E-06
2.044818E+04	3.397346E-05	7.683949E-06
2.048779E+04	3.372891E-05	7.628367E-06
2.052740E+04	3.347982E-05	7.571776E-06
2.056701E+04	3.322673E-05	7.514299E-06
2.060662E+04	3.297026E-05	7.456076E-06
2.064623E+04	3.271096E-05	7.397231E-06
2.068584E+04	3.244947E-05	7.337909E-06
2.072545E+04	3.218640E-05	7.278249E-06
2.076506E+04	3.192235E-05	7.218385E-06
2.080467E+04	3.165797E-05	7.158466E-06
2.084428E+04	3.139387E-05	7.098627E-06
2.088389E+04	3.113069E-05	7.039014E-06
2.092350E+04	3.086905E-05	6.979770E-06
2.096311E+04	3.060956E-05	6.921029E-06
2.100272E+04	3.035287E-05	6.862938E-06
2.104233E+04	3.009956E-05	6.805631E-06
2.108194E+04	2.985027E-05	6.749248E-06
2.112155E+04	2.960553E-05	6.693915E-06
2.116116E+04	2.936598E-05	6.639770E-06
2.120077E+04	2.913213E-05	6.586934E-06
2.124038E+04	2.890451E-05	6.535521E-06
2.127999E+04	2.868362E-05	6.485647E-06
2.131961E+04	2.846987E-05	6.437402E-06
2.135922E+04	2.826361E-05	6.390866E-06
2.139883E+04	2.806513E-05	6.346103E-06
2.143844E+04	2.787470E-05	6.303175E-06
2.147805E+04	2.769258E-05	6.262137E-06
2.151766E+04	2.751900E-05	6.223043E-06
2.155727E+04	2.735415E-05	6.185937E-06
2.159688E+04	2.719828E-05	6.150873E-06
2.163649E+04	2.705159E-05	6.117895E-06
2.167610E+04	2.691427E-05	6.087048E-06
2.171571E+04	2.678652E-05	6.058375E-06
2.175532E+04	2.666851E-05	6.031915E-06
2.179493E+04	2.656044E-05	6.007716E-06
2.183454E+04	2.646248E-05	5.985810E-06
2.187415E+04	2.637479E-05	5.966238E-06
2.191376E+04	2.629754E-05	5.949038E-06
2.195337E+04	2.623089E-05	5.934243E-06
2.199298E+04	2.617498E-05	5.921888E-06
2.203259E+04	2.612998E-05	5.912010E-06
2.207220E+04	2.609603E-05	5.904641E-06
2.211181E+04	2.607326E-05	5.899811E-06
2.215142E+04	2.606182E-05	5.897553E-06
2.219103E+04	2.606185E-05	5.897899E-06
2.223064E+04	2.607348E-05	5.900879E-06
2.227025E+04	2.609684E-05	5.906524E-06
2.230986E+04	2.613206E-05	5.914861E-06
2.234947E+04	2.617927E-05	5.925922E-06
2.238908E+04	2.623860E-05	5.939738E-06
2.242869E+04	2.631019E-05	5.956335E-06
2.246830E+04	2.639415E-05	5.975745E-06
2.250791E+04	2.649062E-05	5.997996E-06
2.254752E+04	2.659972E-05	6.023118E-06
2.258713E+04	2.672160E-05	6.051143E-06
2.262674E+04	2.685637E-05	6.082100E-06
2.266635E+04	2.700418E-05	6.116019E-06
2.270596E+04	2.716516E-05	6.152933E-06
2.274557E+04	2.733944E-05	6.192872E-06
2.278518E+04	2.752718E-05	6.235872E-06
2.282479E+04	2.772850E-05	6.281959E-06
2.286440E+04	2.794353E-05	6.331167E-06
2.290401E+04	2.817245E-05	6.383535E-06
2.294362E+04	2.841540E-05	6.439095E-06
2.298323E+04	2.867253E-05	6.497881E-06
2.302285E+04	2.894398E-05	6.559929E-06
2.306246E+04	2.922993E-05	6.625277E-06
2.310207E+04	2.953052E-05	6.693961E-06
2.314168E+04	2.984592E-05	6.766017E-06
2.318129E+04	3.017629E-05	6.841484E-06
2.322090E+04	3.052181E-05	6.920402E-06
2.326051E+04	3.088264E-05	7.002808E-06
2.330012E+04	3.125894E-05	7.088742E-06
2.333973E+04	3.165092E-05	7.178249E-06
2.337934E+04	3.205873E-05	7.271365E-06
2.341895E+04	3.248255E-05	7.368133E-06
2.345856E+04	3.292256E-05	7.468594E-06
2.349817E+04	3.337894E-05	7.572789E-06
2.353778E+04	3.385189E-05	7.680764E-06
2.357739E+04	3.434156E-05	7.792557E-06
2.361700E+04	3.484817E-05	7.908213E-06
2.365661E+04	3.537188E-05	8.027777E-06
2.369622E+04	3.591289E-05	8.151288E-06
2.373583E+04	3.647138E-05	8.278793E-06
2.377544E+04	3.704752E-05	8.410329E-06
2.381505E+04	3.764151E-05	8.545945E-06
2.385466E+04	3.825353E-05	8.685678E-06
2.389427E+04	3.888375E-05	8.829573E-06
2.393388E+04	3.953237E-05	8.977672E-06
2.397349E+04	4.019956E-05	9.130018E-06
2.401310E+04	4.088549E-05	9.286648E-06
2.405271E+04	4.159033E-05	9.447604E-06
2.409232E+04	4.231426E-05	9.612927E-06
2.413193E+04	4.305744E-05	9.782653E-06
2.417154E+04	4.382004E-05	9.956824E-06
2.421115E+04	4.460221E-05	1.013547E-05
2.425076E+04	4.540410E-05	1.031864E-05
