#wls	flux	fluxerr
3.289393E+03	1.784657E-17	1.678105E-18
3.365337E+03	1.688921E-17	1.551198E-18
3.443035E+03	1.615221E-17	1.447267E-18
3.522526E+03	1.567228E-17	1.368211E-18
3.603853E+03	1.549079E-17	1.315911E-18
3.687058E+03	1.566349E-17	1.292974E-18
3.772183E+03	1.627272E-17	1.303522E-18
3.859274E+03	1.743583E-17	1.353527E-18
3.948375E+03	1.922498E-17	1.444284E-18
4.039534E+03	2.163304E-17	1.570454E-18
4.132797E+03	2.463302E-17	1.725292E-18
4.228214E+03	2.818105E-17	1.901131E-18
4.325833E+03	3.220954E-17	2.089217E-18
4.425707E+03	3.660951E-17	2.278972E-18
4.527886E+03	4.117288E-17	2.455212E-18
4.632424E+03	4.560114E-17	2.600056E-18
4.739376E+03	4.972726E-17	2.706291E-18
4.848796E+03	5.368662E-17	2.784558E-18
4.960744E+03	5.760968E-17	2.844156E-18
5.075276E+03	6.116146E-17	2.871625E-18
5.192452E+03	6.421050E-17	2.865585E-18
5.312333E+03	6.688496E-17	2.837107E-18
5.434982E+03	6.932374E-17	2.796276E-18
5.560463E+03	7.161982E-17	2.750043E-18
5.688841E+03	7.409861E-17	2.713107E-18
5.820183E+03	7.704371E-17	2.696730E-18
5.954557E+03	8.062744E-17	2.708261E-18
6.092034E+03	8.468620E-17	2.747074E-18
6.232684E+03	8.861088E-17	2.804065E-18
6.376582E+03	9.202614E-17	2.879676E-18
6.523803E+03	9.522390E-17	2.979711E-18
6.674422E+03	9.871968E-17	3.107175E-18
6.828518E+03	1.024665E-16	3.245074E-18
6.986173E+03	1.053398E-16	3.344920E-18
7.147467E+03	1.061109E-16	3.361331E-18
7.312485E+03	1.045266E-16	3.290579E-18
7.481313E+03	1.013229E-16	3.171334E-18
7.654039E+03	9.884732E-17	3.096833E-18
7.830752E+03	9.861847E-17	3.117672E-18
8.011546E+03	9.735898E-17	3.117603E-18
8.196514E+03	9.378529E-17	3.034599E-18
8.385752E+03	8.878894E-17	2.885488E-18
8.579359E+03	8.349234E-17	2.709600E-18
8.777436E+03	7.900922E-17	2.557830E-18
8.980086E+03	7.700909E-17	2.495048E-18
9.187415E+03	7.892348E-17	2.576883E-18
9.399531E+03	8.424882E-17	2.802437E-18
9.616544E+03	9.131470E-17	3.124257E-18
9.838567E+03	9.901609E-17	3.518167E-18
1.006572E+04	1.062619E-16	3.958705E-18
1.029811E+04	1.101150E-16	4.330778E-18
1.053587E+04	1.093214E-16	4.539330E-18
1.077912E+04	1.060837E-16	4.598900E-18
1.102798E+04	1.013451E-16	4.501667E-18
1.128259E+04	9.549276E-17	4.247902E-18
1.154308E+04	8.919055E-17	3.880490E-18
1.180958E+04	8.328998E-17	3.477873E-18
1.208224E+04	7.813059E-17	3.123385E-18
1.236119E+04	7.326718E-17	2.898902E-18
1.264658E+04	6.859147E-17	2.880421E-18
1.293856E+04	6.497451E-17	3.044586E-18
1.323728E+04	6.285207E-17	3.310736E-18
1.354290E+04	6.204332E-17	3.613878E-18
1.385557E+04	6.186912E-17	3.884162E-18
1.417546E+04	6.170828E-17	4.058987E-18
1.450274E+04	6.113612E-17	4.093995E-18
1.483757E+04	5.992836E-17	3.972263E-18
1.518014E+04	5.784536E-17	3.698799E-18
1.553061E+04	5.457077E-17	3.306256E-18
1.588918E+04	5.020474E-17	2.889856E-18
1.625602E+04	4.583148E-17	2.616959E-18
1.663133E+04	4.259496E-17	2.590183E-18
1.701531E+04	4.030349E-17	2.707789E-18
1.740815E+04	3.876114E-17	2.873530E-18
1.781007E+04	3.793800E-17	3.040698E-18
1.822126E+04	3.771314E-17	3.177076E-18
1.864194E+04	3.773092E-17	3.235920E-18
1.907234E+04	3.755374E-17	3.164486E-18
1.951268E+04	3.680271E-17	2.925296E-18
1.996318E+04	3.522425E-17	2.516001E-18
2.042408E+04	3.273521E-17	1.988086E-18
2.089563E+04	2.953022E-17	1.472778E-18
2.137806E+04	2.615924E-17	1.199510E-18
2.187163E+04	2.331043E-17	1.283157E-18
2.237659E+04	2.093937E-17	1.489124E-18
2.289321E+04	1.877750E-17	1.656693E-18
2.342176E+04	1.678639E-17	1.748100E-18
2.396252E+04	1.497434E-17	1.768505E-18
2.451575E+04	1.333766E-17	1.733244E-18
