#wls	flux	fluxerr
3.289393E+03	1.415181E-17	1.779761E-18
3.365337E+03	1.211307E-17	1.503183E-18
3.443035E+03	1.037808E-17	1.269808E-18
3.522526E+03	8.945096E-18	1.078202E-18
3.603853E+03	7.800384E-18	9.253977E-19
3.687058E+03	6.919394E-18	8.071451E-19
3.772183E+03	6.268973E-18	7.182801E-19
3.859274E+03	5.809443E-18	6.530622E-19
3.948375E+03	5.498791E-18	6.057352E-19
4.039534E+03	5.298363E-18	5.711988E-19
4.132797E+03	5.179050E-18	5.456571E-19
4.228214E+03	5.125448E-18	5.269600E-19
4.325833E+03	5.130173E-18	5.138811E-19
4.425707E+03	5.183548E-18	5.050186E-19
4.527886E+03	5.274277E-18	4.989021E-19
4.632424E+03	5.397493E-18	4.947659E-19
4.739376E+03	5.559221E-18	4.928637E-19
4.848796E+03	5.770906E-18	4.938443E-19
4.960744E+03	6.037135E-18	4.976587E-19
5.075276E+03	6.347027E-18	5.029987E-19
5.192452E+03	6.671576E-18	5.073606E-19
5.312333E+03	6.973920E-18	5.081092E-19
5.434982E+03	7.223297E-18	5.035893E-19
5.560463E+03	7.404312E-18	4.936336E-19
5.688841E+03	7.538952E-18	4.805392E-19
5.820183E+03	7.678435E-18	4.677050E-19
5.954557E+03	7.862873E-18	4.571901E-19
6.092034E+03	8.114300E-18	4.495912E-19
6.232684E+03	8.421771E-18	4.435360E-19
6.376582E+03	8.721449E-18	4.351692E-19
6.523803E+03	8.915176E-18	4.198141E-19
6.674422E+03	9.001620E-18	3.982981E-19
6.828518E+03	9.052835E-18	3.741436E-19
6.986173E+03	9.112814E-18	3.487409E-19
7.147467E+03	9.202098E-18	3.224287E-19
7.312485E+03	9.341874E-18	2.958830E-19
7.481313E+03	9.554524E-18	2.705454E-19
7.654039E+03	9.840821E-18	2.487199E-19
7.830752E+03	1.016936E-17	2.343341E-19
8.011546E+03	1.045337E-17	2.296241E-19
8.196514E+03	1.054284E-17	2.271429E-19
8.385752E+03	1.045246E-17	2.199195E-19
8.579359E+03	1.030970E-17	2.058606E-19
8.777436E+03	1.022115E-17	1.867261E-19
8.980086E+03	1.021390E-17	1.683838E-19
9.187415E+03	1.031589E-17	1.638390E-19
9.399531E+03	1.082539E-17	1.835352E-19
9.616544E+03	1.194613E-17	2.237717E-19
9.838567E+03	1.387004E-17	2.867668E-19
1.006572E+04	1.681506E-17	3.892012E-19
1.029811E+04	1.993895E-17	5.255628E-19
1.053587E+04	2.178255E-17	6.526767E-19
1.077912E+04	2.216418E-17	7.353140E-19
1.102798E+04	2.142113E-17	7.571786E-19
1.128259E+04	1.995675E-17	7.195996E-19
1.154308E+04	1.815879E-17	6.379097E-19
1.180958E+04	1.634975E-17	5.354929E-19
1.208224E+04	1.474387E-17	4.399387E-19
1.236119E+04	1.345833E-17	3.847744E-19
1.264658E+04	1.255836E-17	3.958944E-19
1.293856E+04	1.200882E-17	4.542824E-19
1.323728E+04	1.180098E-17	5.313284E-19
1.354290E+04	1.191266E-17	6.133751E-19
1.385557E+04	1.225245E-17	6.896315E-19
1.417546E+04	1.270726E-17	7.474847E-19
1.450274E+04	1.317644E-17	7.736129E-19
1.483757E+04	1.357376E-17	7.561654E-19
1.518014E+04	1.379987E-17	6.866483E-19
1.553061E+04	1.371904E-17	5.652651E-19
1.588918E+04	1.324389E-17	4.183189E-19
1.625602E+04	1.247855E-17	3.294987E-19
1.663133E+04	1.170637E-17	3.851322E-19
1.701531E+04	1.104721E-17	5.014602E-19
1.740815E+04	1.056477E-17	6.140630E-19
1.781007E+04	1.029070E-17	7.097403E-19
1.822126E+04	1.023420E-17	7.874570E-19
1.864194E+04	1.037202E-17	8.442177E-19
1.907234E+04	1.066296E-17	8.719422E-19
1.951268E+04	1.106578E-17	8.585148E-19
1.996318E+04	1.154434E-17	7.895083E-19
2.042408E+04	1.207217E-17	6.510192E-19
2.089563E+04	1.265362E-17	4.364590E-19
2.137806E+04	1.328998E-17	1.959249E-19
2.187163E+04	1.334268E-17	3.475179E-19
2.237659E+04	1.241740E-17	6.185754E-19
2.289321E+04	1.105961E-17	7.959735E-19
2.342176E+04	9.605483E-18	8.790349E-19
2.396252E+04	8.205701E-18	8.893830E-19
2.451575E+04	6.927446E-18	8.501951E-19
