#wls	flux	fluxerr
3.289393E+03	1.450122E-17	2.402123E-18
3.365337E+03	1.234419E-17	2.016017E-18
3.443035E+03	1.051622E-17	1.691798E-18
3.522526E+03	9.009554E-18	1.426385E-18
3.603853E+03	7.804417E-18	1.214714E-18
3.687058E+03	6.870548E-18	1.050137E-18
3.772183E+03	6.170074E-18	9.250189E-19
3.859274E+03	5.660755E-18	8.313512E-19
3.948375E+03	5.300639E-18	7.615353E-19
4.039534E+03	5.052825E-18	7.090945E-19
4.132797E+03	4.889577E-18	6.692030E-19
4.228214E+03	4.794473E-18	6.388560E-19
4.325833E+03	4.757577E-18	6.160720E-19
4.425707E+03	4.768751E-18	5.989511E-19
4.527886E+03	4.817677E-18	5.857003E-19
4.632424E+03	4.899176E-18	5.752811E-19
4.739376E+03	5.015766E-18	5.676113E-19
4.848796E+03	5.173230E-18	5.629340E-19
4.960744E+03	5.371984E-18	5.608584E-19
5.075276E+03	5.601198E-18	5.599151E-19
5.192452E+03	5.837041E-18	5.576684E-19
5.312333E+03	6.050075E-18	5.517069E-19
5.434982E+03	6.215268E-18	5.406371E-19
5.560463E+03	6.318719E-18	5.245029E-19
5.688841E+03	6.376828E-18	5.057205E-19
5.820183E+03	6.430422E-18	4.876591E-19
5.954557E+03	6.510113E-18	4.722146E-19
6.092034E+03	6.628416E-18	4.596044E-19
6.232684E+03	6.770630E-18	4.481170E-19
6.376582E+03	6.887011E-18	4.340929E-19
6.523803E+03	6.915735E-18	4.139085E-19
6.674422E+03	6.859486E-18	3.884660E-19
6.828518E+03	6.770406E-18	3.606955E-19
6.986173E+03	6.687014E-18	3.320474E-19
7.147467E+03	6.629686E-18	3.030172E-19
7.312485E+03	6.614832E-18	2.742848E-19
7.481313E+03	6.657071E-18	2.472528E-19
7.654039E+03	6.761664E-18	2.244902E-19
7.830752E+03	6.927422E-18	2.106498E-19
8.011546E+03	7.124196E-18	2.085427E-19
8.196514E+03	7.239060E-18	2.101277E-19
8.385752E+03	7.252163E-18	2.072916E-19
8.579359E+03	7.218047E-18	1.967031E-19
8.777436E+03	7.186218E-18	1.794994E-19
8.980086E+03	7.172468E-18	1.623755E-19
9.187415E+03	7.227898E-18	1.609192E-19
9.399531E+03	7.539596E-18	1.868685E-19
9.616544E+03	8.167645E-18	2.360554E-19
9.838567E+03	9.128917E-18	3.084988E-19
1.006572E+04	1.039604E-17	4.119264E-19
1.029811E+04	1.159407E-17	5.326323E-19
1.053587E+04	1.230235E-17	6.362305E-19
1.077912E+04	1.249219E-17	7.014534E-19
1.102798E+04	1.230336E-17	7.218886E-19
1.128259E+04	1.187786E-17	6.998650E-19
1.154308E+04	1.133843E-17	6.437648E-19
1.180958E+04	1.078976E-17	5.665985E-19
1.208224E+04	1.030579E-17	4.859555E-19
1.236119E+04	9.935228E-18	4.290148E-19
1.264658E+04	9.728312E-18	4.335775E-19
1.293856E+04	9.656971E-18	4.991504E-19
1.323728E+04	9.721724E-18	5.925661E-19
1.354290E+04	9.926448E-18	6.917082E-19
1.385557E+04	1.022009E-17	7.800484E-19
1.417546E+04	1.052691E-17	8.413195E-19
1.450274E+04	1.077952E-17	8.604316E-19
1.483757E+04	1.092625E-17	8.258440E-19
1.518014E+04	1.091626E-17	7.315118E-19
1.553061E+04	1.069376E-17	5.820273E-19
1.588918E+04	1.025205E-17	4.085176E-19
1.625602E+04	9.718203E-18	3.100707E-19
1.663133E+04	9.218935E-18	3.921168E-19
1.701531E+04	8.656983E-18	5.314089E-19
1.740815E+04	8.117171E-18	6.506729E-19
1.781007E+04	7.659930E-18	7.374546E-19
1.822126E+04	7.314944E-18	7.939333E-19
1.864194E+04	7.083791E-18	8.223004E-19
1.907234E+04	6.959682E-18	8.220331E-19
1.951268E+04	6.947368E-18	7.908415E-19
1.996318E+04	7.073076E-18	7.248934E-19
2.042408E+04	7.396047E-18	6.177028E-19
2.089563E+04	8.035384E-18	4.578880E-19
2.137806E+04	9.204326E-18	2.361434E-19
2.187163E+04	1.061255E-17	2.705234E-19
2.237659E+04	1.115688E-17	6.485179E-19
2.289321E+04	1.091546E-17	9.716797E-19
2.342176E+04	1.018220E-17	1.181461E-18
2.396252E+04	9.182899E-18	1.277841E-18
2.451575E+04	8.077405E-18	1.281588E-18
