#wls	flux	fluxerr
3.289393E+03	4.569665E-18	6.238692E-19
3.365337E+03	3.878765E-18	5.281970E-19
3.443035E+03	3.296108E-18	4.476376E-19
3.522526E+03	2.816727E-18	3.814309E-19
3.603853E+03	2.432454E-18	3.283821E-19
3.687058E+03	2.132462E-18	2.869397E-19
3.772183E+03	1.904277E-18	2.553394E-19
3.859274E+03	1.735025E-18	2.317755E-19
3.948375E+03	1.612725E-18	2.145769E-19
4.039534E+03	1.527281E-18	2.023393E-19
4.132797E+03	1.471092E-18	1.940021E-19
4.228214E+03	1.439103E-18	1.888509E-19
4.325833E+03	1.427899E-18	1.863924E-19
4.425707E+03	1.434685E-18	1.862169E-19
4.527886E+03	1.457168E-18	1.879825E-19
4.632424E+03	1.494229E-18	1.914986E-19
4.739376E+03	1.546236E-18	1.967623E-19
4.848796E+03	1.614213E-18	2.038452E-19
4.960744E+03	1.698248E-18	2.126897E-19
5.075276E+03	1.796185E-18	2.229507E-19
5.192452E+03	1.903106E-18	2.339431E-19
5.312333E+03	2.012397E-18	2.447912E-19
5.434982E+03	2.117686E-18	2.546759E-19
5.560463E+03	2.215299E-18	2.631311E-19
5.688841E+03	2.309170E-18	2.706036E-19
5.820183E+03	2.409860E-18	2.782801E-19
5.954557E+03	2.526658E-18	2.871229E-19
6.092034E+03	2.662925E-18	2.973499E-19
6.232684E+03	2.812491E-18	3.080880E-19
6.376582E+03	2.958175E-18	3.173162E-19
6.523803E+03	3.080095E-18	3.228809E-19
6.674422E+03	3.173558E-18	3.243893E-19
6.828518E+03	3.249487E-18	3.230788E-19
6.986173E+03	3.319776E-18	3.201855E-19
7.147467E+03	3.391047E-18	3.163326E-19
7.312485E+03	3.466038E-18	3.117287E-19
7.481313E+03	3.544706E-18	3.063308E-19
7.654039E+03	3.624436E-18	2.999243E-19
7.830752E+03	3.702581E-18	2.923967E-19
8.011546E+03	3.770277E-18	2.833110E-19
8.196514E+03	3.805326E-18	2.715624E-19
8.385752E+03	3.805568E-18	2.579232E-19
8.579359E+03	3.797282E-18	2.452288E-19
8.777436E+03	3.815986E-18	2.367820E-19
8.980086E+03	3.904172E-18	2.362805E-19
9.187415E+03	4.127045E-18	2.490273E-19
9.399531E+03	4.526962E-18	2.787587E-19
9.616544E+03	5.109787E-18	3.269244E-19
9.838567E+03	5.879223E-18	3.952929E-19
1.006572E+04	6.794666E-18	4.826703E-19
1.029811E+04	7.668571E-18	5.760147E-19
1.053587E+04	8.266670E-18	6.550966E-19
1.077912E+04	8.501082E-18	7.077617E-19
1.102798E+04	8.414021E-18	7.320518E-19
1.128259E+04	8.095157E-18	7.316351E-19
1.154308E+04	7.640069E-18	7.127561E-19
1.180958E+04	7.134778E-18	6.825565E-19
1.208224E+04	6.646107E-18	6.475823E-19
1.236119E+04	6.225961E-18	6.135684E-19
1.264658E+04	5.923515E-18	5.861382E-19
1.293856E+04	5.756915E-18	5.675968E-19
1.323728E+04	5.707343E-18	5.561031E-19
1.354290E+04	5.752667E-18	5.490577E-19
1.385557E+04	5.857600E-18	5.423892E-19
1.417546E+04	5.977660E-18	5.313883E-19
1.450274E+04	6.069549E-18	5.122313E-19
1.483757E+04	6.094209E-18	4.828027E-19
1.518014E+04	6.014766E-18	4.430861E-19
1.553061E+04	5.802596E-18	3.960857E-19
1.588918E+04	5.461929E-18	3.491781E-19
1.625602E+04	5.056955E-18	3.137094E-19
1.663133E+04	4.688354E-18	2.975256E-19
1.701531E+04	4.397135E-18	2.950108E-19
1.740815E+04	4.188110E-18	2.992032E-19
1.781007E+04	4.062953E-18	3.059511E-19
1.822126E+04	4.017831E-18	3.125291E-19
1.864194E+04	4.040978E-18	3.160980E-19
1.907234E+04	4.115412E-18	3.131314E-19
1.951268E+04	4.223216E-18	2.996224E-19
1.996318E+04	4.348270E-18	2.716721E-19
2.042408E+04	4.480551E-18	2.266816E-19
2.089563E+04	4.628102E-18	1.662698E-19
2.137806E+04	4.843576E-18	1.096261E-19
2.187163E+04	5.057817E-18	1.303333E-19
2.237659E+04	5.014107E-18	2.092613E-19
2.289321E+04	4.744543E-18	2.779846E-19
2.342176E+04	4.337785E-18	3.205173E-19
2.396252E+04	3.868497E-18	3.373625E-19
2.451575E+04	3.387964E-18	3.338768E-19
