#wls	flux	fluxerr
3.289393E+03	6.985933E-19	3.274078E-20
3.365337E+03	6.024054E-19	2.823038E-20
3.443035E+03	5.205372E-19	2.439163E-20
3.522526E+03	4.520986E-19	2.118269E-20
3.603853E+03	3.960498E-19	1.855470E-20
3.687058E+03	3.511447E-19	1.644917E-20
3.772183E+03	3.159783E-19	1.480014E-20
3.859274E+03	2.890955E-19	1.353934E-20
3.948375E+03	2.691090E-19	1.260170E-20
4.039534E+03	2.547758E-19	1.192889E-20
4.132797E+03	2.450447E-19	1.147161E-20
4.228214E+03	2.390780E-19	1.119056E-20
4.325833E+03	2.362122E-19	1.105461E-20
4.425707E+03	2.359023E-19	1.103818E-20
4.527886E+03	2.376989E-19	1.112019E-20
4.632424E+03	2.412777E-19	1.128539E-20
4.739376E+03	2.464550E-19	1.152513E-20
4.848796E+03	2.531337E-19	1.183480E-20
4.960744E+03	2.612305E-19	1.221044E-20
5.075276E+03	2.706669E-19	1.264831E-20
5.192452E+03	2.814491E-19	1.314861E-20
5.312333E+03	2.938523E-19	1.372411E-20
5.434982E+03	3.086402E-19	1.441036E-20
5.560463E+03	3.272084E-19	1.527235E-20
5.688841E+03	3.514897E-19	1.640001E-20
5.820183E+03	3.835600E-19	1.788981E-20
5.954557E+03	4.249912E-19	1.981452E-20
6.092034E+03	4.759193E-19	2.217984E-20
6.232684E+03	5.340998E-19	2.488048E-20
6.376582E+03	5.952026E-19	2.771419E-20
6.523803E+03	6.560068E-19	3.053067E-20
6.674422E+03	7.176403E-19	3.338222E-20
6.828518E+03	7.837350E-19	3.643748E-20
6.986173E+03	8.570407E-19	3.982373E-20
7.147467E+03	9.380411E-19	4.356277E-20
7.312485E+03	1.025311E-18	4.758778E-20
7.481313E+03	1.116356E-18	5.178263E-20
7.654039E+03	1.207756E-18	5.598865E-20
7.830752E+03	1.294912E-18	5.999312E-20
8.011546E+03	1.371748E-18	6.351579E-20
8.196514E+03	1.431221E-18	6.623253E-20
8.385752E+03	1.471118E-18	6.804359E-20
8.579359E+03	1.498021E-18	6.925627E-20
8.777436E+03	1.525871E-18	7.051752E-20
8.980086E+03	1.575246E-18	7.278023E-20
9.187415E+03	1.671005E-18	7.719518E-20
9.399531E+03	1.826047E-18	8.435988E-20
9.616544E+03	2.032325E-18	9.390425E-20
9.838567E+03	2.272248E-18	1.050177E-19
1.006572E+04	2.520677E-18	1.165403E-19
1.029811E+04	2.737623E-18	1.266225E-19
1.053587E+04	2.885489E-18	1.335212E-19
1.077912E+04	2.950630E-18	1.365977E-19
1.102798E+04	2.939305E-18	1.361332E-19
1.128259E+04	2.867425E-18	1.328568E-19
1.154308E+04	2.755198E-18	1.276990E-19
1.180958E+04	2.623832E-18	1.216388E-19
1.208224E+04	2.492483E-18	1.155625E-19
1.236119E+04	2.379331E-18	1.103119E-19
1.264658E+04	2.303020E-18	1.067502E-19
1.293856E+04	2.273703E-18	1.053453E-19
1.323728E+04	2.290456E-18	1.060484E-19
1.354290E+04	2.348604E-18	1.086335E-19
1.385557E+04	2.438306E-18	1.126328E-19
1.417546E+04	2.545470E-18	1.173795E-19
1.450274E+04	2.654180E-18	1.221229E-19
1.483757E+04	2.747012E-18	1.260462E-19
1.518014E+04	2.804432E-18	1.282431E-19
1.553061E+04	2.808830E-18	1.279092E-19
1.588918E+04	2.756010E-18	1.248684E-19
1.625602E+04	2.667247E-18	1.201073E-19
1.663133E+04	2.581859E-18	1.154070E-19
1.701531E+04	2.524129E-18	1.118339E-19
1.740815E+04	2.504448E-18	1.098013E-19
1.781007E+04	2.530147E-18	1.095586E-19
1.822126E+04	2.602977E-18	1.110862E-19
1.864194E+04	2.715884E-18	1.139778E-19
1.907234E+04	2.852387E-18	1.174598E-19
1.951268E+04	2.987094E-18	1.204824E-19
1.996318E+04	3.087136E-18	1.218651E-19
2.042408E+04	3.117553E-18	1.205863E-19
2.089563E+04	3.055802E-18	1.163468E-19
2.137806E+04	2.912622E-18	1.102129E-19
2.187163E+04	2.732277E-18	1.041645E-19
2.237659E+04	2.529379E-18	9.817137E-20
2.289321E+04	2.307303E-18	9.168226E-20
2.342176E+04	2.079870E-18	8.476320E-20
2.396252E+04	1.858816E-18	7.763842E-20
2.451575E+04	1.651184E-18	7.052642E-20
