#wls	flux	fluxerr
3.289393E+03	3.072749E-18	3.067694E-19
3.365337E+03	2.602775E-18	2.594553E-19
3.443035E+03	2.207584E-18	2.197066E-19
3.522526E+03	1.882700E-18	1.870523E-19
3.603853E+03	1.621774E-18	1.608351E-19
3.687058E+03	1.417004E-18	1.402553E-19
3.772183E+03	1.259834E-18	1.244413E-19
3.859274E+03	1.141765E-18	1.125309E-19
3.948375E+03	1.055090E-18	1.037446E-19
4.039534E+03	9.934064E-19	9.743495E-20
4.132797E+03	9.518398E-19	9.310860E-20
4.228214E+03	9.269680E-19	9.041677E-20
4.325833E+03	9.163783E-19	8.911099E-20
4.425707E+03	9.182109E-19	8.899756E-20
4.527886E+03	9.310571E-19	8.992711E-20
4.632424E+03	9.541579E-19	9.181307E-20
4.739376E+03	9.874577E-19	9.463574E-20
4.848796E+03	1.031194E-18	9.840166E-20
4.960744E+03	1.085154E-18	1.030721E-19
5.075276E+03	1.148030E-18	1.085031E-19
5.192452E+03	1.217164E-18	1.144239E-19
5.312333E+03	1.288992E-18	1.204821E-19
5.434982E+03	1.360023E-18	1.263384E-19
5.560463E+03	1.428366E-18	1.318084E-19
5.688841E+03	1.495922E-18	1.370595E-19
5.820183E+03	1.567858E-18	1.425505E-19
5.954557E+03	1.648893E-18	1.486842E-19
6.092034E+03	1.740320E-18	1.555400E-19
6.232684E+03	1.838060E-18	1.627147E-19
6.376582E+03	1.932650E-18	1.693443E-19
6.523803E+03	2.013974E-18	1.745428E-19
6.674422E+03	2.078957E-18	1.780704E-19
6.828518E+03	2.132208E-18	1.803566E-19
6.986173E+03	2.179914E-18	1.819506E-19
7.147467E+03	2.225991E-18	1.831936E-19
7.312485E+03	2.271949E-18	1.842213E-19
7.481313E+03	2.317678E-18	1.850408E-19
7.654039E+03	2.362376E-18	1.856177E-19
7.830752E+03	2.405460E-18	1.859540E-19
8.011546E+03	2.443021E-18	1.858215E-19
8.196514E+03	2.466031E-18	1.846521E-19
8.385752E+03	2.473353E-18	1.825266E-19
8.579359E+03	2.477979E-18	1.805814E-19
8.777436E+03	2.501618E-18	1.805606E-19
8.980086E+03	2.574317E-18	1.847994E-19
9.187415E+03	2.736043E-18	1.964080E-19
9.399531E+03	3.013399E-18	2.175724E-19
9.616544E+03	3.413221E-18	2.491274E-19
9.838567E+03	3.933799E-18	2.914561E-19
1.006572E+04	4.542651E-18	3.427169E-19
1.029811E+04	5.136345E-18	3.954449E-19
1.053587E+04	5.582268E-18	4.391451E-19
1.077912E+04	5.809448E-18	4.672286E-19
1.102798E+04	5.823198E-18	4.787565E-19
1.128259E+04	5.670370E-18	4.762886E-19
1.154308E+04	5.411152E-18	4.639123E-19
1.180958E+04	5.104523E-18	4.461139E-19
1.208224E+04	4.800709E-18	4.270780E-19
1.236119E+04	4.541628E-18	4.106060E-19
1.264658E+04	4.362166E-18	4.001119E-19
1.293856E+04	4.275532E-18	3.971491E-19
1.323728E+04	4.271747E-18	4.010910E-19
1.354290E+04	4.333799E-18	4.105277E-19
1.385557E+04	4.437469E-18	4.232302E-19
1.417546E+04	4.552569E-18	4.362716E-19
1.450274E+04	4.647925E-18	4.465359E-19
1.483757E+04	4.693914E-18	4.510178E-19
1.518014E+04	4.663498E-18	4.469878E-19
1.553061E+04	4.538691E-18	4.326813E-19
1.588918E+04	4.326268E-18	4.088370E-19
1.625602E+04	4.070857E-18	3.798612E-19
1.663133E+04	3.834185E-18	3.516373E-19
1.701531E+04	3.645793E-18	3.267751E-19
1.740815E+04	3.510586E-18	3.053905E-19
1.781007E+04	3.428165E-18	2.869331E-19
1.822126E+04	3.392709E-18	2.702173E-19
1.864194E+04	3.390766E-18	2.533604E-19
1.907234E+04	3.402241E-18	2.341246E-19
1.951268E+04	3.403354E-18	2.105492E-19
1.996318E+04	3.370264E-18	1.817808E-19
2.042408E+04	3.285367E-18	1.492901E-19
2.089563E+04	3.149153E-18	1.187173E-19
2.137806E+04	2.996433E-18	1.017107E-19
2.187163E+04	2.859727E-18	1.070620E-19
2.237659E+04	2.701084E-18	1.228540E-19
2.289321E+04	2.504736E-18	1.369668E-19
2.342176E+04	2.283560E-18	1.449806E-19
2.396252E+04	2.054292E-18	1.465382E-19
2.451575E+04	1.829404E-18	1.427910E-19
