#wls	flux	fluxerr
3.289393E+03	8.369534E-19	0.000000E+00
3.365337E+03	7.068095E-19	0.000000E+00
3.443035E+03	5.978740E-19	0.000000E+00
3.522526E+03	5.084424E-19	0.000000E+00
3.603853E+03	4.364221E-19	0.000000E+00
3.687058E+03	3.794875E-19	0.000000E+00
3.772183E+03	3.352613E-19	0.000000E+00
3.859274E+03	3.014951E-19	0.000000E+00
3.948375E+03	2.762093E-19	0.000000E+00
4.039534E+03	2.577743E-19	0.000000E+00
4.132797E+03	2.449259E-19	0.000000E+00
4.228214E+03	2.367278E-19	0.000000E+00
4.325833E+03	2.324946E-19	0.000000E+00
4.425707E+03	2.317187E-19	0.000000E+00
4.527886E+03	2.340356E-19	0.000000E+00
4.632424E+03	2.392189E-19	0.000000E+00
4.739376E+03	2.471588E-19	0.000000E+00
4.848796E+03	2.577898E-19	0.000000E+00
4.960744E+03	2.709780E-19	0.000000E+00
5.075276E+03	2.864215E-19	0.000000E+00
5.192452E+03	3.036083E-19	0.000000E+00
5.312333E+03	3.218785E-19	0.000000E+00
5.434982E+03	3.405978E-19	0.000000E+00
5.560463E+03	3.594370E-19	0.000000E+00
5.688841E+03	3.786359E-19	0.000000E+00
5.820183E+03	3.988965E-19	0.000000E+00
5.954557E+03	4.208543E-19	0.000000E+00
6.092034E+03	4.445158E-19	0.000000E+00
6.232684E+03	4.689393E-19	0.000000E+00
6.376582E+03	4.923880E-19	0.000000E+00
6.523803E+03	5.131270E-19	0.000000E+00
6.674422E+03	5.304159E-19	0.000000E+00
6.828518E+03	5.446896E-19	0.000000E+00
6.986173E+03	5.568739E-19	0.000000E+00
7.147467E+03	5.677216E-19	0.000000E+00
7.312485E+03	5.776212E-19	0.000000E+00
7.481313E+03	5.867204E-19	0.000000E+00
7.654039E+03	5.951351E-19	0.000000E+00
7.830752E+03	6.029567E-19	0.000000E+00
8.011546E+03	6.098280E-19	0.000000E+00
8.196514E+03	6.150319E-19	0.000000E+00
8.385752E+03	6.189388E-19	0.000000E+00
8.579359E+03	6.241810E-19	0.000000E+00
8.777436E+03	6.356732E-19	0.000000E+00
8.980086E+03	6.603962E-19	0.000000E+00
9.187415E+03	7.063236E-19	0.000000E+00
9.399531E+03	7.793832E-19	0.000000E+00
9.616544E+03	8.819482E-19	0.000000E+00
9.838567E+03	1.012517E-18	0.000000E+00
1.006572E+04	1.162285E-18	0.000000E+00
1.029811E+04	1.311415E-18	0.000000E+00
1.053587E+04	1.434417E-18	0.000000E+00
1.077912E+04	1.512682E-18	0.000000E+00
1.102798E+04	1.541110E-18	0.000000E+00
1.128259E+04	1.525949E-18	0.000000E+00
1.154308E+04	1.479698E-18	0.000000E+00
1.180958E+04	1.416867E-18	0.000000E+00
1.208224E+04	1.351314E-18	0.000000E+00
1.236119E+04	1.294971E-18	0.000000E+00
1.264658E+04	1.256616E-18	0.000000E+00
1.293856E+04	1.239939E-18	0.000000E+00
1.323728E+04	1.243593E-18	0.000000E+00
1.354290E+04	1.263256E-18	0.000000E+00
1.385557E+04	1.292695E-18	0.000000E+00
1.417546E+04	1.324341E-18	0.000000E+00
1.450274E+04	1.350165E-18	0.000000E+00
1.483757E+04	1.362556E-18	0.000000E+00
1.518014E+04	1.355385E-18	0.000000E+00
1.553061E+04	1.325960E-18	0.000000E+00
1.588918E+04	1.277642E-18	0.000000E+00
1.625602E+04	1.220421E-18	0.000000E+00
1.663133E+04	1.166103E-18	0.000000E+00
1.701531E+04	1.121702E-18	0.000000E+00
1.740815E+04	1.089154E-18	0.000000E+00
1.781007E+04	1.067905E-18	0.000000E+00
1.822126E+04	1.055603E-18	0.000000E+00
1.864194E+04	1.047933E-18	0.000000E+00
1.907234E+04	1.038872E-18	0.000000E+00
1.951268E+04	1.021622E-18	0.000000E+00
1.996318E+04	9.902340E-19	0.000000E+00
2.042408E+04	9.420919E-19	0.000000E+00
2.089563E+04	8.810634E-19	0.000000E+00
2.137806E+04	8.194828E-19	0.000000E+00
2.187163E+04	7.713709E-19	0.000000E+00
2.237659E+04	7.307131E-19	0.000000E+00
2.289321E+04	6.870253E-19	0.000000E+00
2.342176E+04	6.377203E-19	0.000000E+00
2.396252E+04	5.843903E-19	0.000000E+00
2.451575E+04	5.296797E-19	0.000000E+00
