#wls	flux	fluxerr
3.289393E+03	8.682189E-19	0.000000E+00
3.365337E+03	7.322589E-19	0.000000E+00
3.443035E+03	6.186605E-19	0.000000E+00
3.522526E+03	5.254645E-19	0.000000E+00
3.603853E+03	4.503582E-19	0.000000E+00
3.687058E+03	3.908513E-19	0.000000E+00
3.772183E+03	3.444542E-19	0.000000E+00
3.859274E+03	3.088480E-19	0.000000E+00
3.948375E+03	2.820089E-19	0.000000E+00
4.039534E+03	2.622726E-19	0.000000E+00
4.132797E+03	2.483403E-19	0.000000E+00
4.228214E+03	2.392370E-19	0.000000E+00
4.325833E+03	2.342417E-19	0.000000E+00
4.425707E+03	2.328218E-19	0.000000E+00
4.527886E+03	2.345947E-19	0.000000E+00
4.632424E+03	2.393109E-19	0.000000E+00
4.739376E+03	2.468253E-19	0.000000E+00
4.848796E+03	2.570318E-19	0.000000E+00
4.960744E+03	2.697702E-19	0.000000E+00
5.075276E+03	2.847418E-19	0.000000E+00
5.192452E+03	3.014770E-19	0.000000E+00
5.312333E+03	3.193873E-19	0.000000E+00
5.434982E+03	3.379150E-19	0.000000E+00
5.560463E+03	3.567627E-19	0.000000E+00
5.688841E+03	3.760871E-19	0.000000E+00
5.820183E+03	3.963991E-19	0.000000E+00
5.954557E+03	4.181403E-19	0.000000E+00
6.092034E+03	4.412148E-19	0.000000E+00
6.232684E+03	4.647363E-19	0.000000E+00
6.376582E+03	4.871875E-19	0.000000E+00
6.523803E+03	5.070785E-19	0.000000E+00
6.674422E+03	5.237103E-19	0.000000E+00
6.828518E+03	5.373402E-19	0.000000E+00
6.986173E+03	5.486937E-19	0.000000E+00
7.147467E+03	5.584318E-19	0.000000E+00
7.312485E+03	5.669576E-19	0.000000E+00
7.481313E+03	5.745007E-19	0.000000E+00
7.654039E+03	5.812723E-19	0.000000E+00
7.830752E+03	5.874477E-19	0.000000E+00
8.011546E+03	5.928951E-19	0.000000E+00
8.196514E+03	5.973353E-19	0.000000E+00
8.385752E+03	6.014082E-19	0.000000E+00
8.579359E+03	6.076277E-19	0.000000E+00
8.777436E+03	6.205439E-19	0.000000E+00
8.980086E+03	6.464786E-19	0.000000E+00
9.187415E+03	6.924261E-19	0.000000E+00
9.399531E+03	7.637603E-19	0.000000E+00
9.616544E+03	8.627960E-19	0.000000E+00
9.838567E+03	9.879312E-19	0.000000E+00
1.006572E+04	1.130892E-18	0.000000E+00
1.029811E+04	1.274313E-18	0.000000E+00
1.053587E+04	1.395897E-18	0.000000E+00
1.077912E+04	1.478139E-18	0.000000E+00
1.102798E+04	1.514618E-18	0.000000E+00
1.128259E+04	1.509460E-18	0.000000E+00
1.154308E+04	1.473417E-18	0.000000E+00
1.180958E+04	1.419944E-18	0.000000E+00
1.208224E+04	1.362412E-18	0.000000E+00
1.236119E+04	1.312447E-18	0.000000E+00
1.264658E+04	1.278484E-18	0.000000E+00
1.293856E+04	1.264250E-18	0.000000E+00
1.323728E+04	1.268827E-18	0.000000E+00
1.354290E+04	1.288213E-18	0.000000E+00
1.385557E+04	1.316413E-18	0.000000E+00
1.417546E+04	1.346145E-18	0.000000E+00
1.450274E+04	1.369683E-18	0.000000E+00
1.483757E+04	1.379826E-18	0.000000E+00
1.518014E+04	1.371092E-18	0.000000E+00
1.553061E+04	1.341557E-18	0.000000E+00
1.588918E+04	1.294818E-18	0.000000E+00
1.625602E+04	1.239873E-18	0.000000E+00
1.663133E+04	1.186945E-18	0.000000E+00
1.701531E+04	1.142425E-18	0.000000E+00
1.740815E+04	1.108279E-18	0.000000E+00
1.781007E+04	1.083871E-18	0.000000E+00
1.822126E+04	1.066735E-18	0.000000E+00
1.864194E+04	1.052648E-18	0.000000E+00
1.907234E+04	1.036015E-18	0.000000E+00
1.951268E+04	1.010880E-18	0.000000E+00
1.996318E+04	9.726012E-19	0.000000E+00
2.042408E+04	9.201797E-19	0.000000E+00
2.089563E+04	8.587210E-19	0.000000E+00
2.137806E+04	8.002260E-19	0.000000E+00
2.187163E+04	7.570343E-19	0.000000E+00
2.237659E+04	7.229846E-19	0.000000E+00
2.289321E+04	6.873279E-19	0.000000E+00
2.342176E+04	6.460545E-19	0.000000E+00
2.396252E+04	5.995956E-19	0.000000E+00
2.451575E+04	5.501021E-19	0.000000E+00
