#wls	flux	fluxerr
3.289393E+03	1.341320E-17	2.366486E-18
3.329393E+03	1.281190E-17	2.255451E-18
3.369393E+03	1.226721E-17	2.154800E-18
3.409393E+03	1.177461E-17	2.063677E-18
3.449393E+03	1.133007E-17	1.981320E-18
3.489393E+03	1.093002E-17	1.907054E-18
3.529393E+03	1.057131E-17	1.840280E-18
3.569393E+03	1.025114E-17	1.780463E-18
3.609393E+03	9.967018E-18	1.727127E-18
3.649393E+03	9.716743E-18	1.679854E-18
3.689393E+03	9.498376E-18	1.638266E-18
3.729393E+03	9.310177E-18	1.602030E-18
3.769393E+03	9.150589E-18	1.570841E-18
3.809393E+03	9.018224E-18	1.544428E-18
3.849393E+03	8.911851E-18	1.522548E-18
3.889393E+03	8.830388E-18	1.504987E-18
3.929393E+03	8.772879E-18	1.491550E-18
3.969393E+03	8.738478E-18	1.482066E-18
4.009393E+03	8.726422E-18	1.476377E-18
4.049393E+03	8.736021E-18	1.474338E-18
4.089393E+03	8.766653E-18	1.475819E-18
4.129393E+03	8.817759E-18	1.480699E-18
4.169393E+03	8.888828E-18	1.488866E-18
4.209393E+03	8.979395E-18	1.500218E-18
4.249393E+03	9.089020E-18	1.514656E-18
4.289393E+03	9.217277E-18	1.532086E-18
4.329393E+03	9.363741E-18	1.552412E-18
4.369393E+03	9.527942E-18	1.575533E-18
4.409393E+03	9.709334E-18	1.601336E-18
4.449393E+03	9.907252E-18	1.629690E-18
4.489393E+03	1.012091E-17	1.660443E-18
4.529393E+03	1.034937E-17	1.693422E-18
4.569393E+03	1.059157E-17	1.728434E-18
4.609393E+03	1.084630E-17	1.765263E-18
4.649393E+03	1.111215E-17	1.803664E-18
4.689393E+03	1.138749E-17	1.843359E-18
4.729393E+03	1.167049E-17	1.884039E-18
4.769393E+03	1.195906E-17	1.925359E-18
4.809393E+03	1.225092E-17	1.966945E-18
4.849393E+03	1.254374E-17	2.008419E-18
4.889393E+03	1.283551E-17	2.049460E-18
4.929393E+03	1.312459E-17	2.089808E-18
4.969393E+03	1.340937E-17	2.129211E-18
5.009393E+03	1.368821E-17	2.167415E-18
5.049393E+03	1.395939E-17	2.204155E-18
5.089393E+03	1.422109E-17	2.239155E-18
5.129393E+03	1.447146E-17	2.272138E-18
5.169393E+03	1.470866E-17	2.302829E-18
5.209393E+03	1.493091E-17	2.330968E-18
5.249393E+03	1.513661E-17	2.356327E-18
5.289393E+03	1.532441E-17	2.378718E-18
5.329393E+03	1.549330E-17	2.398009E-18
5.369393E+03	1.564269E-17	2.414132E-18
5.409393E+03	1.577241E-17	2.427091E-18
5.449393E+03	1.588283E-17	2.436966E-18
5.489393E+03	1.597481E-17	2.443917E-18
5.529393E+03	1.604969E-17	2.448173E-18
5.569393E+03	1.610927E-17	2.450031E-18
5.609393E+03	1.615571E-17	2.449838E-18
5.649393E+03	1.619137E-17	2.447972E-18
5.689393E+03	1.621870E-17	2.444815E-18
5.729393E+03	1.624012E-17	2.440745E-18
5.769393E+03	1.625784E-17	2.436098E-18
5.809393E+03	1.627387E-17	2.431183E-18
5.849393E+03	1.628992E-17	2.426256E-18
5.889393E+03	1.630739E-17	2.421526E-18
5.929393E+03	1.632733E-17	2.417149E-18
5.969393E+03	1.635044E-17	2.413222E-18
6.009393E+03	1.637703E-17	2.409791E-18
6.049393E+03	1.640709E-17	2.406849E-18
6.089393E+03	1.644029E-17	2.404343E-18
6.129393E+03	1.647590E-17	2.402166E-18
6.169393E+03	1.651294E-17	2.400170E-18
6.209393E+03	1.655016E-17	2.398176E-18
6.249393E+03	1.658615E-17	2.395979E-18
6.289393E+03	1.661945E-17	2.393373E-18
6.329393E+03	1.664856E-17	2.390147E-18
6.369393E+03	1.667214E-17	2.386115E-18
6.409393E+03	1.668910E-17	2.381132E-18
6.449393E+03	1.669908E-17	2.375154E-18
6.489393E+03	1.670312E-17	2.368342E-18
6.529393E+03	1.670382E-17	2.361068E-18
6.569393E+03	1.670436E-17	2.353785E-18
6.609393E+03	1.670806E-17	2.346957E-18
6.649393E+03	1.671807E-17	2.341021E-18
6.689393E+03	1.673723E-17	2.336364E-18
6.729393E+03	1.676808E-17	2.333328E-18
6.769393E+03	1.681287E-17	2.332207E-18
6.809393E+03	1.687354E-17	2.333251E-18
6.849393E+03	1.695169E-17	2.336659E-18
6.889393E+03	1.704844E-17	2.342563E-18
6.929393E+03	1.716437E-17	2.351014E-18
6.969393E+03	1.729952E-17	2.361996E-18
7.009393E+03	1.745350E-17	2.375428E-18
7.049393E+03	1.762562E-17	2.391193E-18
7.089393E+03	1.781507E-17	2.409156E-18
7.129393E+03	1.802113E-17	2.429198E-18
7.169393E+03	1.824319E-17	2.451215E-18
7.209393E+03	1.848079E-17	2.475126E-18
7.249393E+03	1.873361E-17	2.500865E-18
7.289393E+03	1.900137E-17	2.528378E-18
7.329393E+03	1.928373E-17	2.557599E-18
7.369393E+03	1.958024E-17	2.588451E-18
7.409393E+03	1.989048E-17	2.620859E-18
7.449393E+03	2.021413E-17	2.654766E-18
7.489393E+03	2.055109E-17	2.690139E-18
7.529393E+03	2.090113E-17	2.726933E-18
7.569393E+03	2.126352E-17	2.765039E-18
7.609393E+03	2.163654E-17	2.804215E-18
7.649393E+03	2.201685E-17	2.844020E-18
7.689393E+03	2.239894E-17	2.883736E-18
7.729393E+03	2.277480E-17	2.922332E-18
7.769393E+03	2.313454E-17	2.958556E-18
7.809393E+03	2.346756E-17	2.991077E-18
7.849393E+03	2.376386E-17	3.018662E-18
7.889393E+03	2.401574E-17	3.040383E-18
7.929393E+03	2.421838E-17	3.055692E-18
7.969393E+03	2.436955E-17	3.064372E-18
8.009393E+03	2.446939E-17	3.066507E-18
8.049393E+03	2.452028E-17	3.062459E-18
8.089393E+03	2.452644E-17	3.052819E-18
8.129393E+03	2.449376E-17	3.038374E-18
8.169393E+03	2.442941E-17	3.020062E-18
8.209393E+03	2.434156E-17	2.998930E-18
8.249393E+03	2.423894E-17	2.976081E-18
8.289393E+03	2.413046E-17	2.952624E-18
8.329393E+03	2.402459E-17	2.929602E-18
8.369393E+03	2.392895E-17	2.907938E-18
8.409393E+03	2.384995E-17	2.888396E-18
8.449393E+03	2.379263E-17	2.871567E-18
8.489393E+03	2.376058E-17	2.857857E-18
8.529393E+03	2.375606E-17	2.847509E-18
8.569393E+03	2.378008E-17	2.840609E-18
8.609393E+03	2.383252E-17	2.837112E-18
8.649393E+03	2.391240E-17	2.836870E-18
8.689393E+03	2.401799E-17	2.839648E-18
8.729393E+03	2.414705E-17	2.845152E-18
8.769393E+03	2.429703E-17	2.853061E-18
8.809393E+03	2.446539E-17	2.863057E-18
8.849393E+03	2.464976E-17	2.874844E-18
8.889393E+03	2.484798E-17	2.888158E-18
8.929393E+03	2.505806E-17	2.902759E-18
8.969393E+03	2.527826E-17	2.918436E-18
9.009393E+03	2.550704E-17	2.935006E-18
9.049393E+03	2.574313E-17	2.952321E-18
9.089393E+03	2.598545E-17	2.970257E-18
9.129393E+03	2.623315E-17	2.988715E-18
9.169393E+03	2.648546E-17	3.007611E-18
9.209393E+03	2.674185E-17	3.026888E-18
9.249393E+03	2.700253E-17	3.046573E-18
9.289393E+03	2.726801E-17	3.066726E-18
9.329393E+03	2.753856E-17	3.087378E-18
9.369393E+03	2.781429E-17	3.108542E-18
9.409393E+03	2.809529E-17	3.130230E-18
9.449393E+03	2.838181E-17	3.152470E-18
9.489393E+03	2.867445E-17	3.175330E-18
9.529393E+03	2.897446E-17	3.198951E-18
9.569393E+03	2.928402E-17	3.223572E-18
9.609393E+03	2.960621E-17	3.249533E-18
9.649393E+03	2.994485E-17	3.277246E-18
9.689393E+03	3.030416E-17	3.307166E-18
9.729393E+03	3.068844E-17	3.339753E-18
9.769393E+03	3.110183E-17	3.375444E-18
9.809393E+03	3.154820E-17	3.414643E-18
9.849393E+03	3.203095E-17	3.457703E-18
9.889393E+03	3.255287E-17	3.504905E-18
9.929393E+03	3.311582E-17	3.556431E-18
9.969393E+03	3.372056E-17	3.612345E-18
1.000939E+04	3.436650E-17	3.672557E-18
1.004939E+04	3.505136E-17	3.736799E-18
1.008939E+04	3.577112E-17	3.804624E-18
1.012939E+04	3.652005E-17	3.875404E-18
1.016939E+04	3.729071E-17	3.948338E-18
1.020939E+04	3.807417E-17	4.022478E-18
1.024939E+04	3.886044E-17	4.096771E-18
1.028939E+04	3.963891E-17	4.170105E-18
1.032939E+04	4.039875E-17	4.241360E-18
1.036939E+04	4.112970E-17	4.309479E-18
1.040939E+04	4.182297E-17	4.373570E-18
1.044939E+04	4.247279E-17	4.433061E-18
1.048939E+04	4.307697E-17	4.487755E-18
1.052939E+04	4.363583E-17	4.537721E-18
1.056939E+04	4.415067E-17	4.583122E-18
1.060939E+04	4.462270E-17	4.624116E-18
1.064939E+04	4.505257E-17	4.660797E-18
1.068939E+04	4.544021E-17	4.693184E-18
1.072939E+04	4.578494E-17	4.721234E-18
1.076939E+04	4.608575E-17	4.744867E-18
1.080939E+04	4.634148E-17	4.763991E-18
1.084939E+04	4.655087E-17	4.778498E-18
1.088939E+04	4.671258E-17	4.788280E-18
1.092939E+04	4.682555E-17	4.793249E-18
1.096939E+04	4.688914E-17	4.793365E-18
1.100939E+04	4.690307E-17	4.788623E-18
1.104939E+04	4.686734E-17	4.779044E-18
1.108939E+04	4.678192E-17	4.764648E-18
1.112939E+04	4.664695E-17	4.745468E-18
1.116939E+04	4.646291E-17	4.721573E-18
1.120939E+04	4.623103E-17	4.693104E-18
1.124939E+04	4.595338E-17	4.660290E-18
1.128939E+04	4.563294E-17	4.623446E-18
1.132939E+04	4.527369E-17	4.582988E-18
1.136939E+04	4.488059E-17	4.539427E-18
1.140939E+04	4.445952E-17	4.493367E-18
1.144939E+04	4.401701E-17	4.445474E-18
1.148939E+04	4.355987E-17	4.396437E-18
1.152939E+04	4.309488E-17	4.346942E-18
1.156939E+04	4.262861E-17	4.297653E-18
1.160939E+04	4.216727E-17	4.249195E-18
1.164939E+04	4.171663E-17	4.202146E-18
1.168939E+04	4.128183E-17	4.157022E-18
1.172939E+04	4.086745E-17	4.114283E-18
1.176939E+04	4.047745E-17	4.074325E-18
1.180939E+04	4.011523E-17	4.037489E-18
1.184939E+04	3.978351E-17	4.004050E-18
1.188939E+04	3.948411E-17	3.974192E-18
1.192939E+04	3.921776E-17	3.947991E-18
1.196939E+04	3.898407E-17	3.925413E-18
1.200939E+04	3.878161E-17	3.906319E-18
1.204939E+04	3.860781E-17	3.890460E-18
1.208939E+04	3.845890E-17	3.877463E-18
1.212939E+04	3.832958E-17	3.866803E-18
1.216939E+04	3.821294E-17	3.857794E-18
1.220939E+04	3.810054E-17	3.849592E-18
1.224939E+04	3.798263E-17	3.841219E-18
1.228939E+04	3.784843E-17	3.831588E-18
1.232939E+04	3.768666E-17	3.819558E-18
1.236939E+04	3.748609E-17	3.803984E-18
1.240939E+04	3.723640E-17	3.783800E-18
1.244939E+04	3.692920E-17	3.758118E-18
1.248939E+04	3.656029E-17	3.726457E-18
1.252939E+04	3.613324E-17	3.689127E-18
1.256939E+04	3.565742E-17	3.647030E-18
1.260939E+04	3.514440E-17	3.601297E-18
1.264939E+04	3.460649E-17	3.553141E-18
1.268939E+04	3.405601E-17	3.503789E-18
1.272939E+04	3.350482E-17	3.454427E-18
1.276939E+04	3.296409E-17	3.406181E-18
1.280939E+04	3.244422E-17	3.360112E-18
1.284939E+04	3.195481E-17	3.317206E-18
1.288939E+04	3.150453E-17	3.278365E-18
1.292939E+04	3.110092E-17	3.244386E-18
1.296939E+04	3.075017E-17	3.215932E-18
1.300939E+04	3.045715E-17	3.193538E-18
1.304939E+04	3.022545E-17	3.177614E-18
1.308939E+04	3.005759E-17	3.168463E-18
1.312939E+04	2.995514E-17	3.166293E-18
1.316939E+04	2.991866E-17	3.171207E-18
1.320939E+04	2.994764E-17	3.183202E-18
1.324939E+04	3.004035E-17	3.202143E-18
1.328939E+04	3.019388E-17	3.227769E-18
1.332939E+04	3.040418E-17	3.259696E-18
1.336939E+04	3.066638E-17	3.297448E-18
1.340939E+04	3.097471E-17	3.340447E-18
1.344939E+04	3.132259E-17	3.388019E-18
1.348939E+04	3.170252E-17	3.439386E-18
1.352939E+04	3.210623E-17	3.493676E-18
1.356939E+04	3.252489E-17	3.549943E-18
1.360939E+04	3.294945E-17	3.607208E-18
1.364939E+04	3.337112E-17	3.664509E-18
1.368939E+04	3.378155E-17	3.720920E-18
1.372939E+04	3.417302E-17	3.775570E-18
1.376939E+04	3.453847E-17	3.827656E-18
1.380939E+04	3.487157E-17	3.876446E-18
1.384939E+04	3.516681E-17	3.921284E-18
1.388939E+04	3.541939E-17	3.961594E-18
1.392939E+04	3.562532E-17	3.996878E-18
1.396939E+04	3.578156E-17	4.026745E-18
1.400939E+04	3.588627E-17	4.050930E-18
1.404939E+04	3.593895E-17	4.069319E-18
1.408939E+04	3.594038E-17	4.081945E-18
1.412939E+04	3.589246E-17	4.088967E-18
1.416939E+04	3.579792E-17	4.090643E-18
1.420939E+04	3.566021E-17	4.087316E-18
1.424939E+04	3.548329E-17	4.079395E-18
1.428939E+04	3.527163E-17	4.067352E-18
1.432939E+04	3.503011E-17	4.051713E-18
1.436939E+04	3.476398E-17	4.033056E-18
1.440939E+04	3.447876E-17	4.011995E-18
1.444939E+04	3.418023E-17	3.989184E-18
1.448939E+04	3.387423E-17	3.965292E-18
1.452939E+04	3.356670E-17	3.941009E-18
1.456939E+04	3.326364E-17	3.917040E-18
1.460939E+04	3.297103E-17	3.894094E-18
1.464939E+04	3.269448E-17	3.872850E-18
1.468939E+04	3.243905E-17	3.853924E-18
1.472939E+04	3.220918E-17	3.837870E-18
1.476939E+04	3.200861E-17	3.825162E-18
1.480939E+04	3.184041E-17	3.816199E-18
1.484939E+04	3.170691E-17	3.811300E-18
1.488939E+04	3.160978E-17	3.810700E-18
1.492939E+04	3.154989E-17	3.814546E-18
1.496939E+04	3.152729E-17	3.822887E-18
1.500939E+04	3.154114E-17	3.835661E-18
1.504939E+04	3.158984E-17	3.852714E-18
1.508939E+04	3.167119E-17	3.873816E-18
1.512939E+04	3.178254E-17	3.898681E-18
1.516939E+04	3.192103E-17	3.926992E-18
1.520939E+04	3.208357E-17	3.958399E-18
1.524939E+04	3.226675E-17	3.992512E-18
1.528939E+04	3.246678E-17	4.028885E-18
1.532939E+04	3.267959E-17	4.067035E-18
1.536939E+04	3.290090E-17	4.106446E-18
1.540939E+04	3.312624E-17	4.146574E-18
1.544939E+04	3.335096E-17	4.186845E-18
1.548939E+04	3.357021E-17	4.226652E-18
1.552939E+04	3.377901E-17	4.265368E-18
1.556939E+04	3.397228E-17	4.302342E-18
1.560939E+04	3.414490E-17	4.336915E-18
1.564939E+04	3.429173E-17	4.368414E-18
1.568939E+04	3.440759E-17	4.396154E-18
1.572939E+04	3.448752E-17	4.419473E-18
1.576939E+04	3.452707E-17	4.437762E-18
1.580939E+04	3.452250E-17	4.450501E-18
1.584939E+04	3.447102E-17	4.457281E-18
1.588939E+04	3.437077E-17	4.457814E-18
1.592939E+04	3.422080E-17	4.451921E-18
1.596939E+04	3.402087E-17	4.439517E-18
1.600939E+04	3.377141E-17	4.420602E-18
1.604939E+04	3.347364E-17	4.395280E-18
1.608939E+04	3.312967E-17	4.363770E-18
1.612939E+04	3.274257E-17	4.326423E-18
1.616939E+04	3.231627E-17	4.283700E-18
1.620939E+04	3.185542E-17	4.236155E-18
1.624939E+04	3.136519E-17	4.184426E-18
1.628939E+04	3.085109E-17	4.129201E-18
1.632939E+04	3.031870E-17	4.071188E-18
1.636939E+04	2.977342E-17	4.011079E-18
1.640939E+04	2.922035E-17	3.949535E-18
1.644939E+04	2.866407E-17	3.887159E-18
1.648939E+04	2.810869E-17	3.824493E-18
1.652939E+04	2.755784E-17	3.762026E-18
1.656939E+04	2.701480E-17	3.700206E-18
1.660939E+04	2.648250E-17	3.639435E-18
1.664939E+04	2.596335E-17	3.580053E-18
1.668939E+04	2.545922E-17	3.522331E-18
1.672939E+04	2.497140E-17	3.466460E-18
1.676939E+04	2.450070E-17	3.412567E-18
1.680939E+04	2.404753E-17	3.360732E-18
1.684939E+04	2.361208E-17	3.310996E-18
1.688939E+04	2.319426E-17	3.263368E-18
1.692939E+04	2.279390E-17	3.217844E-18
1.696939E+04	2.241082E-17	3.174418E-18
1.700939E+04	2.204478E-17	3.133075E-18
1.704939E+04	2.169561E-17	3.093813E-18
1.708939E+04	2.136321E-17	3.056637E-18
1.712939E+04	2.104761E-17	3.021572E-18
1.716939E+04	2.074902E-17	2.988670E-18
1.720939E+04	2.046786E-17	2.958013E-18
1.724939E+04	2.020472E-17	2.929708E-18
1.728939E+04	1.996031E-17	2.903882E-18
1.732939E+04	1.973549E-17	2.880685E-18
1.736939E+04	1.953111E-17	2.860268E-18
1.740939E+04	1.934810E-17	2.842794E-18
1.744939E+04	1.918745E-17	2.828440E-18
1.748939E+04	1.905030E-17	2.817403E-18
1.752939E+04	1.893790E-17	2.809902E-18
1.756939E+04	1.885171E-17	2.806187E-18
1.760939E+04	1.879331E-17	2.806532E-18
1.764939E+04	1.876444E-17	2.811235E-18
1.768939E+04	1.876685E-17	2.820600E-18
1.772939E+04	1.880232E-17	2.834938E-18
1.776939E+04	1.887258E-17	2.854560E-18
1.780939E+04	1.897929E-17	2.879762E-18
1.784939E+04	1.912380E-17	2.910803E-18
1.788939E+04	1.930724E-17	2.947905E-18
1.792939E+04	1.953026E-17	2.991224E-18
1.796939E+04	1.979299E-17	3.040832E-18
1.800939E+04	2.009480E-17	3.096688E-18
1.804939E+04	2.043410E-17	3.158597E-18
1.808939E+04	2.080838E-17	3.226222E-18
1.812939E+04	2.121412E-17	3.299062E-18
1.816939E+04	2.164684E-17	3.376457E-18
1.820939E+04	2.210097E-17	3.457575E-18
1.824939E+04	2.257002E-17	3.541419E-18
1.828939E+04	2.304655E-17	3.626839E-18
1.832939E+04	2.352230E-17	3.712537E-18
1.836939E+04	2.398859E-17	3.797136E-18
1.840939E+04	2.443676E-17	3.879241E-18
1.844939E+04	2.485855E-17	3.957513E-18
1.848939E+04	2.524653E-17	4.030725E-18
1.852939E+04	2.559419E-17	4.097784E-18
1.856939E+04	2.589595E-17	4.157739E-18
1.860939E+04	2.614716E-17	4.209775E-18
1.864939E+04	2.634427E-17	4.253249E-18
1.868939E+04	2.648498E-17	4.287716E-18
1.872939E+04	2.656833E-17	4.312940E-18
1.876939E+04	2.659457E-17	4.328889E-18
1.880939E+04	2.656533E-17	4.335748E-18
1.884939E+04	2.648341E-17	4.333906E-18
1.888939E+04	2.635253E-17	4.323902E-18
1.892939E+04	2.617687E-17	4.306361E-18
1.896939E+04	2.596094E-17	4.281969E-18
1.900939E+04	2.570937E-17	4.251442E-18
1.904939E+04	2.542693E-17	4.215526E-18
1.908939E+04	2.511837E-17	4.174975E-18
1.912939E+04	2.478837E-17	4.130532E-18
1.916939E+04	2.444147E-17	4.082935E-18
1.920939E+04	2.408221E-17	4.032923E-18
1.924939E+04	2.371515E-17	3.981250E-18
1.928939E+04	2.334480E-17	3.928666E-18
1.932939E+04	2.297561E-17	3.875922E-18
1.936939E+04	2.261181E-17	3.823735E-18
1.940939E+04	2.225718E-17	3.772756E-18
1.944939E+04	2.191486E-17	3.723532E-18
1.948939E+04	2.158722E-17	3.676483E-18
1.952939E+04	2.127600E-17	3.631925E-18
1.956939E+04	2.098238E-17	3.590084E-18
1.960939E+04	2.070710E-17	3.551110E-18
1.964939E+04	2.045055E-17	3.515091E-18
1.968939E+04	2.021280E-17	3.482065E-18
1.972939E+04	1.999364E-17	3.452019E-18
1.976939E+04	1.979266E-17	3.424904E-18
1.980939E+04	1.960922E-17	3.400633E-18
1.984939E+04	1.944244E-17	3.379074E-18
1.988939E+04	1.929116E-17	3.360044E-18
1.992939E+04	1.915395E-17	3.343315E-18
1.996939E+04	1.902913E-17	3.328607E-18
2.000939E+04	1.891487E-17	3.315617E-18
2.004939E+04	1.880927E-17	3.304020E-18
2.008939E+04	1.871041E-17	3.293493E-18
2.012939E+04	1.861640E-17	3.283709E-18
2.016939E+04	1.852540E-17	3.274347E-18
2.020939E+04	1.843559E-17	3.265093E-18
2.024939E+04	1.834532E-17	3.255653E-18
2.028939E+04	1.825304E-17	3.245753E-18
2.032939E+04	1.815735E-17	3.235143E-18
2.036939E+04	1.805696E-17	3.223588E-18
2.040939E+04	1.795072E-17	3.210883E-18
2.044939E+04	1.783769E-17	3.196848E-18
2.048939E+04	1.771710E-17	3.181344E-18
2.052939E+04	1.758846E-17	3.164274E-18
2.056939E+04	1.745145E-17	3.145573E-18
2.060939E+04	1.730595E-17	3.125212E-18
2.064939E+04	1.715199E-17	3.103191E-18
2.068939E+04	1.698980E-17	3.079542E-18
2.072939E+04	1.681968E-17	3.054314E-18
2.076939E+04	1.664207E-17	3.027580E-18
2.080939E+04	1.645754E-17	2.999439E-18
2.084939E+04	1.626675E-17	2.970004E-18
2.088939E+04	1.607045E-17	2.939408E-18
2.092939E+04	1.586945E-17	2.907797E-18
2.096939E+04	1.566462E-17	2.875326E-18
2.100939E+04	1.545688E-17	2.842162E-18
2.104939E+04	1.524729E-17	2.808499E-18
2.108939E+04	1.503710E-17	2.774570E-18
2.112939E+04	1.482775E-17	2.740638E-18
2.116939E+04	1.462069E-17	2.706977E-18
2.120939E+04	1.441735E-17	2.673852E-18
2.124939E+04	1.421905E-17	2.641518E-18
2.128939E+04	1.402704E-17	2.610209E-18
2.132939E+04	1.384245E-17	2.580144E-18
2.136939E+04	1.366637E-17	2.551534E-18
2.140939E+04	1.349979E-17	2.524573E-18
2.144939E+04	1.334355E-17	2.499427E-18
2.148939E+04	1.319817E-17	2.476204E-18
2.152939E+04	1.306346E-17	2.454879E-18
2.156939E+04	1.293830E-17	2.435249E-18
2.160939E+04	1.282113E-17	2.417031E-18
2.164939E+04	1.271033E-17	2.399927E-18
2.168939E+04	1.260424E-17	2.383629E-18
2.172939E+04	1.250135E-17	2.367854E-18
2.176939E+04	1.240026E-17	2.352340E-18
2.180939E+04	1.229976E-17	2.336861E-18
2.184939E+04	1.219883E-17	2.321221E-18
2.188939E+04	1.209659E-17	2.305254E-18
2.192939E+04	1.199234E-17	2.288827E-18
2.196939E+04	1.188553E-17	2.271829E-18
2.200939E+04	1.177572E-17	2.254179E-18
2.204939E+04	1.166261E-17	2.235814E-18
2.208939E+04	1.154606E-17	2.216707E-18
2.212939E+04	1.142612E-17	2.196861E-18
2.216939E+04	1.130295E-17	2.176311E-18
2.220939E+04	1.117693E-17	2.155124E-18
2.224939E+04	1.104852E-17	2.133386E-18
2.228939E+04	1.091825E-17	2.111202E-18
2.232939E+04	1.078673E-17	2.088687E-18
2.236939E+04	1.065462E-17	2.065967E-18
2.240939E+04	1.052262E-17	2.043181E-18
2.244939E+04	1.039145E-17	2.020466E-18
2.248939E+04	1.026181E-17	1.997963E-18
2.252939E+04	1.013435E-17	1.975800E-18
2.256939E+04	1.000966E-17	1.954093E-18
2.260939E+04	9.888221E-18	1.932941E-18
2.264939E+04	9.770406E-18	1.912419E-18
2.268939E+04	9.656511E-18	1.892587E-18
2.272939E+04	9.546759E-18	1.873494E-18
2.276939E+04	9.441347E-18	1.855181E-18
2.280939E+04	9.340432E-18	1.837684E-18
2.284939E+04	9.244171E-18	1.821038E-18
2.288939E+04	9.152685E-18	1.805270E-18
2.292939E+04	9.066066E-18	1.790402E-18
2.296939E+04	8.984388E-18	1.776453E-18
2.300939E+04	8.907737E-18	1.763444E-18
2.304939E+04	8.836226E-18	1.751402E-18
2.308939E+04	8.769980E-18	1.740355E-18
2.312939E+04	8.709137E-18	1.730334E-18
2.316939E+04	8.653847E-18	1.721374E-18
2.320939E+04	8.604245E-18	1.713507E-18
2.324939E+04	8.560445E-18	1.706758E-18
2.328939E+04	8.522528E-18	1.701148E-18
2.332939E+04	8.490560E-18	1.696695E-18
2.336939E+04	8.464590E-18	1.693413E-18
2.340939E+04	8.444632E-18	1.691309E-18
2.344939E+04	8.430721E-18	1.690393E-18
2.348939E+04	8.422861E-18	1.690671E-18
2.352939E+04	8.421082E-18	1.692153E-18
2.356939E+04	8.425412E-18	1.694849E-18
2.360939E+04	8.435882E-18	1.698768E-18
2.364939E+04	8.452513E-18	1.703920E-18
2.368939E+04	8.475343E-18	1.710314E-18
2.372939E+04	8.504419E-18	1.717966E-18
2.376939E+04	8.539779E-18	1.726886E-18
2.380939E+04	8.581417E-18	1.737077E-18
2.384939E+04	8.629316E-18	1.748539E-18
2.388939E+04	8.683399E-18	1.761260E-18
2.392939E+04	8.743591E-18	1.775228E-18
2.396939E+04	8.809777E-18	1.790424E-18
2.400939E+04	8.881826E-18	1.806824E-18
2.404939E+04	8.959570E-18	1.824398E-18
2.408939E+04	9.042841E-18	1.843113E-18
2.412939E+04	9.131448E-18	1.862934E-18
2.416939E+04	9.225202E-18	1.883825E-18
2.420939E+04	9.323912E-18	1.905749E-18
2.424939E+04	9.427382E-18	1.928669E-18
2.428939E+04	9.535384E-18	1.952539E-18
2.432939E+04	9.647699E-18	1.977319E-18
2.436939E+04	9.764068E-18	2.002955E-18
2.440939E+04	9.884195E-18	2.029390E-18
2.444939E+04	1.000777E-17	2.056560E-18
2.448939E+04	1.013443E-17	2.084392E-18
