#wls	flux	fluxerr
3.289393E+03	1.871149E-18	2.225139E-19
3.329393E+03	1.959847E-18	2.318763E-19
3.369393E+03	2.055385E-18	2.419293E-19
3.409393E+03	2.158262E-18	2.527177E-19
3.449393E+03	2.268965E-18	2.642836E-19
3.489393E+03	2.387954E-18	2.766650E-19
3.529393E+03	2.515660E-18	2.898949E-19
3.569393E+03	2.652490E-18	3.040023E-19
3.609393E+03	2.798783E-18	3.190075E-19
3.649393E+03	2.954783E-18	3.349191E-19
3.689393E+03	3.120623E-18	3.517318E-19
3.729393E+03	3.296304E-18	3.694258E-19
3.769393E+03	3.481686E-18	3.879647E-19
3.809393E+03	3.676496E-18	4.072979E-19
3.849393E+03	3.880517E-18	4.273818E-19
3.889393E+03	4.093928E-18	4.482161E-19
3.929393E+03	4.317263E-18	4.698387E-19
3.969393E+03	4.551208E-18	4.923023E-19
4.009393E+03	4.796520E-18	5.156656E-19
4.049393E+03	5.054012E-18	5.399907E-19
4.089393E+03	5.324567E-18	5.653453E-19
4.129393E+03	5.609133E-18	5.918009E-19
4.169393E+03	5.908725E-18	6.194336E-19
4.209393E+03	6.224421E-18	6.483232E-19
4.249393E+03	6.557372E-18	6.785540E-19
4.289393E+03	6.908789E-18	7.102129E-19
4.329393E+03	7.279944E-18	7.433898E-19
4.369393E+03	7.672155E-18	7.781754E-19
4.409393E+03	8.086760E-18	8.146588E-19
4.449393E+03	8.525066E-18	8.529220E-19
4.489393E+03	8.988293E-18	8.930347E-19
4.529393E+03	9.477510E-18	9.350478E-19
4.569393E+03	9.993535E-18	9.789849E-19
4.609393E+03	1.053687E-17	1.024836E-18
4.649393E+03	1.110754E-17	1.072544E-18
4.689393E+03	1.170507E-17	1.122004E-18
4.729393E+03	1.232831E-17	1.173046E-18
4.769393E+03	1.297535E-17	1.225436E-18
4.809393E+03	1.364357E-17	1.278872E-18
4.849393E+03	1.432972E-17	1.333008E-18
4.889393E+03	1.503046E-17	1.387495E-18
4.929393E+03	1.574225E-17	1.441977E-18
4.969393E+03	1.646105E-17	1.496062E-18
5.009393E+03	1.718205E-17	1.549300E-18
5.049393E+03	1.789969E-17	1.601190E-18
5.089393E+03	1.860765E-17	1.651176E-18
5.129393E+03	1.929908E-17	1.698675E-18
5.169393E+03	1.996677E-17	1.743094E-18
5.209393E+03	2.060349E-17	1.783856E-18
5.249393E+03	2.120194E-17	1.820403E-18
5.289393E+03	2.175532E-17	1.852237E-18
5.329393E+03	2.225765E-17	1.878952E-18
5.369393E+03	2.270455E-17	1.900294E-18
5.409393E+03	2.309369E-17	1.916190E-18
5.449393E+03	2.342507E-17	1.926767E-18
5.489393E+03	2.370119E-17	1.932356E-18
5.529393E+03	2.392699E-17	1.933479E-18
5.569393E+03	2.410958E-17	1.930816E-18
5.609393E+03	2.425763E-17	1.925152E-18
5.649393E+03	2.438084E-17	1.917328E-18
5.689393E+03	2.448913E-17	1.908173E-18
5.729393E+03	2.459207E-17	1.898463E-18
5.769393E+03	2.469848E-17	1.888888E-18
5.809393E+03	2.481620E-17	1.880037E-18
5.849393E+03	2.495198E-17	1.872397E-18
5.889393E+03	2.511131E-17	1.866342E-18
5.929393E+03	2.529832E-17	1.862130E-18
5.969393E+03	2.551560E-17	1.859895E-18
6.009393E+03	2.576399E-17	1.859641E-18
6.049393E+03	2.604252E-17	1.861237E-18
6.089393E+03	2.634838E-17	1.864427E-18
6.129393E+03	2.667683E-17	1.868829E-18
6.169393E+03	2.702120E-17	1.873940E-18
6.209393E+03	2.737271E-17	1.879134E-18
6.249393E+03	2.772056E-17	1.883672E-18
6.289393E+03	2.805239E-17	1.886738E-18
6.329393E+03	2.835497E-17	1.887497E-18
6.369393E+03	2.861524E-17	1.885161E-18
6.409393E+03	2.882184E-17	1.879086E-18
6.449393E+03	2.896721E-17	1.868905E-18
6.489393E+03	2.904987E-17	1.854657E-18
6.529393E+03	2.907469E-17	1.836778E-18
6.569393E+03	2.905095E-17	1.815961E-18
6.609393E+03	2.899026E-17	1.793019E-18
6.649393E+03	2.890482E-17	1.768770E-18
6.689393E+03	2.880627E-17	1.743963E-18
6.729393E+03	2.870501E-17	1.719244E-18
6.769393E+03	2.861002E-17	1.695150E-18
6.809393E+03	2.852855E-17	1.672090E-18
6.849393E+03	2.846561E-17	1.650328E-18
6.889393E+03	2.842393E-17	1.629986E-18
6.929393E+03	2.840430E-17	1.611067E-18
6.969393E+03	2.840581E-17	1.593480E-18
7.009393E+03	2.842590E-17	1.577046E-18
7.049393E+03	2.846082E-17	1.561525E-18
7.089393E+03	2.850616E-17	1.546656E-18
7.129393E+03	2.855760E-17	1.532191E-18
7.169393E+03	2.861153E-17	1.517931E-18
7.209393E+03	2.866579E-17	1.503765E-18
7.249393E+03	2.872025E-17	1.489690E-18
7.289393E+03	2.877700E-17	1.475818E-18
7.329393E+03	2.884058E-17	1.462385E-18
7.369393E+03	2.891898E-17	1.449784E-18
7.409393E+03	2.902562E-17	1.438666E-18
7.449393E+03	2.918103E-17	1.429997E-18
7.489393E+03	2.941348E-17	1.425077E-18
7.529393E+03	2.975931E-17	1.425532E-18
7.569393E+03	3.026288E-17	1.433293E-18
7.609393E+03	3.097504E-17	1.450508E-18
7.649393E+03	3.194440E-17	1.479120E-18
7.689393E+03	3.318572E-17	1.519437E-18
7.729393E+03	3.463444E-17	1.568155E-18
7.769393E+03	3.617001E-17	1.619611E-18
7.809393E+03	3.764669E-17	1.667270E-18
7.849393E+03	3.892321E-17	1.705080E-18
7.889393E+03	3.991370E-17	1.729656E-18
7.929393E+03	4.059913E-17	1.740616E-18
7.969393E+03	4.099797E-17	1.739171E-18
8.009393E+03	4.114860E-17	1.727319E-18
8.049393E+03	4.109929E-17	1.707382E-18
8.089393E+03	4.090082E-17	1.681696E-18
8.129393E+03	4.060098E-17	1.652377E-18
8.169393E+03	4.024150E-17	1.621217E-18
8.209393E+03	3.985719E-17	1.589658E-18
8.249393E+03	3.947641E-17	1.558835E-18
8.289393E+03	3.912237E-17	1.529634E-18
8.329393E+03	3.881412E-17	1.502749E-18
8.369393E+03	3.856635E-17	1.478683E-18
8.409393E+03	3.838845E-17	1.457716E-18
8.449393E+03	3.828425E-17	1.439913E-18
8.489393E+03	3.825281E-17	1.425159E-18
8.529393E+03	3.828971E-17	1.413216E-18
8.569393E+03	3.838849E-17	1.403786E-18
8.609393E+03	3.854176E-17	1.396548E-18
8.649393E+03	3.874176E-17	1.391185E-18
8.689393E+03	3.898069E-17	1.387391E-18
8.729393E+03	3.925079E-17	1.384879E-18
8.769393E+03	3.954461E-17	1.383386E-18
8.809393E+03	3.985492E-17	1.382667E-18
8.849393E+03	4.017492E-17	1.382511E-18
8.889393E+03	4.049879E-17	1.382745E-18
8.929393E+03	4.082210E-17	1.383259E-18
8.969393E+03	4.114085E-17	1.383962E-18
9.009393E+03	4.144955E-17	1.384721E-18
9.049393E+03	4.174079E-17	1.385347E-18
9.089393E+03	4.200641E-17	1.385636E-18
9.129393E+03	4.223886E-17	1.385409E-18
9.169393E+03	4.243263E-17	1.384560E-18
9.209393E+03	4.258619E-17	1.383114E-18
9.249393E+03	4.270383E-17	1.381267E-18
9.289393E+03	4.279310E-17	1.379287E-18
9.329393E+03	4.286056E-17	1.377404E-18
9.369393E+03	4.291061E-17	1.375771E-18
9.409393E+03	4.294623E-17	1.374493E-18
9.449393E+03	4.296948E-17	1.373646E-18
9.489393E+03	4.298178E-17	1.373282E-18
9.529393E+03	4.298456E-17	1.373456E-18
9.569393E+03	4.298008E-17	1.374245E-18
9.609393E+03	4.297178E-17	1.375767E-18
9.649393E+03	4.296448E-17	1.378182E-18
9.689393E+03	4.296466E-17	1.381706E-18
9.729393E+03	4.298165E-17	1.386651E-18
9.769393E+03	4.303014E-17	1.393507E-18
9.809393E+03	4.313178E-17	1.403000E-18
9.849393E+03	4.331543E-17	1.416112E-18
9.889393E+03	4.361448E-17	1.433998E-18
9.929393E+03	4.405737E-17	1.457690E-18
9.969393E+03	4.465226E-17	1.487567E-18
1.000939E+04	4.539194E-17	1.523471E-18
1.004939E+04	4.626561E-17	1.565130E-18
1.008939E+04	4.726298E-17	1.612282E-18
1.012939E+04	4.837523E-17	1.664716E-18
1.016939E+04	4.959416E-17	1.722237E-18
1.020939E+04	5.090976E-17	1.784583E-18
1.024939E+04	5.230605E-17	1.851269E-18
1.028939E+04	5.375590E-17	1.921392E-18
1.032939E+04	5.521590E-17	1.993425E-18
1.036939E+04	5.662711E-17	2.065208E-18
1.040939E+04	5.792591E-17	2.134318E-18
1.044939E+04	5.906708E-17	2.198915E-18
1.048939E+04	6.004254E-17	2.258480E-18
1.052939E+04	6.086984E-17	2.313450E-18
1.056939E+04	6.157449E-17	2.364592E-18
1.060939E+04	6.218100E-17	2.412672E-18
1.064939E+04	6.270922E-17	2.458311E-18
1.068939E+04	6.317473E-17	2.501997E-18
1.072939E+04	6.359081E-17	2.544149E-18
1.076939E+04	6.396972E-17	2.585169E-18
1.080939E+04	6.432278E-17	2.625445E-18
1.084939E+04	6.465988E-17	2.665324E-18
1.088939E+04	6.498909E-17	2.705098E-18
1.092939E+04	6.531646E-17	2.744989E-18
1.096939E+04	6.564595E-17	2.785142E-18
1.100939E+04	6.597948E-17	2.825624E-18
1.104939E+04	6.631683E-17	2.866416E-18
1.108939E+04	6.665581E-17	2.907414E-18
1.112939E+04	6.699227E-17	2.948425E-18
1.116939E+04	6.732028E-17	2.989176E-18
1.120939E+04	6.763219E-17	3.029308E-18
1.124939E+04	6.791885E-17	3.068385E-18
1.128939E+04	6.816978E-17	3.105898E-18
1.132939E+04	6.837353E-17	3.141283E-18
1.136939E+04	6.851815E-17	3.173932E-18
1.140939E+04	6.859184E-17	3.203235E-18
1.144939E+04	6.858373E-17	3.228606E-18
1.148939E+04	6.848461E-17	3.249526E-18
1.152939E+04	6.828773E-17	3.265580E-18
1.156939E+04	6.798968E-17	3.276496E-18
1.160939E+04	6.759028E-17	3.282146E-18
1.164939E+04	6.709117E-17	3.282493E-18
1.168939E+04	6.649296E-17	3.277456E-18
1.172939E+04	6.579620E-17	3.266952E-18
1.176939E+04	6.500419E-17	3.251039E-18
1.180939E+04	6.412380E-17	3.229964E-18
1.184939E+04	6.316552E-17	3.204166E-18
1.188939E+04	6.214317E-17	3.174276E-18
1.192939E+04	6.107257E-17	3.141045E-18
1.196939E+04	5.996962E-17	3.105254E-18
1.200939E+04	5.884880E-17	3.067633E-18
1.204939E+04	5.772209E-17	3.028802E-18
1.208939E+04	5.659836E-17	2.989232E-18
1.212939E+04	5.548313E-17	2.949231E-18
1.216939E+04	5.437930E-17	2.908972E-18
1.220939E+04	5.328785E-17	2.868532E-18
1.224939E+04	5.220856E-17	2.827921E-18
1.228939E+04	5.114053E-17	2.787114E-18
1.232939E+04	5.008291E-17	2.746083E-18
1.236939E+04	4.903520E-17	2.704810E-18
1.240939E+04	4.799745E-17	2.663299E-18
1.244939E+04	4.697021E-17	2.621585E-18
1.248939E+04	4.595496E-17	2.579753E-18
1.252939E+04	4.495433E-17	2.537962E-18
1.256939E+04	4.397233E-17	2.496449E-18
1.260939E+04	4.301405E-17	2.455521E-18
1.264939E+04	4.208538E-17	2.415539E-18
1.268939E+04	4.119268E-17	2.376898E-18
1.272939E+04	4.034236E-17	2.340004E-18
1.276939E+04	3.954064E-17	2.305260E-18
1.280939E+04	3.879324E-17	2.273048E-18
1.284939E+04	3.810522E-17	2.243717E-18
1.288939E+04	3.748085E-17	2.217573E-18
1.292939E+04	3.692348E-17	2.194874E-18
1.296939E+04	3.643555E-17	2.175823E-18
1.300939E+04	3.601857E-17	2.160572E-18
1.304939E+04	3.567315E-17	2.149217E-18
1.308939E+04	3.539904E-17	2.141799E-18
1.312939E+04	3.519514E-17	2.138310E-18
1.316939E+04	3.505954E-17	2.138687E-18
1.320939E+04	3.498961E-17	2.142817E-18
1.324939E+04	3.498195E-17	2.150540E-18
1.328939E+04	3.503246E-17	2.161645E-18
1.332939E+04	3.513639E-17	2.175875E-18
1.336939E+04	3.528831E-17	2.192928E-18
1.340939E+04	3.548218E-17	2.212454E-18
1.344939E+04	3.571142E-17	2.234067E-18
1.348939E+04	3.596896E-17	2.257341E-18
1.352939E+04	3.624734E-17	2.281823E-18
1.356939E+04	3.653879E-17	2.307029E-18
1.360939E+04	3.683542E-17	2.332466E-18
1.364939E+04	3.712936E-17	2.357636E-18
1.368939E+04	3.741294E-17	2.382049E-18
1.372939E+04	3.767892E-17	2.405236E-18
1.376939E+04	3.792055E-17	2.426759E-18
1.380939E+04	3.813177E-17	2.446219E-18
1.384939E+04	3.830733E-17	2.463268E-18
1.388939E+04	3.844289E-17	2.477614E-18
1.392939E+04	3.853508E-17	2.489029E-18
1.396939E+04	3.858149E-17	2.497344E-18
1.400939E+04	3.858076E-17	2.502462E-18
1.404939E+04	3.853256E-17	2.504351E-18
1.408939E+04	3.843765E-17	2.503054E-18
1.412939E+04	3.829777E-17	2.498677E-18
1.416939E+04	3.811548E-17	2.491385E-18
1.420939E+04	3.789413E-17	2.481394E-18
1.424939E+04	3.763774E-17	2.468968E-18
1.428939E+04	3.735084E-17	2.454408E-18
1.432939E+04	3.703846E-17	2.438049E-18
1.436939E+04	3.670589E-17	2.420247E-18
1.440939E+04	3.635866E-17	2.401375E-18
1.444939E+04	3.600242E-17	2.381818E-18
1.448939E+04	3.564281E-17	2.361961E-18
1.452939E+04	3.528539E-17	2.342188E-18
1.456939E+04	3.493549E-17	2.322870E-18
1.460939E+04	3.459817E-17	2.304359E-18
1.464939E+04	3.427809E-17	2.286988E-18
1.468939E+04	3.397951E-17	2.271061E-18
1.472939E+04	3.370626E-17	2.256855E-18
1.476939E+04	3.346164E-17	2.244619E-18
1.480939E+04	3.324854E-17	2.234570E-18
1.484939E+04	3.306932E-17	2.226895E-18
1.488939E+04	3.292590E-17	2.221753E-18
1.492939E+04	3.281973E-17	2.219271E-18
1.496939E+04	3.275183E-17	2.219552E-18
1.500939E+04	3.272282E-17	2.222672E-18
1.504939E+04	3.273286E-17	2.228678E-18
1.508939E+04	3.278172E-17	2.237592E-18
1.512939E+04	3.286865E-17	2.249404E-18
1.516939E+04	3.299243E-17	2.264071E-18
1.520939E+04	3.315122E-17	2.281508E-18
1.524939E+04	3.334257E-17	2.301593E-18
1.528939E+04	3.356346E-17	2.324162E-18
1.532939E+04	3.381071E-17	2.349038E-18
1.536939E+04	3.408174E-17	2.376088E-18
1.540939E+04	3.437535E-17	2.405268E-18
1.544939E+04	3.469029E-17	2.436520E-18
1.548939E+04	3.502387E-17	2.469680E-18
1.552939E+04	3.537234E-17	2.504509E-18
1.556939E+04	3.573086E-17	2.540685E-18
1.560939E+04	3.609345E-17	2.577803E-18
1.564939E+04	3.645315E-17	2.615377E-18
1.568939E+04	3.680225E-17	2.652859E-18
1.572939E+04	3.713253E-17	2.689651E-18
1.576939E+04	3.743544E-17	2.725122E-18
1.580939E+04	3.770235E-17	2.758618E-18
1.584939E+04	3.792477E-17	2.789481E-18
1.588939E+04	3.809450E-17	2.817058E-18
1.592939E+04	3.820386E-17	2.840717E-18
1.596939E+04	3.824587E-17	2.859865E-18
1.600939E+04	3.821448E-17	2.873961E-18
1.604939E+04	3.810495E-17	2.882547E-18
1.608939E+04	3.791424E-17	2.885281E-18
1.612939E+04	3.764139E-17	2.881973E-18
1.616939E+04	3.728799E-17	2.872613E-18
1.620939E+04	3.685856E-17	2.857412E-18
1.624939E+04	3.636024E-17	2.836787E-18
1.628939E+04	3.580174E-17	2.811291E-18
1.632939E+04	3.519244E-17	2.781541E-18
1.636939E+04	3.454225E-17	2.748218E-18
1.640939E+04	3.386135E-17	2.712041E-18
1.644939E+04	3.315965E-17	2.673729E-18
1.648939E+04	3.244652E-17	2.633981E-18
1.652939E+04	3.173046E-17	2.593443E-18
1.656939E+04	3.101891E-17	2.552696E-18
1.660939E+04	3.031819E-17	2.512243E-18
1.664939E+04	2.963346E-17	2.472511E-18
1.668939E+04	2.896880E-17	2.433846E-18
1.672939E+04	2.832725E-17	2.396520E-18
1.676939E+04	2.771106E-17	2.360743E-18
1.680939E+04	2.712171E-17	2.326671E-18
1.684939E+04	2.656012E-17	2.294412E-18
1.688939E+04	2.602674E-17	2.264040E-18
1.692939E+04	2.552167E-17	2.235601E-18
1.696939E+04	2.504477E-17	2.209120E-18
1.700939E+04	2.459570E-17	2.184608E-18
1.704939E+04	2.417409E-17	2.162070E-18
1.708939E+04	2.377953E-17	2.141511E-18
1.712939E+04	2.341161E-17	2.122934E-18
1.716939E+04	2.307006E-17	2.106355E-18
1.720939E+04	2.275466E-17	2.091797E-18
1.724939E+04	2.246539E-17	2.079297E-18
1.728939E+04	2.220227E-17	2.068903E-18
1.732939E+04	2.196554E-17	2.060679E-18
1.736939E+04	2.175553E-17	2.054700E-18
1.740939E+04	2.157270E-17	2.051056E-18
1.744939E+04	2.141767E-17	2.049852E-18
1.748939E+04	2.129115E-17	2.051206E-18
1.752939E+04	2.119391E-17	2.055242E-18
1.756939E+04	2.112684E-17	2.062098E-18
1.760939E+04	2.109085E-17	2.071918E-18
1.764939E+04	2.108687E-17	2.084848E-18
1.768939E+04	2.111581E-17	2.101036E-18
1.772939E+04	2.117849E-17	2.120624E-18
1.776939E+04	2.127560E-17	2.143742E-18
1.780939E+04	2.140769E-17	2.170506E-18
1.784939E+04	2.157504E-17	2.201009E-18
1.788939E+04	2.177765E-17	2.235312E-18
1.792939E+04	2.201516E-17	2.273442E-18
1.796939E+04	2.228682E-17	2.315381E-18
1.800939E+04	2.259135E-17	2.361057E-18
1.804939E+04	2.292698E-17	2.410339E-18
1.808939E+04	2.329133E-17	2.463031E-18
1.812939E+04	2.368139E-17	2.518859E-18
1.816939E+04	2.409350E-17	2.577477E-18
1.820939E+04	2.452340E-17	2.638460E-18
1.824939E+04	2.496616E-17	2.701305E-18
1.828939E+04	2.541635E-17	2.765436E-18
1.832939E+04	2.586807E-17	2.830218E-18
1.836939E+04	2.631509E-17	2.894962E-18
1.840939E+04	2.675102E-17	2.958949E-18
1.844939E+04	2.716952E-17	3.021446E-18
1.848939E+04	2.756442E-17	3.081729E-18
1.852939E+04	2.792995E-17	3.139102E-18
1.856939E+04	2.826082E-17	3.192909E-18
1.860939E+04	2.855237E-17	3.242558E-18
1.864939E+04	2.880062E-17	3.287519E-18
1.868939E+04	2.900243E-17	3.327354E-18
1.872939E+04	2.915552E-17	3.361716E-18
1.876939E+04	2.925865E-17	3.390373E-18
1.880939E+04	2.931156E-17	3.413210E-18
1.884939E+04	2.931494E-17	3.430216E-18
1.888939E+04	2.927017E-17	3.441471E-18
1.892939E+04	2.917943E-17	3.447150E-18
1.896939E+04	2.904550E-17	3.447506E-18
1.900939E+04	2.887175E-17	3.442867E-18
1.904939E+04	2.866206E-17	3.433636E-18
1.908939E+04	2.842077E-17	3.420276E-18
1.912939E+04	2.815252E-17	3.403297E-18
1.916939E+04	2.786211E-17	3.383241E-18
1.920939E+04	2.755435E-17	3.360661E-18
1.924939E+04	2.723396E-17	3.336110E-18
1.928939E+04	2.690543E-17	3.310125E-18
1.932939E+04	2.657298E-17	3.283214E-18
1.936939E+04	2.624045E-17	3.255853E-18
1.940939E+04	2.591130E-17	3.228476E-18
1.944939E+04	2.558858E-17	3.201472E-18
1.948939E+04	2.527485E-17	3.175177E-18
1.952939E+04	2.497221E-17	3.149873E-18
1.956939E+04	2.468224E-17	3.125780E-18
1.960939E+04	2.440609E-17	3.103067E-18
1.964939E+04	2.414446E-17	3.081845E-18
1.968939E+04	2.389757E-17	3.062169E-18
1.972939E+04	2.366532E-17	3.044050E-18
1.976939E+04	2.344720E-17	3.027447E-18
1.980939E+04	2.324243E-17	3.012281E-18
1.984939E+04	2.304995E-17	2.998437E-18
1.988939E+04	2.286849E-17	2.985768E-18
1.992939E+04	2.269659E-17	2.974102E-18
1.996939E+04	2.253265E-17	2.963243E-18
2.000939E+04	2.237499E-17	2.952983E-18
2.004939E+04	2.222181E-17	2.943095E-18
2.008939E+04	2.207127E-17	2.933341E-18
2.012939E+04	2.192149E-17	2.923478E-18
2.016939E+04	2.177056E-17	2.913253E-18
2.020939E+04	2.161664E-17	2.902417E-18
2.024939E+04	2.145796E-17	2.890734E-18
2.028939E+04	2.129294E-17	2.877981E-18
2.032939E+04	2.112014E-17	2.863960E-18
2.036939E+04	2.093836E-17	2.848497E-18
2.040939E+04	2.074666E-17	2.831457E-18
2.044939E+04	2.054431E-17	2.812728E-18
2.048939E+04	2.033091E-17	2.792243E-18
2.052939E+04	2.010626E-17	2.769963E-18
2.056939E+04	1.987043E-17	2.745888E-18
2.060939E+04	1.962372E-17	2.720045E-18
2.064939E+04	1.936668E-17	2.692501E-18
2.068939E+04	1.910003E-17	2.663346E-18
2.072939E+04	1.882471E-17	2.632704E-18
2.076939E+04	1.854182E-17	2.600721E-18
2.080939E+04	1.825264E-17	2.567569E-18
2.084939E+04	1.795861E-17	2.533447E-18
2.088939E+04	1.766126E-17	2.498571E-18
2.092939E+04	1.736232E-17	2.463183E-18
2.096939E+04	1.706358E-17	2.427540E-18
2.100939E+04	1.676692E-17	2.391913E-18
2.104939E+04	1.647431E-17	2.356589E-18
2.108939E+04	1.618776E-17	2.321865E-18
2.112939E+04	1.590927E-17	2.288039E-18
2.116939E+04	1.564087E-17	2.255412E-18
2.120939E+04	1.538451E-17	2.224284E-18
2.124939E+04	1.514209E-17	2.194945E-18
2.128939E+04	1.491538E-17	2.167670E-18
2.132939E+04	1.470601E-17	2.142715E-18
2.136939E+04	1.451538E-17	2.120309E-18
2.140939E+04	1.434468E-17	2.100646E-18
2.144939E+04	1.419476E-17	2.083873E-18
2.148939E+04	1.406595E-17	2.070064E-18
2.152939E+04	1.395772E-17	2.059163E-18
2.156939E+04	1.386841E-17	2.050951E-18
2.160939E+04	1.379581E-17	2.045118E-18
2.164939E+04	1.373740E-17	2.041309E-18
2.168939E+04	1.369059E-17	2.039152E-18
2.172939E+04	1.365275E-17	2.038270E-18
2.176939E+04	1.362137E-17	2.038294E-18
2.180939E+04	1.359401E-17	2.038867E-18
2.184939E+04	1.356844E-17	2.039658E-18
2.188939E+04	1.354262E-17	2.040361E-18
2.192939E+04	1.351475E-17	2.040704E-18
2.196939E+04	1.348327E-17	2.040450E-18
2.200939E+04	1.344689E-17	2.039400E-18
2.204939E+04	1.340461E-17	2.037395E-18
2.208939E+04	1.335565E-17	2.034313E-18
2.212939E+04	1.329950E-17	2.030071E-18
2.216939E+04	1.323594E-17	2.024626E-18
2.220939E+04	1.316499E-17	2.017975E-18
2.224939E+04	1.308690E-17	2.010151E-18
2.228939E+04	1.300214E-17	2.001221E-18
2.232939E+04	1.291134E-17	1.991274E-18
2.236939E+04	1.281529E-17	1.980429E-18
2.240939E+04	1.271490E-17	1.968823E-18
2.244939E+04	1.261117E-17	1.956606E-18
2.248939E+04	1.250514E-17	1.943938E-18
2.252939E+04	1.239790E-17	1.930989E-18
2.256939E+04	1.229053E-17	1.917925E-18
2.260939E+04	1.218409E-17	1.904915E-18
2.264939E+04	1.207964E-17	1.892124E-18
2.268939E+04	1.197811E-17	1.879703E-18
2.272939E+04	1.188043E-17	1.867800E-18
2.276939E+04	1.178743E-17	1.856550E-18
2.280939E+04	1.169983E-17	1.846071E-18
2.284939E+04	1.161827E-17	1.836472E-18
2.288939E+04	1.154332E-17	1.827846E-18
2.292939E+04	1.147548E-17	1.820280E-18
2.296939E+04	1.141516E-17	1.813844E-18
2.300939E+04	1.136269E-17	1.808598E-18
2.304939E+04	1.131834E-17	1.804593E-18
2.308939E+04	1.128231E-17	1.801867E-18
2.312939E+04	1.125474E-17	1.800450E-18
2.316939E+04	1.123575E-17	1.800368E-18
2.320939E+04	1.122540E-17	1.801635E-18
2.324939E+04	1.122368E-17	1.804261E-18
2.328939E+04	1.123058E-17	1.808248E-18
2.332939E+04	1.124606E-17	1.813597E-18
2.336939E+04	1.127005E-17	1.820305E-18
2.340939E+04	1.130246E-17	1.828361E-18
2.344939E+04	1.134320E-17	1.837757E-18
2.348939E+04	1.139216E-17	1.848482E-18
2.352939E+04	1.144919E-17	1.860519E-18
2.356939E+04	1.151417E-17	1.873851E-18
2.360939E+04	1.158688E-17	1.888450E-18
2.364939E+04	1.166715E-17	1.904293E-18
2.368939E+04	1.175478E-17	1.921351E-18
2.372939E+04	1.184958E-17	1.939597E-18
2.376939E+04	1.195128E-17	1.958996E-18
2.380939E+04	1.205963E-17	1.979506E-18
2.384939E+04	1.217432E-17	2.001082E-18
2.388939E+04	1.229501E-17	2.023672E-18
2.392939E+04	1.242139E-17	2.047228E-18
2.396939E+04	1.255313E-17	2.071697E-18
2.400939E+04	1.268989E-17	2.097030E-18
2.404939E+04	1.283135E-17	2.123174E-18
2.408939E+04	1.297721E-17	2.150080E-18
2.412939E+04	1.312713E-17	2.177695E-18
2.416939E+04	1.328076E-17	2.205965E-18
2.420939E+04	1.343776E-17	2.234831E-18
2.424939E+04	1.359773E-17	2.264231E-18
2.428939E+04	1.376028E-17	2.294100E-18
2.432939E+04	1.392500E-17	2.324369E-18
2.436939E+04	1.409141E-17	2.354959E-18
2.440939E+04	1.425907E-17	2.385798E-18
2.444939E+04	1.442751E-17	2.416806E-18
2.448939E+04	1.459625E-17	2.447904E-18
