#wls	flux	fluxerr
1.600000E+03	2.646340E-17	5.677181E-18
1.640000E+03	2.695843E-17	5.765829E-18
1.680000E+03	2.748787E-17	5.860678E-18
1.720000E+03	2.805136E-17	5.961548E-18
1.760000E+03	2.865090E-17	6.068749E-18
1.800000E+03	2.928567E-17	6.181987E-18
1.840000E+03	2.995961E-17	6.301966E-18
1.880000E+03	3.067371E-17	6.428757E-18
1.920000E+03	3.142634E-17	6.561869E-18
1.960000E+03	3.221567E-17	6.700775E-18
2.000000E+03	3.303973E-17	6.844919E-18
2.040000E+03	3.389867E-17	6.994174E-18
2.080000E+03	3.478126E-17	7.146081E-18
2.120000E+03	3.568332E-17	7.299649E-18
2.160000E+03	3.659652E-17	7.453055E-18
2.200000E+03	3.750447E-17	7.602869E-18
2.240000E+03	3.840224E-17	7.748033E-18
2.280000E+03	3.928117E-17	7.886760E-18
2.320000E+03	4.014321E-17	8.019413E-18
2.360000E+03	4.099410E-17	8.147107E-18
2.400000E+03	4.184294E-17	8.271598E-18
2.440000E+03	4.270375E-17	8.395566E-18
2.480000E+03	4.358202E-17	8.519963E-18
2.520000E+03	4.448806E-17	8.646653E-18
2.560000E+03	4.542954E-17	8.776933E-18
2.600000E+03	4.640816E-17	8.910915E-18
2.640000E+03	4.742707E-17	9.048972E-18
2.680000E+03	4.848577E-17	9.190763E-18
2.720000E+03	4.958525E-17	9.336225E-18
2.760000E+03	5.072328E-17	9.484672E-18
2.800000E+03	5.189765E-17	9.635437E-18
2.840000E+03	5.310480E-17	9.787603E-18
2.880000E+03	5.434719E-17	9.941366E-18
2.920000E+03	5.562539E-17	1.009656E-17
2.960000E+03	5.693971E-17	1.025297E-17
3.000000E+03	5.829670E-17	1.041148E-17
3.010000E+03	5.864358E-17	1.045158E-17
3.020000E+03	5.899302E-17	1.049175E-17
3.030000E+03	5.934492E-17	1.053199E-17
3.040000E+03	5.970047E-17	1.057250E-17
3.050000E+03	6.005955E-17	1.061326E-17
3.060000E+03	6.042200E-17	1.065422E-17
3.070000E+03	6.078770E-17	1.069536E-17
3.080000E+03	6.115652E-17	1.073665E-17
3.090000E+03	6.152830E-17	1.077806E-17
3.100000E+03	6.190419E-17	1.081979E-17
3.110000E+03	6.228400E-17	1.086179E-17
3.120000E+03	6.266633E-17	1.090381E-17
3.130000E+03	6.305350E-17	1.094625E-17
3.140000E+03	6.344287E-17	1.098865E-17
3.150000E+03	6.383549E-17	1.103118E-17
3.160000E+03	6.423241E-17	1.107402E-17
3.170000E+03	6.463224E-17	1.111691E-17
3.180000E+03	6.503598E-17	1.116004E-17
3.190000E+03	6.544223E-17	1.120314E-17
3.200000E+03	6.585200E-17	1.124639E-17
3.210000E+03	6.626507E-17	1.128974E-17
3.220000E+03	6.668009E-17	1.133296E-17
3.230000E+03	6.709802E-17	1.137620E-17
3.240000E+03	6.751865E-17	1.141943E-17
3.250000E+03	6.794177E-17	1.146260E-17
3.260000E+03	6.836722E-17	1.150568E-17
3.270000E+03	6.879477E-17	1.154863E-17
3.280000E+03	6.922426E-17	1.159141E-17
3.290000E+03	6.965438E-17	1.163380E-17
3.300000E+03	7.008725E-17	1.167616E-17
3.310000E+03	7.052049E-17	1.171807E-17
3.320000E+03	7.095509E-17	1.175970E-17
3.330000E+03	7.138991E-17	1.180087E-17
3.340000E+03	7.182598E-17	1.184173E-17
3.350000E+03	7.226332E-17	1.188228E-17
3.360000E+03	7.269977E-17	1.192218E-17
3.370000E+03	7.313757E-17	1.196177E-17
3.380000E+03	7.357474E-17	1.200075E-17
3.390000E+03	7.401251E-17	1.203929E-17
3.400000E+03	7.445107E-17	1.207744E-17
3.410000E+03	7.488864E-17	1.211491E-17
3.420000E+03	7.532760E-17	1.215206E-17
3.430000E+03	7.576625E-17	1.218864E-17
3.440000E+03	7.620502E-17	1.222470E-17
3.450000E+03	7.664435E-17	1.226032E-17
3.460000E+03	7.708375E-17	1.229540E-17
3.470000E+03	7.752473E-17	1.233020E-17
3.480000E+03	7.796589E-17	1.236449E-17
3.490000E+03	7.840782E-17	1.239835E-17
3.500000E+03	7.885021E-17	1.243173E-17
3.510000E+03	7.929467E-17	1.246489E-17
3.520000E+03	7.973998E-17	1.249763E-17
3.530000E+03	8.018590E-17	1.252991E-17
3.540000E+03	8.063416E-17	1.256200E-17
3.550000E+03	8.108264E-17	1.259356E-17
3.560000E+03	8.153219E-17	1.262472E-17
3.570000E+03	8.198362E-17	1.265560E-17
3.580000E+03	8.243590E-17	1.268605E-17
3.590000E+03	8.288992E-17	1.271619E-17
3.600000E+03	8.334467E-17	1.274587E-17
3.610000E+03	8.380017E-17	1.277508E-17
3.620000E+03	8.425736E-17	1.280397E-17
3.630000E+03	8.471438E-17	1.283226E-17
3.640000E+03	8.517311E-17	1.286022E-17
3.650000E+03	8.563273E-17	1.288773E-17
3.660000E+03	8.609326E-17	1.291480E-17
3.670000E+03	8.655390E-17	1.294128E-17
3.680000E+03	8.701561E-17	1.296734E-17
3.690000E+03	8.747849E-17	1.299298E-17
3.700000E+03	8.794172E-17	1.301807E-17
3.710000E+03	8.840626E-17	1.304277E-17
3.720000E+03	8.887219E-17	1.306707E-17
3.730000E+03	8.933868E-17	1.309086E-17
3.740000E+03	8.980843E-17	1.311452E-17
3.750000E+03	9.027967E-17	1.313779E-17
3.760000E+03	9.075330E-17	1.316081E-17
3.770000E+03	9.123102E-17	1.318380E-17
3.780000E+03	9.171107E-17	1.320652E-17
3.790000E+03	9.219593E-17	1.322932E-17
3.800000E+03	9.268463E-17	1.325204E-17
3.810000E+03	9.317876E-17	1.327491E-17
3.820000E+03	9.367900E-17	1.329802E-17
3.830000E+03	9.418511E-17	1.332132E-17
3.840000E+03	9.469768E-17	1.334489E-17
3.850000E+03	9.521817E-17	1.336893E-17
3.860000E+03	9.574620E-17	1.339336E-17
3.870000E+03	9.628311E-17	1.341837E-17
3.880000E+03	9.682845E-17	1.344387E-17
3.890000E+03	9.738349E-17	1.347004E-17
3.900000E+03	9.794852E-17	1.349689E-17
3.910000E+03	9.852384E-17	1.352445E-17
3.920000E+03	9.911054E-17	1.355286E-17
3.930000E+03	9.970791E-17	1.358200E-17
3.940000E+03	1.003169E-16	1.361199E-17
3.950000E+03	1.009386E-16	1.364294E-17
3.960000E+03	1.015711E-16	1.367460E-17
3.970000E+03	1.022170E-16	1.370729E-17
3.980000E+03	1.028753E-16	1.374087E-17
3.990000E+03	1.035459E-16	1.377528E-17
4.000000E+03	1.042293E-16	1.381060E-17
4.010000E+03	1.049245E-16	1.384666E-17
4.020000E+03	1.056328E-16	1.388361E-17
4.030000E+03	1.063539E-16	1.392140E-17
4.040000E+03	1.070871E-16	1.395993E-17
4.050000E+03	1.078311E-16	1.399899E-17
4.060000E+03	1.085871E-16	1.403874E-17
4.070000E+03	1.093543E-16	1.407907E-17
4.080000E+03	1.101322E-16	1.411986E-17
4.090000E+03	1.109197E-16	1.416099E-17
4.100000E+03	1.117162E-16	1.420237E-17
4.110000E+03	1.125215E-16	1.424395E-17
4.120000E+03	1.133337E-16	1.428549E-17
4.130000E+03	1.141528E-16	1.432698E-17
4.140000E+03	1.149775E-16	1.436824E-17
4.150000E+03	1.158068E-16	1.440914E-17
4.160000E+03	1.166392E-16	1.444952E-17
4.170000E+03	1.174737E-16	1.448922E-17
4.180000E+03	1.183097E-16	1.452820E-17
4.190000E+03	1.191439E-16	1.456604E-17
4.200000E+03	1.199759E-16	1.460270E-17
4.210000E+03	1.208051E-16	1.463812E-17
4.220000E+03	1.216280E-16	1.467188E-17
4.230000E+03	1.224441E-16	1.470395E-17
4.240000E+03	1.232509E-16	1.473404E-17
4.250000E+03	1.240477E-16	1.476211E-17
4.260000E+03	1.248321E-16	1.478787E-17
4.270000E+03	1.256015E-16	1.481105E-17
4.280000E+03	1.263566E-16	1.483176E-17
4.290000E+03	1.270926E-16	1.484948E-17
4.300000E+03	1.278104E-16	1.486435E-17
4.310000E+03	1.285077E-16	1.487614E-17
4.320000E+03	1.291832E-16	1.488474E-17
4.330000E+03	1.298347E-16	1.488995E-17
4.340000E+03	1.304623E-16	1.489181E-17
4.350000E+03	1.310650E-16	1.489027E-17
4.360000E+03	1.316410E-16	1.488518E-17
4.370000E+03	1.321928E-16	1.487686E-17
4.380000E+03	1.327188E-16	1.486518E-17
4.390000E+03	1.332207E-16	1.485038E-17
4.400000E+03	1.336978E-16	1.483245E-17
4.410000E+03	1.341520E-16	1.481163E-17
4.420000E+03	1.345811E-16	1.478771E-17
4.430000E+03	1.349872E-16	1.476100E-17
4.440000E+03	1.353686E-16	1.473136E-17
4.450000E+03	1.357238E-16	1.469865E-17
4.460000E+03	1.360547E-16	1.466312E-17
4.470000E+03	1.363599E-16	1.462467E-17
4.480000E+03	1.366392E-16	1.458331E-17
4.490000E+03	1.368927E-16	1.453908E-17
4.500000E+03	1.371207E-16	1.449206E-17
4.510000E+03	1.373221E-16	1.444216E-17
4.520000E+03	1.374987E-16	1.438961E-17
4.530000E+03	1.376514E-16	1.433455E-17
4.540000E+03	1.377795E-16	1.427694E-17
4.550000E+03	1.378830E-16	1.421681E-17
4.560000E+03	1.379643E-16	1.415443E-17
4.570000E+03	1.380244E-16	1.408996E-17
4.580000E+03	1.380624E-16	1.402331E-17
4.590000E+03	1.380820E-16	1.395490E-17
4.600000E+03	1.380810E-16	1.388454E-17
4.610000E+03	1.380622E-16	1.381253E-17
4.620000E+03	1.380271E-16	1.373904E-17
4.630000E+03	1.379759E-16	1.366413E-17
4.640000E+03	1.379104E-16	1.358798E-17
4.650000E+03	1.378292E-16	1.351048E-17
4.660000E+03	1.377364E-16	1.343204E-17
4.670000E+03	1.376295E-16	1.335245E-17
4.680000E+03	1.375109E-16	1.327196E-17
4.690000E+03	1.373802E-16	1.319055E-17
4.700000E+03	1.372386E-16	1.310832E-17
4.710000E+03	1.370838E-16	1.302510E-17
4.720000E+03	1.369163E-16	1.294094E-17
4.730000E+03	1.367336E-16	1.285563E-17
4.740000E+03	1.365368E-16	1.276929E-17
4.750000E+03	1.363215E-16	1.268153E-17
4.760000E+03	1.360871E-16	1.259233E-17
4.770000E+03	1.358319E-16	1.250154E-17
4.780000E+03	1.355524E-16	1.240887E-17
4.790000E+03	1.352488E-16	1.231436E-17
4.800000E+03	1.349191E-16	1.221786E-17
4.810000E+03	1.345629E-16	1.211938E-17
4.820000E+03	1.341803E-16	1.201895E-17
4.830000E+03	1.337714E-16	1.191659E-17
4.840000E+03	1.333350E-16	1.181227E-17
4.850000E+03	1.328744E-16	1.170628E-17
4.860000E+03	1.323862E-16	1.159836E-17
4.870000E+03	1.318738E-16	1.148884E-17
4.880000E+03	1.313369E-16	1.137774E-17
4.890000E+03	1.307779E-16	1.126528E-17
4.900000E+03	1.301954E-16	1.115138E-17
4.910000E+03	1.295923E-16	1.103630E-17
4.920000E+03	1.289699E-16	1.092020E-17
4.930000E+03	1.283286E-16	1.080313E-17
4.940000E+03	1.276713E-16	1.068536E-17
4.950000E+03	1.269987E-16	1.056695E-17
4.960000E+03	1.263137E-16	1.044819E-17
4.970000E+03	1.256156E-16	1.032901E-17
4.980000E+03	1.249088E-16	1.020980E-17
4.990000E+03	1.241923E-16	1.009050E-17
5.000000E+03	1.234695E-16	9.971386E-18
5.010000E+03	1.227404E-16	9.852479E-18
5.020000E+03	1.220082E-16	9.734023E-18
5.030000E+03	1.212741E-16	9.616139E-18
5.040000E+03	1.205371E-16	9.498741E-18
5.050000E+03	1.197996E-16	9.382029E-18
5.060000E+03	1.190627E-16	9.266093E-18
5.070000E+03	1.183274E-16	9.150997E-18
5.080000E+03	1.175918E-16	9.036607E-18
5.090000E+03	1.168590E-16	8.923161E-18
5.100000E+03	1.161293E-16	8.810678E-18
5.110000E+03	1.153992E-16	8.698893E-18
5.120000E+03	1.146721E-16	8.588075E-18
5.130000E+03	1.139455E-16	8.478028E-18
5.140000E+03	1.132188E-16	8.368706E-18
5.150000E+03	1.124912E-16	8.260069E-18
5.160000E+03	1.117606E-16	8.151962E-18
5.170000E+03	1.110270E-16	8.044392E-18
5.180000E+03	1.102877E-16	7.937189E-18
5.190000E+03	1.095413E-16	7.830248E-18
5.200000E+03	1.087858E-16	7.723456E-18
5.210000E+03	1.080171E-16	7.616544E-18
5.220000E+03	1.072353E-16	7.509532E-18
5.230000E+03	1.064369E-16	7.402221E-18
5.240000E+03	1.056187E-16	7.294403E-18
5.250000E+03	1.047780E-16	7.185937E-18
5.260000E+03	1.039124E-16	7.076707E-18
5.270000E+03	1.030185E-16	6.966508E-18
5.280000E+03	1.020948E-16	6.855300E-18
5.290000E+03	1.011370E-16	6.742846E-18
5.300000E+03	1.001441E-16	6.629126E-18
5.310000E+03	9.911222E-17	6.513955E-18
5.320000E+03	9.804091E-17	6.397354E-18
5.330000E+03	9.692834E-17	6.279271E-18
5.340000E+03	9.577385E-17	6.159725E-18
5.350000E+03	9.457799E-17	6.038811E-18
5.360000E+03	9.333990E-17	5.916535E-18
5.370000E+03	9.206261E-17	5.793146E-18
5.380000E+03	9.074843E-17	5.668844E-18
5.390000E+03	8.940210E-17	5.543976E-18
5.400000E+03	8.802895E-17	5.418911E-18
5.410000E+03	8.663949E-17	5.294329E-18
5.420000E+03	8.524041E-17	5.170657E-18
5.430000E+03	8.384189E-17	5.048518E-18
5.440000E+03	8.245386E-17	4.928505E-18
5.450000E+03	8.108254E-17	4.810970E-18
5.460000E+03	7.973404E-17	4.696248E-18
5.470000E+03	7.841436E-17	4.584658E-18
5.480000E+03	7.713645E-17	4.476911E-18
5.490000E+03	7.591163E-17	4.373601E-18
5.500000E+03	7.474900E-17	4.275181E-18
5.510000E+03	7.365686E-17	4.182034E-18
5.520000E+03	7.264243E-17	4.094463E-18
5.530000E+03	7.171050E-17	4.012620E-18
5.540000E+03	7.086767E-17	3.936754E-18
5.550000E+03	7.011619E-17	3.866865E-18
5.560000E+03	6.945629E-17	3.802842E-18
5.570000E+03	6.888682E-17	3.744499E-18
5.580000E+03	6.840335E-17	3.691480E-18
5.590000E+03	6.800227E-17	3.643479E-18
5.600000E+03	6.767958E-17	3.600179E-18
5.610000E+03	6.743045E-17	3.561227E-18
5.620000E+03	6.725072E-17	3.526313E-18
5.630000E+03	6.713556E-17	3.495103E-18
5.640000E+03	6.708025E-17	3.467273E-18
5.650000E+03	6.708090E-17	3.442555E-18
5.660000E+03	6.713235E-17	3.420621E-18
5.670000E+03	6.723241E-17	3.401302E-18
5.680000E+03	6.737559E-17	3.384268E-18
5.690000E+03	6.755931E-17	3.369344E-18
5.700000E+03	6.777980E-17	3.356301E-18
5.710000E+03	6.803273E-17	3.344888E-18
5.720000E+03	6.831605E-17	3.334973E-18
5.730000E+03	6.862572E-17	3.326332E-18
5.740000E+03	6.895931E-17	3.318824E-18
5.750000E+03	6.931378E-17	3.312286E-18
5.760000E+03	6.968698E-17	3.306599E-18
5.770000E+03	7.007543E-17	3.301587E-18
5.780000E+03	7.047798E-17	3.297191E-18
5.790000E+03	7.089065E-17	3.293220E-18
5.800000E+03	7.131183E-17	3.289598E-18
5.810000E+03	7.174000E-17	3.286261E-18
5.820000E+03	7.217309E-17	3.283118E-18
5.830000E+03	7.260830E-17	3.280052E-18
5.840000E+03	7.304452E-17	3.277025E-18
5.850000E+03	7.348082E-17	3.274011E-18
5.860000E+03	7.391395E-17	3.270882E-18
5.870000E+03	7.434319E-17	3.267628E-18
5.880000E+03	7.476800E-17	3.264247E-18
5.890000E+03	7.518544E-17	3.260636E-18
5.900000E+03	7.559605E-17	3.256846E-18
5.910000E+03	7.599882E-17	3.252862E-18
5.920000E+03	7.639122E-17	3.248606E-18
5.930000E+03	7.677332E-17	3.244116E-18
5.940000E+03	7.714544E-17	3.239439E-18
5.950000E+03	7.750541E-17	3.234519E-18
5.960000E+03	7.785386E-17	3.229420E-18
5.970000E+03	7.819074E-17	3.224177E-18
5.980000E+03	7.851531E-17	3.218800E-18
5.990000E+03	7.882792E-17	3.213342E-18
6.000000E+03	7.912917E-17	3.207867E-18
6.010000E+03	7.941900E-17	3.202414E-18
6.020000E+03	7.969945E-17	3.197105E-18
6.030000E+03	7.997098E-17	3.191997E-18
6.040000E+03	8.023529E-17	3.187199E-18
6.050000E+03	8.049244E-17	3.182752E-18
6.060000E+03	8.074656E-17	3.178858E-18
6.070000E+03	8.099729E-17	3.175539E-18
6.080000E+03	8.124928E-17	3.173016E-18
6.090000E+03	8.150259E-17	3.171326E-18
6.100000E+03	8.176224E-17	3.170699E-18
6.110000E+03	8.202845E-17	3.171179E-18
6.120000E+03	8.230539E-17	3.172959E-18
6.130000E+03	8.259612E-17	3.176177E-18
6.140000E+03	8.290257E-17	3.180896E-18
6.150000E+03	8.322630E-17	3.187162E-18
6.160000E+03	8.357045E-17	3.195082E-18
6.170000E+03	8.393657E-17	3.204703E-18
6.180000E+03	8.432536E-17	3.216036E-18
6.190000E+03	8.473642E-17	3.229056E-18
6.200000E+03	8.517037E-17	3.243773E-18
6.210000E+03	8.562565E-17	3.260117E-18
6.220000E+03	8.609644E-17	3.277856E-18
6.230000E+03	8.658064E-17	3.296900E-18
6.240000E+03	8.707332E-17	3.317051E-18
6.250000E+03	8.757483E-17	3.338313E-18
6.260000E+03	8.809234E-17	3.360950E-18
6.270000E+03	8.863177E-17	3.385179E-18
6.280000E+03	8.919981E-17	3.411249E-18
6.290000E+03	8.980106E-17	3.439329E-18
6.300000E+03	9.043931E-17	3.469561E-18
6.310000E+03	9.112067E-17	3.502178E-18
6.320000E+03	9.184410E-17	3.537141E-18
6.330000E+03	9.261277E-17	3.574573E-18
6.340000E+03	9.342496E-17	3.614412E-18
6.350000E+03	9.428217E-17	3.656719E-18
6.360000E+03	9.518156E-17	3.701380E-18
6.370000E+03	9.612212E-17	3.748333E-18
6.380000E+03	9.710253E-17	3.797500E-18
6.390000E+03	9.811725E-17	3.848639E-18
6.400000E+03	9.916610E-17	3.901712E-18
6.410000E+03	1.002460E-16	3.956569E-18
6.420000E+03	1.013539E-16	4.013061E-18
6.430000E+03	1.024882E-16	4.071083E-18
6.440000E+03	1.036473E-16	4.130547E-18
6.450000E+03	1.048300E-16	4.191361E-18
6.460000E+03	1.060337E-16	4.253390E-18
6.470000E+03	1.072557E-16	4.316480E-18
6.480000E+03	1.084953E-16	4.380565E-18
6.490000E+03	1.097469E-16	4.445374E-18
6.500000E+03	1.110114E-16	4.510903E-18
6.510000E+03	1.122871E-16	4.577034E-18
6.520000E+03	1.135721E-16	4.643638E-18
6.530000E+03	1.148644E-16	4.710598E-18
6.540000E+03	1.161627E-16	4.777799E-18
6.550000E+03	1.174673E-16	4.845207E-18
6.560000E+03	1.187750E-16	4.912642E-18
6.570000E+03	1.200865E-16	4.980078E-18
6.580000E+03	1.214006E-16	5.047417E-18
6.590000E+03	1.227144E-16	5.114483E-18
6.600000E+03	1.240287E-16	5.181259E-18
6.610000E+03	1.253427E-16	5.247659E-18
6.620000E+03	1.266554E-16	5.313588E-18
6.630000E+03	1.279659E-16	5.378958E-18
6.640000E+03	1.292731E-16	5.443668E-18
6.650000E+03	1.305763E-16	5.507634E-18
6.660000E+03	1.318720E-16	5.570665E-18
6.670000E+03	1.331614E-16	5.632755E-18
6.680000E+03	1.344410E-16	5.693705E-18
6.690000E+03	1.357119E-16	5.753512E-18
6.700000E+03	1.369729E-16	5.812082E-18
6.710000E+03	1.382203E-16	5.869201E-18
6.720000E+03	1.394526E-16	5.924768E-18
6.730000E+03	1.406710E-16	5.978783E-18
6.740000E+03	1.418689E-16	6.030924E-18
6.750000E+03	1.430497E-16	6.081298E-18
6.760000E+03	1.442095E-16	6.129695E-18
6.770000E+03	1.453441E-16	6.175899E-18
6.780000E+03	1.464544E-16	6.219914E-18
6.790000E+03	1.475387E-16	6.261637E-18
6.800000E+03	1.485927E-16	6.300851E-18
6.810000E+03	1.496172E-16	6.337573E-18
6.820000E+03	1.506078E-16	6.371587E-18
6.830000E+03	1.515655E-16	6.402916E-18
6.840000E+03	1.524828E-16	6.431227E-18
6.850000E+03	1.533634E-16	6.456667E-18
6.860000E+03	1.541999E-16	6.478912E-18
6.870000E+03	1.549960E-16	6.498121E-18
6.880000E+03	1.557439E-16	6.513967E-18
6.890000E+03	1.564448E-16	6.526501E-18
6.900000E+03	1.570937E-16	6.535530E-18
6.910000E+03	1.576916E-16	6.541114E-18
6.920000E+03	1.582336E-16	6.543070E-18
6.930000E+03	1.587208E-16	6.541472E-18
6.940000E+03	1.591453E-16	6.536028E-18
6.950000E+03	1.595113E-16	6.526951E-18
6.960000E+03	1.598139E-16	6.514091E-18
6.970000E+03	1.600483E-16	6.497302E-18
6.980000E+03	1.602191E-16	6.476829E-18
6.990000E+03	1.603187E-16	6.452429E-18
7.000000E+03	1.603486E-16	6.424239E-18
7.010000E+03	1.603044E-16	6.392161E-18
7.020000E+03	1.601884E-16	6.356367E-18
7.030000E+03	1.599963E-16	6.316783E-18
7.040000E+03	1.597305E-16	6.273603E-18
7.050000E+03	1.593843E-16	6.226660E-18
7.060000E+03	1.589637E-16	6.176301E-18
7.070000E+03	1.584623E-16	6.122391E-18
7.080000E+03	1.578864E-16	6.065300E-18
7.090000E+03	1.572304E-16	6.004931E-18
7.100000E+03	1.564980E-16	5.941556E-18
7.110000E+03	1.556871E-16	5.875228E-18
7.120000E+03	1.548023E-16	5.806253E-18
7.130000E+03	1.538449E-16	5.734828E-18
7.140000E+03	1.528111E-16	5.660941E-18
7.150000E+03	1.517091E-16	5.585045E-18
7.160000E+03	1.505417E-16	5.507384E-18
7.170000E+03	1.493057E-16	5.427981E-18
7.180000E+03	1.480076E-16	5.347216E-18
7.190000E+03	1.466511E-16	5.265362E-18
7.200000E+03	1.452372E-16	5.182591E-18
7.210000E+03	1.437759E-16	5.099401E-18
7.220000E+03	1.422660E-16	5.015873E-18
7.230000E+03	1.407120E-16	4.932294E-18
7.240000E+03	1.391220E-16	4.849069E-18
7.250000E+03	1.374950E-16	4.766279E-18
7.260000E+03	1.358420E-16	4.684418E-18
7.270000E+03	1.341654E-16	4.603666E-18
7.280000E+03	1.324705E-16	4.524302E-18
7.290000E+03	1.307601E-16	4.446507E-18
7.300000E+03	1.290394E-16	4.370545E-18
7.310000E+03	1.273168E-16	4.296765E-18
7.320000E+03	1.255951E-16	4.225329E-18
7.330000E+03	1.238775E-16	4.156396E-18
7.340000E+03	1.221694E-16	4.090201E-18
7.350000E+03	1.204769E-16	4.026983E-18
7.360000E+03	1.188058E-16	3.966967E-18
7.370000E+03	1.171595E-16	3.910293E-18
7.380000E+03	1.155416E-16	3.857094E-18
7.390000E+03	1.139581E-16	3.807583E-18
7.400000E+03	1.124103E-16	3.761806E-18
7.410000E+03	1.109090E-16	3.720121E-18
7.420000E+03	1.094528E-16	3.682478E-18
7.430000E+03	1.080473E-16	3.649053E-18
7.440000E+03	1.066997E-16	3.620056E-18
7.450000E+03	1.054167E-16	3.595601E-18
7.460000E+03	1.041995E-16	3.575623E-18
7.470000E+03	1.030553E-16	3.560260E-18
7.480000E+03	1.019852E-16	3.549457E-18
7.490000E+03	1.009933E-16	3.543284E-18
7.500000E+03	1.000760E-16	3.541535E-18
7.510000E+03	9.923405E-17	3.544180E-18
7.520000E+03	9.846271E-17	3.550994E-18
7.530000E+03	9.775586E-17	3.561706E-18
7.540000E+03	9.711001E-17	3.576141E-18
7.550000E+03	9.652220E-17	3.594143E-18
7.560000E+03	9.599819E-17	3.615891E-18
7.570000E+03	9.553628E-17	3.641296E-18
7.580000E+03	9.513532E-17	3.670297E-18
7.590000E+03	9.479494E-17	3.702871E-18
7.600000E+03	9.451113E-17	3.738857E-18
7.610000E+03	9.427841E-17	3.778035E-18
7.620000E+03	9.408849E-17	3.820067E-18
7.630000E+03	9.393862E-17	3.864831E-18
7.640000E+03	9.381720E-17	3.911838E-18
7.650000E+03	9.372098E-17	3.960929E-18
7.660000E+03	9.363876E-17	4.011602E-18
7.670000E+03	9.356918E-17	4.063760E-18
7.680000E+03	9.350276E-17	4.116947E-18
7.690000E+03	9.343935E-17	4.171107E-18
7.700000E+03	9.337272E-17	4.225907E-18
7.710000E+03	9.329910E-17	4.281117E-18
7.720000E+03	9.321295E-17	4.336414E-18
7.730000E+03	9.311557E-17	4.391789E-18
7.740000E+03	9.300229E-17	4.446948E-18
7.750000E+03	9.287060E-17	4.501696E-18
7.760000E+03	9.271635E-17	4.555747E-18
7.770000E+03	9.254223E-17	4.609151E-18
7.780000E+03	9.234244E-17	4.661535E-18
7.790000E+03	9.211573E-17	4.712745E-18
7.800000E+03	9.186559E-17	4.762871E-18
7.810000E+03	9.158474E-17	4.811447E-18
7.820000E+03	9.127696E-17	4.858577E-18
7.830000E+03	9.093763E-17	4.903925E-18
7.840000E+03	9.057081E-17	4.947616E-18
7.850000E+03	9.017216E-17	4.989323E-18
7.860000E+03	8.974176E-17	5.028955E-18
7.870000E+03	8.927983E-17	5.066432E-18
7.880000E+03	8.878437E-17	5.101546E-18
7.890000E+03	8.825598E-17	5.134238E-18
7.900000E+03	8.769284E-17	5.164307E-18
7.910000E+03	8.709764E-17	5.191817E-18
7.920000E+03	8.646465E-17	5.216335E-18
7.930000E+03	8.579468E-17	5.237808E-18
7.940000E+03	8.508634E-17	5.256054E-18
7.950000E+03	8.434062E-17	5.271035E-18
7.960000E+03	8.355633E-17	5.282580E-18
7.970000E+03	8.273249E-17	5.290526E-18
7.980000E+03	8.187435E-17	5.295115E-18
7.990000E+03	8.098507E-17	5.296466E-18
8.000000E+03	8.006374E-17	5.294439E-18
8.010000E+03	7.911757E-17	5.289437E-18
8.020000E+03	7.814763E-17	5.281469E-18
8.030000E+03	7.715501E-17	5.270547E-18
8.040000E+03	7.614472E-17	5.256962E-18
8.050000E+03	7.511779E-17	5.240739E-18
8.060000E+03	7.407524E-17	5.221908E-18
8.070000E+03	7.301999E-17	5.200638E-18
8.080000E+03	7.195303E-17	5.176969E-18
8.090000E+03	7.087534E-17	5.150940E-18
8.100000E+03	6.978976E-17	5.122734E-18
8.110000E+03	6.869539E-17	5.092266E-18
8.120000E+03	6.759682E-17	5.059858E-18
8.130000E+03	6.649140E-17	5.025297E-18
8.140000E+03	6.538363E-17	4.988912E-18
8.150000E+03	6.427096E-17	4.950500E-18
8.160000E+03	6.315781E-17	4.910395E-18
8.170000E+03	6.204339E-17	4.868535E-18
8.180000E+03	6.092868E-17	4.824993E-18
8.190000E+03	5.981464E-17	4.779848E-18
8.200000E+03	5.870226E-17	4.733181E-18
8.210000E+03	5.759250E-17	4.685077E-18
8.220000E+03	5.648633E-17	4.635622E-18
8.230000E+03	5.538475E-17	4.584908E-18
8.240000E+03	5.428869E-17	4.533026E-18
8.250000E+03	5.319913E-17	4.480073E-18
8.260000E+03	5.211702E-17	4.426145E-18
8.270000E+03	5.104330E-17	4.371342E-18
8.280000E+03	4.997750E-17	4.315645E-18
8.290000E+03	4.892199E-17	4.259277E-18
8.300000E+03	4.787630E-17	4.202225E-18
8.310000E+03	4.684270E-17	4.144714E-18
8.320000E+03	4.582076E-17	4.086732E-18
8.330000E+03	4.481263E-17	4.028502E-18
8.340000E+03	4.381787E-17	3.970016E-18
8.350000E+03	4.283731E-17	3.911382E-18
8.360000E+03	4.187178E-17	3.852710E-18
8.370000E+03	4.092323E-17	3.794213E-18
8.380000E+03	3.999004E-17	3.735781E-18
8.390000E+03	3.907412E-17	3.677630E-18
8.400000E+03	3.817617E-17	3.619864E-18
8.410000E+03	3.729684E-17	3.562586E-18
8.420000E+03	3.643571E-17	3.505799E-18
8.430000E+03	3.559448E-17	3.449707E-18
8.440000E+03	3.477371E-17	3.394410E-18
8.450000E+03	3.397296E-17	3.339910E-18
8.460000E+03	3.319280E-17	3.286309E-18
8.470000E+03	3.243377E-17	3.233705E-18
8.480000E+03	3.169733E-17	3.182292E-18
8.490000E+03	3.098300E-17	3.132070E-18
8.500000E+03	3.029034E-17	3.083043E-18
8.510000E+03	2.962161E-17	3.035490E-18
8.520000E+03	2.897545E-17	2.989321E-18
8.530000E+03	2.835397E-17	2.944806E-18
8.540000E+03	2.775502E-17	2.901772E-18
8.550000E+03	2.718148E-17	2.860571E-18
8.560000E+03	2.663123E-17	2.821032E-18
8.570000E+03	2.610622E-17	2.783414E-18
8.580000E+03	2.560675E-17	2.747801E-18
8.590000E+03	2.513155E-17	2.714112E-18
8.600000E+03	2.468169E-17	2.682513E-18
8.610000E+03	2.425742E-17	2.653086E-18
8.620000E+03	2.385900E-17	2.625913E-18
8.630000E+03	2.348661E-17	2.601068E-18
8.640000E+03	2.313971E-17	2.578544E-18
8.650000E+03	2.281845E-17	2.558409E-18
8.660000E+03	2.252364E-17	2.540806E-18
8.670000E+03	2.225391E-17	2.525634E-18
8.680000E+03	2.201067E-17	2.513105E-18
8.690000E+03	2.179245E-17	2.503105E-18
8.700000E+03	2.159976E-17	2.495741E-18
8.710000E+03	2.143153E-17	2.490942E-18
8.720000E+03	2.128722E-17	2.488695E-18
8.730000E+03	2.116694E-17	2.489060E-18
8.740000E+03	2.106872E-17	2.491853E-18
8.750000E+03	2.099260E-17	2.497122E-18
8.760000E+03	2.093727E-17	2.504758E-18
8.770000E+03	2.090280E-17	2.514806E-18
8.780000E+03	2.088719E-17	2.527070E-18
8.790000E+03	2.089123E-17	2.541681E-18
8.800000E+03	2.091295E-17	2.558438E-18
8.810000E+03	2.095180E-17	2.577309E-18
8.820000E+03	2.100789E-17	2.598340E-18
8.830000E+03	2.108073E-17	2.621504E-18
8.840000E+03	2.116839E-17	2.646592E-18
8.850000E+03	2.127176E-17	2.673745E-18
8.860000E+03	2.139039E-17	2.702938E-18
8.870000E+03	2.152309E-17	2.734046E-18
8.880000E+03	2.167012E-17	2.767131E-18
8.890000E+03	2.183182E-17	2.802265E-18
8.900000E+03	2.200704E-17	2.839324E-18
8.910000E+03	2.219536E-17	2.878280E-18
8.920000E+03	2.239794E-17	2.919311E-18
8.930000E+03	2.261449E-17	2.962403E-18
8.940000E+03	2.284385E-17	3.007430E-18
8.950000E+03	2.308650E-17	3.054478E-18
8.960000E+03	2.334214E-17	3.103533E-18
8.970000E+03	2.361132E-17	3.154691E-18
8.980000E+03	2.389381E-17	3.207944E-18
8.990000E+03	2.418843E-17	3.263159E-18
9.000000E+03	2.449675E-17	3.320568E-18
9.040000E+03	2.585701E-17	3.571253E-18
9.080000E+03	2.742003E-17	3.856601E-18
9.120000E+03	2.918287E-17	4.177540E-18
9.160000E+03	3.113981E-17	4.534524E-18
9.200000E+03	3.329032E-17	4.928671E-18
9.240000E+03	3.562662E-17	5.359961E-18
9.280000E+03	3.814564E-17	5.828968E-18
9.320000E+03	4.084172E-17	6.335793E-18
9.360000E+03	4.370519E-17	6.879809E-18
9.400000E+03	4.673300E-17	7.461313E-18
9.440000E+03	4.991100E-17	8.078736E-18
9.480000E+03	5.323230E-17	8.731540E-18
9.520000E+03	5.669208E-17	9.419434E-18
9.560000E+03	6.027745E-17	1.014069E-17
9.600000E+03	6.398308E-17	1.089474E-17
9.640000E+03	6.780172E-17	1.168060E-17
9.680000E+03	7.172716E-17	1.249739E-17
9.720000E+03	7.575928E-17	1.334524E-17
9.760000E+03	7.989444E-17	1.422363E-17
9.800000E+03	8.412868E-17	1.513191E-17
9.840000E+03	8.845033E-17	1.606802E-17
9.880000E+03	9.285803E-17	1.703166E-17
9.920000E+03	9.734169E-17	1.802092E-17
9.960000E+03	1.018870E-16	1.903299E-17
1.000000E+04	1.064748E-16	2.006409E-17
1.004000E+04	1.110800E-16	2.110913E-17
1.008000E+04	1.156709E-16	2.216163E-17
1.012000E+04	1.202199E-16	2.321573E-17
1.016000E+04	1.246716E-16	2.425999E-17
1.020000E+04	1.289880E-16	2.528607E-17
1.024000E+04	1.331320E-16	2.628565E-17
1.028000E+04	1.370281E-16	2.724262E-17
1.032000E+04	1.406733E-16	2.815498E-17
