#wls	flux	fluxerr
3.289393E+03	4.383099E-16	2.484614E-17
3.329393E+03	3.500770E-16	1.947964E-17
3.369393E+03	2.806610E-16	1.532687E-17
3.409393E+03	2.262802E-16	1.212525E-17
3.449393E+03	1.838482E-16	9.664941E-18
3.489393E+03	1.508706E-16	7.779795E-18
3.529393E+03	1.253514E-16	6.339437E-18
3.569393E+03	1.057097E-16	5.242461E-18
3.609393E+03	9.070608E-17	4.410662E-18
3.649393E+03	7.937940E-17	3.784239E-18
3.689393E+03	7.099284E-17	3.317831E-18
3.729393E+03	6.498673E-17	2.977206E-18
3.769393E+03	6.093492E-17	2.736411E-18
3.809393E+03	5.849832E-17	2.575057E-18
3.849393E+03	5.739989E-17	2.476765E-18
3.889393E+03	5.753798E-17	2.433662E-18
3.929393E+03	5.886897E-17	2.440759E-18
3.969393E+03	6.134577E-17	2.493196E-18
4.009393E+03	6.492739E-17	2.586624E-18
4.049393E+03	6.957559E-17	2.717038E-18
4.089393E+03	7.524520E-17	2.880386E-18
4.129393E+03	8.187206E-17	3.072138E-18
4.169393E+03	8.936085E-17	3.286897E-18
4.209393E+03	9.757395E-17	3.518100E-18
4.249393E+03	1.063223E-16	3.757836E-18
4.289393E+03	1.153588E-16	3.996773E-18
4.329393E+03	1.243746E-16	4.224209E-18
4.369393E+03	1.329995E-16	4.428257E-18
4.409393E+03	1.408120E-16	4.596333E-18
4.449393E+03	1.474619E-16	4.719194E-18
4.489393E+03	1.529467E-16	4.799320E-18
4.529393E+03	1.574241E-16	4.844047E-18
4.569393E+03	1.611219E-16	4.862355E-18
4.609393E+03	1.643256E-16	4.864308E-18
4.649393E+03	1.673659E-16	4.860586E-18
4.689393E+03	1.705982E-16	4.861811E-18
4.729393E+03	1.743560E-16	4.877261E-18
4.769393E+03	1.788498E-16	4.912196E-18
4.809393E+03	1.841095E-16	4.966672E-18
4.849393E+03	1.900163E-16	5.036860E-18
4.889393E+03	1.968243E-16	5.128979E-18
4.929393E+03	2.049644E-16	5.253442E-18
4.969393E+03	2.144198E-16	5.408750E-18
5.009393E+03	2.248375E-16	5.585086E-18
5.049393E+03	2.356197E-16	5.767127E-18
5.089393E+03	2.460010E-16	5.936411E-18
5.129393E+03	2.551469E-16	6.073827E-18
5.169393E+03	2.623434E-16	6.164073E-18
5.209393E+03	2.670357E-16	6.196226E-18
5.249393E+03	2.688197E-16	6.163240E-18
5.289393E+03	2.674628E-16	6.062159E-18
5.329393E+03	2.629042E-16	5.893880E-18
5.369393E+03	2.552241E-16	5.662247E-18
5.409393E+03	2.447028E-16	5.375146E-18
5.449393E+03	2.326412E-16	5.062162E-18
5.489393E+03	2.206431E-16	4.758235E-18
5.529393E+03	2.097914E-16	4.485938E-18
5.569393E+03	2.005586E-16	4.254127E-18
5.609393E+03	1.932308E-16	4.067494E-18
5.649393E+03	1.878949E-16	3.926555E-18
5.689393E+03	1.843447E-16	3.825851E-18
5.729393E+03	1.822958E-16	3.758577E-18
5.769393E+03	1.814770E-16	3.718470E-18
5.809393E+03	1.816577E-16	3.700338E-18
5.849393E+03	1.826480E-16	3.700013E-18
5.889393E+03	1.842868E-16	3.714077E-18
5.929393E+03	1.864268E-16	3.739529E-18
5.969393E+03	1.889187E-16	3.773460E-18
6.009393E+03	1.915982E-16	3.812782E-18
6.049393E+03	1.942773E-16	3.854044E-18
6.089393E+03	1.967369E-16	3.893271E-18
6.129393E+03	1.987219E-16	3.925847E-18
6.169393E+03	1.999301E-16	3.946201E-18
6.209393E+03	2.000307E-16	3.948005E-18
6.249393E+03	1.985060E-16	3.921120E-18
6.289393E+03	1.954915E-16	3.868040E-18
6.329393E+03	1.922008E-16	3.812406E-18
6.369393E+03	1.892990E-16	3.767127E-18
6.409393E+03	1.869351E-16	3.735004E-18
6.449393E+03	1.847315E-16	3.708342E-18
6.489393E+03	1.826655E-16	3.686310E-18
6.529393E+03	1.812545E-16	3.678970E-18
6.569393E+03	1.806006E-16	3.688197E-18
6.609393E+03	1.805656E-16	3.711049E-18
6.649393E+03	1.809133E-16	3.742539E-18
6.689393E+03	1.813861E-16	3.777147E-18
6.729393E+03	1.817483E-16	3.809703E-18
6.769393E+03	1.818078E-16	3.835864E-18
6.809393E+03	1.814290E-16	3.852415E-18
6.849393E+03	1.805337E-16	3.857336E-18
6.889393E+03	1.790970E-16	3.849758E-18
6.929393E+03	1.771392E-16	3.829826E-18
6.969393E+03	1.747154E-16	3.798502E-18
7.009393E+03	1.719059E-16	3.757378E-18
7.049393E+03	1.688090E-16	3.708519E-18
7.089393E+03	1.655345E-16	3.654331E-18
7.129393E+03	1.621992E-16	3.597447E-18
7.169393E+03	1.589210E-16	3.540603E-18
7.209393E+03	1.558141E-16	3.486513E-18
7.249393E+03	1.529822E-16	3.437709E-18
7.289393E+03	1.505118E-16	3.396386E-18
7.329393E+03	1.484658E-16	3.364234E-18
7.369393E+03	1.468753E-16	3.342252E-18
7.409393E+03	1.457289E-16	3.330490E-18
7.449393E+03	1.449553E-16	3.327621E-18
7.489393E+03	1.443922E-16	3.330199E-18
7.529393E+03	1.437320E-16	3.331301E-18
7.569393E+03	1.426477E-16	3.323235E-18
7.609393E+03	1.414833E-16	3.313835E-18
7.649393E+03	1.406045E-16	3.311584E-18
7.689393E+03	1.401412E-16	3.319555E-18
7.729393E+03	1.401109E-16	3.338233E-18
7.769393E+03	1.403197E-16	3.363040E-18
7.809393E+03	1.403144E-16	3.382951E-18
7.849393E+03	1.394020E-16	3.380812E-18
7.889393E+03	1.373692E-16	3.350796E-18
7.929393E+03	1.344649E-16	3.298314E-18
7.969393E+03	1.308903E-16	3.227799E-18
8.009393E+03	1.268157E-16	3.143065E-18
8.049393E+03	1.223945E-16	3.047658E-18
8.089393E+03	1.177665E-16	2.944905E-18
8.129393E+03	1.130573E-16	2.837886E-18
8.169393E+03	1.083768E-16	2.729376E-18
8.209393E+03	1.038188E-16	2.621813E-18
8.249393E+03	9.946155E-17	2.517290E-18
8.289393E+03	9.536924E-17	2.417571E-18
8.329393E+03	9.159377E-17	2.324120E-18
8.369393E+03	8.817698E-17	2.238143E-18
8.409393E+03	8.515279E-17	2.160632E-18
8.449393E+03	8.254966E-17	2.092413E-18
8.489393E+03	8.039275E-17	2.034197E-18
8.529393E+03	7.870588E-17	1.986620E-18
8.569393E+03	7.751328E-17	1.950280E-18
8.609393E+03	7.684030E-17	1.925754E-18
8.649393E+03	7.671329E-17	1.913580E-18
8.689393E+03	7.715800E-17	1.914219E-18
8.729393E+03	7.819676E-17	1.927980E-18
8.769393E+03	7.984602E-17	1.954955E-18
8.809393E+03	8.211585E-17	1.995016E-18
8.849393E+03	8.501003E-17	2.047820E-18
8.889393E+03	8.852505E-17	2.112796E-18
8.929393E+03	9.264684E-17	2.189080E-18
8.969393E+03	9.734503E-17	2.275397E-18
9.009393E+03	1.025632E-16	2.369871E-18
9.049393E+03	1.082032E-16	2.469710E-18
9.089393E+03	1.140990E-16	2.570692E-18
9.129393E+03	1.199705E-16	2.666266E-18
9.169393E+03	1.253385E-16	2.745890E-18
9.209393E+03	1.295263E-16	2.795414E-18
9.249393E+03	1.325886E-16	2.817198E-18
9.289393E+03	1.348854E-16	2.819989E-18
9.329393E+03	1.366229E-16	2.808842E-18
9.369393E+03	1.379221E-16	2.786686E-18
9.409393E+03	1.388579E-16	2.755378E-18
9.449393E+03	1.394836E-16	2.716276E-18
9.489393E+03	1.398471E-16	2.670578E-18
9.529393E+03	1.400002E-16	2.619518E-18
9.569393E+03	1.400047E-16	2.564458E-18
9.609393E+03	1.399337E-16	2.506898E-18
9.649393E+03	1.398702E-16	2.448424E-18
9.689393E+03	1.399020E-16	2.390594E-18
9.729393E+03	1.401121E-16	2.334770E-18
9.769393E+03	1.405618E-16	2.281846E-18
9.809393E+03	1.412604E-16	2.231820E-18
9.849393E+03	1.421055E-16	2.182995E-18
9.889393E+03	1.427605E-16	2.130405E-18
9.929393E+03	1.426097E-16	2.065662E-18
9.969393E+03	1.419222E-16	1.993777E-18
1.000939E+04	1.412040E-16	1.922487E-18
1.004939E+04	1.406352E-16	1.854413E-18
1.008939E+04	1.402390E-16	1.789963E-18
1.012939E+04	1.399703E-16	1.728751E-18
1.016939E+04	1.397625E-16	1.670334E-18
1.020939E+04	1.395577E-16	1.614599E-18
1.024939E+04	1.393265E-16	1.561979E-18
1.028939E+04	1.390838E-16	1.513557E-18
1.032939E+04	1.388993E-16	1.471106E-18
1.036939E+04	1.389015E-16	1.437033E-18
1.040939E+04	1.392654E-16	1.414202E-18
1.044939E+04	1.401605E-16	1.405398E-18
1.048939E+04	1.415767E-16	1.411648E-18
1.052939E+04	1.427377E-16	1.426401E-18
1.056939E+04	1.405565E-16	1.419015E-18
1.060939E+04	1.348715E-16	1.385188E-18
1.064939E+04	1.291409E-16	1.356842E-18
1.068939E+04	1.242814E-16	1.341395E-18
1.072939E+04	1.203195E-16	1.337820E-18
1.076939E+04	1.170797E-16	1.343286E-18
1.080939E+04	1.143714E-16	1.354933E-18
1.084939E+04	1.120367E-16	1.370315E-18
1.088939E+04	1.099572E-16	1.387476E-18
1.092939E+04	1.080499E-16	1.404918E-18
1.096939E+04	1.062598E-16	1.421534E-18
1.100939E+04	1.045535E-16	1.436549E-18
1.104939E+04	1.029129E-16	1.449456E-18
1.108939E+04	1.013310E-16	1.459962E-18
1.112939E+04	9.980798E-17	1.467937E-18
1.116939E+04	9.834873E-17	1.473379E-18
1.120939E+04	9.696124E-17	1.476382E-18
1.124939E+04	9.565518E-17	1.477108E-18
1.128939E+04	9.444114E-17	1.475765E-18
1.132939E+04	9.333002E-17	1.472594E-18
1.136939E+04	9.233260E-17	1.467850E-18
1.140939E+04	9.145926E-17	1.461791E-18
1.144939E+04	9.071978E-17	1.454671E-18
1.148939E+04	9.012311E-17	1.446730E-18
1.152939E+04	8.967735E-17	1.438186E-18
1.156939E+04	8.938972E-17	1.429239E-18
1.160939E+04	8.926654E-17	1.420063E-18
1.164939E+04	8.931336E-17	1.410815E-18
1.168939E+04	8.953494E-17	1.401632E-18
1.172939E+04	8.993538E-17	1.392640E-18
1.176939E+04	9.051805E-17	1.383960E-18
1.180939E+04	9.128543E-17	1.375716E-18
1.184939E+04	9.223890E-17	1.368037E-18
1.188939E+04	9.337843E-17	1.361076E-18
1.192939E+04	9.470231E-17	1.355019E-18
1.196939E+04	9.620716E-17	1.350110E-18
1.200939E+04	9.788820E-17	1.346678E-18
1.204939E+04	9.974014E-17	1.345176E-18
1.208939E+04	1.017585E-16	1.346221E-18
1.212939E+04	1.039412E-16	1.350639E-18
1.216939E+04	1.062908E-16	1.359504E-18
1.220939E+04	1.088149E-16	1.374150E-18
1.224939E+04	1.115232E-16	1.396120E-18
1.228939E+04	1.144104E-16	1.426938E-18
1.232939E+04	1.173978E-16	1.467336E-18
1.236939E+04	1.201470E-16	1.514798E-18
1.240939E+04	1.214693E-16	1.555391E-18
1.244939E+04	1.191545E-16	1.559292E-18
1.248939E+04	1.148793E-16	1.544622E-18
1.252939E+04	1.103506E-16	1.531096E-18
1.256939E+04	1.060697E-16	1.523756E-18
1.260939E+04	1.021584E-16	1.523129E-18
1.264939E+04	9.862398E-17	1.528505E-18
1.268939E+04	9.544241E-17	1.538959E-18
1.272939E+04	9.258389E-17	1.553651E-18
1.276939E+04	9.002001E-17	1.571893E-18
1.280939E+04	8.772527E-17	1.593143E-18
1.284939E+04	8.567719E-17	1.616988E-18
1.288939E+04	8.385588E-17	1.643111E-18
1.292939E+04	8.224379E-17	1.671276E-18
1.296939E+04	8.082516E-17	1.701303E-18
1.300939E+04	7.958563E-17	1.733053E-18
1.304939E+04	7.851184E-17	1.766408E-18
1.308939E+04	7.759107E-17	1.801260E-18
1.312939E+04	7.681084E-17	1.837491E-18
1.316939E+04	7.615876E-17	1.874969E-18
1.320939E+04	7.562244E-17	1.913539E-18
1.324939E+04	7.518949E-17	1.953019E-18
1.328939E+04	7.484757E-17	1.993204E-18
1.332939E+04	7.458466E-17	2.033863E-18
1.336939E+04	7.438893E-17	2.074747E-18
1.340939E+04	7.424891E-17	2.115586E-18
1.344939E+04	7.415351E-17	2.156095E-18
1.348939E+04	7.409192E-17	2.195972E-18
1.352939E+04	7.405380E-17	2.234907E-18
1.356939E+04	7.402909E-17	2.272575E-18
1.360939E+04	7.400820E-17	2.308651E-18
1.364939E+04	7.398198E-17	2.342806E-18
1.368939E+04	7.394172E-17	2.374712E-18
1.372939E+04	7.387936E-17	2.404051E-18
1.376939E+04	7.378744E-17	2.430519E-18
1.380939E+04	7.365935E-17	2.453835E-18
1.384939E+04	7.348944E-17	2.473748E-18
1.388939E+04	7.327314E-17	2.490046E-18
1.392939E+04	7.300718E-17	2.502564E-18
1.396939E+04	7.268970E-17	2.511193E-18
1.400939E+04	7.232028E-17	2.515884E-18
1.404939E+04	7.189987E-17	2.516645E-18
1.408939E+04	7.143081E-17	2.513546E-18
1.412939E+04	7.091666E-17	2.506712E-18
1.416939E+04	7.036198E-17	2.496314E-18
1.420939E+04	6.977225E-17	2.482571E-18
1.424939E+04	6.915351E-17	2.465730E-18
1.428939E+04	6.851224E-17	2.446064E-18
1.432939E+04	6.785511E-17	2.423860E-18
1.436939E+04	6.718877E-17	2.399410E-18
1.440939E+04	6.651969E-17	2.373005E-18
1.444939E+04	6.585400E-17	2.344922E-18
1.448939E+04	6.519732E-17	2.315424E-18
1.452939E+04	6.455479E-17	2.284753E-18
1.456939E+04	6.393088E-17	2.253127E-18
1.460939E+04	6.332947E-17	2.220737E-18
1.464939E+04	6.275387E-17	2.187753E-18
1.468939E+04	6.220682E-17	2.154319E-18
1.472939E+04	6.169056E-17	2.120558E-18
1.476939E+04	6.120673E-17	2.086566E-18
1.480939E+04	6.075644E-17	2.052420E-18
1.484939E+04	6.034018E-17	2.018170E-18
1.488939E+04	5.995777E-17	1.983841E-18
1.492939E+04	5.960829E-17	1.949435E-18
1.496939E+04	5.929008E-17	1.914929E-18
1.500939E+04	5.900081E-17	1.880281E-18
1.504939E+04	5.873743E-17	1.845432E-18
1.508939E+04	5.849644E-17	1.810316E-18
1.512939E+04	5.827419E-17	1.774872E-18
1.516939E+04	5.806723E-17	1.739059E-18
1.520939E+04	5.787277E-17	1.702866E-18
1.524939E+04	5.768914E-17	1.666329E-18
1.528939E+04	5.751614E-17	1.629540E-18
1.532939E+04	5.735527E-17	1.592646E-18
1.536939E+04	5.720966E-17	1.555850E-18
1.540939E+04	5.708383E-17	1.519398E-18
1.544939E+04	5.698317E-17	1.483565E-18
1.548939E+04	5.691348E-17	1.448640E-18
1.552939E+04	5.688022E-17	1.414914E-18
1.556939E+04	5.688809E-17	1.382670E-18
1.560939E+04	5.694051E-17	1.352177E-18
1.564939E+04	5.703949E-17	1.323699E-18
1.568939E+04	5.718546E-17	1.297492E-18
1.572939E+04	5.737771E-17	1.273827E-18
1.576939E+04	5.761472E-17	1.252999E-18
1.580939E+04	5.789504E-17	1.235350E-18
1.584939E+04	5.821826E-17	1.221282E-18
1.588939E+04	5.858592E-17	1.211276E-18
1.592939E+04	5.900245E-17	1.205895E-18
1.596939E+04	5.947497E-17	1.205769E-18
1.600939E+04	6.001081E-17	1.211539E-18
1.604939E+04	6.060974E-17	1.223680E-18
1.608939E+04	6.124386E-17	1.242084E-18
1.612939E+04	6.181154E-17	1.264885E-18
1.616939E+04	6.203274E-17	1.286146E-18
1.620939E+04	6.130896E-17	1.292707E-18
1.624939E+04	5.973133E-17	1.284996E-18
1.628939E+04	5.791710E-17	1.274776E-18
1.632939E+04	5.613080E-17	1.266912E-18
1.636939E+04	5.446436E-17	1.262882E-18
1.640939E+04	5.294022E-17	1.262818E-18
1.644939E+04	5.155525E-17	1.266378E-18
1.648939E+04	5.029863E-17	1.273112E-18
1.652939E+04	4.915868E-17	1.282594E-18
1.656939E+04	4.812483E-17	1.294463E-18
1.660939E+04	4.718791E-17	1.308423E-18
1.664939E+04	4.633988E-17	1.324231E-18
1.668939E+04	4.557349E-17	1.341683E-18
1.672939E+04	4.488197E-17	1.360600E-18
1.676939E+04	4.425872E-17	1.380816E-18
1.680939E+04	4.369719E-17	1.402166E-18
1.684939E+04	4.319072E-17	1.424482E-18
1.688939E+04	4.273247E-17	1.447578E-18
1.692939E+04	4.231551E-17	1.471259E-18
1.696939E+04	4.193293E-17	1.495314E-18
1.700939E+04	4.157803E-17	1.519525E-18
1.704939E+04	4.124458E-17	1.543678E-18
1.708939E+04	4.092718E-17	1.567573E-18
1.712939E+04	4.062154E-17	1.591041E-18
1.716939E+04	4.032470E-17	1.613959E-18
1.720939E+04	4.003517E-17	1.636255E-18
1.724939E+04	3.975294E-17	1.657920E-18
1.728939E+04	3.947944E-17	1.679009E-18
1.732939E+04	3.921719E-17	1.699633E-18
1.736939E+04	3.896973E-17	1.719956E-18
1.740939E+04	3.874116E-17	1.740184E-18
1.744939E+04	3.853597E-17	1.760552E-18
1.748939E+04	3.835888E-17	1.781320E-18
1.752939E+04	3.821446E-17	1.802757E-18
1.756939E+04	3.810713E-17	1.825134E-18
1.760939E+04	3.804090E-17	1.848714E-18
1.764939E+04	3.801929E-17	1.873746E-18
1.768939E+04	3.804516E-17	1.900450E-18
1.772939E+04	3.812070E-17	1.929018E-18
1.776939E+04	3.824719E-17	1.959595E-18
1.780939E+04	3.842505E-17	1.992281E-18
1.784939E+04	3.865368E-17	2.027118E-18
1.788939E+04	3.893154E-17	2.064092E-18
1.792939E+04	3.925610E-17	2.103126E-18
1.796939E+04	3.962390E-17	2.144083E-18
1.800939E+04	4.003051E-17	2.186761E-18
1.804939E+04	4.047069E-17	2.230898E-18
1.808939E+04	4.093838E-17	2.276174E-18
1.812939E+04	4.142679E-17	2.322213E-18
1.816939E+04	4.192847E-17	2.368585E-18
1.820939E+04	4.243540E-17	2.414817E-18
1.824939E+04	4.293920E-17	2.460395E-18
1.828939E+04	4.343127E-17	2.504785E-18
1.832939E+04	4.390295E-17	2.547437E-18
1.836939E+04	4.434588E-17	2.587807E-18
1.840939E+04	4.475217E-17	2.625374E-18
1.844939E+04	4.511458E-17	2.659646E-18
1.848939E+04	4.542678E-17	2.690187E-18
1.852939E+04	4.568355E-17	2.716625E-18
1.856939E+04	4.588081E-17	2.738658E-18
1.860939E+04	4.601575E-17	2.756063E-18
1.864939E+04	4.608682E-17	2.768702E-18
1.868939E+04	4.609382E-17	2.776523E-18
1.872939E+04	4.603776E-17	2.779558E-18
1.876939E+04	4.592078E-17	2.777915E-18
1.880939E+04	4.574603E-17	2.771773E-18
1.884939E+04	4.551742E-17	2.761367E-18
1.888939E+04	4.523937E-17	2.746970E-18
1.892939E+04	4.491673E-17	2.728892E-18
1.896939E+04	4.455444E-17	2.707453E-18
1.900939E+04	4.415755E-17	2.682986E-18
1.904939E+04	4.373105E-17	2.655826E-18
1.908939E+04	4.327991E-17	2.626310E-18
1.912939E+04	4.280896E-17	2.594770E-18
1.916939E+04	4.232301E-17	2.561536E-18
1.920939E+04	4.182674E-17	2.526935E-18
1.924939E+04	4.132465E-17	2.491279E-18
1.928939E+04	4.082110E-17	2.454873E-18
1.932939E+04	4.032027E-17	2.418008E-18
1.936939E+04	3.982598E-17	2.380953E-18
1.940939E+04	3.934181E-17	2.343954E-18
1.944939E+04	3.887097E-17	2.307240E-18
1.948939E+04	3.841629E-17	2.271006E-18
1.952939E+04	3.798033E-17	2.235432E-18
1.956939E+04	3.756516E-17	2.200663E-18
1.960939E+04	3.717257E-17	2.166824E-18
1.964939E+04	3.680390E-17	2.134010E-18
1.968939E+04	3.646007E-17	2.102291E-18
1.972939E+04	3.614151E-17	2.071702E-18
1.976939E+04	3.584812E-17	2.042249E-18
1.980939E+04	3.557927E-17	2.013905E-18
1.984939E+04	3.533373E-17	1.986608E-18
1.988939E+04	3.510981E-17	1.960276E-18
1.992939E+04	3.490535E-17	1.934797E-18
1.996939E+04	3.471791E-17	1.910051E-18
2.000939E+04	3.454487E-17	1.885910E-18
2.004939E+04	3.438354E-17	1.862251E-18
2.008939E+04	3.423131E-17	1.838956E-18
2.012939E+04	3.408572E-17	1.815924E-18
2.016939E+04	3.394463E-17	1.793076E-18
2.020939E+04	3.380613E-17	1.770351E-18
2.024939E+04	3.366877E-17	1.747717E-18
2.028939E+04	3.353144E-17	1.725164E-18
2.032939E+04	3.339351E-17	1.702710E-18
2.036939E+04	3.325483E-17	1.680402E-18
2.040939E+04	3.311562E-17	1.658310E-18
2.044939E+04	3.297656E-17	1.636523E-18
2.048939E+04	3.283866E-17	1.615153E-18
2.052939E+04	3.270314E-17	1.594319E-18
2.056939E+04	3.257141E-17	1.574152E-18
2.060939E+04	3.244486E-17	1.554780E-18
2.064939E+04	3.232485E-17	1.536332E-18
2.068939E+04	3.221258E-17	1.518927E-18
2.072939E+04	3.210899E-17	1.502674E-18
2.076939E+04	3.201476E-17	1.487673E-18
2.080939E+04	3.193019E-17	1.474005E-18
2.084939E+04	3.185528E-17	1.461742E-18
2.088939E+04	3.178967E-17	1.450938E-18
2.092939E+04	3.173277E-17	1.441642E-18
2.096939E+04	3.168387E-17	1.433898E-18
2.100939E+04	3.164221E-17	1.427749E-18
2.104939E+04	3.160723E-17	1.423247E-18
2.108939E+04	3.157868E-17	1.420458E-18
2.112939E+04	3.155685E-17	1.419469E-18
2.116939E+04	3.154263E-17	1.420394E-18
2.120939E+04	3.153761E-17	1.423372E-18
2.124939E+04	3.154391E-17	1.428567E-18
2.128939E+04	3.156359E-17	1.436128E-18
2.132939E+04	3.159743E-17	1.446090E-18
2.136939E+04	3.164220E-17	1.458273E-18
2.140939E+04	3.168553E-17	1.472072E-18
2.144939E+04	3.169608E-17	1.485965E-18
2.148939E+04	3.160549E-17	1.496615E-18
2.152939E+04	3.137512E-17	1.501954E-18
2.156939E+04	3.108202E-17	1.505399E-18
2.160939E+04	3.077381E-17	1.509074E-18
2.164939E+04	3.046927E-17	1.513781E-18
2.168939E+04	3.017277E-17	1.519644E-18
2.172939E+04	2.988213E-17	1.526470E-18
2.176939E+04	2.959228E-17	1.533913E-18
2.180939E+04	2.929741E-17	1.541580E-18
2.184939E+04	2.899197E-17	1.549073E-18
2.188939E+04	2.867099E-17	1.556014E-18
2.192939E+04	2.833040E-17	1.562057E-18
2.196939E+04	2.796679E-17	1.566884E-18
2.200939E+04	2.757752E-17	1.570207E-18
2.204939E+04	2.716056E-17	1.571766E-18
2.208939E+04	2.671452E-17	1.571335E-18
2.212939E+04	2.623856E-17	1.568713E-18
2.216939E+04	2.573241E-17	1.563737E-18
2.220939E+04	2.519648E-17	1.556284E-18
2.224939E+04	2.463181E-17	1.546275E-18
2.228939E+04	2.404011E-17	1.533680E-18
2.232939E+04	2.342377E-17	1.518524E-18
2.236939E+04	2.278581E-17	1.500884E-18
2.240939E+04	2.212985E-17	1.480894E-18
2.244939E+04	2.146011E-17	1.458748E-18
2.248939E+04	2.078116E-17	1.434682E-18
2.252939E+04	2.009788E-17	1.408981E-18
2.256939E+04	1.941534E-17	1.381962E-18
2.260939E+04	1.873864E-17	1.353974E-18
2.264939E+04	1.807277E-17	1.325380E-18
2.268939E+04	1.742248E-17	1.296551E-18
2.272939E+04	1.679214E-17	1.267851E-18
2.276939E+04	1.618567E-17	1.239632E-18
2.280939E+04	1.560644E-17	1.212223E-18
2.284939E+04	1.505719E-17	1.185920E-18
2.288939E+04	1.454010E-17	1.160985E-18
2.292939E+04	1.405671E-17	1.137644E-18
2.296939E+04	1.360802E-17	1.116083E-18
2.300939E+04	1.319453E-17	1.096452E-18
2.304939E+04	1.281632E-17	1.078869E-18
2.308939E+04	1.247310E-17	1.063424E-18
2.312939E+04	1.216432E-17	1.050177E-18
2.316939E+04	1.188917E-17	1.039171E-18
2.320939E+04	1.164671E-17	1.030427E-18
2.324939E+04	1.143588E-17	1.023955E-18
2.328939E+04	1.125557E-17	1.019756E-18
2.332939E+04	1.110463E-17	1.017820E-18
2.336939E+04	1.098195E-17	1.018136E-18
2.340939E+04	1.088645E-17	1.020693E-18
2.344939E+04	1.081711E-17	1.025478E-18
2.348939E+04	1.077294E-17	1.032478E-18
2.352939E+04	1.075305E-17	1.041681E-18
2.356939E+04	1.075658E-17	1.053079E-18
2.360939E+04	1.078270E-17	1.066660E-18
2.364939E+04	1.083064E-17	1.082414E-18
2.368939E+04	1.089963E-17	1.100329E-18
2.372939E+04	1.098893E-17	1.120388E-18
2.376939E+04	1.109780E-17	1.142576E-18
2.380939E+04	1.122550E-17	1.166869E-18
2.384939E+04	1.137128E-17	1.193243E-18
2.388939E+04	1.153439E-17	1.221667E-18
2.392939E+04	1.171407E-17	1.252107E-18
2.396939E+04	1.190955E-17	1.284524E-18
2.400939E+04	1.212008E-17	1.318878E-18
2.404939E+04	1.234489E-17	1.355122E-18
2.408939E+04	1.258322E-17	1.393209E-18
2.412939E+04	1.283433E-17	1.433087E-18
2.416939E+04	1.309746E-17	1.474704E-18
2.420939E+04	1.337190E-17	1.518003E-18
2.424939E+04	1.365691E-17	1.562928E-18
2.428939E+04	1.395179E-17	1.609420E-18
2.432939E+04	1.425586E-17	1.657419E-18
2.436939E+04	1.456846E-17	1.706867E-18
2.440939E+04	1.488895E-17	1.757706E-18
2.444939E+04	1.521676E-17	1.809880E-18
2.448939E+04	1.555136E-17	1.863338E-18
