#wls	flux	fluxerr
3.289393E+03	6.580206E-18	3.087888E-19
3.329393E+03	6.929078E-18	3.250211E-19
3.369393E+03	7.298135E-18	3.421853E-19
3.409393E+03	7.686960E-18	3.602608E-19
3.449393E+03	8.094830E-18	3.792123E-19
3.489393E+03	8.520681E-18	3.989889E-19
3.529393E+03	8.962621E-18	4.195009E-19
3.569393E+03	9.417639E-18	4.406064E-19
3.609393E+03	9.881466E-18	4.621050E-19
3.649393E+03	1.034937E-17	4.837748E-19
3.689393E+03	1.081566E-17	5.053501E-19
3.729393E+03	1.127584E-17	5.266199E-19
3.769393E+03	1.172775E-17	5.474853E-19
3.809393E+03	1.217195E-17	5.679719E-19
3.849393E+03	1.261074E-17	5.881876E-19
3.889393E+03	1.304810E-17	6.083185E-19
3.929393E+03	1.348858E-17	6.285765E-19
3.969393E+03	1.393757E-17	6.492128E-19
4.009393E+03	1.440043E-17	6.704768E-19
4.049393E+03	1.488241E-17	6.926111E-19
4.089393E+03	1.538862E-17	7.158529E-19
4.129393E+03	1.592332E-17	7.403992E-19
4.169393E+03	1.648984E-17	7.664023E-19
4.209393E+03	1.709046E-17	7.939667E-19
4.249393E+03	1.772530E-17	8.230963E-19
4.289393E+03	1.839222E-17	8.536894E-19
4.329393E+03	1.908583E-17	8.854940E-19
4.369393E+03	1.979793E-17	9.181284E-19
4.409393E+03	2.052240E-17	9.513084E-19
4.449393E+03	2.126205E-17	9.851630E-19
4.489393E+03	2.201656E-17	1.019677E-18
4.529393E+03	2.278125E-17	1.054634E-18
4.569393E+03	2.354760E-17	1.089637E-18
4.609393E+03	2.430376E-17	1.124141E-18
4.649393E+03	2.503665E-17	1.157541E-18
4.689393E+03	2.573419E-17	1.189279E-18
4.729393E+03	2.638524E-17	1.218845E-18
4.769393E+03	2.697806E-17	1.245698E-18
4.809393E+03	2.750303E-17	1.269400E-18
4.849393E+03	2.795480E-17	1.289707E-18
4.889393E+03	2.833491E-17	1.306695E-18
4.929393E+03	2.865026E-17	1.320686E-18
4.969393E+03	2.891109E-17	1.332157E-18
5.009393E+03	2.912849E-17	1.341621E-18
5.049393E+03	2.931275E-17	1.349555E-18
5.089393E+03	2.947263E-17	1.356364E-18
5.129393E+03	2.961373E-17	1.362309E-18
5.169393E+03	2.973959E-17	1.367551E-18
5.209393E+03	2.985063E-17	1.372113E-18
5.249393E+03	2.994572E-17	1.375942E-18
5.289393E+03	3.002169E-17	1.378896E-18
5.329393E+03	3.007491E-17	1.380807E-18
5.369393E+03	3.010245E-17	1.381544E-18
5.409393E+03	3.010409E-17	1.381097E-18
5.449393E+03	3.008650E-17	1.379774E-18
5.489393E+03	3.007918E-17	1.378929E-18
5.529393E+03	3.005641E-17	1.377383E-18
5.569393E+03	3.002644E-17	1.375515E-18
5.609393E+03	3.001168E-17	1.374351E-18
5.649393E+03	3.003314E-17	1.374852E-18
5.689393E+03	3.010818E-17	1.377812E-18
5.729393E+03	3.025136E-17	1.383895E-18
5.769393E+03	3.047316E-17	1.393576E-18
5.809393E+03	3.078181E-17	1.407230E-18
5.849393E+03	3.118198E-17	1.425065E-18
5.889393E+03	3.167420E-17	1.447104E-18
5.929393E+03	3.225526E-17	1.473194E-18
5.969393E+03	3.291462E-17	1.502854E-18
6.009393E+03	3.363712E-17	1.535388E-18
6.049393E+03	3.439887E-17	1.569705E-18
6.089393E+03	3.516918E-17	1.604403E-18
6.129393E+03	3.591043E-17	1.637769E-18
6.169393E+03	3.658286E-17	1.667991E-18
6.209393E+03	3.715878E-17	1.693810E-18
6.249393E+03	3.763897E-17	1.715267E-18
6.289393E+03	3.804634E-17	1.733410E-18
6.329393E+03	3.840288E-17	1.749243E-18
6.369393E+03	3.872549E-17	1.763539E-18
6.409393E+03	3.902685E-17	1.776875E-18
6.449393E+03	3.932093E-17	1.789890E-18
6.489393E+03	3.964017E-17	1.804060E-18
6.529393E+03	4.001826E-17	1.820918E-18
6.569393E+03	4.047801E-17	1.841501E-18
6.609393E+03	4.103389E-17	1.866465E-18
6.649393E+03	4.169087E-17	1.896036E-18
6.689393E+03	4.244788E-17	1.930163E-18
6.729393E+03	4.329731E-17	1.968500E-18
6.769393E+03	4.422903E-17	2.010585E-18
6.809393E+03	4.522637E-17	2.055661E-18
6.849393E+03	4.627192E-17	2.102936E-18
6.889393E+03	4.734608E-17	2.151520E-18
6.929393E+03	4.842710E-17	2.200428E-18
6.969393E+03	4.949408E-17	2.248709E-18
7.009393E+03	5.052762E-17	2.295485E-18
7.049393E+03	5.151012E-17	2.339959E-18
7.089393E+03	5.242986E-17	2.381600E-18
7.129393E+03	5.327723E-17	2.419974E-18
7.169393E+03	5.404841E-17	2.454908E-18
7.209393E+03	5.474089E-17	2.486292E-18
7.249393E+03	5.535268E-17	2.514035E-18
7.289393E+03	5.588089E-17	2.538007E-18
7.329393E+03	5.632259E-17	2.558078E-18
7.369393E+03	5.666518E-17	2.573676E-18
7.409393E+03	5.688710E-17	2.583821E-18
7.449393E+03	5.694309E-17	2.586458E-18
7.489393E+03	5.687836E-17	2.583641E-18
7.529393E+03	5.678421E-17	2.579517E-18
7.569393E+03	5.672955E-17	2.577215E-18
7.609393E+03	5.677775E-17	2.579615E-18
7.649393E+03	5.698725E-17	2.589375E-18
7.689393E+03	5.739012E-17	2.607954E-18
7.729393E+03	5.797581E-17	2.634877E-18
7.769393E+03	5.870899E-17	2.668540E-18
7.809393E+03	5.954335E-17	2.706842E-18
7.849393E+03	6.042954E-17	2.747541E-18
7.889393E+03	6.131228E-17	2.788125E-18
7.929393E+03	6.212335E-17	2.825493E-18
7.969393E+03	6.277176E-17	2.855502E-18
8.009393E+03	6.321430E-17	2.876184E-18
8.049393E+03	6.350959E-17	2.890201E-18
8.089393E+03	6.370700E-17	2.899796E-18
8.129393E+03	6.383070E-17	2.906066E-18
8.169393E+03	6.389925E-17	2.909853E-18
8.209393E+03	6.392781E-17	2.911845E-18
8.249393E+03	6.392894E-17	2.912613E-18
8.289393E+03	6.391033E-17	2.912506E-18
8.329393E+03	6.387648E-17	2.911727E-18
8.369393E+03	6.383338E-17	2.910549E-18
8.409393E+03	6.377394E-17	2.908646E-18
8.449393E+03	6.369767E-17	2.905996E-18
8.489393E+03	6.359447E-17	2.902135E-18
8.529393E+03	6.346207E-17	2.896960E-18
8.569393E+03	6.330060E-17	2.890472E-18
8.609393E+03	6.311332E-17	2.882820E-18
8.649393E+03	6.290597E-17	2.874263E-18
8.689393E+03	6.268688E-17	2.865182E-18
8.729393E+03	6.245874E-17	2.855697E-18
8.769393E+03	6.222184E-17	2.845821E-18
8.809393E+03	6.196183E-17	2.834896E-18
8.849393E+03	6.166169E-17	2.822141E-18
8.889393E+03	6.132408E-17	2.807675E-18
8.929393E+03	6.099042E-17	2.793394E-18
8.969393E+03	6.069776E-17	2.780993E-18
9.009393E+03	6.048013E-17	2.772033E-18
9.049393E+03	6.035126E-17	2.767149E-18
9.089393E+03	6.032006E-17	2.766751E-18
9.129393E+03	6.039841E-17	2.771391E-18
9.169393E+03	6.058429E-17	2.780979E-18
9.209393E+03	6.088403E-17	2.795813E-18
9.249393E+03	6.129151E-17	2.815616E-18
9.289393E+03	6.181212E-17	2.840642E-18
9.329393E+03	6.244035E-17	2.870644E-18
9.369393E+03	6.316999E-17	2.905341E-18
9.409393E+03	6.399040E-17	2.944250E-18
9.449393E+03	6.489999E-17	2.987302E-18
9.489393E+03	6.587877E-17	3.033581E-18
9.529393E+03	6.691168E-17	3.082398E-18
9.569393E+03	6.798225E-17	3.132996E-18
9.609393E+03	6.907258E-17	3.184553E-18
9.649393E+03	7.015874E-17	3.235964E-18
9.689393E+03	7.121949E-17	3.286250E-18
9.729393E+03	7.221757E-17	3.333690E-18
9.769393E+03	7.313429E-17	3.377416E-18
9.809393E+03	7.394217E-17	3.416153E-18
9.849393E+03	7.460983E-17	3.448445E-18
9.889393E+03	7.512050E-17	3.473508E-18
9.929393E+03	7.545722E-17	3.490549E-18
9.969393E+03	7.560350E-17	3.498792E-18
1.000939E+04	7.556976E-17	3.498709E-18
1.004939E+04	7.535619E-17	3.490299E-18
1.008939E+04	7.497039E-17	3.473901E-18
1.012939E+04	7.445391E-17	3.451432E-18
1.016939E+04	7.381130E-17	3.423094E-18
1.020939E+04	7.309035E-17	3.391098E-18
1.024939E+04	7.230933E-17	3.356286E-18
1.028939E+04	7.148955E-17	3.319643E-18
1.032939E+04	7.065425E-17	3.282247E-18
1.036939E+04	6.981311E-17	3.244546E-18
1.040939E+04	6.897701E-17	3.207046E-18
1.044939E+04	6.813612E-17	3.169289E-18
1.048939E+04	6.729896E-17	3.131671E-18
1.052939E+04	6.771401E-17	3.152314E-18
1.056939E+04	6.806228E-17	3.169861E-18
1.060939E+04	6.833466E-17	3.183883E-18
1.064939E+04	6.852189E-17	3.193946E-18
1.068939E+04	6.861493E-17	3.199621E-18
1.072939E+04	6.860520E-17	3.200502E-18
1.076939E+04	6.848489E-17	3.196218E-18
1.080939E+04	6.824757E-17	3.186464E-18
1.084939E+04	6.788892E-17	3.171030E-18
1.088939E+04	6.740755E-17	3.149844E-18
1.092939E+04	6.680568E-17	3.123003E-18
1.096939E+04	6.608962E-17	3.090794E-18
1.100939E+04	6.526970E-17	3.053695E-18
1.104939E+04	6.435976E-17	3.012346E-18
1.108939E+04	6.337606E-17	2.967505E-18
1.112939E+04	6.233602E-17	2.919983E-18
1.116939E+04	6.125693E-17	2.870588E-18
1.120939E+04	6.015485E-17	2.820069E-18
1.124939E+04	5.904380E-17	2.769084E-18
1.128939E+04	5.793543E-17	2.718179E-18
1.132939E+04	5.683886E-17	2.667781E-18
1.136939E+04	5.576102E-17	2.618218E-18
1.140939E+04	5.470699E-17	2.569728E-18
1.144939E+04	5.368054E-17	2.522491E-18
1.148939E+04	5.268450E-17	2.476642E-18
1.152939E+04	5.172117E-17	2.432289E-18
1.156939E+04	5.079269E-17	2.389537E-18
1.160939E+04	4.990157E-17	2.348504E-18
1.164939E+04	4.905117E-17	2.309352E-18
1.168939E+04	4.824612E-17	2.272301E-18
1.172939E+04	4.749238E-17	2.237634E-18
1.176939E+04	4.679693E-17	2.205684E-18
1.180939E+04	4.616716E-17	2.176801E-18
1.184939E+04	4.561007E-17	2.151319E-18
1.188939E+04	4.513148E-17	2.129517E-18
1.192939E+04	4.473534E-17	2.111585E-18
1.196939E+04	4.442324E-17	2.097604E-18
1.200939E+04	4.419379E-17	2.087511E-18
1.204939E+04	4.404197E-17	2.081073E-18
1.208939E+04	4.395830E-17	2.077847E-18
1.212939E+04	4.392820E-17	2.077146E-18
1.216939E+04	4.393168E-17	2.078027E-18
1.220939E+04	4.394399E-17	2.079321E-18
1.224939E+04	4.393719E-17	2.079705E-18
1.228939E+04	4.388278E-17	2.077830E-18
1.232939E+04	4.375517E-17	2.072480E-18
1.236939E+04	4.353490E-17	2.062730E-18
1.240939E+04	4.321074E-17	2.048045E-18
1.244939E+04	4.277997E-17	2.028289E-18
1.248939E+04	4.224730E-17	2.003681E-18
1.252939E+04	4.162375E-17	1.974741E-18
1.256939E+04	4.092597E-17	1.942254E-18
1.260939E+04	4.017543E-17	1.907236E-18
1.264939E+04	3.939709E-17	1.870870E-18
1.268939E+04	3.861739E-17	1.834412E-18
1.272939E+04	3.786200E-17	1.799081E-18
1.276939E+04	3.715395E-17	1.765973E-18
1.280939E+04	3.651206E-17	1.735986E-18
1.284939E+04	3.595039E-17	1.709791E-18
1.288939E+04	3.547805E-17	1.687825E-18
1.292939E+04	3.509981E-17	1.670319E-18
1.296939E+04	3.481669E-17	1.657326E-18
1.300939E+04	3.462680E-17	1.648760E-18
1.304939E+04	3.452598E-17	1.644426E-18
1.308939E+04	3.450837E-17	1.644050E-18
1.312939E+04	3.456695E-17	1.647300E-18
1.316939E+04	3.469395E-17	1.653807E-18
1.320939E+04	3.488115E-17	1.663184E-18
1.324939E+04	3.512019E-17	1.675034E-18
1.328939E+04	3.540273E-17	1.688960E-18
1.332939E+04	3.572054E-17	1.704572E-18
1.336939E+04	3.606560E-17	1.721488E-18
1.340939E+04	3.643006E-17	1.739334E-18
1.344939E+04	3.680619E-17	1.757741E-18
1.348939E+04	3.718634E-17	1.776344E-18
1.352939E+04	3.756289E-17	1.794781E-18
1.356939E+04	3.792834E-17	1.812689E-18
1.360939E+04	3.827524E-17	1.829716E-18
1.364939E+04	3.859647E-17	1.845517E-18
1.368939E+04	3.888535E-17	1.859774E-18
1.372939E+04	3.913586E-17	1.872196E-18
1.376939E+04	3.934292E-17	1.882540E-18
1.380939E+04	3.950253E-17	1.890612E-18
1.384939E+04	3.961193E-17	1.896279E-18
1.388939E+04	3.966967E-17	1.899470E-18
1.392939E+04	3.967566E-17	1.900178E-18
1.396939E+04	3.963109E-17	1.898459E-18
1.400939E+04	3.953841E-17	1.894428E-18
1.404939E+04	3.940107E-17	1.888251E-18
1.408939E+04	3.922338E-17	1.880131E-18
1.412939E+04	3.901019E-17	1.870301E-18
1.416939E+04	3.876661E-17	1.859004E-18
1.420939E+04	3.849782E-17	1.846488E-18
1.424939E+04	3.820893E-17	1.832998E-18
1.428939E+04	3.790485E-17	1.818768E-18
1.432939E+04	3.759031E-17	1.804026E-18
1.436939E+04	3.726990E-17	1.788992E-18
1.440939E+04	3.694827E-17	1.773888E-18
1.444939E+04	3.663029E-17	1.758949E-18
1.448939E+04	3.632126E-17	1.744430E-18
1.452939E+04	3.602704E-17	1.730612E-18
1.456939E+04	3.575393E-17	1.717799E-18
1.460939E+04	3.550858E-17	1.706310E-18
1.464939E+04	3.529765E-17	1.696468E-18
1.468939E+04	3.512745E-17	1.688575E-18
1.472939E+04	3.500352E-17	1.682900E-18
1.476939E+04	3.493024E-17	1.679654E-18
1.480939E+04	3.491055E-17	1.678980E-18
1.484939E+04	3.494573E-17	1.680941E-18
1.488939E+04	3.503537E-17	1.685518E-18
1.492939E+04	3.517738E-17	1.692612E-18
1.496939E+04	3.536805E-17	1.702045E-18
1.500939E+04	3.560202E-17	1.713561E-18
1.504939E+04	3.587231E-17	1.726825E-18
1.508939E+04	3.617046E-17	1.741429E-18
1.512939E+04	3.648660E-17	1.756900E-18
1.516939E+04	3.680992E-17	1.772716E-18
1.520939E+04	3.712901E-17	1.788329E-18
1.524939E+04	3.743248E-17	1.803189E-18
1.528939E+04	3.770968E-17	1.816783E-18
1.532939E+04	3.795138E-17	1.828665E-18
1.536939E+04	3.815040E-17	1.838489E-18
1.540939E+04	3.830195E-17	1.846024E-18
1.544939E+04	3.840357E-17	1.851149E-18
1.548939E+04	3.845480E-17	1.853842E-18
1.552939E+04	3.845673E-17	1.854154E-18
1.556939E+04	3.841145E-17	1.852185E-18
1.560939E+04	3.832160E-17	1.848063E-18
1.564939E+04	3.818989E-17	1.841916E-18
1.568939E+04	3.801891E-17	1.833869E-18
1.572939E+04	3.781117E-17	1.824043E-18
1.576939E+04	3.756920E-17	1.812560E-18
1.580939E+04	3.729561E-17	1.799544E-18
1.584939E+04	3.699309E-17	1.785126E-18
1.588939E+04	3.666433E-17	1.769434E-18
1.592939E+04	3.631200E-17	1.752598E-18
1.596939E+04	3.593875E-17	1.734745E-18
1.600939E+04	3.554712E-17	1.715998E-18
1.604939E+04	3.513935E-17	1.696465E-18
1.608939E+04	3.471723E-17	1.676231E-18
1.612939E+04	3.428198E-17	1.655356E-18
1.616939E+04	3.383445E-17	1.633882E-18
1.620939E+04	3.337558E-17	1.611853E-18
1.624939E+04	3.290695E-17	1.589346E-18
1.628939E+04	3.243128E-17	1.566492E-18
1.632939E+04	3.195245E-17	1.543478E-18
1.636939E+04	3.147527E-17	1.520538E-18
1.640939E+04	3.100483E-17	1.497918E-18
1.644939E+04	3.054588E-17	1.475846E-18
1.648939E+04	3.010231E-17	1.454511E-18
1.652939E+04	2.967690E-17	1.434048E-18
1.656939E+04	2.927141E-17	1.414543E-18
1.660939E+04	2.888665E-17	1.396035E-18
1.664939E+04	2.852264E-17	1.378524E-18
1.668939E+04	2.817854E-17	1.361971E-18
1.672939E+04	2.785273E-17	1.346297E-18
1.676939E+04	2.754291E-17	1.331393E-18
1.680939E+04	2.724665E-17	1.317140E-18
1.684939E+04	2.696192E-17	1.303441E-18
1.688939E+04	2.668761E-17	1.290242E-18
1.692939E+04	2.642380E-17	1.277546E-18
1.696939E+04	2.617144E-17	1.265401E-18
1.700939E+04	2.593180E-17	1.253869E-18
1.704939E+04	2.570581E-17	1.242992E-18
1.708939E+04	2.549332E-17	1.232766E-18
1.712939E+04	2.529302E-17	1.223126E-18
1.716939E+04	2.510248E-17	1.213956E-18
1.720939E+04	2.491870E-17	1.205110E-18
1.724939E+04	2.473842E-17	1.196431E-18
1.728939E+04	2.455862E-17	1.187773E-18
1.732939E+04	2.437671E-17	1.179010E-18
1.736939E+04	2.419086E-17	1.170054E-18
1.740939E+04	2.400021E-17	1.160863E-18
1.744939E+04	2.380508E-17	1.151454E-18
1.748939E+04	2.360697E-17	1.141899E-18
1.752939E+04	2.340849E-17	1.132323E-18
1.756939E+04	2.321320E-17	1.122900E-18
1.760939E+04	2.302536E-17	1.113835E-18
1.764939E+04	2.284965E-17	1.105356E-18
1.768939E+04	2.269087E-17	1.097693E-18
1.772939E+04	2.255354E-17	1.091066E-18
1.776939E+04	2.244166E-17	1.085670E-18
1.780939E+04	2.235860E-17	1.081665E-18
1.784939E+04	2.230699E-17	1.079181E-18
1.788939E+04	2.228876E-17	1.078310E-18
1.792939E+04	2.230508E-17	1.079110E-18
1.796939E+04	2.235623E-17	1.081593E-18
1.800939E+04	2.244157E-17	1.085729E-18
1.804939E+04	2.255945E-17	1.091439E-18
1.808939E+04	2.270739E-17	1.098601E-18
1.812939E+04	2.288216E-17	1.107060E-18
1.816939E+04	2.308004E-17	1.116637E-18
1.820939E+04	2.329693E-17	1.127132E-18
1.824939E+04	2.352851E-17	1.138337E-18
1.828939E+04	2.377023E-17	1.150031E-18
1.832939E+04	2.401746E-17	1.161990E-18
1.836939E+04	2.426555E-17	1.173991E-18
1.840939E+04	2.451002E-17	1.185815E-18
1.844939E+04	2.474668E-17	1.197259E-18
1.848939E+04	2.497175E-17	1.208142E-18
1.852939E+04	2.518193E-17	1.218304E-18
1.856939E+04	2.537438E-17	1.227607E-18
1.860939E+04	2.554670E-17	1.235935E-18
1.864939E+04	2.569690E-17	1.243191E-18
1.868939E+04	2.582341E-17	1.249301E-18
1.872939E+04	2.592506E-17	1.254207E-18
1.876939E+04	2.600113E-17	1.257875E-18
1.880939E+04	2.605135E-17	1.260291E-18
1.884939E+04	2.607584E-17	1.261462E-18
1.888939E+04	2.607510E-17	1.261412E-18
1.892939E+04	2.605000E-17	1.260182E-18
1.896939E+04	2.600183E-17	1.257836E-18
1.900939E+04	2.593224E-17	1.254454E-18
1.904939E+04	2.584339E-17	1.250139E-18
1.908939E+04	2.573782E-17	1.245016E-18
1.912939E+04	2.561860E-17	1.239231E-18
1.916939E+04	2.548914E-17	1.232952E-18
1.920939E+04	2.535323E-17	1.226360E-18
1.924939E+04	2.521482E-17	1.219647E-18
1.928939E+04	2.507793E-17	1.213008E-18
1.932939E+04	2.494652E-17	1.206633E-18
1.936939E+04	2.482434E-17	1.200706E-18
1.940939E+04	2.471483E-17	1.195391E-18
1.944939E+04	2.462096E-17	1.190833E-18
1.948939E+04	2.454508E-17	1.187145E-18
1.952939E+04	2.448877E-17	1.184404E-18
1.956939E+04	2.445270E-17	1.182642E-18
1.960939E+04	2.443646E-17	1.181839E-18
1.964939E+04	2.443858E-17	1.181924E-18
1.968939E+04	2.445659E-17	1.182779E-18
1.972939E+04	2.448722E-17	1.184243E-18
1.976939E+04	2.452663E-17	1.186133E-18
1.980939E+04	2.457089E-17	1.188258E-18
1.984939E+04	2.461633E-17	1.190440E-18
1.988939E+04	2.465994E-17	1.192533E-18
1.992939E+04	2.469952E-17	1.194433E-18
1.996939E+04	2.473376E-17	1.196075E-18
2.000939E+04	2.476197E-17	1.197426E-18
2.004939E+04	2.478376E-17	1.198468E-18
2.008939E+04	2.479864E-17	1.199176E-18
2.012939E+04	2.480571E-17	1.199507E-18
2.016939E+04	2.480350E-17	1.199390E-18
2.020939E+04	2.478989E-17	1.198724E-18
2.024939E+04	2.476239E-17	1.197386E-18
2.028939E+04	2.471840E-17	1.195252E-18
2.032939E+04	2.465564E-17	1.192212E-18
2.036939E+04	2.457265E-17	1.188195E-18
2.040939E+04	2.446911E-17	1.183185E-18
2.044939E+04	2.434599E-17	1.177230E-18
2.048939E+04	2.420554E-17	1.170439E-18
2.052939E+04	2.405094E-17	1.162964E-18
2.056939E+04	2.388595E-17	1.154989E-18
2.060939E+04	2.371446E-17	1.146700E-18
2.064939E+04	2.354014E-17	1.138276E-18
2.068939E+04	2.336620E-17	1.129873E-18
2.072939E+04	2.319527E-17	1.121616E-18
2.076939E+04	2.302932E-17	1.113602E-18
2.080939E+04	2.286965E-17	1.105893E-18
2.084939E+04	2.271686E-17	1.098518E-18
2.088939E+04	2.257087E-17	1.091473E-18
2.092939E+04	2.243102E-17	1.084728E-18
2.096939E+04	2.229613E-17	1.078223E-18
2.100939E+04	2.216470E-17	1.071888E-18
2.104939E+04	2.203505E-17	1.065641E-18
2.108939E+04	2.190550E-17	1.059400E-18
2.112939E+04	2.177435E-17	1.053084E-18
2.116939E+04	2.164000E-17	1.046615E-18
2.120939E+04	2.150102E-17	1.039923E-18
2.124939E+04	2.135625E-17	1.032953E-18
2.128939E+04	2.120501E-17	1.025673E-18
2.132939E+04	2.104732E-17	1.018082E-18
2.136939E+04	2.088397E-17	1.010219E-18
2.140939E+04	2.071672E-17	1.002169E-18
2.144939E+04	2.054826E-17	9.940613E-19
2.148939E+04	2.038162E-17	9.860437E-19
2.152939E+04	2.021809E-17	9.781776E-19
2.156939E+04	2.005569E-17	9.703674E-19
2.160939E+04	1.989210E-17	9.625004E-19
2.164939E+04	1.972566E-17	9.544971E-19
2.168939E+04	1.955555E-17	9.463169E-19
2.172939E+04	1.938155E-17	9.379487E-19
2.176939E+04	1.920373E-17	9.293970E-19
2.180939E+04	1.902241E-17	9.206762E-19
2.184939E+04	1.883788E-17	9.118005E-19
2.188939E+04	1.865030E-17	9.027778E-19
2.192939E+04	1.845966E-17	8.936070E-19
2.196939E+04	1.826565E-17	8.842735E-19
2.200939E+04	1.806768E-17	8.747478E-19
2.204939E+04	1.786492E-17	8.649907E-19
2.208939E+04	1.765642E-17	8.549553E-19
2.212939E+04	1.744128E-17	8.445986E-19
2.216939E+04	1.721886E-17	8.338883E-19
2.220939E+04	1.698888E-17	8.228118E-19
2.224939E+04	1.675158E-17	8.113800E-19
2.228939E+04	1.650764E-17	7.996259E-19
2.232939E+04	1.625815E-17	7.876015E-19
2.236939E+04	1.600447E-17	7.753740E-19
2.240939E+04	1.574821E-17	7.630197E-19
2.244939E+04	1.549104E-17	7.506204E-19
2.248939E+04	1.523473E-17	7.382615E-19
2.252939E+04	1.498107E-17	7.260300E-19
2.256939E+04	1.473187E-17	7.140130E-19
2.260939E+04	1.448890E-17	7.022967E-19
2.264939E+04	1.425383E-17	6.909621E-19
2.268939E+04	1.402820E-17	6.800840E-19
2.272939E+04	1.381334E-17	6.697263E-19
2.276939E+04	1.361028E-17	6.599393E-19
2.280939E+04	1.341970E-17	6.507568E-19
2.284939E+04	1.324199E-17	6.421969E-19
2.288939E+04	1.307720E-17	6.342628E-19
2.292939E+04	1.292510E-17	6.269432E-19
2.296939E+04	1.278528E-17	6.202180E-19
2.300939E+04	1.265712E-17	6.140581E-19
2.304939E+04	1.253994E-17	6.084296E-19
2.308939E+04	1.243292E-17	6.032940E-19
2.312939E+04	1.233530E-17	5.986132E-19
2.316939E+04	1.224629E-17	5.943505E-19
2.320939E+04	1.216521E-17	5.904717E-19
2.324939E+04	1.209142E-17	5.869465E-19
2.328939E+04	1.202443E-17	5.837504E-19
2.332939E+04	1.196378E-17	5.808624E-19
2.336939E+04	1.190921E-17	5.782691E-19
2.340939E+04	1.186048E-17	5.759590E-19
2.344939E+04	1.181742E-17	5.739242E-19
2.348939E+04	1.177986E-17	5.721559E-19
2.352939E+04	1.174760E-17	5.706449E-19
2.356939E+04	1.172038E-17	5.693789E-19
2.360939E+04	1.169791E-17	5.683435E-19
2.364939E+04	1.167987E-17	5.675228E-19
2.368939E+04	1.166587E-17	5.668987E-19
2.372939E+04	1.165549E-17	5.664507E-19
2.376939E+04	1.164827E-17	5.661563E-19
2.380939E+04	1.164370E-17	5.659902E-19
2.384939E+04	1.164118E-17	5.659243E-19
2.388939E+04	1.164014E-17	5.659298E-19
2.392939E+04	1.163991E-17	5.659751E-19
2.396939E+04	1.163984E-17	5.660283E-19
2.400939E+04	1.163926E-17	5.660563E-19
2.404939E+04	1.163747E-17	5.660259E-19
2.408939E+04	1.163380E-17	5.659038E-19
2.412939E+04	1.162758E-17	5.656579E-19
2.416939E+04	1.161821E-17	5.652580E-19
2.420939E+04	1.160514E-17	5.646783E-19
2.424939E+04	1.158792E-17	5.638968E-19
2.428939E+04	1.156625E-17	5.628981E-19
2.432939E+04	1.153992E-17	5.616725E-19
2.436939E+04	1.150889E-17	5.602175E-19
2.440939E+04	1.147321E-17	5.585362E-19
2.444939E+04	1.143308E-17	5.566376E-19
2.448939E+04	1.138877E-17	5.545351E-19
