#wls	flux	fluxerr
1.600000E+03	9.076945E-18	1.680549E-18
1.640000E+03	9.291705E-18	1.715900E-18
1.680000E+03	9.519515E-18	1.753335E-18
1.720000E+03	9.764285E-18	1.793543E-18
1.760000E+03	1.002529E-17	1.836355E-18
1.800000E+03	1.030356E-17	1.881920E-18
1.840000E+03	1.060092E-17	1.930532E-18
1.880000E+03	1.091734E-17	1.982138E-18
1.920000E+03	1.125360E-17	2.036833E-18
1.960000E+03	1.161038E-17	2.094690E-18
2.000000E+03	1.198658E-17	2.155457E-18
2.040000E+03	1.238360E-17	2.219332E-18
2.080000E+03	1.279856E-17	2.285741E-18
2.120000E+03	1.322861E-17	2.354123E-18
2.160000E+03	1.367178E-17	2.424075E-18
2.200000E+03	1.412369E-17	2.494776E-18
2.240000E+03	1.457771E-17	2.565016E-18
2.280000E+03	1.503376E-17	2.634751E-18
2.320000E+03	1.549013E-17	2.703654E-18
2.360000E+03	1.595132E-17	2.772478E-18
2.400000E+03	1.642227E-17	2.842043E-18
2.440000E+03	1.690761E-17	2.913096E-18
2.480000E+03	1.741236E-17	2.986435E-18
2.520000E+03	1.793820E-17	3.062271E-18
2.560000E+03	1.848944E-17	3.141254E-18
2.600000E+03	1.906639E-17	3.223340E-18
2.640000E+03	1.966981E-17	3.308556E-18
2.680000E+03	2.029875E-17	3.396640E-18
2.720000E+03	2.095268E-17	3.487397E-18
2.760000E+03	2.162940E-17	3.580355E-18
2.800000E+03	2.232580E-17	3.674895E-18
2.840000E+03	2.303975E-17	3.770573E-18
2.880000E+03	2.376816E-17	3.866788E-18
2.920000E+03	2.450937E-17	3.963186E-18
2.960000E+03	2.526253E-17	4.059541E-18
3.000000E+03	2.602722E-17	4.155707E-18
3.010000E+03	2.622001E-17	4.179679E-18
3.020000E+03	2.641356E-17	4.203639E-18
3.030000E+03	2.660772E-17	4.227560E-18
3.040000E+03	2.680300E-17	4.251525E-18
3.050000E+03	2.699866E-17	4.275414E-18
3.060000E+03	2.719462E-17	4.299211E-18
3.070000E+03	2.739191E-17	4.323079E-18
3.080000E+03	2.758923E-17	4.346812E-18
3.090000E+03	2.778763E-17	4.370575E-18
3.100000E+03	2.798642E-17	4.394255E-18
3.110000E+03	2.818543E-17	4.417828E-18
3.120000E+03	2.838573E-17	4.441458E-18
3.130000E+03	2.858601E-17	4.464938E-18
3.140000E+03	2.878672E-17	4.488339E-18
3.150000E+03	2.898775E-17	4.511642E-18
3.160000E+03	2.918952E-17	4.534912E-18
3.170000E+03	2.939133E-17	4.558038E-18
3.180000E+03	2.959360E-17	4.581085E-18
3.190000E+03	2.979622E-17	4.604035E-18
3.200000E+03	2.999853E-17	4.626784E-18
3.210000E+03	3.020096E-17	4.649397E-18
3.220000E+03	3.040391E-17	4.671937E-18
3.230000E+03	3.060624E-17	4.694227E-18
3.240000E+03	3.080886E-17	4.716405E-18
3.250000E+03	3.101065E-17	4.738302E-18
3.260000E+03	3.121309E-17	4.760140E-18
3.270000E+03	3.141455E-17	4.781669E-18
3.280000E+03	3.161544E-17	4.802956E-18
3.290000E+03	3.181627E-17	4.824074E-18
3.300000E+03	3.201642E-17	4.844931E-18
3.310000E+03	3.221639E-17	4.865601E-18
3.320000E+03	3.241514E-17	4.885925E-18
3.330000E+03	3.261317E-17	4.905983E-18
3.340000E+03	3.281050E-17	4.925775E-18
3.350000E+03	3.300710E-17	4.945296E-18
3.360000E+03	3.320305E-17	4.964559E-18
3.370000E+03	3.339788E-17	4.983494E-18
3.380000E+03	3.359170E-17	5.002117E-18
3.390000E+03	3.378458E-17	5.020438E-18
3.400000E+03	3.397660E-17	5.038472E-18
3.410000E+03	3.416747E-17	5.056173E-18
3.420000E+03	3.435728E-17	5.073556E-18
3.430000E+03	3.454623E-17	5.090651E-18
3.440000E+03	3.473404E-17	5.107418E-18
3.450000E+03	3.492093E-17	5.123886E-18
3.460000E+03	3.510709E-17	5.140086E-18
3.470000E+03	3.529188E-17	5.155926E-18
3.480000E+03	3.547601E-17	5.171507E-18
3.490000E+03	3.565933E-17	5.186809E-18
3.500000E+03	3.584169E-17	5.201811E-18
3.510000E+03	3.602343E-17	5.216560E-18
3.520000E+03	3.620401E-17	5.230981E-18
3.530000E+03	3.638383E-17	5.245131E-18
3.540000E+03	3.656282E-17	5.258999E-18
3.550000E+03	3.674095E-17	5.272582E-18
3.560000E+03	3.691821E-17	5.285881E-18
3.570000E+03	3.709466E-17	5.298901E-18
3.580000E+03	3.726988E-17	5.311586E-18
3.590000E+03	3.744437E-17	5.324005E-18
3.600000E+03	3.761776E-17	5.336109E-18
3.610000E+03	3.779058E-17	5.347970E-18
3.620000E+03	3.796209E-17	5.359487E-18
3.630000E+03	3.813325E-17	5.370793E-18
3.640000E+03	3.830295E-17	5.381735E-18
3.650000E+03	3.847172E-17	5.392387E-18
3.660000E+03	3.863934E-17	5.402719E-18
3.670000E+03	3.880635E-17	5.412806E-18
3.680000E+03	3.897210E-17	5.422559E-18
3.690000E+03	3.913718E-17	5.432061E-18
3.700000E+03	3.930135E-17	5.441279E-18
3.710000E+03	3.946511E-17	5.450284E-18
3.720000E+03	3.962832E-17	5.459054E-18
3.730000E+03	3.979181E-17	5.467704E-18
3.740000E+03	3.995499E-17	5.476156E-18
3.750000E+03	4.011879E-17	5.484532E-18
3.760000E+03	4.028327E-17	5.492844E-18
3.770000E+03	4.044895E-17	5.501159E-18
3.780000E+03	4.061594E-17	5.509493E-18
3.790000E+03	4.078508E-17	5.517954E-18
3.800000E+03	4.095602E-17	5.526496E-18
3.810000E+03	4.112964E-17	5.535234E-18
3.820000E+03	4.130632E-17	5.544216E-18
3.830000E+03	4.148645E-17	5.553490E-18
3.840000E+03	4.167045E-17	5.563110E-18
3.850000E+03	4.185827E-17	5.573065E-18
3.860000E+03	4.205108E-17	5.583503E-18
3.870000E+03	4.224916E-17	5.594459E-18
3.880000E+03	4.245249E-17	5.605924E-18
3.890000E+03	4.266177E-17	5.617983E-18
3.900000E+03	4.287727E-17	5.630665E-18
3.910000E+03	4.309967E-17	5.644052E-18
3.920000E+03	4.332885E-17	5.658121E-18
3.930000E+03	4.356583E-17	5.672999E-18
3.940000E+03	4.381049E-17	5.688659E-18
3.950000E+03	4.406381E-17	5.705221E-18
3.960000E+03	4.432566E-17	5.722658E-18
3.970000E+03	4.459624E-17	5.740986E-18
3.980000E+03	4.487653E-17	5.760320E-18
3.990000E+03	4.516637E-17	5.780630E-18
4.000000E+03	4.546632E-17	5.801977E-18
4.010000E+03	4.577659E-17	5.824375E-18
4.020000E+03	4.609775E-17	5.847886E-18
4.030000E+03	4.643003E-17	5.872525E-18
4.040000E+03	4.677358E-17	5.898300E-18
4.050000E+03	4.712900E-17	5.925272E-18
4.060000E+03	4.749684E-17	5.953498E-18
4.070000E+03	4.787656E-17	5.982896E-18
4.080000E+03	4.826950E-17	6.013619E-18
4.090000E+03	4.867512E-17	6.045585E-18
4.100000E+03	4.909436E-17	6.078897E-18
4.110000E+03	4.952707E-17	6.113518E-18
4.120000E+03	4.997386E-17	6.149511E-18
4.130000E+03	5.043494E-17	6.186883E-18
4.140000E+03	5.091053E-17	6.225648E-18
4.150000E+03	5.140087E-17	6.265814E-18
4.160000E+03	5.190615E-17	6.307392E-18
4.170000E+03	5.242706E-17	6.350446E-18
4.180000E+03	5.296380E-17	6.394982E-18
4.190000E+03	5.351616E-17	6.440957E-18
4.200000E+03	5.408433E-17	6.488377E-18
4.210000E+03	5.466853E-17	6.537249E-18
4.220000E+03	5.526935E-17	6.587627E-18
4.230000E+03	5.588649E-17	6.639454E-18
4.240000E+03	5.652012E-17	6.692734E-18
4.250000E+03	5.716978E-17	6.747392E-18
4.260000E+03	5.783601E-17	6.803475E-18
4.270000E+03	5.851830E-17	6.860905E-18
4.280000E+03	5.921656E-17	6.919651E-18
4.290000E+03	5.993060E-17	6.979675E-18
4.300000E+03	6.065914E-17	7.040810E-18
4.310000E+03	6.140281E-17	7.103114E-18
4.320000E+03	6.216009E-17	7.166393E-18
4.330000E+03	6.293029E-17	7.230555E-18
4.340000E+03	6.371207E-17	7.295433E-18
4.350000E+03	6.450548E-17	7.361020E-18
4.360000E+03	6.530772E-17	7.426983E-18
4.370000E+03	6.611843E-17	7.493277E-18
4.380000E+03	6.693598E-17	7.559705E-18
4.390000E+03	6.775900E-17	7.626110E-18
4.400000E+03	6.858648E-17	7.692373E-18
4.410000E+03	6.941654E-17	7.758280E-18
4.420000E+03	7.024928E-17	7.823842E-18
4.430000E+03	7.108434E-17	7.889019E-18
4.440000E+03	7.192395E-17	7.954055E-18
4.450000E+03	7.276835E-17	8.018977E-18
4.460000E+03	7.361819E-17	8.083850E-18
4.470000E+03	7.447518E-17	8.148860E-18
4.480000E+03	7.533773E-17	8.213827E-18
4.490000E+03	7.620789E-17	8.278970E-18
4.500000E+03	7.708354E-17	8.344055E-18
4.510000E+03	7.796575E-17	8.409189E-18
4.520000E+03	7.885330E-17	8.474236E-18
4.530000E+03	7.974549E-17	8.539113E-18
4.540000E+03	8.064135E-17	8.603714E-18
4.550000E+03	8.153828E-17	8.667757E-18
4.560000E+03	8.243626E-17	8.731240E-18
4.570000E+03	8.333224E-17	8.793838E-18
4.580000E+03	8.422426E-17	8.855350E-18
4.590000E+03	8.511024E-17	8.915562E-18
4.600000E+03	8.598779E-17	8.974231E-18
4.610000E+03	8.685362E-17	9.031027E-18
4.620000E+03	8.770409E-17	9.085586E-18
4.630000E+03	8.853620E-17	9.137617E-18
4.640000E+03	8.934678E-17	9.186814E-18
4.650000E+03	9.013246E-17	9.232858E-18
4.660000E+03	9.088810E-17	9.275254E-18
4.670000E+03	9.161092E-17	9.313755E-18
4.680000E+03	9.229636E-17	9.347935E-18
4.690000E+03	9.293986E-17	9.377380E-18
4.700000E+03	9.353767E-17	9.401761E-18
4.710000E+03	9.408521E-17	9.420671E-18
4.720000E+03	9.457800E-17	9.433723E-18
4.730000E+03	9.501170E-17	9.440550E-18
4.740000E+03	9.538213E-17	9.440805E-18
4.750000E+03	9.568540E-17	9.434178E-18
4.760000E+03	9.591786E-17	9.420388E-18
4.770000E+03	9.607622E-17	9.399195E-18
4.780000E+03	9.615662E-17	9.370308E-18
4.790000E+03	9.615971E-17	9.333881E-18
4.800000E+03	9.608715E-17	9.290161E-18
4.810000E+03	9.594507E-17	9.239828E-18
4.820000E+03	9.573620E-17	9.183221E-18
4.830000E+03	9.546632E-17	9.120968E-18
4.840000E+03	9.514051E-17	9.053618E-18
4.850000E+03	9.476218E-17	8.981555E-18
4.860000E+03	9.433847E-17	8.905511E-18
4.870000E+03	9.387379E-17	8.825950E-18
4.880000E+03	9.337438E-17	8.743499E-18
4.890000E+03	9.284262E-17	8.658418E-18
4.900000E+03	9.228632E-17	8.571467E-18
4.910000E+03	9.170849E-17	8.482949E-18
4.920000E+03	9.111460E-17	8.393392E-18
4.930000E+03	9.050812E-17	8.303130E-18
4.940000E+03	8.989397E-17	8.212624E-18
4.950000E+03	8.927414E-17	8.122062E-18
4.960000E+03	8.865295E-17	8.031842E-18
4.970000E+03	8.803439E-17	7.942322E-18
4.980000E+03	8.741949E-17	7.853591E-18
4.990000E+03	8.681076E-17	7.765869E-18
5.000000E+03	8.621121E-17	7.679414E-18
5.010000E+03	8.562269E-17	7.594379E-18
5.020000E+03	8.504504E-17	7.510738E-18
5.030000E+03	8.448041E-17	7.428665E-18
5.040000E+03	8.392979E-17	7.348232E-18
5.050000E+03	8.339389E-17	7.269484E-18
5.060000E+03	8.287236E-17	7.192372E-18
5.070000E+03	8.236546E-17	7.116905E-18
5.080000E+03	8.187401E-17	7.043132E-18
5.090000E+03	8.139617E-17	6.970882E-18
5.100000E+03	8.093233E-17	6.900170E-18
5.110000E+03	8.048108E-17	6.830859E-18
5.120000E+03	8.004164E-17	6.762872E-18
5.130000E+03	7.961300E-17	6.696109E-18
5.140000E+03	7.919402E-17	6.630461E-18
5.150000E+03	7.878261E-17	6.565745E-18
5.160000E+03	7.837804E-17	6.501892E-18
5.170000E+03	7.797720E-17	6.438637E-18
5.180000E+03	7.757905E-17	6.375891E-18
5.190000E+03	7.718097E-17	6.313438E-18
5.200000E+03	7.678096E-17	6.251115E-18
5.210000E+03	7.637692E-17	6.188756E-18
5.220000E+03	7.596668E-17	6.126190E-18
5.230000E+03	7.554643E-17	6.063122E-18
5.240000E+03	7.511541E-17	5.999502E-18
5.250000E+03	7.466902E-17	5.934978E-18
5.260000E+03	7.420640E-17	5.869503E-18
5.270000E+03	7.372375E-17	5.802797E-18
5.280000E+03	7.321955E-17	5.734766E-18
5.290000E+03	7.269087E-17	5.665208E-18
5.300000E+03	7.213492E-17	5.593937E-18
5.310000E+03	7.155053E-17	5.520896E-18
5.320000E+03	7.093455E-17	5.445878E-18
5.330000E+03	7.028625E-17	5.368866E-18
5.340000E+03	6.960380E-17	5.289760E-18
5.350000E+03	6.888570E-17	5.208488E-18
5.360000E+03	6.813165E-17	5.125067E-18
5.370000E+03	6.734175E-17	5.039549E-18
5.380000E+03	6.651657E-17	4.952017E-18
5.390000E+03	6.565652E-17	4.862544E-18
5.400000E+03	6.476759E-17	4.771612E-18
5.410000E+03	6.385632E-17	4.679734E-18
5.420000E+03	6.293052E-17	4.587507E-18
5.430000E+03	6.199609E-17	4.495376E-18
5.440000E+03	6.106184E-17	4.403987E-18
5.450000E+03	6.013504E-17	4.313862E-18
5.460000E+03	5.922549E-17	4.225694E-18
5.470000E+03	5.833770E-17	4.139783E-18
5.480000E+03	5.747294E-17	4.056195E-18
5.490000E+03	5.663330E-17	3.975050E-18
5.500000E+03	5.582220E-17	3.896559E-18
5.510000E+03	5.504469E-17	3.821041E-18
5.520000E+03	5.430242E-17	3.748572E-18
5.530000E+03	5.359968E-17	3.679406E-18
5.540000E+03	5.293718E-17	3.613547E-18
5.550000E+03	5.231657E-17	3.551060E-18
5.560000E+03	5.173952E-17	3.492008E-18
5.570000E+03	5.120795E-17	3.436468E-18
5.580000E+03	5.072208E-17	3.384404E-18
5.590000E+03	5.028260E-17	3.335808E-18
5.600000E+03	4.988976E-17	3.290642E-18
5.610000E+03	4.954287E-17	3.248809E-18
5.620000E+03	4.924106E-17	3.210198E-18
5.630000E+03	4.898418E-17	3.174748E-18
5.640000E+03	4.877047E-17	3.142295E-18
5.650000E+03	4.859908E-17	3.112736E-18
5.660000E+03	4.846855E-17	3.085929E-18
5.670000E+03	4.837792E-17	3.061769E-18
5.680000E+03	4.832569E-17	3.040117E-18
5.690000E+03	4.831040E-17	3.020838E-18
5.700000E+03	4.833106E-17	3.003831E-18
5.710000E+03	4.838678E-17	2.989001E-18
5.720000E+03	4.847568E-17	2.976196E-18
5.730000E+03	4.859692E-17	2.965327E-18
5.740000E+03	4.874930E-17	2.956289E-18
5.750000E+03	4.893160E-17	2.948975E-18
5.760000E+03	4.914381E-17	2.943353E-18
5.770000E+03	4.938384E-17	2.939268E-18
5.780000E+03	4.965186E-17	2.936704E-18
5.790000E+03	4.994646E-17	2.935548E-18
5.800000E+03	5.026748E-17	2.935767E-18
5.810000E+03	5.061428E-17	2.937297E-18
5.820000E+03	5.098626E-17	2.940081E-18
5.830000E+03	5.138354E-17	2.944102E-18
5.840000E+03	5.180521E-17	2.949287E-18
5.850000E+03	5.225152E-17	2.955628E-18
5.860000E+03	5.272229E-17	2.963095E-18
5.870000E+03	5.321680E-17	2.971627E-18
5.880000E+03	5.373619E-17	2.981271E-18
5.890000E+03	5.427929E-17	2.991942E-18
5.900000E+03	5.484740E-17	3.003694E-18
5.910000E+03	5.544008E-17	3.016486E-18
5.920000E+03	5.605751E-17	3.030312E-18
5.930000E+03	5.670062E-17	3.045205E-18
5.940000E+03	5.736838E-17	3.061096E-18
5.950000E+03	5.806178E-17	3.078022E-18
5.960000E+03	5.878181E-17	3.096022E-18
5.970000E+03	5.952752E-17	3.115033E-18
5.980000E+03	6.029990E-17	3.135095E-18
5.990000E+03	6.109932E-17	3.156215E-18
6.000000E+03	6.192539E-17	3.178362E-18
6.010000E+03	6.277840E-17	3.201543E-18
6.020000E+03	6.365850E-17	3.225757E-18
6.030000E+03	6.456513E-17	3.250969E-18
6.040000E+03	6.549828E-17	3.277175E-18
6.050000E+03	6.645863E-17	3.304404E-18
6.060000E+03	6.744361E-17	3.332530E-18
6.070000E+03	6.845435E-17	3.361607E-18
6.080000E+03	6.948782E-17	3.391492E-18
6.090000E+03	7.054471E-17	3.422225E-18
6.100000E+03	7.162129E-17	3.453634E-18
6.110000E+03	7.271682E-17	3.485697E-18
6.120000E+03	7.382749E-17	3.518248E-18
6.130000E+03	7.495158E-17	3.551225E-18
6.140000E+03	7.608400E-17	3.584414E-18
6.150000E+03	7.721969E-17	3.617604E-18
6.160000E+03	7.835431E-17	3.650629E-18
6.170000E+03	7.947932E-17	3.683131E-18
6.180000E+03	8.058715E-17	3.714808E-18
6.190000E+03	8.166679E-17	3.745208E-18
6.200000E+03	8.270375E-17	3.773728E-18
6.210000E+03	8.367875E-17	3.799564E-18
6.220000E+03	8.456807E-17	3.821725E-18
6.230000E+03	8.533717E-17	3.838749E-18
6.240000E+03	8.594517E-17	3.848919E-18
6.250000E+03	8.638941E-17	3.852245E-18
6.260000E+03	8.670931E-17	3.850601E-18
6.270000E+03	8.693448E-17	3.845390E-18
6.280000E+03	8.708933E-17	3.837762E-18
6.290000E+03	8.719377E-17	3.828647E-18
6.300000E+03	8.726241E-17	3.818729E-18
6.310000E+03	8.730573E-17	3.808496E-18
6.320000E+03	8.733213E-17	3.798326E-18
6.330000E+03	8.735081E-17	3.788620E-18
6.340000E+03	8.736624E-17	3.779567E-18
6.350000E+03	8.738423E-17	3.771411E-18
6.360000E+03	8.740851E-17	3.764293E-18
6.370000E+03	8.744219E-17	3.758320E-18
6.380000E+03	8.748789E-17	3.753578E-18
6.390000E+03	8.754775E-17	3.750131E-18
6.400000E+03	8.762364E-17	3.748032E-18
6.410000E+03	8.771577E-17	3.747261E-18
6.420000E+03	8.782659E-17	3.747896E-18
6.430000E+03	8.795708E-17	3.749951E-18
6.440000E+03	8.810929E-17	3.753487E-18
6.450000E+03	8.828503E-17	3.758555E-18
6.460000E+03	8.848340E-17	3.765089E-18
6.470000E+03	8.870723E-17	3.773187E-18
6.480000E+03	8.895661E-17	3.782827E-18
6.490000E+03	8.923287E-17	3.794041E-18
6.500000E+03	8.953445E-17	3.806741E-18
6.510000E+03	8.986382E-17	3.821008E-18
6.520000E+03	9.021921E-17	3.836746E-18
6.530000E+03	9.060154E-17	3.853973E-18
6.540000E+03	9.100880E-17	3.872584E-18
6.550000E+03	9.144176E-17	3.892589E-18
6.560000E+03	9.190113E-17	3.914002E-18
6.570000E+03	9.238317E-17	3.936644E-18
6.580000E+03	9.288845E-17	3.960519E-18
6.590000E+03	9.341749E-17	3.985633E-18
6.600000E+03	9.396627E-17	4.011797E-18
6.610000E+03	9.453677E-17	4.039077E-18
6.620000E+03	9.512473E-17	4.067274E-18
6.630000E+03	9.573209E-17	4.096455E-18
6.640000E+03	9.635447E-17	4.126415E-18
6.650000E+03	9.699215E-17	4.157150E-18
6.660000E+03	9.764382E-17	4.188587E-18
6.670000E+03	9.830648E-17	4.220583E-18
6.680000E+03	9.898035E-17	4.253129E-18
6.690000E+03	9.966236E-17	4.286078E-18
6.700000E+03	1.003510E-16	4.319350E-18
6.710000E+03	1.010465E-16	4.352940E-18
6.720000E+03	1.017456E-16	4.386694E-18
6.730000E+03	1.024450E-16	4.420452E-18
6.740000E+03	1.031468E-16	4.454286E-18
6.750000E+03	1.038456E-16	4.487958E-18
6.760000E+03	1.045417E-16	4.521462E-18
6.770000E+03	1.052334E-16	4.554716E-18
6.780000E+03	1.059174E-16	4.587553E-18
6.790000E+03	1.065918E-16	4.619889E-18
6.800000E+03	1.072549E-16	4.651636E-18
6.810000E+03	1.079071E-16	4.682795E-18
6.820000E+03	1.085446E-16	4.713197E-18
6.830000E+03	1.091638E-16	4.742672E-18
6.840000E+03	1.097649E-16	4.771221E-18
6.850000E+03	1.103462E-16	4.798763E-18
6.860000E+03	1.109060E-16	4.825217E-18
6.870000E+03	1.114407E-16	4.850418E-18
6.880000E+03	1.119486E-16	4.874286E-18
6.890000E+03	1.124302E-16	4.896841E-18
6.900000E+03	1.128819E-16	4.917923E-18
6.910000E+03	1.133022E-16	4.937465E-18
6.920000E+03	1.136898E-16	4.955409E-18
6.930000E+03	1.140434E-16	4.971698E-18
6.940000E+03	1.143619E-16	4.986285E-18
6.950000E+03	1.146441E-16	4.999129E-18
6.960000E+03	1.148871E-16	5.010098E-18
6.970000E+03	1.150900E-16	5.019166E-18
6.980000E+03	1.152545E-16	5.026410E-18
6.990000E+03	1.153801E-16	5.031821E-18
7.000000E+03	1.154622E-16	5.035204E-18
7.010000E+03	1.155051E-16	5.036762E-18
7.020000E+03	1.155069E-16	5.036420E-18
7.030000E+03	1.154678E-16	5.034203E-18
7.040000E+03	1.153861E-16	5.030055E-18
7.050000E+03	1.152650E-16	5.024123E-18
7.060000E+03	1.151053E-16	5.016466E-18
7.070000E+03	1.149083E-16	5.007157E-18
7.080000E+03	1.146730E-16	4.996174E-18
7.090000E+03	1.144012E-16	4.983609E-18
7.100000E+03	1.140969E-16	4.969659E-18
7.110000E+03	1.137597E-16	4.954330E-18
7.120000E+03	1.133895E-16	4.937640E-18
7.130000E+03	1.129933E-16	4.919910E-18
7.140000E+03	1.125711E-16	4.901169E-18
7.150000E+03	1.121255E-16	4.881551E-18
7.160000E+03	1.116570E-16	4.861098E-18
7.170000E+03	1.111705E-16	4.840051E-18
7.180000E+03	1.106689E-16	4.818559E-18
7.190000E+03	1.101527E-16	4.796670E-18
7.200000E+03	1.096250E-16	4.774537E-18
7.210000E+03	1.090909E-16	4.752409E-18
7.220000E+03	1.085511E-16	4.730340E-18
7.230000E+03	1.080084E-16	4.708481E-18
7.240000E+03	1.074658E-16	4.686983E-18
7.250000E+03	1.069262E-16	4.665995E-18
7.260000E+03	1.063901E-16	4.645567E-18
7.270000E+03	1.058646E-16	4.626039E-18
7.280000E+03	1.053504E-16	4.607458E-18
7.290000E+03	1.048456E-16	4.589769E-18
7.300000E+03	1.043593E-16	4.573402E-18
7.310000E+03	1.038876E-16	4.558205E-18
7.320000E+03	1.034371E-16	4.544503E-18
7.330000E+03	1.030081E-16	4.532331E-18
7.340000E+03	1.026029E-16	4.521820E-18
7.350000E+03	1.022215E-16	4.513000E-18
7.360000E+03	1.018659E-16	4.505992E-18
7.370000E+03	1.015382E-16	4.500918E-18
7.380000E+03	1.012403E-16	4.497893E-18
7.390000E+03	1.009694E-16	4.496832E-18
7.400000E+03	1.007293E-16	4.497932E-18
7.410000E+03	1.005169E-16	4.501091E-18
7.420000E+03	1.003307E-16	4.506281E-18
7.430000E+03	1.001690E-16	4.513458E-18
7.440000E+03	1.000336E-16	4.522744E-18
7.450000E+03	9.992356E-17	4.534126E-18
7.460000E+03	9.984095E-17	4.547740E-18
7.470000E+03	9.978652E-17	4.563658E-18
7.480000E+03	9.975242E-17	4.581533E-18
7.490000E+03	9.973250E-17	4.601081E-18
7.500000E+03	9.971901E-17	4.621939E-18
7.510000E+03	9.969021E-17	4.643086E-18
7.520000E+03	9.962610E-17	4.663561E-18
7.530000E+03	9.949305E-17	4.681739E-18
7.540000E+03	9.925596E-17	4.695891E-18
7.550000E+03	9.892819E-17	4.706552E-18
7.560000E+03	9.854235E-17	4.715186E-18
7.570000E+03	9.812354E-17	4.722922E-18
7.580000E+03	9.768402E-17	4.730295E-18
7.590000E+03	9.723437E-17	4.737768E-18
7.600000E+03	9.677607E-17	4.745372E-18
7.610000E+03	9.631180E-17	4.753199E-18
7.620000E+03	9.583961E-17	4.761112E-18
7.630000E+03	9.535337E-17	4.768766E-18
7.640000E+03	9.484995E-17	4.775957E-18
7.650000E+03	9.432286E-17	4.782304E-18
7.660000E+03	9.376475E-17	4.787377E-18
7.670000E+03	9.318090E-17	4.791382E-18
7.680000E+03	9.257388E-17	4.794391E-18
7.690000E+03	9.195202E-17	4.796781E-18
7.700000E+03	9.131425E-17	4.798449E-18
7.710000E+03	9.066551E-17	4.799605E-18
7.720000E+03	9.000599E-17	4.800218E-18
7.730000E+03	8.933977E-17	4.800464E-18
7.740000E+03	8.866852E-17	4.800396E-18
7.750000E+03	8.799354E-17	4.800052E-18
7.760000E+03	8.731386E-17	4.799345E-18
7.770000E+03	8.663244E-17	4.798407E-18
7.780000E+03	8.595000E-17	4.797249E-18
7.790000E+03	8.526490E-17	4.795755E-18
7.800000E+03	8.457966E-17	4.794037E-18
7.810000E+03	8.389240E-17	4.791966E-18
7.820000E+03	8.320529E-17	4.789642E-18
7.830000E+03	8.251432E-17	4.786809E-18
7.840000E+03	8.182551E-17	4.783794E-18
7.850000E+03	8.113268E-17	4.780215E-18
7.860000E+03	8.043771E-17	4.776157E-18
7.870000E+03	7.973842E-17	4.771471E-18
7.880000E+03	7.903660E-17	4.766238E-18
7.890000E+03	7.833008E-17	4.760306E-18
7.900000E+03	7.761668E-17	4.753518E-18
7.910000E+03	7.689626E-17	4.745839E-18
7.920000E+03	7.616864E-17	4.737234E-18
7.930000E+03	7.543181E-17	4.727550E-18
7.940000E+03	7.468377E-17	4.716632E-18
7.950000E+03	7.392266E-17	4.704334E-18
7.960000E+03	7.314850E-17	4.690624E-18
7.970000E+03	7.235774E-17	4.675239E-18
7.980000E+03	7.155607E-17	4.658516E-18
7.990000E+03	7.074364E-17	4.640435E-18
8.000000E+03	6.992060E-17	4.620979E-18
8.010000E+03	6.909079E-17	4.600376E-18
8.020000E+03	6.825431E-17	4.578614E-18
8.030000E+03	6.741490E-17	4.555925E-18
8.040000E+03	6.656918E-17	4.532065E-18
8.050000E+03	6.572261E-17	4.507391E-18
8.060000E+03	6.487361E-17	4.481784E-18
8.070000E+03	6.402242E-17	4.455247E-18
8.080000E+03	6.317095E-17	4.427905E-18
8.090000E+03	6.231947E-17	4.399770E-18
8.100000E+03	6.146659E-17	4.370734E-18
8.110000E+03	6.061427E-17	4.340930E-18
8.120000E+03	5.976283E-17	4.310376E-18
8.130000E+03	5.891421E-17	4.279209E-18
8.140000E+03	5.806558E-17	4.247220E-18
8.150000E+03	5.721891E-17	4.214550E-18
8.160000E+03	5.637465E-17	4.181230E-18
8.170000E+03	5.553321E-17	4.147291E-18
8.180000E+03	5.469502E-17	4.112764E-18
8.190000E+03	5.386056E-17	4.077687E-18
8.200000E+03	5.302879E-17	4.041984E-18
8.210000E+03	5.220171E-17	4.005809E-18
8.220000E+03	5.137981E-17	3.969203E-18
8.230000E+03	5.056355E-17	3.932207E-18
8.240000E+03	4.975201E-17	3.894756E-18
8.250000E+03	4.894575E-17	3.856899E-18
8.260000E+03	4.814661E-17	3.818788E-18
8.270000E+03	4.735375E-17	3.780364E-18
8.280000E+03	4.656763E-17	3.741673E-18
8.290000E+03	4.579008E-17	3.702871E-18
8.300000E+03	4.501893E-17	3.663792E-18
8.310000E+03	4.425721E-17	3.624696E-18
8.320000E+03	4.350407E-17	3.585523E-18
8.330000E+03	4.275869E-17	3.546220E-18
8.340000E+03	4.202396E-17	3.507037E-18
8.350000E+03	4.129782E-17	3.467817E-18
8.360000E+03	4.058188E-17	3.428709E-18
8.370000E+03	3.987648E-17	3.389757E-18
8.380000E+03	3.918084E-17	3.350911E-18
8.390000E+03	3.849647E-17	3.312314E-18
8.400000E+03	3.782259E-17	3.273918E-18
8.410000E+03	3.715960E-17	3.235770E-18
8.420000E+03	3.650895E-17	3.198016E-18
8.430000E+03	3.586992E-17	3.160612E-18
8.440000E+03	3.524288E-17	3.123608E-18
8.450000E+03	3.462928E-17	3.087151E-18
8.460000E+03	3.402747E-17	3.051114E-18
8.470000E+03	3.343888E-17	3.015645E-18
8.480000E+03	3.286398E-17	2.980807E-18
8.490000E+03	3.230320E-17	2.946660E-18
8.500000E+03	3.175606E-17	2.913182E-18
8.510000E+03	3.122404E-17	2.880531E-18
8.520000E+03	3.070759E-17	2.848772E-18
8.530000E+03	3.020635E-17	2.817895E-18
8.540000E+03	2.972087E-17	2.787978E-18
8.550000E+03	2.925257E-17	2.759177E-18
8.560000E+03	2.880117E-17	2.731493E-18
8.570000E+03	2.836722E-17	2.705004E-18
8.580000E+03	2.795130E-17	2.679794E-18
8.590000E+03	2.755399E-17	2.655946E-18
8.600000E+03	2.717506E-17	2.633467E-18
8.610000E+03	2.681671E-17	2.612601E-18
8.620000E+03	2.647786E-17	2.593273E-18
8.630000E+03	2.615906E-17	2.575569E-18
8.640000E+03	2.586161E-17	2.559647E-18
8.650000E+03	2.558518E-17	2.545508E-18
8.660000E+03	2.533012E-17	2.533218E-18
8.670000E+03	2.509675E-17	2.522842E-18
8.680000E+03	2.488519E-17	2.514424E-18
8.690000E+03	2.469540E-17	2.507994E-18
8.700000E+03	2.452645E-17	2.503489E-18
8.710000E+03	2.437825E-17	2.500932E-18
8.720000E+03	2.425143E-17	2.500419E-18
8.730000E+03	2.414487E-17	2.501865E-18
8.740000E+03	2.405813E-17	2.505257E-18
8.750000E+03	2.398993E-17	2.510490E-18
8.760000E+03	2.394045E-17	2.517609E-18
8.770000E+03	2.390831E-17	2.526500E-18
8.780000E+03	2.389290E-17	2.537121E-18
8.790000E+03	2.389282E-17	2.549348E-18
8.800000E+03	2.390822E-17	2.563221E-18
8.810000E+03	2.393847E-17	2.578694E-18
8.820000E+03	2.398141E-17	2.595557E-18
8.830000E+03	2.403799E-17	2.613930E-18
8.840000E+03	2.410603E-17	2.633595E-18
8.850000E+03	2.418573E-17	2.654591E-18
8.860000E+03	2.427646E-17	2.676867E-18
8.870000E+03	2.437770E-17	2.700378E-18
8.880000E+03	2.448966E-17	2.725164E-18
8.890000E+03	2.461181E-17	2.751181E-18
8.900000E+03	2.474361E-17	2.778384E-18
8.910000E+03	2.488539E-17	2.806822E-18
8.920000E+03	2.503752E-17	2.836552E-18
8.930000E+03	2.519866E-17	2.867434E-18
8.940000E+03	2.536830E-17	2.899425E-18
8.950000E+03	2.554781E-17	2.932693E-18
8.960000E+03	2.573584E-17	2.967096E-18
8.970000E+03	2.593195E-17	3.002593E-18
8.980000E+03	2.613764E-17	3.039370E-18
8.990000E+03	2.635060E-17	3.077171E-18
9.000000E+03	2.657241E-17	3.116191E-18
9.040000E+03	2.753544E-17	3.283170E-18
9.080000E+03	2.861268E-17	3.467201E-18
9.120000E+03	2.979747E-17	3.668027E-18
9.160000E+03	3.108280E-17	3.885283E-18
9.200000E+03	3.246352E-17	4.118767E-18
9.240000E+03	3.393513E-17	4.368308E-18
9.280000E+03	3.549559E-17	4.634010E-18
9.320000E+03	3.713782E-17	4.915276E-18
9.360000E+03	3.885697E-17	5.211745E-18
9.400000E+03	4.063926E-17	5.521792E-18
9.440000E+03	4.247354E-17	5.844050E-18
9.480000E+03	4.434950E-17	6.177179E-18
9.520000E+03	4.625424E-17	6.519399E-18
9.560000E+03	4.818352E-17	6.870073E-18
9.600000E+03	5.013215E-17	7.228392E-18
9.640000E+03	5.209478E-17	7.593497E-18
9.680000E+03	5.407798E-17	7.966238E-18
9.720000E+03	5.608257E-17	8.346658E-18
9.760000E+03	5.810353E-17	8.733920E-18
9.800000E+03	6.014055E-17	9.127872E-18
9.840000E+03	6.218540E-17	9.527151E-18
9.880000E+03	6.422477E-17	9.929556E-18
9.920000E+03	6.623957E-17	1.033192E-17
9.960000E+03	6.820509E-17	1.073008E-17
1.000000E+04	7.009178E-17	1.111900E-17
1.004000E+04	7.186698E-17	1.149299E-17
1.008000E+04	7.350388E-17	1.184718E-17
1.012000E+04	7.497183E-17	1.217593E-17
1.016000E+04	7.623732E-17	1.247304E-17
1.020000E+04	7.728758E-17	1.273561E-17
1.024000E+04	7.811889E-17	1.296217E-17
1.028000E+04	7.872011E-17	1.315009E-17
1.032000E+04	7.910224E-17	1.330041E-17
