#wls	flux	fluxerr
3.289393E+03	1.362557E-17	1.460086E-18
3.329393E+03	1.280318E-17	1.368127E-18
3.369393E+03	1.208041E-17	1.287246E-18
3.409393E+03	1.144702E-17	1.216270E-18
3.449393E+03	1.089403E-17	1.154171E-18
3.489393E+03	1.041359E-17	1.100050E-18
3.529393E+03	9.998816E-18	1.053117E-18
3.569393E+03	9.643725E-18	1.012687E-18
3.609393E+03	9.343117E-18	9.781598E-19
3.649393E+03	9.092482E-18	9.490166E-19
3.689393E+03	8.887926E-18	9.248058E-19
3.729393E+03	8.726087E-18	9.051358E-19
3.769393E+03	8.604062E-18	8.896658E-19
3.809393E+03	8.519335E-18	8.780984E-19
3.849393E+03	8.469707E-18	8.701715E-19
3.889393E+03	8.453253E-18	8.656533E-19
3.929393E+03	8.468259E-18	8.643356E-19
3.969393E+03	8.513187E-18	8.660301E-19
4.009393E+03	8.586633E-18	8.705635E-19
4.049393E+03	8.687294E-18	8.777743E-19
4.089393E+03	8.813940E-18	8.875098E-19
4.129393E+03	8.965387E-18	8.996230E-19
4.169393E+03	9.140483E-18	9.139716E-19
4.209393E+03	9.338088E-18	9.304156E-19
4.249393E+03	9.557073E-18	9.488173E-19
4.289393E+03	9.796301E-18	9.690399E-19
4.329393E+03	1.005467E-17	9.909511E-19
4.369393E+03	1.033111E-17	1.014422E-18
4.409393E+03	1.062454E-17	1.039327E-18
4.449393E+03	1.093399E-17	1.065549E-18
4.489393E+03	1.125856E-17	1.092980E-18
4.529393E+03	1.159738E-17	1.121518E-18
4.569393E+03	1.194975E-17	1.151076E-18
4.609393E+03	1.231504E-17	1.181577E-18
4.649393E+03	1.269269E-17	1.212948E-18
4.689393E+03	1.308220E-17	1.245124E-18
4.729393E+03	1.348295E-17	1.278032E-18
4.769393E+03	1.389415E-17	1.311581E-18
4.809393E+03	1.431462E-17	1.345643E-18
4.849393E+03	1.474251E-17	1.380032E-18
4.889393E+03	1.517493E-17	1.414467E-18
4.929393E+03	1.560784E-17	1.448563E-18
4.969393E+03	1.603638E-17	1.481870E-18
5.009393E+03	1.645511E-17	1.513886E-18
5.049393E+03	1.685825E-17	1.544093E-18
5.089393E+03	1.723998E-17	1.571976E-18
5.129393E+03	1.759473E-17	1.597052E-18
5.169393E+03	1.791746E-17	1.618897E-18
5.209393E+03	1.820390E-17	1.637164E-18
5.249393E+03	1.845076E-17	1.651602E-18
5.289393E+03	1.865594E-17	1.662072E-18
5.329393E+03	1.881865E-17	1.668557E-18
5.369393E+03	1.893959E-17	1.671169E-18
5.409393E+03	1.902091E-17	1.670152E-18
5.449393E+03	1.906620E-17	1.665869E-18
5.489393E+03	1.908030E-17	1.658788E-18
5.529393E+03	1.906904E-17	1.649455E-18
5.569393E+03	1.903891E-17	1.638460E-18
5.609393E+03	1.899670E-17	1.626410E-18
5.649393E+03	1.894918E-17	1.613900E-18
5.689393E+03	1.890268E-17	1.601472E-18
5.729393E+03	1.886281E-17	1.589600E-18
5.769393E+03	1.883429E-17	1.578669E-18
5.809393E+03	1.882076E-17	1.568969E-18
5.849393E+03	1.882471E-17	1.560686E-18
5.889393E+03	1.884753E-17	1.553911E-18
5.929393E+03	1.888947E-17	1.548638E-18
5.969393E+03	1.894972E-17	1.544774E-18
6.009393E+03	1.902652E-17	1.542153E-18
6.049393E+03	1.911730E-17	1.540544E-18
6.089393E+03	1.921889E-17	1.539672E-18
6.129393E+03	1.932773E-17	1.539239E-18
6.169393E+03	1.944022E-17	1.538950E-18
6.209393E+03	1.955303E-17	1.538535E-18
6.249393E+03	1.966338E-17	1.537779E-18
6.289393E+03	1.976940E-17	1.536540E-18
6.329393E+03	1.987025E-17	1.534757E-18
6.369393E+03	1.996613E-17	1.532455E-18
6.409393E+03	2.005827E-17	1.529734E-18
6.449393E+03	2.014883E-17	1.526765E-18
6.489393E+03	2.024081E-17	1.523774E-18
6.529393E+03	2.033775E-17	1.521026E-18
6.569393E+03	2.044348E-17	1.518796E-18
6.609393E+03	2.056170E-17	1.517344E-18
6.649393E+03	2.069574E-17	1.516896E-18
6.689393E+03	2.084844E-17	1.517632E-18
6.729393E+03	2.102191E-17	1.519679E-18
6.769393E+03	2.121763E-17	1.523109E-18
6.809393E+03	2.143627E-17	1.527936E-18
6.849393E+03	2.167775E-17	1.534120E-18
6.889393E+03	2.194127E-17	1.541567E-18
6.929393E+03	2.222540E-17	1.550143E-18
6.969393E+03	2.252818E-17	1.559682E-18
7.009393E+03	2.284730E-17	1.569992E-18
7.049393E+03	2.318028E-17	1.580881E-18
7.089393E+03	2.352473E-17	1.592164E-18
7.129393E+03	2.387855E-17	1.603681E-18
7.169393E+03	2.424025E-17	1.615317E-18
7.209393E+03	2.460916E-17	1.627016E-18
7.249393E+03	2.498572E-17	1.638794E-18
7.289393E+03	2.537169E-17	1.650754E-18
7.329393E+03	2.577041E-17	1.663097E-18
7.369393E+03	2.618700E-17	1.676129E-18
7.409393E+03	2.662852E-17	1.690271E-18
7.449393E+03	2.710401E-17	1.706053E-18
7.489393E+03	2.762419E-17	1.724089E-18
7.529393E+03	2.820063E-17	1.745026E-18
7.569393E+03	2.884438E-17	1.769450E-18
7.609393E+03	2.956342E-17	1.797741E-18
7.649393E+03	3.035867E-17	1.829834E-18
7.689393E+03	3.121780E-17	1.864871E-18
7.729393E+03	3.210918E-17	1.900878E-18
7.769393E+03	3.298501E-17	1.935001E-18
7.809393E+03	3.378870E-17	1.963974E-18
7.849393E+03	3.446638E-17	1.984815E-18
7.889393E+03	3.498706E-17	1.995960E-18
7.929393E+03	3.534599E-17	1.997395E-18
7.969393E+03	3.555316E-17	1.989940E-18
8.009393E+03	3.562733E-17	1.974880E-18
8.049393E+03	3.559212E-17	1.953728E-18
8.089393E+03	3.547331E-17	1.928064E-18
8.129393E+03	3.529670E-17	1.899411E-18
8.169393E+03	3.508660E-17	1.869160E-18
8.209393E+03	3.486494E-17	1.838522E-18
8.249393E+03	3.465074E-17	1.808513E-18
8.289393E+03	3.445989E-17	1.779942E-18
8.329393E+03	3.430510E-17	1.753424E-18
8.369393E+03	3.419601E-17	1.729391E-18
8.409393E+03	3.413913E-17	1.708098E-18
8.449393E+03	3.413819E-17	1.689650E-18
8.489393E+03	3.419437E-17	1.674017E-18
8.529393E+03	3.430685E-17	1.661072E-18
8.569393E+03	3.447329E-17	1.650619E-18
8.609393E+03	3.469040E-17	1.642419E-18
8.649393E+03	3.495433E-17	1.636220E-18
8.689393E+03	3.526114E-17	1.631770E-18
8.729393E+03	3.560699E-17	1.628836E-18
8.769393E+03	3.598845E-17	1.627208E-18
8.809393E+03	3.640260E-17	1.626713E-18
8.849393E+03	3.684715E-17	1.627208E-18
8.889393E+03	3.732043E-17	1.628586E-18
8.929393E+03	3.782136E-17	1.630774E-18
8.969393E+03	3.834930E-17	1.633714E-18
9.009393E+03	3.890384E-17	1.637369E-18
9.049393E+03	3.948473E-17	1.641708E-18
9.089393E+03	4.009197E-17	1.646713E-18
9.129393E+03	4.072585E-17	1.652380E-18
9.169393E+03	4.138666E-17	1.658710E-18
9.209393E+03	4.207349E-17	1.665656E-18
9.249393E+03	4.278132E-17	1.673017E-18
9.289393E+03	4.350186E-17	1.680475E-18
9.329393E+03	4.422514E-17	1.687663E-18
9.369393E+03	4.494003E-17	1.694191E-18
9.409393E+03	4.563445E-17	1.699654E-18
9.449393E+03	4.629583E-17	1.703655E-18
9.489393E+03	4.691191E-17	1.705832E-18
9.529393E+03	4.747210E-17	1.705903E-18
9.569393E+03	4.796895E-17	1.703717E-18
9.609393E+03	4.839989E-17	1.699304E-18
9.649393E+03	4.876872E-17	1.692920E-18
9.689393E+03	4.908706E-17	1.685081E-18
9.729393E+03	4.937541E-17	1.676584E-18
9.769393E+03	4.966377E-17	1.668516E-18
9.809393E+03	4.999129E-17	1.662225E-18
9.849393E+03	5.040447E-17	1.659253E-18
9.889393E+03	5.095269E-17	1.661179E-18
9.929393E+03	5.167756E-17	1.669286E-18
9.969393E+03	5.259267E-17	1.683924E-18
1.000939E+04	5.368979E-17	1.704756E-18
1.004939E+04	5.495336E-17	1.731239E-18
1.008939E+04	5.636546E-17	1.762795E-18
1.012939E+04	5.790718E-17	1.798856E-18
1.016939E+04	5.955799E-17	1.838837E-18
1.020939E+04	6.129340E-17	1.882064E-18
1.024939E+04	6.308225E-17	1.927693E-18
1.028939E+04	6.488414E-17	1.974627E-18
1.032939E+04	6.664858E-17	2.021490E-18
1.036939E+04	6.831731E-17	2.066692E-18
1.040939E+04	6.983185E-17	2.108642E-18
1.044939E+04	7.115121E-17	2.146276E-18
1.048939E+04	7.227074E-17	2.179595E-18
1.052939E+04	7.320718E-17	2.209175E-18
1.056939E+04	7.398313E-17	2.235693E-18
1.060939E+04	7.461882E-17	2.259728E-18
1.064939E+04	7.512874E-17	2.281665E-18
1.068939E+04	7.552113E-17	2.301681E-18
1.072939E+04	7.579916E-17	2.319785E-18
1.076939E+04	7.596287E-17	2.335872E-18
1.080939E+04	7.601074E-17	2.349780E-18
1.084939E+04	7.594097E-17	2.361319E-18
1.088939E+04	7.575243E-17	2.370313E-18
1.092939E+04	7.544531E-17	2.376614E-18
1.096939E+04	7.502153E-17	2.380122E-18
1.100939E+04	7.448512E-17	2.380800E-18
1.104939E+04	7.384227E-17	2.378679E-18
1.108939E+04	7.310130E-17	2.373863E-18
1.112939E+04	7.227256E-17	2.366528E-18
1.116939E+04	7.136805E-17	2.356917E-18
1.120939E+04	7.040107E-17	2.345329E-18
1.124939E+04	6.938581E-17	2.332112E-18
1.128939E+04	6.833685E-17	2.317645E-18
1.132939E+04	6.726882E-17	2.302333E-18
1.136939E+04	6.619596E-17	2.286589E-18
1.140939E+04	6.513193E-17	2.270827E-18
1.144939E+04	6.408949E-17	2.255454E-18
1.148939E+04	6.308040E-17	2.240862E-18
1.152939E+04	6.211522E-17	2.227422E-18
1.156939E+04	6.120329E-17	2.215479E-18
1.160939E+04	6.035262E-17	2.205347E-18
1.164939E+04	5.956990E-17	2.197306E-18
1.168939E+04	5.886037E-17	2.191596E-18
1.172939E+04	5.822781E-17	2.188414E-18
1.176939E+04	5.767442E-17	2.187905E-18
1.180939E+04	5.720073E-17	2.190157E-18
1.184939E+04	5.680545E-17	2.195190E-18
1.188939E+04	5.648539E-17	2.202950E-18
1.192939E+04	5.623523E-17	2.213300E-18
1.196939E+04	5.604747E-17	2.226007E-18
1.200939E+04	5.591226E-17	2.240739E-18
1.204939E+04	5.581738E-17	2.257050E-18
1.208939E+04	5.574817E-17	2.274384E-18
1.212939E+04	5.568778E-17	2.292070E-18
1.216939E+04	5.561737E-17	2.309335E-18
1.220939E+04	5.551672E-17	2.325317E-18
1.224939E+04	5.536494E-17	2.339102E-18
1.228939E+04	5.514165E-17	2.349765E-18
1.232939E+04	5.482816E-17	2.356424E-18
1.236939E+04	5.440903E-17	2.358312E-18
1.240939E+04	5.387356E-17	2.354835E-18
1.244939E+04	5.321714E-17	2.345647E-18
1.248939E+04	5.244217E-17	2.330705E-18
1.252939E+04	5.155822E-17	2.310295E-18
1.256939E+04	5.058124E-17	2.285007E-18
1.260939E+04	4.953188E-17	2.255667E-18
1.264939E+04	4.843361E-17	2.223266E-18
1.268939E+04	4.731076E-17	2.188868E-18
1.272939E+04	4.618699E-17	2.153545E-18
1.276939E+04	4.508419E-17	2.118319E-18
1.280939E+04	4.402168E-17	2.084125E-18
1.284939E+04	4.301586E-17	2.051785E-18
1.288939E+04	4.208005E-17	2.022001E-18
1.292939E+04	4.122464E-17	1.995348E-18
1.296939E+04	4.045721E-17	1.972280E-18
1.300939E+04	3.978280E-17	1.953136E-18
1.304939E+04	3.920426E-17	1.938153E-18
1.308939E+04	3.872243E-17	1.927472E-18
1.312939E+04	3.833654E-17	1.921153E-18
1.316939E+04	3.804433E-17	1.919176E-18
1.320939E+04	3.784235E-17	1.921461E-18
1.324939E+04	3.772604E-17	1.927860E-18
1.328939E+04	3.768995E-17	1.938177E-18
1.332939E+04	3.772780E-17	1.952160E-18
1.336939E+04	3.783258E-17	1.969512E-18
1.340939E+04	3.799668E-17	1.989895E-18
1.344939E+04	3.821193E-17	2.012930E-18
1.348939E+04	3.846974E-17	2.038204E-18
1.352939E+04	3.876113E-17	2.065274E-18
1.356939E+04	3.907698E-17	2.093676E-18
1.360939E+04	3.940805E-17	2.122930E-18
1.364939E+04	3.974522E-17	2.152550E-18
1.368939E+04	4.007961E-17	2.182053E-18
1.372939E+04	4.040282E-17	2.210975E-18
1.376939E+04	4.070706E-17	2.238872E-18
1.380939E+04	4.098533E-17	2.265340E-18
1.384939E+04	4.123156E-17	2.290017E-18
1.388939E+04	4.144067E-17	2.312592E-18
1.392939E+04	4.160873E-17	2.332814E-18
1.396939E+04	4.173292E-17	2.350492E-18
1.400939E+04	4.181161E-17	2.365500E-18
1.404939E+04	4.184428E-17	2.377776E-18
1.408939E+04	4.183158E-17	2.387324E-18
1.412939E+04	4.177515E-17	2.394207E-18
1.416939E+04	4.167765E-17	2.398551E-18
1.420939E+04	4.154259E-17	2.400534E-18
1.424939E+04	4.137425E-17	2.400381E-18
1.428939E+04	4.117755E-17	2.398362E-18
1.432939E+04	4.095794E-17	2.394782E-18
1.436939E+04	4.072127E-17	2.389976E-18
1.440939E+04	4.047370E-17	2.384300E-18
1.444939E+04	4.022148E-17	2.378125E-18
1.448939E+04	3.997090E-17	2.371827E-18
1.452939E+04	3.972812E-17	2.365782E-18
1.456939E+04	3.949909E-17	2.360358E-18
1.460939E+04	3.928939E-17	2.355904E-18
1.464939E+04	3.910411E-17	2.352746E-18
1.468939E+04	3.894784E-17	2.351183E-18
1.472939E+04	3.882450E-17	2.351476E-18
1.476939E+04	3.873734E-17	2.353850E-18
1.480939E+04	3.868883E-17	2.358484E-18
1.484939E+04	3.868068E-17	2.365513E-18
1.488939E+04	3.871382E-17	2.375023E-18
1.492939E+04	3.878839E-17	2.387053E-18
1.496939E+04	3.890377E-17	2.401597E-18
1.500939E+04	3.905863E-17	2.418603E-18
1.504939E+04	3.925097E-17	2.437977E-18
1.508939E+04	3.947822E-17	2.459586E-18
1.512939E+04	3.973729E-17	2.483268E-18
1.516939E+04	4.002464E-17	2.508825E-18
1.520939E+04	4.033640E-17	2.536039E-18
1.524939E+04	4.066841E-17	2.564672E-18
1.528939E+04	4.101635E-17	2.594471E-18
1.532939E+04	4.137581E-17	2.625175E-18
1.536939E+04	4.174231E-17	2.656517E-18
1.540939E+04	4.211141E-17	2.688229E-18
1.544939E+04	4.247870E-17	2.720043E-18
1.548939E+04	4.283982E-17	2.751687E-18
1.552939E+04	4.319042E-17	2.782892E-18
1.556939E+04	4.352609E-17	2.813378E-18
1.560939E+04	4.384236E-17	2.842861E-18
1.564939E+04	4.413462E-17	2.871042E-18
1.568939E+04	4.439805E-17	2.897604E-18
1.572939E+04	4.462768E-17	2.922217E-18
1.576939E+04	4.481824E-17	2.944529E-18
1.580939E+04	4.496432E-17	2.964169E-18
1.584939E+04	4.506024E-17	2.980744E-18
1.588939E+04	4.510022E-17	2.993850E-18
1.592939E+04	4.507834E-17	3.003067E-18
1.596939E+04	4.498882E-17	3.007972E-18
1.600939E+04	4.482610E-17	3.008156E-18
1.604939E+04	4.458527E-17	3.003241E-18
1.608939E+04	4.426245E-17	2.992914E-18
1.612939E+04	4.385535E-17	2.976958E-18
1.616939E+04	4.336386E-17	2.955295E-18
1.620939E+04	4.279058E-17	2.928017E-18
1.624939E+04	4.214116E-17	2.895429E-18
1.628939E+04	4.142404E-17	2.858030E-18
1.632939E+04	4.064995E-17	2.816488E-18
1.636939E+04	3.983133E-17	2.771600E-18
1.640939E+04	3.898142E-17	2.724231E-18
1.644939E+04	3.811333E-17	2.675255E-18
1.648939E+04	3.723933E-17	2.625501E-18
1.652939E+04	3.637023E-17	2.575711E-18
1.656939E+04	3.551522E-17	2.526526E-18
1.660939E+04	3.468166E-17	2.478469E-18
1.664939E+04	3.387516E-17	2.431946E-18
1.668939E+04	3.309973E-17	2.387260E-18
1.672939E+04	3.235796E-17	2.344615E-18
1.676939E+04	3.165129E-17	2.304136E-18
1.680939E+04	3.098017E-17	2.265879E-18
1.684939E+04	3.034441E-17	2.229856E-18
1.688939E+04	2.974319E-17	2.196032E-18
1.692939E+04	2.917538E-17	2.164350E-18
1.696939E+04	2.863963E-17	2.134734E-18
1.700939E+04	2.813447E-17	2.107100E-18
1.704939E+04	2.765845E-17	2.081365E-18
1.708939E+04	2.721020E-17	2.057447E-18
1.712939E+04	2.678847E-17	2.035277E-18
1.716939E+04	2.639225E-17	2.014798E-18
1.720939E+04	2.602071E-17	1.995970E-18
1.724939E+04	2.567331E-17	1.978772E-18
1.728939E+04	2.534972E-17	1.963202E-18
1.732939E+04	2.504989E-17	1.949275E-18
1.736939E+04	2.477399E-17	1.937028E-18
1.740939E+04	2.452240E-17	1.926514E-18
1.744939E+04	2.429571E-17	1.917801E-18
1.748939E+04	2.409464E-17	1.910973E-18
1.752939E+04	2.392004E-17	1.906122E-18
1.756939E+04	2.377285E-17	1.903350E-18
1.760939E+04	2.365405E-17	1.902764E-18
1.764939E+04	2.356460E-17	1.904471E-18
1.768939E+04	2.350540E-17	1.908575E-18
1.772939E+04	2.347728E-17	1.915176E-18
1.776939E+04	2.348086E-17	1.924357E-18
1.780939E+04	2.351662E-17	1.936191E-18
1.784939E+04	2.358470E-17	1.950726E-18
1.788939E+04	2.368501E-17	1.967988E-18
1.792939E+04	2.381708E-17	1.987971E-18
1.796939E+04	2.398005E-17	2.010638E-18
1.800939E+04	2.417267E-17	2.035917E-18
1.804939E+04	2.439322E-17	2.063693E-18
1.808939E+04	2.463957E-17	2.093816E-18
1.812939E+04	2.490911E-17	2.126089E-18
1.816939E+04	2.519877E-17	2.160272E-18
1.820939E+04	2.550509E-17	2.196089E-18
1.824939E+04	2.582419E-17	2.233220E-18
1.828939E+04	2.615185E-17	2.271311E-18
1.832939E+04	2.648361E-17	2.309979E-18
1.836939E+04	2.681478E-17	2.348817E-18
1.840939E+04	2.714062E-17	2.387403E-18
1.844939E+04	2.745639E-17	2.425310E-18
1.848939E+04	2.775750E-17	2.462119E-18
1.852939E+04	2.803958E-17	2.497421E-18
1.856939E+04	2.829857E-17	2.530829E-18
1.860939E+04	2.853082E-17	2.561988E-18
1.864939E+04	2.873312E-17	2.590579E-18
1.868939E+04	2.890281E-17	2.616325E-18
1.872939E+04	2.903787E-17	2.639004E-18
1.876939E+04	2.913686E-17	2.658448E-18
1.880939E+04	2.919909E-17	2.674552E-18
1.884939E+04	2.922451E-17	2.687270E-18
1.888939E+04	2.921366E-17	2.696615E-18
1.892939E+04	2.916778E-17	2.702658E-18
1.896939E+04	2.908863E-17	2.705528E-18
1.900939E+04	2.897855E-17	2.705407E-18
1.904939E+04	2.884037E-17	2.702529E-18
1.908939E+04	2.867737E-17	2.697170E-18
1.912939E+04	2.849312E-17	2.689644E-18
1.916939E+04	2.829149E-17	2.680295E-18
1.920939E+04	2.807641E-17	2.669481E-18
1.924939E+04	2.785181E-17	2.657562E-18
1.928939E+04	2.762155E-17	2.644899E-18
1.932939E+04	2.738924E-17	2.631833E-18
1.936939E+04	2.715822E-17	2.618688E-18
1.940939E+04	2.693149E-17	2.605753E-18
1.944939E+04	2.671164E-17	2.593287E-18
1.948939E+04	2.650080E-17	2.581504E-18
1.952939E+04	2.630068E-17	2.570581E-18
1.956939E+04	2.611251E-17	2.560651E-18
1.960939E+04	2.593705E-17	2.551800E-18
1.964939E+04	2.577462E-17	2.544073E-18
1.968939E+04	2.562511E-17	2.537473E-18
1.972939E+04	2.548803E-17	2.531963E-18
1.976939E+04	2.536251E-17	2.527471E-18
1.980939E+04	2.524738E-17	2.523890E-18
1.984939E+04	2.514124E-17	2.521090E-18
1.988939E+04	2.504243E-17	2.518915E-18
1.992939E+04	2.494917E-17	2.517189E-18
1.996939E+04	2.485953E-17	2.515726E-18
2.000939E+04	2.477150E-17	2.514324E-18
2.004939E+04	2.468298E-17	2.512771E-18
2.008939E+04	2.459187E-17	2.510855E-18
2.012939E+04	2.449604E-17	2.508354E-18
2.016939E+04	2.439339E-17	2.505049E-18
2.020939E+04	2.428193E-17	2.500730E-18
2.024939E+04	2.415980E-17	2.495199E-18
2.028939E+04	2.402534E-17	2.488275E-18
2.032939E+04	2.387719E-17	2.479806E-18
2.036939E+04	2.371432E-17	2.469675E-18
2.040939E+04	2.353604E-17	2.457798E-18
2.044939E+04	2.334207E-17	2.444134E-18
2.048939E+04	2.313251E-17	2.428682E-18
2.052939E+04	2.290777E-17	2.411472E-18
2.056939E+04	2.266861E-17	2.392575E-18
2.060939E+04	2.241598E-17	2.372080E-18
2.064939E+04	2.215104E-17	2.350100E-18
2.068939E+04	2.187508E-17	2.326764E-18
2.072939E+04	2.158943E-17	2.302209E-18
2.076939E+04	2.129554E-17	2.276580E-18
2.080939E+04	2.099484E-17	2.250029E-18
2.084939E+04	2.068881E-17	2.222710E-18
2.088939E+04	2.037900E-17	2.194787E-18
2.092939E+04	2.006697E-17	2.166428E-18
2.096939E+04	1.975433E-17	2.137807E-18
2.100939E+04	1.944277E-17	2.109110E-18
2.104939E+04	1.913400E-17	2.080524E-18
2.108939E+04	1.882978E-17	2.052246E-18
2.112939E+04	1.853192E-17	2.024478E-18
2.116939E+04	1.824222E-17	1.997424E-18
2.120939E+04	1.796249E-17	1.971291E-18
2.124939E+04	1.769455E-17	1.946287E-18
2.128939E+04	1.744016E-17	1.922619E-18
2.132939E+04	1.720104E-17	1.900485E-18
2.136939E+04	1.697876E-17	1.880073E-18
2.140939E+04	1.677473E-17	1.861552E-18
2.144939E+04	1.659005E-17	1.845059E-18
2.148939E+04	1.642524E-17	1.830666E-18
2.152939E+04	1.627979E-17	1.818333E-18
2.156939E+04	1.615190E-17	1.807871E-18
2.160939E+04	1.603906E-17	1.799011E-18
2.164939E+04	1.593851E-17	1.791455E-18
2.168939E+04	1.584739E-17	1.784890E-18
2.172939E+04	1.576287E-17	1.779005E-18
2.176939E+04	1.568230E-17	1.773502E-18
2.180939E+04	1.560316E-17	1.768100E-18
2.184939E+04	1.552322E-17	1.762548E-18
2.188939E+04	1.544050E-17	1.756619E-18
2.192939E+04	1.535332E-17	1.750121E-18
2.196939E+04	1.526032E-17	1.742896E-18
2.200939E+04	1.516047E-17	1.734822E-18
2.204939E+04	1.505303E-17	1.725811E-18
2.208939E+04	1.493758E-17	1.715810E-18
2.212939E+04	1.481398E-17	1.704798E-18
2.216939E+04	1.468239E-17	1.692788E-18
2.220939E+04	1.454319E-17	1.679823E-18
2.224939E+04	1.439707E-17	1.665973E-18
2.228939E+04	1.424486E-17	1.651336E-18
2.232939E+04	1.408760E-17	1.636025E-18
2.236939E+04	1.392644E-17	1.620176E-18
2.240939E+04	1.376268E-17	1.603934E-18
2.244939E+04	1.359762E-17	1.587454E-18
2.248939E+04	1.343267E-17	1.570898E-18
2.252939E+04	1.326919E-17	1.554429E-18
2.256939E+04	1.310853E-17	1.538205E-18
2.260939E+04	1.295202E-17	1.522385E-18
2.264939E+04	1.280087E-17	1.507115E-18
2.268939E+04	1.265623E-17	1.492535E-18
2.272939E+04	1.251915E-17	1.478773E-18
2.276939E+04	1.239053E-17	1.465940E-18
2.280939E+04	1.227116E-17	1.454135E-18
2.284939E+04	1.216170E-17	1.443444E-18
2.288939E+04	1.206267E-17	1.433933E-18
2.292939E+04	1.197448E-17	1.425658E-18
2.296939E+04	1.189741E-17	1.418658E-18
2.300939E+04	1.183163E-17	1.412961E-18
2.304939E+04	1.177723E-17	1.408583E-18
2.308939E+04	1.173417E-17	1.405528E-18
2.312939E+04	1.170242E-17	1.403795E-18
2.316939E+04	1.168180E-17	1.403372E-18
2.320939E+04	1.167215E-17	1.404243E-18
2.324939E+04	1.167324E-17	1.406390E-18
2.328939E+04	1.168483E-17	1.409784E-18
2.332939E+04	1.170664E-17	1.414403E-18
2.336939E+04	1.173840E-17	1.420213E-18
2.340939E+04	1.177977E-17	1.427183E-18
2.344939E+04	1.183045E-17	1.435280E-18
2.348939E+04	1.189009E-17	1.444464E-18
2.352939E+04	1.195832E-17	1.454695E-18
2.356939E+04	1.203475E-17	1.465930E-18
2.360939E+04	1.211894E-17	1.478120E-18
2.364939E+04	1.221050E-17	1.491219E-18
2.368939E+04	1.230894E-17	1.505172E-18
2.372939E+04	1.241382E-17	1.519926E-18
2.376939E+04	1.252464E-17	1.535424E-18
2.380939E+04	1.264091E-17	1.551607E-18
2.384939E+04	1.276209E-17	1.568412E-18
2.388939E+04	1.288768E-17	1.585778E-18
2.392939E+04	1.301711E-17	1.603638E-18
2.396939E+04	1.314986E-17	1.621928E-18
2.400939E+04	1.328537E-17	1.640579E-18
2.404939E+04	1.342311E-17	1.659528E-18
2.408939E+04	1.356253E-17	1.678707E-18
2.412939E+04	1.370312E-17	1.698052E-18
2.416939E+04	1.384434E-17	1.717497E-18
2.420939E+04	1.398570E-17	1.736981E-18
2.424939E+04	1.412671E-17	1.756443E-18
2.428939E+04	1.426692E-17	1.775825E-18
2.432939E+04	1.440590E-17	1.795073E-18
2.436939E+04	1.454324E-17	1.814136E-18
2.440939E+04	1.467860E-17	1.832970E-18
2.444939E+04	1.481166E-17	1.851534E-18
2.448939E+04	1.494213E-17	1.869790E-18
