#wls	flux	fluxerr
3.289393E+03	1.595470E-17	8.178486E-19
3.329393E+03	1.469311E-17	7.497399E-19
3.369393E+03	1.361212E-17	6.913745E-19
3.409393E+03	1.268923E-17	6.414920E-19
3.449393E+03	1.190524E-17	5.990188E-19
3.489393E+03	1.124391E-17	5.630458E-19
3.529393E+03	1.069158E-17	5.328063E-19
3.569393E+03	1.023676E-17	5.076543E-19
3.609393E+03	9.869895E-18	4.870500E-19
3.649393E+03	9.583033E-18	4.705394E-19
3.689393E+03	9.369644E-18	4.577461E-19
3.729393E+03	9.224369E-18	4.483563E-19
3.769393E+03	9.142870E-18	4.421100E-19
3.809393E+03	9.121637E-18	4.387912E-19
3.849393E+03	9.157868E-18	4.382204E-19
3.889393E+03	9.249327E-18	4.402478E-19
3.929393E+03	9.394177E-18	4.447441E-19
3.969393E+03	9.590826E-18	4.515931E-19
4.009393E+03	9.837807E-18	4.606856E-19
4.049393E+03	1.013365E-17	4.719133E-19
4.089393E+03	1.047681E-17	4.851662E-19
4.129393E+03	1.086555E-17	5.003261E-19
4.169393E+03	1.129786E-17	5.172639E-19
4.209393E+03	1.177134E-17	5.358344E-19
4.249393E+03	1.228312E-17	5.558750E-19
4.289393E+03	1.282986E-17	5.772024E-19
4.329393E+03	1.340763E-17	5.996116E-19
4.369393E+03	1.401189E-17	6.228750E-19
4.409393E+03	1.463754E-17	6.467440E-19
4.449393E+03	1.527908E-17	6.709582E-19
4.489393E+03	1.593085E-17	6.952566E-19
4.529393E+03	1.658728E-17	7.193879E-19
4.569393E+03	1.724318E-17	7.431235E-19
4.609393E+03	1.789426E-17	7.662782E-19
4.649393E+03	1.853758E-17	7.887312E-19
4.689393E+03	1.917223E-17	8.104484E-19
4.729393E+03	1.979966E-17	8.314978E-19
4.769393E+03	2.042353E-17	8.520369E-19
4.809393E+03	2.104818E-17	8.722491E-19
4.849393E+03	2.167470E-17	8.921772E-19
4.889393E+03	2.229877E-17	9.116436E-19
4.929393E+03	2.291241E-17	9.303261E-19
4.969393E+03	2.350690E-17	9.478818E-19
5.009393E+03	2.407401E-17	9.639970E-19
5.049393E+03	2.460619E-17	9.783944E-19
5.089393E+03	2.509644E-17	9.908267E-19
5.129393E+03	2.553834E-17	1.001078E-18
5.169393E+03	2.592638E-17	1.008976E-18
5.209393E+03	2.625620E-17	1.014396E-18
5.249393E+03	2.652459E-17	1.017266E-18
5.289393E+03	2.672987E-17	1.017575E-18
5.329393E+03	2.687253E-17	1.015396E-18
5.369393E+03	2.695547E-17	1.010891E-18
5.409393E+03	2.698436E-17	1.004324E-18
5.449393E+03	2.696778E-17	9.960583E-19
5.489393E+03	2.691721E-17	9.865545E-19
5.529393E+03	2.684635E-17	9.763411E-19
5.569393E+03	2.677038E-17	9.659849E-19
5.609393E+03	2.670530E-17	9.560642E-19
5.649393E+03	2.666704E-17	9.471370E-19
5.689393E+03	2.666987E-17	9.396851E-19
5.729393E+03	2.672515E-17	9.340717E-19
5.769393E+03	2.684134E-17	9.305478E-19
5.809393E+03	2.702480E-17	9.292824E-19
5.849393E+03	2.728032E-17	9.303840E-19
5.889393E+03	2.761138E-17	9.339116E-19
5.929393E+03	2.802003E-17	9.398730E-19
5.969393E+03	2.850683E-17	9.482245E-19
6.009393E+03	2.907054E-17	9.588635E-19
6.049393E+03	2.970787E-17	9.716213E-19
6.089393E+03	3.041267E-17	9.862415E-19
6.129393E+03	3.117504E-17	1.002355E-18
6.169393E+03	3.198057E-17	1.019460E-18
6.209393E+03	3.280999E-17	1.036918E-18
6.249393E+03	3.364126E-17	1.054025E-18
6.289393E+03	3.445528E-17	1.070194E-18
6.329393E+03	3.523671E-17	1.084974E-18
6.369393E+03	3.597100E-17	1.097953E-18
6.409393E+03	3.664433E-17	1.108759E-18
6.449393E+03	3.724670E-17	1.117148E-18
6.489393E+03	3.777874E-17	1.123200E-18
6.529393E+03	3.825305E-17	1.127349E-18
6.569393E+03	3.868745E-17	1.130167E-18
6.609393E+03	3.910209E-17	1.132270E-18
6.649393E+03	3.951720E-17	1.134257E-18
6.689393E+03	3.995112E-17	1.136654E-18
6.729393E+03	4.041869E-17	1.139869E-18
6.769393E+03	4.093082E-17	1.144185E-18
6.809393E+03	4.149398E-17	1.149752E-18
6.849393E+03	4.210933E-17	1.156572E-18
6.889393E+03	4.277211E-17	1.164480E-18
6.929393E+03	4.347230E-17	1.173181E-18
6.969393E+03	4.419621E-17	1.182286E-18
7.009393E+03	4.492787E-17	1.191365E-18
7.049393E+03	4.565069E-17	1.199982E-18
7.089393E+03	4.634824E-17	1.207726E-18
7.129393E+03	4.700534E-17	1.214229E-18
7.169393E+03	4.760921E-17	1.219202E-18
7.209393E+03	4.815031E-17	1.222446E-18
7.249393E+03	4.862225E-17	1.223852E-18
7.289393E+03	4.902067E-17	1.223365E-18
7.329393E+03	4.934250E-17	1.220966E-18
7.369393E+03	4.958752E-17	1.216706E-18
7.409393E+03	4.976194E-17	1.210793E-18
7.449393E+03	4.988222E-17	1.203677E-18
7.489393E+03	4.997698E-17	1.196083E-18
7.529393E+03	5.008657E-17	1.188993E-18
7.569393E+03	5.026113E-17	1.183587E-18
7.609393E+03	5.055687E-17	1.181154E-18
7.649393E+03	5.102584E-17	1.182842E-18
7.689393E+03	5.168902E-17	1.189058E-18
7.729393E+03	5.250515E-17	1.198770E-18
7.769393E+03	5.339865E-17	1.210205E-18
7.809393E+03	5.428571E-17	1.221454E-18
7.849393E+03	5.508804E-17	1.230792E-18
7.889393E+03	5.574888E-17	1.237013E-18
7.929393E+03	5.623656E-17	1.239495E-18
7.969393E+03	5.653721E-17	1.238014E-18
8.009393E+03	5.665160E-17	1.232672E-18
8.049393E+03	5.659417E-17	1.223859E-18
8.089393E+03	5.639024E-17	1.212186E-18
8.129393E+03	5.607227E-17	1.198401E-18
8.169393E+03	5.567540E-17	1.183289E-18
8.209393E+03	5.523242E-17	1.167566E-18
8.249393E+03	5.476971E-17	1.151799E-18
8.289393E+03	5.430699E-17	1.136402E-18
8.329393E+03	5.385981E-17	1.121696E-18
8.369393E+03	5.344032E-17	1.107923E-18
8.409393E+03	5.305468E-17	1.095202E-18
8.449393E+03	5.270225E-17	1.083510E-18
8.489393E+03	5.237665E-17	1.072707E-18
8.529393E+03	5.206852E-17	1.062597E-18
8.569393E+03	5.176918E-17	1.053002E-18
8.609393E+03	5.147264E-17	1.043800E-18
8.649393E+03	5.117622E-17	1.034941E-18
8.689393E+03	5.088079E-17	1.026445E-18
8.729393E+03	5.059150E-17	1.018420E-18
8.769393E+03	5.031795E-17	1.011061E-18
8.809393E+03	5.007273E-17	1.004626E-18
8.849393E+03	4.986974E-17	9.993954E-19
8.889393E+03	4.972357E-17	9.956658E-19
8.929393E+03	4.964859E-17	9.937308E-19
8.969393E+03	4.965749E-17	9.938524E-19
9.009393E+03	4.976011E-17	9.962400E-19
9.049393E+03	4.996276E-17	1.001037E-18
9.089393E+03	5.026615E-17	1.008279E-18
9.129393E+03	5.066242E-17	1.017837E-18
9.169393E+03	5.113424E-17	1.029393E-18
9.209393E+03	5.166101E-17	1.042567E-18
9.249393E+03	5.223309E-17	1.057197E-18
9.289393E+03	5.284857E-17	1.073269E-18
9.329393E+03	5.350427E-17	1.090745E-18
9.369393E+03	5.419328E-17	1.109507E-18
9.409393E+03	5.490502E-17	1.129366E-18
9.449393E+03	5.562584E-17	1.150061E-18
9.489393E+03	5.634074E-17	1.171303E-18
9.529393E+03	5.703538E-17	1.192806E-18
9.569393E+03	5.769763E-17	1.214324E-18
9.609393E+03	5.831879E-17	1.235676E-18
9.649393E+03	5.889536E-17	1.256784E-18
9.689393E+03	5.942973E-17	1.277690E-18
9.729393E+03	5.993028E-17	1.298570E-18
9.769393E+03	6.041201E-17	1.319742E-18
9.809393E+03	6.089738E-17	1.341703E-18
9.849393E+03	6.141561E-17	1.365113E-18
9.889393E+03	6.199840E-17	1.390715E-18
9.929393E+03	6.266945E-17	1.419094E-18
9.969393E+03	6.342628E-17	1.450259E-18
1.000939E+04	6.424332E-17	1.483671E-18
1.004939E+04	6.508706E-17	1.518587E-18
1.008939E+04	6.592621E-17	1.554284E-18
1.012939E+04	6.673541E-17	1.590149E-18
1.016939E+04	6.749677E-17	1.625720E-18
1.020939E+04	6.819972E-17	1.660695E-18
1.024939E+04	6.883877E-17	1.694883E-18
1.028939E+04	6.941109E-17	1.728148E-18
1.032939E+04	6.991561E-17	1.760397E-18
1.036939E+04	7.035493E-17	1.791623E-18
1.040939E+04	7.073821E-17	1.821990E-18
1.044939E+04	7.108404E-17	1.851920E-18
1.048939E+04	7.141756E-17	1.882024E-18
1.052939E+04	7.175782E-17	1.912783E-18
1.056939E+04	7.211062E-17	1.944345E-18
1.060939E+04	7.247090E-17	1.976568E-18
1.064939E+04	7.282672E-17	2.009114E-18
1.068939E+04	7.316091E-17	2.041487E-18
1.072939E+04	7.345241E-17	2.073056E-18
1.076939E+04	7.367790E-17	2.103102E-18
1.080939E+04	7.381356E-17	2.130858E-18
1.084939E+04	7.383761E-17	2.155588E-18
1.088939E+04	7.373233E-17	2.176645E-18
1.092939E+04	7.348493E-17	2.193506E-18
1.096939E+04	7.308851E-17	2.205807E-18
1.100939E+04	7.254149E-17	2.213340E-18
1.104939E+04	7.184626E-17	2.216014E-18
1.108939E+04	7.101018E-17	2.213898E-18
1.112939E+04	7.004685E-17	2.207266E-18
1.116939E+04	6.897451E-17	2.196559E-18
1.120939E+04	6.781376E-17	2.182321E-18
1.124939E+04	6.658565E-17	2.165136E-18
1.128939E+04	6.531040E-17	2.145591E-18
1.132939E+04	6.400723E-17	2.124268E-18
1.136939E+04	6.269449E-17	2.101748E-18
1.140939E+04	6.138950E-17	2.078599E-18
1.144939E+04	6.010828E-17	2.055373E-18
1.148939E+04	5.886507E-17	2.032580E-18
1.152939E+04	5.767209E-17	2.010679E-18
1.156939E+04	5.654001E-17	1.990094E-18
1.160939E+04	5.547838E-17	1.971222E-18
1.164939E+04	5.449572E-17	1.954436E-18
1.168939E+04	5.359965E-17	1.940090E-18
1.172939E+04	5.279720E-17	1.928523E-18
1.176939E+04	5.209455E-17	1.920056E-18
1.180939E+04	5.149608E-17	1.914948E-18
1.184939E+04	5.100397E-17	1.913382E-18
1.188939E+04	5.061824E-17	1.915464E-18
1.192939E+04	5.033671E-17	1.921212E-18
1.196939E+04	5.015482E-17	1.930550E-18
1.200939E+04	5.006509E-17	1.943284E-18
1.204939E+04	5.005676E-17	1.959079E-18
1.208939E+04	5.011526E-17	1.977438E-18
1.212939E+04	5.022204E-17	1.997684E-18
1.216939E+04	5.035491E-17	2.018971E-18
1.220939E+04	5.048839E-17	2.040292E-18
1.224939E+04	5.059400E-17	2.060485E-18
1.228939E+04	5.064079E-17	2.078251E-18
1.232939E+04	5.059622E-17	2.092187E-18
1.236939E+04	5.042735E-17	2.100834E-18
1.240939E+04	5.010298E-17	2.102768E-18
1.244939E+04	4.959780E-17	2.096773E-18
1.248939E+04	4.890152E-17	2.082248E-18
1.252939E+04	4.802925E-17	2.059667E-18
1.256939E+04	4.701587E-17	2.030379E-18
1.260939E+04	4.590304E-17	1.996075E-18
1.264939E+04	4.473230E-17	1.958487E-18
1.268939E+04	4.354198E-17	1.919259E-18
1.272939E+04	4.236585E-17	1.879879E-18
1.276939E+04	4.123254E-17	1.841642E-18
1.280939E+04	4.016544E-17	1.805645E-18
1.284939E+04	3.918284E-17	1.772776E-18
1.288939E+04	3.829827E-17	1.743732E-18
1.292939E+04	3.752079E-17	1.719015E-18
1.296939E+04	3.685566E-17	1.698963E-18
1.300939E+04	3.630509E-17	1.683779E-18
1.304939E+04	3.586877E-17	1.673546E-18
1.308939E+04	3.554414E-17	1.668243E-18
1.312939E+04	3.532653E-17	1.667743E-18
1.316939E+04	3.520955E-17	1.671833E-18
1.320939E+04	3.518568E-17	1.680236E-18
1.324939E+04	3.524692E-17	1.692643E-18
1.328939E+04	3.538473E-17	1.708710E-18
1.332939E+04	3.558991E-17	1.728052E-18
1.336939E+04	3.585262E-17	1.750240E-18
1.340939E+04	3.616247E-17	1.774807E-18
1.344939E+04	3.650875E-17	1.801261E-18
1.348939E+04	3.688083E-17	1.829100E-18
1.352939E+04	3.726842E-17	1.857829E-18
1.356939E+04	3.766158E-17	1.886960E-18
1.360939E+04	3.805064E-17	1.916007E-18
1.364939E+04	3.842612E-17	1.944485E-18
1.368939E+04	3.877889E-17	1.971918E-18
1.372939E+04	3.910041E-17	1.997851E-18
1.376939E+04	3.938312E-17	2.021870E-18
1.380939E+04	3.962097E-17	2.043633E-18
1.384939E+04	3.980972E-17	2.062888E-18
1.388939E+04	3.994675E-17	2.079462E-18
1.392939E+04	4.003087E-17	2.093254E-18
1.396939E+04	4.006216E-17	2.104231E-18
1.400939E+04	4.004181E-17	2.112420E-18
1.404939E+04	3.997187E-17	2.117893E-18
1.408939E+04	3.985504E-17	2.120760E-18
1.412939E+04	3.969459E-17	2.121166E-18
1.416939E+04	3.949435E-17	2.119287E-18
1.420939E+04	3.925875E-17	2.115337E-18
1.424939E+04	3.899271E-17	2.109560E-18
1.428939E+04	3.870167E-17	2.102233E-18
1.432939E+04	3.839177E-17	2.093677E-18
1.436939E+04	3.806942E-17	2.084233E-18
1.440939E+04	3.774101E-17	2.074245E-18
1.444939E+04	3.741283E-17	2.064060E-18
1.448939E+04	3.709120E-17	2.054029E-18
1.452939E+04	3.678241E-17	2.044509E-18
1.456939E+04	3.649254E-17	2.035849E-18
1.460939E+04	3.622718E-17	2.028374E-18
1.464939E+04	3.599157E-17	2.022397E-18
1.468939E+04	3.579074E-17	2.018220E-18
1.472939E+04	3.562905E-17	2.016112E-18
1.476939E+04	3.550962E-17	2.016275E-18
1.480939E+04	3.543420E-17	2.018834E-18
1.484939E+04	3.540327E-17	2.023842E-18
1.488939E+04	3.541602E-17	2.031280E-18
1.492939E+04	3.547027E-17	2.041047E-18
1.496939E+04	3.556242E-17	2.052958E-18
1.500939E+04	3.568763E-17	2.066754E-18
1.504939E+04	3.584033E-17	2.082131E-18
1.508939E+04	3.601444E-17	2.098746E-18
1.512939E+04	3.620367E-17	2.116245E-18
1.516939E+04	3.640180E-17	2.134270E-18
1.520939E+04	3.660235E-17	2.152443E-18
1.524939E+04	3.679860E-17	2.170371E-18
1.528939E+04	3.698396E-17	2.187658E-18
1.532939E+04	3.715240E-17	2.203942E-18
1.536939E+04	3.729909E-17	2.218926E-18
1.540939E+04	3.742048E-17	2.232387E-18
1.544939E+04	3.751444E-17	2.244185E-18
1.548939E+04	3.758021E-17	2.254260E-18
1.552939E+04	3.761824E-17	2.262626E-18
1.556939E+04	3.762951E-17	2.269329E-18
1.560939E+04	3.761511E-17	2.274421E-18
1.564939E+04	3.757579E-17	2.277937E-18
1.568939E+04	3.751215E-17	2.279903E-18
1.572939E+04	3.742478E-17	2.280343E-18
1.576939E+04	3.731408E-17	2.279271E-18
1.580939E+04	3.718043E-17	2.276703E-18
1.584939E+04	3.702437E-17	2.272660E-18
1.588939E+04	3.684654E-17	2.267173E-18
1.592939E+04	3.664732E-17	2.260258E-18
1.596939E+04	3.642626E-17	2.251880E-18
1.600939E+04	3.618166E-17	2.241923E-18
1.604939E+04	3.591041E-17	2.230187E-18
1.608939E+04	3.560793E-17	2.216378E-18
1.612939E+04	3.526830E-17	2.200113E-18
1.616939E+04	3.488436E-17	2.180933E-18
1.620939E+04	3.444876E-17	2.158361E-18
1.624939E+04	3.395659E-17	2.132069E-18
1.628939E+04	3.341050E-17	2.102204E-18
1.632939E+04	3.282255E-17	2.069508E-18
1.636939E+04	3.220876E-17	2.034980E-18
1.640939E+04	3.158500E-17	1.999616E-18
1.644939E+04	3.096517E-17	1.964299E-18
1.648939E+04	3.036031E-17	1.929734E-18
1.652939E+04	2.977838E-17	1.896437E-18
1.656939E+04	2.922463E-17	1.864753E-18
1.660939E+04	2.870218E-17	1.834895E-18
1.664939E+04	2.821251E-17	1.806972E-18
1.668939E+04	2.775565E-17	1.781001E-18
1.672939E+04	2.733037E-17	1.756915E-18
1.676939E+04	2.693465E-17	1.734598E-18
1.680939E+04	2.656608E-17	1.713906E-18
1.684939E+04	2.622217E-17	1.694689E-18
1.688939E+04	2.590034E-17	1.676791E-18
1.692939E+04	2.559812E-17	1.660059E-18
1.696939E+04	2.531300E-17	1.644340E-18
1.700939E+04	2.504252E-17	1.629479E-18
1.704939E+04	2.478442E-17	1.615337E-18
1.708939E+04	2.453669E-17	1.601786E-18
1.712939E+04	2.429766E-17	1.588722E-18
1.716939E+04	2.406583E-17	1.576050E-18
1.720939E+04	2.384000E-17	1.563695E-18
1.724939E+04	2.361950E-17	1.551617E-18
1.728939E+04	2.340414E-17	1.539804E-18
1.732939E+04	2.319412E-17	1.528274E-18
1.736939E+04	2.299001E-17	1.517066E-18
1.740939E+04	2.279270E-17	1.506241E-18
1.744939E+04	2.260358E-17	1.495895E-18
1.748939E+04	2.242439E-17	1.486145E-18
1.752939E+04	2.225706E-17	1.477125E-18
1.756939E+04	2.210375E-17	1.468980E-18
1.760939E+04	2.196664E-17	1.461862E-18
1.764939E+04	2.184790E-17	1.455920E-18
1.768939E+04	2.174971E-17	1.451304E-18
1.772939E+04	2.167419E-17	1.448163E-18
1.776939E+04	2.162346E-17	1.446644E-18
1.780939E+04	2.159921E-17	1.446868E-18
1.784939E+04	2.160279E-17	1.448932E-18
1.788939E+04	2.163499E-17	1.452898E-18
1.792939E+04	2.169609E-17	1.458789E-18
1.796939E+04	2.178569E-17	1.466588E-18
1.800939E+04	2.190271E-17	1.476228E-18
1.804939E+04	2.204549E-17	1.487603E-18
1.808939E+04	2.221195E-17	1.500580E-18
1.812939E+04	2.239987E-17	1.515013E-18
1.816939E+04	2.260672E-17	1.530735E-18
1.820939E+04	2.282951E-17	1.547549E-18
1.824939E+04	2.306497E-17	1.565235E-18
1.828939E+04	2.330958E-17	1.583556E-18
1.832939E+04	2.355963E-17	1.602263E-18
1.836939E+04	2.381120E-17	1.621088E-18
1.840939E+04	2.406036E-17	1.639764E-18
1.844939E+04	2.430336E-17	1.658033E-18
1.848939E+04	2.453673E-17	1.675659E-18
1.852939E+04	2.475747E-17	1.692432E-18
1.856939E+04	2.496302E-17	1.708175E-18
1.860939E+04	2.515099E-17	1.722721E-18
1.864939E+04	2.531902E-17	1.735905E-18
1.868939E+04	2.546495E-17	1.747573E-18
1.872939E+04	2.558689E-17	1.757592E-18
1.876939E+04	2.568360E-17	1.765871E-18
1.880939E+04	2.575451E-17	1.772368E-18
1.884939E+04	2.579949E-17	1.777067E-18
1.888939E+04	2.581860E-17	1.779969E-18
1.892939E+04	2.581217E-17	1.781091E-18
1.896939E+04	2.578089E-17	1.780478E-18
1.900939E+04	2.572595E-17	1.778207E-18
1.904939E+04	2.564904E-17	1.774390E-18
1.908939E+04	2.555256E-17	1.769192E-18
1.912939E+04	2.543958E-17	1.762821E-18
1.916939E+04	2.531375E-17	1.755529E-18
1.920939E+04	2.517886E-17	1.747576E-18
1.924939E+04	2.503872E-17	1.739227E-18
1.928939E+04	2.489710E-17	1.730744E-18
1.932939E+04	2.475770E-17	1.722384E-18
1.936939E+04	2.462400E-17	1.714389E-18
1.940939E+04	2.449903E-17	1.706973E-18
1.944939E+04	2.438520E-17	1.700306E-18
1.948939E+04	2.428429E-17	1.694514E-18
1.952939E+04	2.419750E-17	1.689682E-18
1.956939E+04	2.412550E-17	1.685862E-18
1.960939E+04	2.406862E-17	1.683077E-18
1.964939E+04	2.402677E-17	1.681325E-18
1.968939E+04	2.399924E-17	1.680558E-18
1.972939E+04	2.398466E-17	1.680683E-18
1.976939E+04	2.398107E-17	1.681564E-18
1.980939E+04	2.398615E-17	1.683041E-18
1.984939E+04	2.399738E-17	1.684936E-18
1.988939E+04	2.401224E-17	1.687076E-18
1.992939E+04	2.402842E-17	1.689298E-18
1.996939E+04	2.404379E-17	1.691453E-18
2.000939E+04	2.405645E-17	1.693407E-18
2.004939E+04	2.406460E-17	1.695033E-18
2.008939E+04	2.406636E-17	1.696197E-18
2.012939E+04	2.405975E-17	1.696761E-18
2.016939E+04	2.404265E-17	1.696574E-18
2.020939E+04	2.401279E-17	1.695474E-18
2.024939E+04	2.396764E-17	1.693281E-18
2.028939E+04	2.390467E-17	1.689814E-18
2.032939E+04	2.382156E-17	1.684909E-18
2.036939E+04	2.371663E-17	1.678443E-18
2.040939E+04	2.358909E-17	1.670359E-18
2.044939E+04	2.343931E-17	1.660679E-18
2.048939E+04	2.326887E-17	1.649515E-18
2.052939E+04	2.308026E-17	1.637041E-18
2.056939E+04	2.287653E-17	1.623471E-18
2.060939E+04	2.266076E-17	1.609023E-18
2.064939E+04	2.243582E-17	1.593900E-18
2.068939E+04	2.220422E-17	1.578279E-18
2.072939E+04	2.196802E-17	1.562307E-18
2.076939E+04	2.172869E-17	1.546089E-18
2.080939E+04	2.148717E-17	1.529691E-18
2.084939E+04	2.124406E-17	1.513155E-18
2.088939E+04	2.099988E-17	1.496521E-18
2.092939E+04	2.075519E-17	1.479827E-18
2.096939E+04	2.051063E-17	1.463120E-18
2.100939E+04	2.026700E-17	1.446457E-18
2.104939E+04	2.002534E-17	1.429913E-18
2.108939E+04	1.978671E-17	1.413563E-18
2.112939E+04	1.955208E-17	1.397479E-18
2.116939E+04	1.932225E-17	1.381718E-18
2.120939E+04	1.909784E-17	1.366326E-18
2.124939E+04	1.887945E-17	1.351346E-18
2.128939E+04	1.866794E-17	1.336840E-18
2.132939E+04	1.846452E-17	1.322896E-18
2.136939E+04	1.827082E-17	1.309632E-18
2.140939E+04	1.808895E-17	1.297200E-18
2.144939E+04	1.792133E-17	1.285776E-18
2.148939E+04	1.777018E-17	1.275520E-18
2.152939E+04	1.763619E-17	1.266483E-18
2.156939E+04	1.751771E-17	1.258550E-18
2.160939E+04	1.741198E-17	1.251521E-18
2.164939E+04	1.731592E-17	1.245178E-18
2.168939E+04	1.722656E-17	1.239308E-18
2.172939E+04	1.714104E-17	1.233706E-18
2.176939E+04	1.705660E-17	1.228174E-18
2.180939E+04	1.697071E-17	1.222528E-18
2.184939E+04	1.688100E-17	1.216599E-18
2.188939E+04	1.678550E-17	1.210244E-18
2.192939E+04	1.668271E-17	1.203354E-18
2.196939E+04	1.657163E-17	1.195857E-18
2.200939E+04	1.645157E-17	1.187702E-18
2.204939E+04	1.632186E-17	1.178840E-18
2.208939E+04	1.618187E-17	1.169224E-18
2.212939E+04	1.603127E-17	1.158830E-18
2.216939E+04	1.587013E-17	1.147662E-18
2.220939E+04	1.569893E-17	1.135754E-18
2.224939E+04	1.551841E-17	1.123158E-18
2.228939E+04	1.532962E-17	1.109950E-18
2.232939E+04	1.513389E-17	1.096226E-18
2.236939E+04	1.493274E-17	1.082095E-18
2.240939E+04	1.472788E-17	1.067680E-18
2.244939E+04	1.452105E-17	1.053108E-18
2.248939E+04	1.431401E-17	1.038507E-18
2.252939E+04	1.410859E-17	1.024008E-18
2.256939E+04	1.390660E-17	1.009744E-18
2.260939E+04	1.370986E-17	9.958486E-19
2.264939E+04	1.352015E-17	9.824496E-19
2.268939E+04	1.333906E-17	9.696643E-19
2.272939E+04	1.316803E-17	9.575984E-19
2.276939E+04	1.300837E-17	9.463478E-19
2.280939E+04	1.286124E-17	9.359982E-19
2.284939E+04	1.272751E-17	9.266139E-19
2.288939E+04	1.260764E-17	9.182292E-19
2.292939E+04	1.250170E-17	9.108513E-19
2.296939E+04	1.240971E-17	9.044815E-19
2.300939E+04	1.233164E-17	8.991200E-19
2.304939E+04	1.226733E-17	8.947556E-19
2.308939E+04	1.221628E-17	8.913538E-19
2.312939E+04	1.217785E-17	8.888677E-19
2.316939E+04	1.215137E-17	8.872501E-19
2.320939E+04	1.213626E-17	8.864602E-19
2.324939E+04	1.213202E-17	8.864609E-19
2.328939E+04	1.213818E-17	8.872194E-19
2.332939E+04	1.215434E-17	8.887080E-19
2.336939E+04	1.218014E-17	8.909001E-19
2.340939E+04	1.221524E-17	8.937716E-19
2.344939E+04	1.225925E-17	8.972948E-19
2.348939E+04	1.231172E-17	9.014379E-19
2.352939E+04	1.237215E-17	9.061648E-19
2.356939E+04	1.243992E-17	9.114294E-19
2.360939E+04	1.251434E-17	9.171828E-19
2.364939E+04	1.259470E-17	9.233730E-19
2.368939E+04	1.268031E-17	9.299506E-19
2.372939E+04	1.277054E-17	9.368686E-19
2.376939E+04	1.286475E-17	9.440804E-19
2.380939E+04	1.296231E-17	9.515402E-19
2.384939E+04	1.306259E-17	9.592027E-19
2.388939E+04	1.316497E-17	9.670214E-19
2.392939E+04	1.326877E-17	9.749470E-19
2.396939E+04	1.337331E-17	9.829292E-19
2.400939E+04	1.347785E-17	9.909143E-19
2.404939E+04	1.358163E-17	9.988454E-19
2.408939E+04	1.368383E-17	1.006663E-18
2.412939E+04	1.378363E-17	1.014306E-18
2.416939E+04	1.388019E-17	1.021712E-18
2.420939E+04	1.397275E-17	1.028826E-18
2.424939E+04	1.406070E-17	1.035602E-18
2.428939E+04	1.414361E-17	1.042008E-18
2.432939E+04	1.422120E-17	1.048023E-18
2.436939E+04	1.429336E-17	1.053638E-18
2.440939E+04	1.436006E-17	1.058852E-18
2.444939E+04	1.442143E-17	1.063673E-18
2.448939E+04	1.447769E-17	1.068118E-18
