#wls	flux	fluxerr
3.289393E+03	1.322167E-17	2.288633E-18
3.329393E+03	1.265029E-17	2.184598E-18
3.369393E+03	1.213113E-17	2.090001E-18
3.409393E+03	1.166016E-17	2.004090E-18
3.449393E+03	1.123380E-17	1.926192E-18
3.489393E+03	1.084888E-17	1.855715E-18
3.529393E+03	1.050258E-17	1.792128E-18
3.569393E+03	1.019241E-17	1.734961E-18
3.609393E+03	9.916149E-18	1.683793E-18
3.649393E+03	9.671868E-18	1.638258E-18
3.689393E+03	9.457821E-18	1.598021E-18
3.729393E+03	9.272461E-18	1.562785E-18
3.769393E+03	9.114391E-18	1.532281E-18
3.809393E+03	8.982342E-18	1.506260E-18
3.849393E+03	8.875186E-18	1.484504E-18
3.889393E+03	8.791945E-18	1.466816E-18
3.929393E+03	8.731763E-18	1.453026E-18
3.969393E+03	8.693868E-18	1.442975E-18
4.009393E+03	8.677559E-18	1.436520E-18
4.049393E+03	8.682194E-18	1.433527E-18
4.089393E+03	8.707183E-18	1.433871E-18
4.129393E+03	8.751993E-18	1.437440E-18
4.169393E+03	8.816154E-18	1.444131E-18
4.209393E+03	8.899225E-18	1.453847E-18
4.249393E+03	9.000780E-18	1.466493E-18
4.289393E+03	9.120423E-18	1.481981E-18
4.329393E+03	9.257770E-18	1.500226E-18
4.369393E+03	9.412402E-18	1.521136E-18
4.409393E+03	9.583812E-18	1.544607E-18
4.449393E+03	9.771363E-18	1.570515E-18
4.489393E+03	9.974281E-18	1.598716E-18
4.529393E+03	1.019166E-17	1.629043E-18
4.569393E+03	1.042252E-17	1.661321E-18
4.609393E+03	1.066572E-17	1.695353E-18
4.649393E+03	1.091998E-17	1.730918E-18
4.689393E+03	1.118381E-17	1.767768E-18
4.729393E+03	1.145554E-17	1.805626E-18
4.769393E+03	1.173323E-17	1.844181E-18
4.809393E+03	1.201478E-17	1.883091E-18
4.849393E+03	1.229798E-17	1.922012E-18
4.889393E+03	1.258101E-17	1.960654E-18
4.929393E+03	1.286241E-17	1.998796E-18
4.969393E+03	1.314076E-17	2.036219E-18
5.009393E+03	1.341457E-17	2.072698E-18
5.049393E+03	1.368226E-17	2.107993E-18
5.089393E+03	1.394209E-17	2.141848E-18
5.129393E+03	1.419231E-17	2.174004E-18
5.169393E+03	1.443111E-17	2.204200E-18
5.209393E+03	1.465674E-17	2.232184E-18
5.249393E+03	1.486759E-17	2.257727E-18
5.289393E+03	1.506222E-17	2.280635E-18
5.329393E+03	1.523957E-17	2.300766E-18
5.369393E+03	1.539887E-17	2.318031E-18
5.409393E+03	1.553983E-17	2.332407E-18
5.449393E+03	1.566253E-17	2.343935E-18
5.489393E+03	1.576762E-17	2.352734E-18
5.529393E+03	1.585620E-17	2.358992E-18
5.569393E+03	1.592981E-17	2.362960E-18
5.609393E+03	1.599035E-17	2.364938E-18
5.649393E+03	1.603999E-17	2.365267E-18
5.689393E+03	1.608102E-17	2.364295E-18
5.729393E+03	1.611563E-17	2.362357E-18
5.769393E+03	1.614585E-17	2.359758E-18
5.809393E+03	1.617348E-17	2.356767E-18
5.849393E+03	1.620012E-17	2.353621E-18
5.889393E+03	1.622707E-17	2.350511E-18
5.929393E+03	1.625533E-17	2.347580E-18
5.969393E+03	1.628553E-17	2.344920E-18
6.009393E+03	1.631802E-17	2.342578E-18
6.049393E+03	1.635283E-17	2.340557E-18
6.089393E+03	1.638966E-17	2.338814E-18
6.129393E+03	1.642791E-17	2.337258E-18
6.169393E+03	1.646663E-17	2.335758E-18
6.209393E+03	1.650464E-17	2.334145E-18
6.249393E+03	1.654066E-17	2.332242E-18
6.289393E+03	1.657339E-17	2.329870E-18
6.329393E+03	1.660151E-17	2.326848E-18
6.369393E+03	1.662379E-17	2.323012E-18
6.409393E+03	1.663922E-17	2.318231E-18
6.449393E+03	1.664747E-17	2.312468E-18
6.489393E+03	1.664969E-17	2.305892E-18
6.529393E+03	1.664863E-17	2.298890E-18
6.569393E+03	1.664766E-17	2.291928E-18
6.609393E+03	1.665018E-17	2.285471E-18
6.649393E+03	1.665932E-17	2.279940E-18
6.689393E+03	1.667787E-17	2.275709E-18
6.729393E+03	1.670827E-17	2.273096E-18
6.769393E+03	1.675276E-17	2.272390E-18
6.809393E+03	1.681337E-17	2.273847E-18
6.849393E+03	1.689190E-17	2.277688E-18
6.889393E+03	1.698956E-17	2.284056E-18
6.929393E+03	1.710696E-17	2.293007E-18
6.969393E+03	1.724407E-17	2.304513E-18
7.009393E+03	1.740036E-17	2.318479E-18
7.049393E+03	1.757493E-17	2.334763E-18
7.089393E+03	1.776677E-17	2.353207E-18
7.129393E+03	1.797498E-17	2.373673E-18
7.169393E+03	1.819887E-17	2.396049E-18
7.209393E+03	1.843784E-17	2.420238E-18
7.249393E+03	1.869140E-17	2.446160E-18
7.289393E+03	1.895913E-17	2.473738E-18
7.329393E+03	1.924028E-17	2.502861E-18
7.369393E+03	1.953376E-17	2.533373E-18
7.409393E+03	1.983832E-17	2.565094E-18
7.449393E+03	2.015295E-17	2.597882E-18
7.489393E+03	2.047708E-17	2.631654E-18
7.529393E+03	2.081029E-17	2.666344E-18
7.569393E+03	2.115185E-17	2.701849E-18
7.609393E+03	2.150037E-17	2.737983E-18
7.649393E+03	2.185323E-17	2.774403E-18
7.689393E+03	2.220590E-17	2.810535E-18
7.729393E+03	2.255173E-17	2.845541E-18
7.769393E+03	2.288251E-17	2.878393E-18
7.809393E+03	2.318937E-17	2.908000E-18
7.849393E+03	2.346390E-17	2.933339E-18
7.889393E+03	2.369941E-17	2.953616E-18
7.929393E+03	2.389140E-17	2.968315E-18
7.969393E+03	2.403729E-17	2.977168E-18
8.009393E+03	2.413640E-17	2.980145E-18
8.049393E+03	2.418997E-17	2.977455E-18
8.089393E+03	2.420102E-17	2.969519E-18
8.129393E+03	2.417411E-17	2.956946E-18
8.169393E+03	2.411525E-17	2.940511E-18
8.209393E+03	2.403160E-17	2.921123E-18
8.249393E+03	2.393128E-17	2.899795E-18
8.289393E+03	2.382293E-17	2.877590E-18
8.329393E+03	2.371496E-17	2.855532E-18
8.369393E+03	2.361496E-17	2.834532E-18
8.409393E+03	2.352938E-17	2.815353E-18
8.449393E+03	2.346330E-17	2.798587E-18
8.489393E+03	2.342043E-17	2.784654E-18
8.529393E+03	2.340314E-17	2.773810E-18
8.569393E+03	2.341252E-17	2.766158E-18
8.609393E+03	2.344861E-17	2.761674E-18
8.649393E+03	2.351063E-17	2.760240E-18
8.689393E+03	2.359696E-17	2.761639E-18
8.729393E+03	2.370542E-17	2.765593E-18
8.769393E+03	2.383349E-17	2.771789E-18
8.809393E+03	2.397875E-17	2.779926E-18
8.849393E+03	2.413894E-17	2.789731E-18
8.889393E+03	2.431211E-17	2.800965E-18
8.929393E+03	2.449644E-17	2.813410E-18
8.969393E+03	2.469015E-17	2.826854E-18
9.009393E+03	2.489167E-17	2.841115E-18
9.049393E+03	2.509979E-17	2.856052E-18
9.089393E+03	2.531358E-17	2.871559E-18
9.129393E+03	2.553233E-17	2.887554E-18
9.169393E+03	2.575570E-17	2.904002E-18
9.209393E+03	2.598362E-17	2.920897E-18
9.249393E+03	2.621668E-17	2.938307E-18
9.289393E+03	2.645558E-17	2.956311E-18
9.329393E+03	2.670078E-17	2.974960E-18
9.369393E+03	2.695271E-17	2.994302E-18
9.409393E+03	2.721200E-17	3.014405E-18
9.449393E+03	2.747942E-17	3.035353E-18
9.489393E+03	2.775596E-17	3.057254E-18
9.529393E+03	2.804325E-17	3.080286E-18
9.569393E+03	2.834380E-17	3.104721E-18
9.609393E+03	2.866111E-17	3.130936E-18
9.649393E+03	2.899906E-17	3.159349E-18
9.689393E+03	2.936144E-17	3.190361E-18
9.729393E+03	2.975152E-17	3.224317E-18
9.769393E+03	3.017184E-17	3.261477E-18
9.809393E+03	3.062410E-17	3.302010E-18
9.849393E+03	3.110927E-17	3.346006E-18
9.889393E+03	3.162766E-17	3.393488E-18
9.929393E+03	3.217901E-17	3.444414E-18
9.969393E+03	3.276309E-17	3.498748E-18
1.000939E+04	3.337914E-17	3.556393E-18
1.004939E+04	3.402519E-17	3.617122E-18
1.008939E+04	3.469786E-17	3.680561E-18
1.012939E+04	3.539227E-17	3.746184E-18
1.016939E+04	3.610185E-17	3.813289E-18
1.020939E+04	3.681876E-17	3.881045E-18
1.024939E+04	3.753435E-17	3.948548E-18
1.028939E+04	3.823957E-17	4.014855E-18
1.032939E+04	3.892529E-17	4.079021E-18
1.036939E+04	3.958251E-17	4.140127E-18
1.040939E+04	4.020312E-17	4.197347E-18
1.044939E+04	4.078231E-17	4.250208E-18
1.048939E+04	4.132062E-17	4.298796E-18
1.052939E+04	4.182098E-17	4.343443E-18
1.056939E+04	4.228594E-17	4.384436E-18
1.060939E+04	4.271714E-17	4.421972E-18
1.064939E+04	4.311517E-17	4.456131E-18
1.068939E+04	4.347950E-17	4.486880E-18
1.072939E+04	4.380873E-17	4.514095E-18
1.076939E+04	4.410130E-17	4.537638E-18
1.080939E+04	4.435569E-17	4.557373E-18
1.084939E+04	4.457011E-17	4.573137E-18
1.088939E+04	4.474257E-17	4.584746E-18
1.092939E+04	4.487131E-17	4.592044E-18
1.096939E+04	4.495520E-17	4.594935E-18
1.100939E+04	4.499377E-17	4.593393E-18
1.104939E+04	4.498666E-17	4.587401E-18
1.108939E+04	4.493324E-17	4.576914E-18
1.112939E+04	4.483276E-17	4.561875E-18
1.116939E+04	4.468481E-17	4.542260E-18
1.120939E+04	4.448990E-17	4.518139E-18
1.124939E+04	4.424946E-17	4.489672E-18
1.128939E+04	4.396579E-17	4.457107E-18
1.132939E+04	4.364217E-17	4.420789E-18
1.136939E+04	4.328304E-17	4.381178E-18
1.140939E+04	4.289398E-17	4.338846E-18
1.144939E+04	4.248135E-17	4.294445E-18
1.148939E+04	4.205178E-17	4.248647E-18
1.152939E+04	4.161175E-17	4.202110E-18
1.156939E+04	4.116760E-17	4.155474E-18
1.160939E+04	4.072548E-17	4.109361E-18
1.164939E+04	4.029099E-17	4.064333E-18
1.168939E+04	3.986919E-17	4.020902E-18
1.172939E+04	3.946462E-17	3.979523E-18
1.176939E+04	3.908129E-17	3.940600E-18
1.180939E+04	3.872274E-17	3.904490E-18
1.184939E+04	3.839219E-17	3.871518E-18
1.188939E+04	3.809197E-17	3.841923E-18
1.192939E+04	3.782317E-17	3.815817E-18
1.196939E+04	3.758567E-17	3.793195E-18
1.200939E+04	3.737857E-17	3.773971E-18
1.204939E+04	3.720006E-17	3.757970E-18
1.208939E+04	3.704715E-17	3.744904E-18
1.212939E+04	3.691537E-17	3.734327E-18
1.216939E+04	3.679839E-17	3.725611E-18
1.220939E+04	3.668833E-17	3.717966E-18
1.224939E+04	3.657591E-17	3.710463E-18
1.228939E+04	3.645072E-17	3.702047E-18
1.232939E+04	3.630168E-17	3.691594E-18
1.236939E+04	3.611783E-17	3.677984E-18
1.240939E+04	3.588890E-17	3.660155E-18
1.244939E+04	3.560639E-17	3.637201E-18
1.248939E+04	3.526568E-17	3.608601E-18
1.252939E+04	3.486996E-17	3.574628E-18
1.256939E+04	3.442804E-17	3.536127E-18
1.260939E+04	3.395069E-17	3.494155E-18
1.264939E+04	3.344942E-17	3.449849E-18
1.268939E+04	3.293578E-17	3.404359E-18
1.272939E+04	3.242080E-17	3.358795E-18
1.276939E+04	3.191494E-17	3.314215E-18
1.280939E+04	3.142797E-17	3.271618E-18
1.284939E+04	3.096914E-17	3.231960E-18
1.288939E+04	3.054701E-17	3.196139E-18
1.292939E+04	3.016913E-17	3.164955E-18
1.296939E+04	2.984173E-17	3.139081E-18
1.300939E+04	2.956947E-17	3.119035E-18
1.304939E+04	2.935579E-17	3.105214E-18
1.308939E+04	2.920324E-17	3.097928E-18
1.312939E+04	2.911351E-17	3.097400E-18
1.316939E+04	2.908744E-17	3.103766E-18
1.320939E+04	2.912478E-17	3.117052E-18
1.324939E+04	2.922404E-17	3.137150E-18
1.328939E+04	2.938226E-17	3.163794E-18
1.332939E+04	2.959534E-17	3.196596E-18
1.336939E+04	2.985854E-17	3.235088E-18
1.340939E+04	3.016632E-17	3.278716E-18
1.344939E+04	3.051235E-17	3.326833E-18
1.348939E+04	3.088931E-17	3.378670E-18
1.352939E+04	3.128897E-17	3.433355E-18
1.356939E+04	3.170243E-17	3.489930E-18
1.360939E+04	3.212057E-17	3.547396E-18
1.364939E+04	3.253471E-17	3.604796E-18
1.368939E+04	3.293680E-17	3.661224E-18
1.372939E+04	3.331946E-17	3.715842E-18
1.376939E+04	3.367595E-17	3.767872E-18
1.380939E+04	3.400028E-17	3.816608E-18
1.384939E+04	3.428725E-17	3.861425E-18
1.388939E+04	3.453236E-17	3.901771E-18
1.392939E+04	3.473170E-17	3.937150E-18
1.396939E+04	3.488210E-17	3.967148E-18
1.400939E+04	3.498163E-17	3.991486E-18
1.404939E+04	3.502995E-17	4.010066E-18
1.408939E+04	3.502800E-17	4.022932E-18
1.412939E+04	3.497779E-17	4.030258E-18
1.416939E+04	3.488212E-17	4.032309E-18
1.420939E+04	3.474430E-17	4.029417E-18
1.424939E+04	3.456814E-17	4.021972E-18
1.428939E+04	3.435788E-17	4.010424E-18
1.432939E+04	3.411814E-17	3.995274E-18
1.436939E+04	3.385390E-17	3.977072E-18
1.440939E+04	3.357048E-17	3.956415E-18
1.444939E+04	3.327345E-17	3.933940E-18
1.448939E+04	3.296840E-17	3.910290E-18
1.452939E+04	3.266092E-17	3.886124E-18
1.456939E+04	3.235691E-17	3.862142E-18
1.460939E+04	3.206244E-17	3.839073E-18
1.464939E+04	3.178318E-17	3.817611E-18
1.468939E+04	3.152411E-17	3.798372E-18
1.472939E+04	3.128954E-17	3.781899E-18
1.476939E+04	3.108319E-17	3.768674E-18
1.480939E+04	3.090808E-17	3.759094E-18
1.484939E+04	3.076643E-17	3.753470E-18
1.488939E+04	3.065995E-17	3.752046E-18
1.492939E+04	3.058964E-17	3.754988E-18
1.496939E+04	3.055556E-17	3.762346E-18
1.500939E+04	3.055682E-17	3.774052E-18
1.504939E+04	3.059168E-17	3.789933E-18
1.508939E+04	3.065775E-17	3.809733E-18
1.512939E+04	3.075229E-17	3.833146E-18
1.516939E+04	3.087248E-17	3.859856E-18
1.520939E+04	3.101549E-17	3.889540E-18
1.524939E+04	3.117808E-17	3.921818E-18
1.528939E+04	3.135650E-17	3.956246E-18
1.532939E+04	3.154675E-17	3.992336E-18
1.536939E+04	3.174471E-17	4.029583E-18
1.540939E+04	3.194611E-17	4.067459E-18
1.544939E+04	3.214656E-17	4.105408E-18
1.548939E+04	3.234144E-17	4.142844E-18
1.552939E+04	3.252594E-17	4.179145E-18
1.556939E+04	3.269533E-17	4.213695E-18
1.560939E+04	3.284487E-17	4.245869E-18
1.564939E+04	3.296975E-17	4.275025E-18
1.568939E+04	3.306502E-17	4.300495E-18
1.572939E+04	3.312591E-17	4.321626E-18
1.576939E+04	3.314811E-17	4.337818E-18
1.580939E+04	3.312821E-17	4.348582E-18
1.584939E+04	3.306376E-17	4.353548E-18
1.588939E+04	3.295339E-17	4.352486E-18
1.592939E+04	3.279664E-17	4.345284E-18
1.596939E+04	3.259357E-17	4.331892E-18
1.600939E+04	3.234465E-17	4.312324E-18
1.604939E+04	3.205100E-17	4.286670E-18
1.608939E+04	3.171460E-17	4.255142E-18
1.612939E+04	3.133845E-17	4.218091E-18
1.616939E+04	3.092633E-17	4.175971E-18
1.620939E+04	3.048257E-17	4.129313E-18
1.624939E+04	3.001199E-17	4.078720E-18
1.628939E+04	2.951984E-17	4.024867E-18
1.632939E+04	2.901150E-17	3.968448E-18
1.636939E+04	2.849211E-17	3.910143E-18
1.640939E+04	2.796649E-17	3.850589E-18
1.644939E+04	2.743881E-17	3.790347E-18
1.648939E+04	2.691268E-17	3.729906E-18
1.652939E+04	2.639128E-17	3.669705E-18
1.656939E+04	2.587761E-17	3.610159E-18
1.660939E+04	2.537438E-17	3.551653E-18
1.664939E+04	2.488392E-17	3.494524E-18
1.668939E+04	2.440798E-17	3.439026E-18
1.672939E+04	2.394759E-17	3.385323E-18
1.676939E+04	2.350336E-17	3.333517E-18
1.680939E+04	2.307562E-17	3.283673E-18
1.684939E+04	2.266444E-17	3.235819E-18
1.688939E+04	2.226963E-17	3.189948E-18
1.692939E+04	2.189101E-17	3.146052E-18
1.696939E+04	2.152839E-17	3.104124E-18
1.700939E+04	2.118154E-17	3.064150E-18
1.704939E+04	2.085029E-17	3.026125E-18
1.708939E+04	2.053452E-17	2.990049E-18
1.712939E+04	2.023425E-17	2.955948E-18
1.716939E+04	1.994974E-17	2.923876E-18
1.720939E+04	1.968145E-17	2.893922E-18
1.724939E+04	1.943000E-17	2.866200E-18
1.728939E+04	1.919618E-17	2.840847E-18
1.732939E+04	1.898090E-17	2.818022E-18
1.736939E+04	1.878503E-17	2.797881E-18
1.740939E+04	1.860946E-17	2.780581E-18
1.744939E+04	1.845511E-17	2.766288E-18
1.748939E+04	1.832303E-17	2.755189E-18
1.752939E+04	1.821446E-17	2.747501E-18
1.756939E+04	1.813079E-17	2.743468E-18
1.760939E+04	1.807365E-17	2.743369E-18
1.764939E+04	1.804473E-17	2.747500E-18
1.768939E+04	1.804579E-17	2.756168E-18
1.772939E+04	1.807859E-17	2.769682E-18
1.776939E+04	1.814490E-17	2.788359E-18
1.780939E+04	1.824638E-17	2.812500E-18
1.784939E+04	1.838443E-17	2.842370E-18
1.788939E+04	1.856017E-17	2.878192E-18
1.792939E+04	1.877436E-17	2.920135E-18
1.796939E+04	1.902730E-17	2.968297E-18
1.800939E+04	1.931842E-17	3.022642E-18
1.804939E+04	1.964619E-17	3.082980E-18
1.808939E+04	2.000803E-17	3.148952E-18
1.812939E+04	2.040054E-17	3.220066E-18
1.816939E+04	2.081926E-17	3.295656E-18
1.820939E+04	2.125874E-17	3.374891E-18
1.824939E+04	2.171260E-17	3.456779E-18
1.828939E+04	2.217350E-17	3.540163E-18
1.832939E+04	2.263320E-17	3.623733E-18
1.836939E+04	2.308285E-17	3.706060E-18
1.840939E+04	2.351376E-17	3.785730E-18
1.844939E+04	2.391786E-17	3.861412E-18
1.848939E+04	2.428796E-17	3.931901E-18
1.852939E+04	2.461808E-17	3.996182E-18
1.856939E+04	2.490309E-17	4.053362E-18
1.860939E+04	2.513849E-17	4.102645E-18
1.864939E+04	2.532089E-17	4.143408E-18
1.868939E+04	2.544824E-17	4.175248E-18
1.872939E+04	2.551979E-17	4.197965E-18
1.876939E+04	2.553588E-17	4.211544E-18
1.880939E+04	2.549818E-17	4.216187E-18
1.884939E+04	2.540987E-17	4.212354E-18
1.888939E+04	2.527494E-17	4.200645E-18
1.892939E+04	2.509767E-17	4.181711E-18
1.896939E+04	2.488240E-17	4.156228E-18
1.900939E+04	2.463366E-17	4.124906E-18
1.904939E+04	2.435608E-17	4.088481E-18
1.908939E+04	2.405426E-17	4.047697E-18
1.912939E+04	2.373264E-17	4.003270E-18
1.916939E+04	2.339539E-17	3.955886E-18
1.920939E+04	2.304671E-17	3.906239E-18
1.924939E+04	2.269095E-17	3.855054E-18
1.928939E+04	2.233243E-17	3.803066E-18
1.932939E+04	2.197542E-17	3.750997E-18
1.936939E+04	2.162415E-17	3.699578E-18
1.940939E+04	2.128250E-17	3.649484E-18
1.944939E+04	2.095350E-17	3.601247E-18
1.948939E+04	2.063931E-17	3.555258E-18
1.952939E+04	2.034147E-17	3.511801E-18
1.956939E+04	2.006097E-17	3.471070E-18
1.960939E+04	1.979847E-17	3.433200E-18
1.964939E+04	1.955428E-17	3.398268E-18
1.968939E+04	1.932842E-17	3.366299E-18
1.972939E+04	1.912066E-17	3.337278E-18
1.976939E+04	1.893061E-17	3.311156E-18
1.980939E+04	1.875771E-17	3.287857E-18
1.984939E+04	1.860120E-17	3.267267E-18
1.988939E+04	1.845999E-17	3.249214E-18
1.992939E+04	1.833268E-17	3.233470E-18
1.996939E+04	1.821760E-17	3.219755E-18
2.000939E+04	1.811294E-17	3.207763E-18
2.004939E+04	1.801683E-17	3.197175E-18
2.008939E+04	1.792745E-17	3.187676E-18
2.012939E+04	1.784298E-17	3.178952E-18
2.016939E+04	1.776165E-17	3.170689E-18
2.020939E+04	1.768169E-17	3.162579E-18
2.024939E+04	1.760150E-17	3.154335E-18
2.028939E+04	1.751961E-17	3.145696E-18
2.032939E+04	1.743473E-17	3.136426E-18
2.036939E+04	1.734559E-17	3.126296E-18
2.040939E+04	1.725103E-17	3.115092E-18
2.044939E+04	1.715006E-17	3.102630E-18
2.048939E+04	1.704197E-17	3.088778E-18
2.052939E+04	1.692624E-17	3.073434E-18
2.056939E+04	1.680256E-17	3.056533E-18
2.060939E+04	1.667079E-17	3.038047E-18
2.064939E+04	1.653094E-17	3.017969E-18
2.068939E+04	1.638317E-17	2.996320E-18
2.072939E+04	1.622775E-17	2.973143E-18
2.076939E+04	1.606504E-17	2.948502E-18
2.080939E+04	1.589551E-17	2.922473E-18
2.084939E+04	1.571974E-17	2.895160E-18
2.088939E+04	1.553841E-17	2.866685E-18
2.092939E+04	1.535231E-17	2.837185E-18
2.096939E+04	1.516210E-17	2.806784E-18
2.100939E+04	1.496853E-17	2.775618E-18
2.104939E+04	1.477250E-17	2.743850E-18
2.108939E+04	1.457519E-17	2.711700E-18
2.112939E+04	1.437799E-17	2.679427E-18
2.116939E+04	1.418238E-17	2.647309E-18
2.120939E+04	1.398972E-17	2.615603E-18
2.124939E+04	1.380122E-17	2.584538E-18
2.128939E+04	1.361801E-17	2.554332E-18
2.132939E+04	1.344109E-17	2.525180E-18
2.136939E+04	1.327143E-17	2.497268E-18
2.140939E+04	1.310998E-17	2.470783E-18
2.144939E+04	1.295756E-17	2.445890E-18
2.148939E+04	1.281472E-17	2.422699E-18
2.152939E+04	1.268133E-17	2.401193E-18
2.156939E+04	1.255634E-17	2.381185E-18
2.160939E+04	1.243837E-17	2.362419E-18
2.164939E+04	1.232595E-17	2.344621E-18
2.168939E+04	1.221758E-17	2.327511E-18
2.172939E+04	1.211187E-17	2.310830E-18
2.176939E+04	1.200762E-17	2.294347E-18
2.180939E+04	1.190375E-17	2.277862E-18
2.184939E+04	1.179940E-17	2.261206E-18
2.188939E+04	1.169381E-17	2.244237E-18
2.192939E+04	1.158642E-17	2.226844E-18
2.196939E+04	1.147675E-17	2.208936E-18
2.200939E+04	1.136444E-17	2.190438E-18
2.204939E+04	1.124921E-17	2.171299E-18
2.208939E+04	1.113095E-17	2.151493E-18
2.212939E+04	1.100967E-17	2.131021E-18
2.216939E+04	1.088562E-17	2.109929E-18
2.220939E+04	1.075914E-17	2.088283E-18
2.224939E+04	1.063072E-17	2.066174E-18
2.228939E+04	1.050087E-17	2.043701E-18
2.232939E+04	1.037015E-17	2.020975E-18
2.236939E+04	1.023918E-17	1.998114E-18
2.240939E+04	1.010861E-17	1.975247E-18
2.244939E+04	9.979128E-18	1.952508E-18
2.248939E+04	9.851389E-18	1.930029E-18
2.252939E+04	9.726043E-18	1.907937E-18
2.256939E+04	9.603626E-18	1.886342E-18
2.260939E+04	9.484550E-18	1.865326E-18
2.264939E+04	9.369127E-18	1.844955E-18
2.268939E+04	9.257586E-18	1.825276E-18
2.272939E+04	9.150076E-18	1.806323E-18
2.276939E+04	9.046718E-18	1.788122E-18
2.280939E+04	8.947649E-18	1.770705E-18
2.284939E+04	8.853003E-18	1.754102E-18
2.288939E+04	8.762864E-18	1.738332E-18
2.292939E+04	8.677290E-18	1.723412E-18
2.296939E+04	8.596313E-18	1.709351E-18
2.300939E+04	8.519992E-18	1.696165E-18
2.304939E+04	8.448420E-18	1.683875E-18
2.308939E+04	8.381716E-18	1.672509E-18
2.312939E+04	8.320027E-18	1.662101E-18
2.316939E+04	8.263512E-18	1.652685E-18
2.320939E+04	8.212307E-18	1.644293E-18
2.324939E+04	8.166535E-18	1.636954E-18
2.328939E+04	8.126288E-18	1.630689E-18
2.332939E+04	8.091635E-18	1.625516E-18
2.336939E+04	8.062609E-18	1.621447E-18
2.340939E+04	8.039235E-18	1.618489E-18
2.344939E+04	8.021545E-18	1.616653E-18
2.348939E+04	8.009573E-18	1.615950E-18
2.352939E+04	8.003338E-18	1.616387E-18
2.356939E+04	8.002888E-18	1.617978E-18
2.360939E+04	8.008258E-18	1.620734E-18
2.364939E+04	8.019482E-18	1.624664E-18
2.368939E+04	8.036604E-18	1.629782E-18
2.372939E+04	8.059703E-18	1.636107E-18
2.376939E+04	8.088845E-18	1.643656E-18
2.380939E+04	8.124036E-18	1.652433E-18
2.384939E+04	8.165253E-18	1.662439E-18
2.388939E+04	8.212434E-18	1.673663E-18
2.392939E+04	8.265520E-18	1.686096E-18
2.396939E+04	8.324398E-18	1.699720E-18
2.400939E+04	8.388949E-18	1.714512E-18
2.404939E+04	8.459017E-18	1.730444E-18
2.408939E+04	8.534425E-18	1.747483E-18
2.412939E+04	8.615002E-18	1.765595E-18
2.416939E+04	8.700565E-18	1.784747E-18
2.420939E+04	8.790944E-18	1.804905E-18
2.424939E+04	8.885958E-18	1.826035E-18
2.428939E+04	8.985422E-18	1.848101E-18
2.432939E+04	9.089126E-18	1.871061E-18
2.436939E+04	9.196843E-18	1.894871E-18
2.440939E+04	9.308301E-18	1.919476E-18
2.444939E+04	9.423210E-18	1.944818E-18
2.448939E+04	9.541209E-18	1.970824E-18
