#wls	flux	fluxerr
3.289393E+03	1.368430E-17	1.889651E-18
3.329393E+03	1.291811E-17	1.776254E-18
3.369393E+03	1.223864E-17	1.675583E-18
3.409393E+03	1.163764E-17	1.586365E-18
3.449393E+03	1.110772E-17	1.507467E-18
3.489393E+03	1.064235E-17	1.437884E-18
3.529393E+03	1.023568E-17	1.376717E-18
3.569393E+03	9.882607E-18	1.323183E-18
3.609393E+03	9.578650E-18	1.276590E-18
3.649393E+03	9.319880E-18	1.236329E-18
3.689393E+03	9.102875E-18	1.201868E-18
3.729393E+03	8.924700E-18	1.172746E-18
3.769393E+03	8.782805E-18	1.148559E-18
3.809393E+03	8.674938E-18	1.128947E-18
3.849393E+03	8.599098E-18	1.113587E-18
3.889393E+03	8.553512E-18	1.102190E-18
3.929393E+03	8.536605E-18	1.094498E-18
3.969393E+03	8.546961E-18	1.090275E-18
4.009393E+03	8.583290E-18	1.089303E-18
4.049393E+03	8.644401E-18	1.091382E-18
4.089393E+03	8.729216E-18	1.096327E-18
4.129393E+03	8.836743E-18	1.103967E-18
4.169393E+03	8.966035E-18	1.114138E-18
4.209393E+03	9.116182E-18	1.126684E-18
4.249393E+03	9.286321E-18	1.141454E-18
4.289393E+03	9.475606E-18	1.158305E-18
4.329393E+03	9.683217E-18	1.177096E-18
4.369393E+03	9.908373E-18	1.197694E-18
4.409393E+03	1.015032E-17	1.219970E-18
4.449393E+03	1.040827E-17	1.243796E-18
4.489393E+03	1.068140E-17	1.269037E-18
4.529393E+03	1.096884E-17	1.295558E-18
4.569393E+03	1.126965E-17	1.323217E-18
4.609393E+03	1.158273E-17	1.351856E-18
4.649393E+03	1.190693E-17	1.381314E-18
4.689393E+03	1.224097E-17	1.411419E-18
4.729393E+03	1.258339E-17	1.441979E-18
4.769393E+03	1.293255E-17	1.472791E-18
4.809393E+03	1.328652E-17	1.503618E-18
4.849393E+03	1.364307E-17	1.534199E-18
4.889393E+03	1.399956E-17	1.564232E-18
4.929393E+03	1.435285E-17	1.593368E-18
4.969393E+03	1.469940E-17	1.621222E-18
5.009393E+03	1.503536E-17	1.647385E-18
5.049393E+03	1.535680E-17	1.671451E-18
5.089393E+03	1.565979E-17	1.693023E-18
5.129393E+03	1.594055E-17	1.711736E-18
5.169393E+03	1.619578E-17	1.727285E-18
5.209393E+03	1.642273E-17	1.739434E-18
5.249393E+03	1.661911E-17	1.748004E-18
5.289393E+03	1.678321E-17	1.752883E-18
5.329393E+03	1.691401E-17	1.754037E-18
5.369393E+03	1.701151E-17	1.751539E-18
5.409393E+03	1.707692E-17	1.745588E-18
5.449393E+03	1.711247E-17	1.736481E-18
5.489393E+03	1.712127E-17	1.724603E-18
5.529393E+03	1.710731E-17	1.710408E-18
5.569393E+03	1.707515E-17	1.694406E-18
5.609393E+03	1.702970E-17	1.677120E-18
5.649393E+03	1.697599E-17	1.659074E-18
5.689393E+03	1.691885E-17	1.640757E-18
5.729393E+03	1.686263E-17	1.622597E-18
5.769393E+03	1.681086E-17	1.604930E-18
5.809393E+03	1.676634E-17	1.588014E-18
5.849393E+03	1.673116E-17	1.572031E-18
5.889393E+03	1.670667E-17	1.557089E-18
5.929393E+03	1.669347E-17	1.543218E-18
5.969393E+03	1.669149E-17	1.530391E-18
6.009393E+03	1.670007E-17	1.518524E-18
6.049393E+03	1.671810E-17	1.507496E-18
6.089393E+03	1.674413E-17	1.497159E-18
6.129393E+03	1.677650E-17	1.487349E-18
6.169393E+03	1.681337E-17	1.477893E-18
6.209393E+03	1.685285E-17	1.468620E-18
6.249393E+03	1.689315E-17	1.459373E-18
6.289393E+03	1.693265E-17	1.450014E-18
6.329393E+03	1.697000E-17	1.440435E-18
6.369393E+03	1.700413E-17	1.430553E-18
6.409393E+03	1.703419E-17	1.420310E-18
6.449393E+03	1.705991E-17	1.409696E-18
6.489393E+03	1.708271E-17	1.398841E-18
6.529393E+03	1.710585E-17	1.388018E-18
6.569393E+03	1.713284E-17	1.377510E-18
6.609393E+03	1.716704E-17	1.367576E-18
6.649393E+03	1.721139E-17	1.358438E-18
6.689393E+03	1.726832E-17	1.350261E-18
6.729393E+03	1.733962E-17	1.343163E-18
6.769393E+03	1.742674E-17	1.337224E-18
6.809393E+03	1.753074E-17	1.332494E-18
6.849393E+03	1.765215E-17	1.328979E-18
6.889393E+03	1.779096E-17	1.326646E-18
6.929393E+03	1.794686E-17	1.325440E-18
6.969393E+03	1.811927E-17	1.325284E-18
7.009393E+03	1.830730E-17	1.326086E-18
7.049393E+03	1.850987E-17	1.327742E-18
7.089393E+03	1.872594E-17	1.330153E-18
7.129393E+03	1.895459E-17	1.333235E-18
7.169393E+03	1.919513E-17	1.336919E-18
7.209393E+03	1.944735E-17	1.341178E-18
7.249393E+03	1.971171E-17	1.346027E-18
7.289393E+03	1.998948E-17	1.351538E-18
7.329393E+03	2.028256E-17	1.357822E-18
7.369393E+03	2.059346E-17	1.365026E-18
7.409393E+03	2.092595E-17	1.373375E-18
7.449393E+03	2.128548E-17	1.383195E-18
7.489393E+03	2.167896E-17	1.394892E-18
7.529393E+03	2.211454E-17	1.408939E-18
7.569393E+03	2.260147E-17	1.425856E-18
7.609393E+03	2.314997E-17	1.446207E-18
7.649393E+03	2.376941E-17	1.470479E-18
7.689393E+03	2.445955E-17	1.498556E-18
7.729393E+03	2.519200E-17	1.528616E-18
7.769393E+03	2.592315E-17	1.557987E-18
7.809393E+03	2.660394E-17	1.583764E-18
7.849393E+03	2.718790E-17	1.603306E-18
7.889393E+03	2.765063E-17	1.615357E-18
7.929393E+03	2.799134E-17	1.620075E-18
7.969393E+03	2.821956E-17	1.618201E-18
8.009393E+03	2.835023E-17	1.610757E-18
8.049393E+03	2.840142E-17	1.598905E-18
8.089393E+03	2.839235E-17	1.583831E-18
8.129393E+03	2.834184E-17	1.566655E-18
8.169393E+03	2.826736E-17	1.548385E-18
8.209393E+03	2.818453E-17	1.529893E-18
8.249393E+03	2.810704E-17	1.511917E-18
8.289393E+03	2.804680E-17	1.495072E-18
8.329393E+03	2.801434E-17	1.479881E-18
8.369393E+03	2.801856E-17	1.466761E-18
8.409393E+03	2.806601E-17	1.455992E-18
8.449393E+03	2.816065E-17	1.447712E-18
8.489393E+03	2.830419E-17	1.441936E-18
8.529393E+03	2.849649E-17	1.438587E-18
8.569393E+03	2.873608E-17	1.437522E-18
8.609393E+03	2.902063E-17	1.438561E-18
8.649393E+03	2.934711E-17	1.441494E-18
8.689393E+03	2.971197E-17	1.446096E-18
8.729393E+03	3.011145E-17	1.452139E-18
8.769393E+03	3.054175E-17	1.459401E-18
8.809393E+03	3.099914E-17	1.467673E-18
8.849393E+03	3.147998E-17	1.476759E-18
8.889393E+03	3.198135E-17	1.486504E-18
8.929393E+03	3.250169E-17	1.496825E-18
8.969393E+03	3.304044E-17	1.507689E-18
9.009393E+03	3.359716E-17	1.519073E-18
9.049393E+03	3.417142E-17	1.530955E-18
9.089393E+03	3.476357E-17	1.543357E-18
9.129393E+03	3.537551E-17	1.556368E-18
9.169393E+03	3.601055E-17	1.570140E-18
9.209393E+03	3.667154E-17	1.584804E-18
9.249393E+03	3.735690E-17	1.600303E-18
9.289393E+03	3.806185E-17	1.616445E-18
9.329393E+03	3.878051E-17	1.632990E-18
9.369393E+03	3.950535E-17	1.649637E-18
9.409393E+03	4.022702E-17	1.666020E-18
9.449393E+03	4.093466E-17	1.681731E-18
9.489393E+03	4.161627E-17	1.696328E-18
9.529393E+03	4.226014E-17	1.709401E-18
9.569393E+03	4.285700E-17	1.720654E-18
9.609393E+03	4.340142E-17	1.729955E-18
9.649393E+03	4.389270E-17	1.737366E-18
9.689393E+03	4.433605E-17	1.743184E-18
9.729393E+03	4.474285E-17	1.747938E-18
9.769393E+03	4.513340E-17	1.752496E-18
9.809393E+03	4.553763E-17	1.758079E-18
9.849393E+03	4.599534E-17	1.766265E-18
9.889393E+03	4.655373E-17	1.778889E-18
9.929393E+03	4.725342E-17	1.797512E-18
9.969393E+03	4.810757E-17	1.822644E-18
1.000939E+04	4.911002E-17	1.854071E-18
1.004939E+04	5.024956E-17	1.891408E-18
1.008939E+04	5.151550E-17	1.934317E-18
1.012939E+04	5.289980E-17	1.982588E-18
1.016939E+04	5.439578E-17	2.036081E-18
1.020939E+04	5.599398E-17	2.094575E-18
1.024939E+04	5.767638E-17	2.157553E-18
1.028939E+04	5.941186E-17	2.224023E-18
1.032939E+04	6.115243E-17	2.292371E-18
1.036939E+04	6.283458E-17	2.360402E-18
1.040939E+04	6.438476E-17	2.425516E-18
1.044939E+04	6.574535E-17	2.485669E-18
1.048939E+04	6.692082E-17	2.541116E-18
1.052939E+04	6.793615E-17	2.592810E-18
1.056939E+04	6.881440E-17	2.641539E-18
1.060939E+04	6.957082E-17	2.687776E-18
1.064939E+04	7.021071E-17	2.731595E-18
1.068939E+04	7.073265E-17	2.772789E-18
1.072939E+04	7.113357E-17	2.811064E-18
1.076939E+04	7.141175E-17	2.846163E-18
1.080939E+04	7.156743E-17	2.877883E-18
1.084939E+04	7.160211E-17	2.906067E-18
1.088939E+04	7.151828E-17	2.930585E-18
1.092939E+04	7.131960E-17	2.951354E-18
1.096939E+04	7.101087E-17	2.968336E-18
1.100939E+04	7.059809E-17	2.981550E-18
1.104939E+04	7.008839E-17	2.991071E-18
1.108939E+04	6.949011E-17	2.997036E-18
1.112939E+04	6.881269E-17	2.999649E-18
1.116939E+04	6.806652E-17	2.999174E-18
1.120939E+04	6.726274E-17	2.995930E-18
1.124939E+04	6.641311E-17	2.990293E-18
1.128939E+04	6.552956E-17	2.982669E-18
1.132939E+04	6.462399E-17	2.973496E-18
1.136939E+04	6.370808E-17	2.963228E-18
1.140939E+04	6.279310E-17	2.952331E-18
1.144939E+04	6.188986E-17	2.941273E-18
1.148939E+04	6.100838E-17	2.930517E-18
1.152939E+04	6.015781E-17	2.920504E-18
1.156939E+04	5.934634E-17	2.911656E-18
1.160939E+04	5.858114E-17	2.904364E-18
1.164939E+04	5.786829E-17	2.898980E-18
1.168939E+04	5.721258E-17	2.895813E-18
1.172939E+04	5.661751E-17	2.895116E-18
1.176939E+04	5.608521E-17	2.897081E-18
1.180939E+04	5.561625E-17	2.901827E-18
1.184939E+04	5.520955E-17	2.909389E-18
1.188939E+04	5.486227E-17	2.919710E-18
1.192939E+04	5.456972E-17	2.932626E-18
1.196939E+04	5.432528E-17	2.947863E-18
1.200939E+04	5.412032E-17	2.965025E-18
1.204939E+04	5.394434E-17	2.983593E-18
1.208939E+04	5.378490E-17	3.002922E-18
1.212939E+04	5.362767E-17	3.022233E-18
1.216939E+04	5.345700E-17	3.040646E-18
1.220939E+04	5.325661E-17	3.057210E-18
1.224939E+04	5.301027E-17	3.070943E-18
1.228939E+04	5.270252E-17	3.080877E-18
1.232939E+04	5.231993E-17	3.086130E-18
1.236939E+04	5.185260E-17	3.086000E-18
1.240939E+04	5.129456E-17	3.079981E-18
1.244939E+04	5.064396E-17	3.067793E-18
1.248939E+04	4.990361E-17	3.049439E-18
1.252939E+04	4.908178E-17	3.025264E-18
1.256939E+04	4.819139E-17	2.995922E-18
1.260939E+04	4.724839E-17	2.962288E-18
1.264939E+04	4.627056E-17	2.925388E-18
1.268939E+04	4.527635E-17	2.886329E-18
1.272939E+04	4.428385E-17	2.846239E-18
1.276939E+04	4.331012E-17	2.806217E-18
1.280939E+04	4.237066E-17	2.767298E-18
1.284939E+04	4.147898E-17	2.730418E-18
1.288939E+04	4.064648E-17	2.696405E-18
1.292939E+04	3.988232E-17	2.665959E-18
1.296939E+04	3.919356E-17	2.639656E-18
1.300939E+04	3.858523E-17	2.617951E-18
1.304939E+04	3.806054E-17	2.601181E-18
1.308939E+04	3.762104E-17	2.589577E-18
1.312939E+04	3.726681E-17	2.583265E-18
1.316939E+04	3.699659E-17	2.582281E-18
1.320939E+04	3.680798E-17	2.586575E-18
1.324939E+04	3.669759E-17	2.596017E-18
1.328939E+04	3.666105E-17	2.610404E-18
1.332939E+04	3.669321E-17	2.629464E-18
1.336939E+04	3.678814E-17	2.652858E-18
1.340939E+04	3.693922E-17	2.680183E-18
1.344939E+04	3.713924E-17	2.710983E-18
1.348939E+04	3.738049E-17	2.744747E-18
1.352939E+04	3.765483E-17	2.780920E-18
1.356939E+04	3.795381E-17	2.818909E-18
1.360939E+04	3.826879E-17	2.858092E-18
1.364939E+04	3.859117E-17	2.897834E-18
1.368939E+04	3.891253E-17	2.937502E-18
1.372939E+04	3.922488E-17	2.976479E-18
1.376939E+04	3.952070E-17	3.014177E-18
1.380939E+04	3.979315E-17	3.050045E-18
1.384939E+04	4.003621E-17	3.083589E-18
1.388939E+04	4.024481E-17	3.114380E-18
1.392939E+04	4.041491E-17	3.142063E-18
1.396939E+04	4.054343E-17	3.166355E-18
1.400939E+04	4.062835E-17	3.187055E-18
1.404939E+04	4.066883E-17	3.204051E-18
1.408939E+04	4.066516E-17	3.217325E-18
1.412939E+04	4.061870E-17	3.226944E-18
1.416939E+04	4.053178E-17	3.233059E-18
1.420939E+04	4.040755E-17	3.235889E-18
1.424939E+04	4.024994E-17	3.235722E-18
1.428939E+04	4.006352E-17	3.232905E-18
1.432939E+04	3.985342E-17	3.227837E-18
1.436939E+04	3.962514E-17	3.220953E-18
1.440939E+04	3.938446E-17	3.212722E-18
1.444939E+04	3.913733E-17	3.203629E-18
1.448939E+04	3.888973E-17	3.194173E-18
1.452939E+04	3.864755E-17	3.184851E-18
1.456939E+04	3.841649E-17	3.176150E-18
1.460939E+04	3.820187E-17	3.168533E-18
1.464939E+04	3.800861E-17	3.162434E-18
1.468939E+04	3.784112E-17	3.158251E-18
1.472939E+04	3.770324E-17	3.156337E-18
1.476939E+04	3.759825E-17	3.157001E-18
1.480939E+04	3.752875E-17	3.160500E-18
1.484939E+04	3.749671E-17	3.167039E-18
1.488939E+04	3.750342E-17	3.176767E-18
1.492939E+04	3.754952E-17	3.189779E-18
1.496939E+04	3.763501E-17	3.206114E-18
1.500939E+04	3.775922E-17	3.225760E-18
1.504939E+04	3.792094E-17	3.248651E-18
1.508939E+04	3.811837E-17	3.274674E-18
1.512939E+04	3.834921E-17	3.303670E-18
1.516939E+04	3.861067E-17	3.335438E-18
1.520939E+04	3.889955E-17	3.369737E-18
1.524939E+04	3.921227E-17	3.406293E-18
1.528939E+04	3.954495E-17	3.444803E-18
1.532939E+04	3.989344E-17	3.484936E-18
1.536939E+04	4.025331E-17	3.526335E-18
1.540939E+04	4.061997E-17	3.568626E-18
1.544939E+04	4.098858E-17	3.611408E-18
1.548939E+04	4.135418E-17	3.654266E-18
1.552939E+04	4.171158E-17	3.696761E-18
1.556939E+04	4.205543E-17	3.738433E-18
1.560939E+04	4.238017E-17	3.778803E-18
1.564939E+04	4.268003E-17	3.817360E-18
1.568939E+04	4.294906E-17	3.853576E-18
1.572939E+04	4.318119E-17	3.886902E-18
1.576939E+04	4.337031E-17	3.916782E-18
1.580939E+04	4.351028E-17	3.942643E-18
1.584939E+04	4.359509E-17	3.963918E-18
1.588939E+04	4.361899E-17	3.980053E-18
1.592939E+04	4.357665E-17	3.990522E-18
1.596939E+04	4.346336E-17	3.994846E-18
1.600939E+04	4.327517E-17	3.992605E-18
1.604939E+04	4.300931E-17	3.983479E-18
1.608939E+04	4.266469E-17	3.967292E-18
1.612939E+04	4.224201E-17	3.944033E-18
1.616939E+04	4.174396E-17	3.913847E-18
1.620939E+04	4.117576E-17	3.877111E-18
1.624939E+04	4.054510E-17	3.834435E-18
1.628939E+04	3.986081E-17	3.786551E-18
1.632939E+04	3.913200E-17	3.734225E-18
1.636939E+04	3.836813E-17	3.678273E-18
1.640939E+04	3.757887E-17	3.619548E-18
1.644939E+04	3.677375E-17	3.558902E-18
1.648939E+04	3.596174E-17	3.497154E-18
1.652939E+04	3.515117E-17	3.435075E-18
1.656939E+04	3.434936E-17	3.373357E-18
1.660939E+04	3.356260E-17	3.312602E-18
1.664939E+04	3.279596E-17	3.253308E-18
1.668939E+04	3.205343E-17	3.195874E-18
1.672939E+04	3.133795E-17	3.140608E-18
1.676939E+04	3.065153E-17	3.087731E-18
1.680939E+04	2.999544E-17	3.037393E-18
1.684939E+04	2.937032E-17	2.989685E-18
1.688939E+04	2.877628E-17	2.944650E-18
1.692939E+04	2.821306E-17	2.902295E-18
1.696939E+04	2.768018E-17	2.862600E-18
1.700939E+04	2.717689E-17	2.825525E-18
1.704939E+04	2.670246E-17	2.791025E-18
1.708939E+04	2.625609E-17	2.759053E-18
1.712939E+04	2.583708E-17	2.729569E-18
1.716939E+04	2.544483E-17	2.702545E-18
1.720939E+04	2.507891E-17	2.677968E-18
1.724939E+04	2.473904E-17	2.655844E-18
1.728939E+04	2.442511E-17	2.636198E-18
1.732939E+04	2.413719E-17	2.619073E-18
1.736939E+04	2.387553E-17	2.604534E-18
1.740939E+04	2.364051E-17	2.592661E-18
1.744939E+04	2.343272E-17	2.583559E-18
1.748939E+04	2.325281E-17	2.577342E-18
1.752939E+04	2.310155E-17	2.574138E-18
1.756939E+04	2.297978E-17	2.574089E-18
1.760939E+04	2.288838E-17	2.577338E-18
1.764939E+04	2.282824E-17	2.584036E-18
1.768939E+04	2.280018E-17	2.594327E-18
1.772939E+04	2.280495E-17	2.608350E-18
1.776939E+04	2.284315E-17	2.626228E-18
1.780939E+04	2.291515E-17	2.648060E-18
1.784939E+04	2.302115E-17	2.673924E-18
1.788939E+04	2.316100E-17	2.703859E-18
1.792939E+04	2.333419E-17	2.737863E-18
1.796939E+04	2.353988E-17	2.775892E-18
1.800939E+04	2.377675E-17	2.817843E-18
1.804939E+04	2.404303E-17	2.863556E-18
1.808939E+04	2.433642E-17	2.912805E-18
1.812939E+04	2.465412E-17	2.965296E-18
1.816939E+04	2.499279E-17	3.020665E-18
1.820939E+04	2.534854E-17	3.078472E-18
1.824939E+04	2.571706E-17	3.138217E-18
1.828939E+04	2.609361E-17	3.199335E-18
1.832939E+04	2.647304E-17	3.261203E-18
1.836939E+04	2.685003E-17	3.323163E-18
1.840939E+04	2.721913E-17	3.384526E-18
1.844939E+04	2.757492E-17	3.444600E-18
1.848939E+04	2.791220E-17	3.502704E-18
1.852939E+04	2.822605E-17	3.558182E-18
1.856939E+04	2.851202E-17	3.610425E-18
1.860939E+04	2.876607E-17	3.658868E-18
1.864939E+04	2.898476E-17	3.703013E-18
1.868939E+04	2.916522E-17	3.742431E-18
1.872939E+04	2.930533E-17	3.776779E-18
1.876939E+04	2.940385E-17	3.805826E-18
1.880939E+04	2.946039E-17	3.829450E-18
1.884939E+04	2.947530E-17	3.847626E-18
1.888939E+04	2.944960E-17	3.860416E-18
1.892939E+04	2.938488E-17	3.867963E-18
1.896939E+04	2.928337E-17	3.870494E-18
1.900939E+04	2.914773E-17	3.868305E-18
1.904939E+04	2.898119E-17	3.861770E-18
1.908939E+04	2.878740E-17	3.851326E-18
1.912939E+04	2.857035E-17	3.837470E-18
1.916939E+04	2.833419E-17	3.820722E-18
1.920939E+04	2.808312E-17	3.801622E-18
1.924939E+04	2.782127E-17	3.780712E-18
1.928939E+04	2.755263E-17	3.758518E-18
1.932939E+04	2.728091E-17	3.735542E-18
1.936939E+04	2.700955E-17	3.712252E-18
1.940939E+04	2.674165E-17	3.689080E-18
1.944939E+04	2.647995E-17	3.666410E-18
1.948939E+04	2.622674E-17	3.644575E-18
1.952939E+04	2.598389E-17	3.623851E-18
1.956939E+04	2.575284E-17	3.604453E-18
1.960939E+04	2.553455E-17	3.586540E-18
1.964939E+04	2.532962E-17	3.570215E-18
1.968939E+04	2.513819E-17	3.555520E-18
1.972939E+04	2.496004E-17	3.542446E-18
1.976939E+04	2.479461E-17	3.530935E-18
1.980939E+04	2.464103E-17	3.520881E-18
1.984939E+04	2.449816E-17	3.512140E-18
1.988939E+04	2.436465E-17	3.504536E-18
1.992939E+04	2.423896E-17	3.497860E-18
1.996939E+04	2.411940E-17	3.491880E-18
2.000939E+04	2.400418E-17	3.486347E-18
2.004939E+04	2.389144E-17	3.480996E-18
2.008939E+04	2.377925E-17	3.475552E-18
2.012939E+04	2.366565E-17	3.469727E-18
2.016939E+04	2.354868E-17	3.463235E-18
2.020939E+04	2.342643E-17	3.455790E-18
2.024939E+04	2.329711E-17	3.447122E-18
2.028939E+04	2.315912E-17	3.436985E-18
2.032939E+04	2.301105E-17	3.425160E-18
2.036939E+04	2.285175E-17	3.411466E-18
2.040939E+04	2.268036E-17	3.395756E-18
2.044939E+04	2.249627E-17	3.377930E-18
2.048939E+04	2.229920E-17	3.357930E-18
2.052939E+04	2.208912E-17	3.335736E-18
2.056939E+04	2.186625E-17	3.311369E-18
2.060939E+04	2.163106E-17	3.284885E-18
2.064939E+04	2.138422E-17	3.256372E-18
2.068939E+04	2.112657E-17	3.225950E-18
2.072939E+04	2.085915E-17	3.193763E-18
2.076939E+04	2.058306E-17	3.159974E-18
2.080939E+04	2.029960E-17	3.124773E-18
2.084939E+04	2.001010E-17	3.088361E-18
2.088939E+04	1.971605E-17	3.050963E-18
2.092939E+04	1.941903E-17	3.012821E-18
2.096939E+04	1.912072E-17	2.974195E-18
2.100939E+04	1.882282E-17	2.935354E-18
2.104939E+04	1.852714E-17	2.896582E-18
2.108939E+04	1.823553E-17	2.858177E-18
2.112939E+04	1.794989E-17	2.820441E-18
2.116939E+04	1.767210E-17	2.783682E-18
2.120939E+04	1.740404E-17	2.748208E-18
2.124939E+04	1.714755E-17	2.714323E-18
2.128939E+04	1.690438E-17	2.682324E-18
2.132939E+04	1.667619E-17	2.652487E-18
2.136939E+04	1.646443E-17	2.625064E-18
2.140939E+04	1.627037E-17	2.600276E-18
2.144939E+04	1.609493E-17	2.578295E-18
2.148939E+04	1.593859E-17	2.559214E-18
2.152939E+04	1.580082E-17	2.542975E-18
2.156939E+04	1.567989E-17	2.529317E-18
2.160939E+04	1.557349E-17	2.517889E-18
2.164939E+04	1.547904E-17	2.508286E-18
2.168939E+04	1.539392E-17	2.500097E-18
2.172939E+04	1.531555E-17	2.492914E-18
2.176939E+04	1.524146E-17	2.486340E-18
2.180939E+04	1.516939E-17	2.480010E-18
2.184939E+04	1.509727E-17	2.473589E-18
2.188939E+04	1.502331E-17	2.466782E-18
2.192939E+04	1.494596E-17	2.459333E-18
2.196939E+04	1.486395E-17	2.451030E-18
2.200939E+04	1.477634E-17	2.441711E-18
2.204939E+04	1.468242E-17	2.431253E-18
2.208939E+04	1.458174E-17	2.419579E-18
2.212939E+04	1.447414E-17	2.406653E-18
2.216939E+04	1.435968E-17	2.392478E-18
2.220939E+04	1.423866E-17	2.377098E-18
2.224939E+04	1.411161E-17	2.360598E-18
2.228939E+04	1.397924E-17	2.343090E-18
2.232939E+04	1.384238E-17	2.324709E-18
2.236939E+04	1.370203E-17	2.305619E-18
2.240939E+04	1.355923E-17	2.285993E-18
2.244939E+04	1.341509E-17	2.266019E-18
2.248939E+04	1.327078E-17	2.245892E-18
2.252939E+04	1.312743E-17	2.225806E-18
2.256939E+04	1.298619E-17	2.205957E-18
2.260939E+04	1.284815E-17	2.186534E-18
2.264939E+04	1.271434E-17	2.167718E-18
2.268939E+04	1.258575E-17	2.149679E-18
2.272939E+04	1.246324E-17	2.132575E-18
2.276939E+04	1.234760E-17	2.116544E-18
2.280939E+04	1.223953E-17	2.101713E-18
2.284939E+04	1.213959E-17	2.088188E-18
2.288939E+04	1.204829E-17	2.076065E-18
2.292939E+04	1.196603E-17	2.065420E-18
2.296939E+04	1.189314E-17	2.056319E-18
2.300939E+04	1.182984E-17	2.048809E-18
2.304939E+04	1.177632E-17	2.042932E-18
2.308939E+04	1.173267E-17	2.038711E-18
2.312939E+04	1.169893E-17	2.036164E-18
2.316939E+04	1.167510E-17	2.035298E-18
2.320939E+04	1.166112E-17	2.036112E-18
2.324939E+04	1.165691E-17	2.038601E-18
2.328939E+04	1.166238E-17	2.042754E-18
2.332939E+04	1.167734E-17	2.048550E-18
2.336939E+04	1.170167E-17	2.055973E-18
2.340939E+04	1.173516E-17	2.064995E-18
2.344939E+04	1.177765E-17	2.075593E-18
2.348939E+04	1.182894E-17	2.087741E-18
2.352939E+04	1.188881E-17	2.101404E-18
2.356939E+04	1.195700E-17	2.116546E-18
2.360939E+04	1.203327E-17	2.133127E-18
2.364939E+04	1.211732E-17	2.151102E-18
2.368939E+04	1.220888E-17	2.170426E-18
2.372939E+04	1.230768E-17	2.191057E-18
2.376939E+04	1.241337E-17	2.212939E-18
2.380939E+04	1.252562E-17	2.236015E-18
2.384939E+04	1.264403E-17	2.260220E-18
2.388939E+04	1.276822E-17	2.285488E-18
2.392939E+04	1.289778E-17	2.311751E-18
2.396939E+04	1.303231E-17	2.338939E-18
2.400939E+04	1.317142E-17	2.366984E-18
2.404939E+04	1.331471E-17	2.395817E-18
2.408939E+04	1.346181E-17	2.425374E-18
2.412939E+04	1.361231E-17	2.455582E-18
2.416939E+04	1.376583E-17	2.486374E-18
2.420939E+04	1.392193E-17	2.517673E-18
2.424939E+04	1.408022E-17	2.549407E-18
2.428939E+04	1.424026E-17	2.581498E-18
2.432939E+04	1.440163E-17	2.613870E-18
2.436939E+04	1.456388E-17	2.646441E-18
2.440939E+04	1.472656E-17	2.679130E-18
2.444939E+04	1.488925E-17	2.711858E-18
2.448939E+04	1.505150E-17	2.744543E-18
