#wls	flux	fluxerr
3.289393E+03	2.159152E-17	2.346103E-18
3.329393E+03	2.201231E-17	2.369375E-18
3.369393E+03	2.246618E-17	2.395214E-18
3.409393E+03	2.295524E-17	2.423739E-18
3.449393E+03	2.348197E-17	2.455097E-18
3.489393E+03	2.404927E-17	2.489467E-18
3.529393E+03	2.466042E-17	2.527056E-18
3.569393E+03	2.531911E-17	2.568099E-18
3.609393E+03	2.602947E-17	2.612857E-18
3.649393E+03	2.679591E-17	2.661602E-18
3.689393E+03	2.762314E-17	2.714617E-18
3.729393E+03	2.851618E-17	2.772194E-18
3.769393E+03	2.948019E-17	2.834618E-18
3.809393E+03	3.052049E-17	2.902165E-18
3.849393E+03	3.164243E-17	2.975094E-18
3.889393E+03	3.285140E-17	3.053643E-18
3.929393E+03	3.415265E-17	3.138013E-18
3.969393E+03	3.555120E-17	3.228365E-18
4.009393E+03	3.705182E-17	3.324816E-18
4.049393E+03	3.865882E-17	3.427419E-18
4.089393E+03	4.037608E-17	3.536176E-18
4.129393E+03	4.220697E-17	3.651029E-18
4.169393E+03	4.415427E-17	3.771857E-18
4.209393E+03	4.621987E-17	3.898452E-18
4.249393E+03	4.840440E-17	4.030499E-18
4.289393E+03	5.070609E-17	4.167484E-18
4.329393E+03	5.311891E-17	4.308563E-18
4.369393E+03	5.562917E-17	4.452304E-18
4.409393E+03	5.821166E-17	4.596436E-18
4.449393E+03	6.083474E-17	4.738294E-18
4.489393E+03	6.347593E-17	4.876063E-18
4.529393E+03	6.610496E-17	5.007438E-18
4.569393E+03	6.867476E-17	5.128986E-18
4.609393E+03	7.112116E-17	5.236217E-18
4.649393E+03	7.336409E-17	5.323762E-18
4.689393E+03	7.531028E-17	5.385645E-18
4.729393E+03	7.685919E-17	5.415774E-18
4.769393E+03	7.791595E-17	5.408862E-18
4.809393E+03	7.842285E-17	5.362553E-18
4.849393E+03	7.841469E-17	5.280946E-18
4.889393E+03	7.798634E-17	5.171959E-18
4.929393E+03	7.724510E-17	5.043912E-18
4.969393E+03	7.629038E-17	4.904166E-18
5.009393E+03	7.520433E-17	4.758581E-18
5.049393E+03	7.404849E-17	4.611393E-18
5.089393E+03	7.286444E-17	4.465370E-18
5.129393E+03	7.167627E-17	4.322054E-18
5.169393E+03	7.049346E-17	4.182030E-18
5.209393E+03	6.931371E-17	4.045156E-18
5.249393E+03	6.812572E-17	3.910783E-18
5.289393E+03	6.691247E-17	3.777984E-18
5.329393E+03	6.565513E-17	3.645792E-18
5.369393E+03	6.433875E-17	3.513521E-18
5.409393E+03	6.296679E-17	3.381520E-18
5.449393E+03	6.159771E-17	3.253018E-18
5.489393E+03	6.032076E-17	3.132636E-18
5.529393E+03	5.921500E-17	3.024161E-18
5.569393E+03	5.833640E-17	2.929965E-18
5.609393E+03	5.772049E-17	2.851230E-18
5.649393E+03	5.738242E-17	2.788056E-18
5.689393E+03	5.731784E-17	2.739594E-18
5.729393E+03	5.751187E-17	2.704546E-18
5.769393E+03	5.794668E-17	2.681558E-18
5.809393E+03	5.860678E-17	2.669474E-18
5.849393E+03	5.948149E-17	2.667434E-18
5.889393E+03	6.056557E-17	2.674883E-18
5.929393E+03	6.185860E-17	2.691531E-18
5.969393E+03	6.336339E-17	2.717270E-18
6.009393E+03	6.508323E-17	2.752045E-18
6.049393E+03	6.701630E-17	2.795629E-18
6.089393E+03	6.914449E-17	2.847178E-18
6.129393E+03	7.141093E-17	2.904358E-18
6.169393E+03	7.367805E-17	2.961750E-18
6.209393E+03	7.566310E-17	3.008442E-18
6.249393E+03	7.692618E-17	3.027800E-18
6.289393E+03	7.734357E-17	3.016106E-18
6.329393E+03	7.732138E-17	2.990119E-18
6.369393E+03	7.720330E-17	2.963460E-18
6.409393E+03	7.718392E-17	2.943541E-18
6.449393E+03	7.735881E-17	2.933813E-18
6.489393E+03	7.776703E-17	2.935549E-18
6.529393E+03	7.841552E-17	2.948822E-18
6.569393E+03	7.929129E-17	2.973004E-18
6.609393E+03	8.036755E-17	3.006993E-18
6.649393E+03	8.160697E-17	3.049337E-18
6.689393E+03	8.296377E-17	3.098303E-18
6.729393E+03	8.438566E-17	3.151936E-18
6.769393E+03	8.581546E-17	3.208110E-18
6.809393E+03	8.719277E-17	3.264571E-18
6.849393E+03	8.845555E-17	3.318984E-18
6.889393E+03	8.954278E-17	3.369021E-18
6.929393E+03	9.039807E-17	3.412482E-18
6.969393E+03	9.097443E-17	3.447474E-18
7.009393E+03	9.123912E-17	3.472591E-18
7.049393E+03	9.117807E-17	3.487089E-18
7.089393E+03	9.079887E-17	3.491018E-18
7.129393E+03	9.013177E-17	3.485282E-18
7.169393E+03	8.922785E-17	3.471602E-18
7.209393E+03	8.815450E-17	3.452364E-18
7.249393E+03	8.698904E-17	3.430408E-18
7.289393E+03	8.581213E-17	3.408783E-18
7.329393E+03	8.470258E-17	3.390563E-18
7.369393E+03	8.373210E-17	3.378641E-18
7.409393E+03	8.295693E-17	3.375388E-18
7.449393E+03	8.239893E-17	3.381866E-18
7.489393E+03	8.200736E-17	3.396182E-18
7.529393E+03	8.160975E-17	3.411291E-18
7.569393E+03	8.099967E-17	3.418391E-18
7.609393E+03	8.025763E-17	3.420540E-18
7.649393E+03	7.946375E-17	3.420895E-18
7.689393E+03	7.860486E-17	3.418681E-18
7.729393E+03	7.770736E-17	3.414835E-18
7.769393E+03	7.679295E-17	3.410141E-18
7.809393E+03	7.585366E-17	3.404095E-18
7.849393E+03	7.486397E-17	3.395392E-18
7.889393E+03	7.379332E-17	3.382451E-18
7.929393E+03	7.261460E-17	3.363798E-18
7.969393E+03	7.130915E-17	3.338310E-18
8.009393E+03	6.986921E-17	3.305344E-18
8.049393E+03	6.829796E-17	3.264775E-18
8.089393E+03	6.660862E-17	3.216977E-18
8.129393E+03	6.482230E-17	3.162741E-18
8.169393E+03	6.296532E-17	3.103169E-18
8.209393E+03	6.106651E-17	3.039546E-18
8.249393E+03	5.915466E-17	2.973223E-18
8.289393E+03	5.725651E-17	2.905511E-18
8.329393E+03	5.539540E-17	2.837605E-18
8.369393E+03	5.359073E-17	2.770549E-18
8.409393E+03	5.185869E-17	2.705262E-18
8.449393E+03	5.021427E-17	2.642631E-18
8.489393E+03	4.867399E-17	2.583656E-18
8.529393E+03	4.725851E-17	2.529592E-18
8.569393E+03	4.599374E-17	2.482008E-18
8.609393E+03	4.490988E-17	2.442752E-18
8.649393E+03	4.403818E-17	2.413775E-18
8.689393E+03	4.340593E-17	2.396853E-18
8.729393E+03	4.302834E-17	2.393117E-18
8.769393E+03	4.289959E-17	2.402528E-18
8.809393E+03	4.300103E-17	2.424299E-18
8.849393E+03	4.330850E-17	2.457284E-18
8.889393E+03	4.379622E-17	2.500195E-18
8.929393E+03	4.443894E-17	2.551724E-18
8.969393E+03	4.521331E-17	2.610623E-18
9.009393E+03	4.609857E-17	2.675753E-18
9.049393E+03	4.707722E-17	2.746128E-18
9.089393E+03	4.813527E-17	2.820938E-18
9.129393E+03	4.926231E-17	2.899556E-18
9.169393E+03	5.045116E-17	2.981530E-18
9.209393E+03	5.169731E-17	3.066550E-18
9.249393E+03	5.299815E-17	3.154409E-18
9.289393E+03	5.435200E-17	3.244945E-18
9.329393E+03	5.575689E-17	3.337970E-18
9.369393E+03	5.720931E-17	3.433196E-18
9.409393E+03	5.870318E-17	3.530170E-18
9.449393E+03	6.022916E-17	3.628237E-18
9.489393E+03	6.177464E-17	3.726531E-18
9.529393E+03	6.332396E-17	3.823996E-18
9.569393E+03	6.485892E-17	3.919417E-18
9.609393E+03	6.635908E-17	4.011438E-18
9.649393E+03	6.780183E-17	4.098578E-18
9.689393E+03	6.916250E-17	4.179233E-18
9.729393E+03	7.041479E-17	4.251714E-18
9.769393E+03	7.153164E-17	4.314304E-18
9.809393E+03	7.248655E-17	4.365345E-18
9.849393E+03	7.325494E-17	4.403324E-18
9.889393E+03	7.381585E-17	4.426980E-18
9.929393E+03	7.415378E-17	4.435420E-18
9.969393E+03	7.426086E-17	4.428247E-18
1.000939E+04	7.413882E-17	4.405674E-18
1.004939E+04	7.380031E-17	4.368588E-18
1.008939E+04	7.326871E-17	4.318532E-18
1.012939E+04	7.257679E-17	4.257607E-18
1.016939E+04	7.176440E-17	4.188316E-18
1.020939E+04	7.087549E-17	4.113370E-18
1.024939E+04	6.995532E-17	4.035516E-18
1.028939E+04	6.904847E-17	3.957403E-18
1.032939E+04	6.819766E-17	3.881511E-18
1.036939E+04	6.744324E-17	3.810114E-18
1.040939E+04	6.682261E-17	3.745237E-18
1.044939E+04	6.636877E-17	3.688582E-18
1.048939E+04	6.610817E-17	3.641405E-18
1.052939E+04	6.605819E-17	3.604386E-18
1.056939E+04	6.622483E-17	3.577529E-18
1.060939E+04	6.660151E-17	3.560120E-18
1.064939E+04	6.716866E-17	3.550745E-18
1.068939E+04	6.789493E-17	3.547393E-18
1.072939E+04	6.873940E-17	3.547614E-18
1.076939E+04	6.965488E-17	3.548722E-18
1.080939E+04	7.059170E-17	3.548027E-18
1.084939E+04	7.150160E-17	3.543035E-18
1.088939E+04	7.234147E-17	3.531647E-18
1.092939E+04	7.307642E-17	3.512297E-18
1.096939E+04	7.368200E-17	3.484029E-18
1.100939E+04	7.414521E-17	3.446517E-18
1.104939E+04	7.446383E-17	3.399991E-18
1.108939E+04	7.464447E-17	3.345104E-18
1.112939E+04	7.469990E-17	3.282780E-18
1.116939E+04	7.464613E-17	3.214056E-18
1.120939E+04	7.450003E-17	3.139969E-18
1.124939E+04	7.427746E-17	3.061466E-18
1.128939E+04	7.399212E-17	2.979364E-18
1.132939E+04	7.365496E-17	2.894330E-18
1.136939E+04	7.327438E-17	2.806903E-18
1.140939E+04	7.285683E-17	2.717526E-18
1.144939E+04	7.240753E-17	2.626582E-18
1.148939E+04	7.193094E-17	2.534414E-18
1.152939E+04	7.143116E-17	2.441347E-18
1.156939E+04	7.091235E-17	2.347700E-18
1.160939E+04	7.037991E-17	2.253828E-18
1.164939E+04	6.984189E-17	2.160156E-18
1.168939E+04	6.931068E-17	2.067220E-18
1.172939E+04	6.880402E-17	1.975674E-18
1.176939E+04	6.834526E-17	1.886267E-18
1.180939E+04	6.796298E-17	1.799811E-18
1.184939E+04	6.769033E-17	1.717137E-18
1.188939E+04	6.756478E-17	1.639080E-18
1.192939E+04	6.762879E-17	1.566486E-18
1.196939E+04	6.793100E-17	1.500233E-18
1.200939E+04	6.852843E-17	1.441286E-18
1.204939E+04	6.948830E-17	1.390736E-18
1.208939E+04	7.088910E-17	1.349847E-18
1.212939E+04	7.282036E-17	1.320095E-18
1.216939E+04	7.537952E-17	1.303205E-18
1.220939E+04	7.866232E-17	1.301126E-18
1.224939E+04	8.273511E-17	1.315805E-18
1.228939E+04	8.756492E-17	1.348389E-18
1.232939E+04	9.285442E-17	1.397052E-18
1.236939E+04	9.769355E-17	1.451961E-18
1.240939E+04	1.001079E-16	1.487850E-18
1.244939E+04	9.802080E-17	1.475195E-18
1.248939E+04	9.287719E-17	1.431773E-18
1.252939E+04	8.698474E-17	1.387013E-18
1.256939E+04	8.150099E-17	1.354611E-18
1.260939E+04	7.681566E-17	1.338306E-18
1.264939E+04	7.298185E-17	1.337834E-18
1.268939E+04	6.993092E-17	1.351734E-18
1.272939E+04	6.756234E-17	1.378432E-18
1.276939E+04	6.577726E-17	1.416592E-18
1.280939E+04	6.448866E-17	1.465167E-18
1.284939E+04	6.362252E-17	1.523355E-18
1.288939E+04	6.311587E-17	1.590519E-18
1.292939E+04	6.291485E-17	1.666129E-18
1.296939E+04	6.297282E-17	1.749705E-18
1.300939E+04	6.324876E-17	1.840785E-18
1.304939E+04	6.370604E-17	1.938886E-18
1.308939E+04	6.431129E-17	2.043485E-18
1.312939E+04	6.503404E-17	2.154009E-18
1.316939E+04	6.584666E-17	2.269844E-18
1.320939E+04	6.672413E-17	2.390337E-18
1.324939E+04	6.764403E-17	2.514810E-18
1.328939E+04	6.858657E-17	2.642577E-18
1.332939E+04	6.953465E-17	2.772958E-18
1.336939E+04	7.047363E-17	2.905288E-18
1.340939E+04	7.139105E-17	3.038924E-18
1.344939E+04	7.227604E-17	3.173230E-18
1.348939E+04	7.311901E-17	3.307574E-18
1.352939E+04	7.391109E-17	3.441313E-18
1.356939E+04	7.464398E-17	3.573788E-18
1.360939E+04	7.530968E-17	3.704319E-18
1.364939E+04	7.590077E-17	3.832216E-18
1.368939E+04	7.641043E-17	3.956788E-18
1.372939E+04	7.683293E-17	4.077374E-18
1.376939E+04	7.716401E-17	4.193369E-18
1.380939E+04	7.740104E-17	4.304243E-18
1.384939E+04	7.754322E-17	4.409567E-18
1.388939E+04	7.759162E-17	4.509020E-18
1.392939E+04	7.754922E-17	4.602411E-18
1.396939E+04	7.742101E-17	4.689689E-18
1.400939E+04	7.721383E-17	4.770951E-18
1.404939E+04	7.693618E-17	4.846437E-18
1.408939E+04	7.659761E-17	4.916502E-18
1.412939E+04	7.620819E-17	4.981585E-18
1.416939E+04	7.577775E-17	5.042165E-18
1.420939E+04	7.531542E-17	5.098718E-18
1.424939E+04	7.482930E-17	5.151700E-18
1.428939E+04	7.432625E-17	5.201517E-18
1.432939E+04	7.381196E-17	5.248527E-18
1.436939E+04	7.329118E-17	5.293046E-18
1.440939E+04	7.276813E-17	5.335372E-18
1.444939E+04	7.224732E-17	5.375849E-18
1.448939E+04	7.173444E-17	5.414927E-18
1.452939E+04	7.123670E-17	5.453195E-18
1.456939E+04	7.076278E-17	5.491391E-18
1.460939E+04	7.032240E-17	5.530367E-18
1.464939E+04	6.992575E-17	5.571053E-18
1.468939E+04	6.958254E-17	5.614378E-18
1.472939E+04	6.930104E-17	5.661190E-18
1.476939E+04	6.908693E-17	5.712151E-18
1.480939E+04	6.894276E-17	5.767682E-18
1.484939E+04	6.886779E-17	5.827928E-18
1.488939E+04	6.885803E-17	5.892748E-18
1.492939E+04	6.890668E-17	5.961740E-18
1.496939E+04	6.900437E-17	6.034245E-18
1.500939E+04	6.913907E-17	6.109333E-18
1.504939E+04	6.929604E-17	6.185781E-18
1.508939E+04	6.945755E-17	6.262046E-18
1.512939E+04	6.960344E-17	6.336296E-18
1.516939E+04	6.971181E-17	6.406472E-18
1.520939E+04	6.976011E-17	6.470381E-18
1.524939E+04	6.972625E-17	6.525798E-18
1.528939E+04	6.959021E-17	6.570627E-18
1.532939E+04	6.933556E-17	6.603055E-18
1.536939E+04	6.895119E-17	6.621734E-18
1.540939E+04	6.843170E-17	6.625844E-18
1.544939E+04	6.777694E-17	6.615072E-18
1.548939E+04	6.699080E-17	6.589508E-18
1.552939E+04	6.608035E-17	6.549584E-18
1.556939E+04	6.505517E-17	6.496011E-18
1.560939E+04	6.392651E-17	6.429704E-18
1.564939E+04	6.270640E-17	6.351701E-18
1.568939E+04	6.140780E-17	6.263176E-18
1.572939E+04	6.004518E-17	6.165499E-18
1.576939E+04	5.863521E-17	6.060313E-18
1.580939E+04	5.719708E-17	5.949573E-18
1.584939E+04	5.575203E-17	5.835501E-18
1.588939E+04	5.432291E-17	5.720544E-18
1.592939E+04	5.293397E-17	5.607358E-18
1.596939E+04	5.161057E-17	5.498773E-18
1.600939E+04	5.037832E-17	5.397705E-18
1.604939E+04	4.926140E-17	5.306968E-18
1.608939E+04	4.828030E-17	5.229029E-18
1.612939E+04	4.744973E-17	5.165760E-18
1.616939E+04	4.677697E-17	5.118246E-18
1.620939E+04	4.626159E-17	5.086726E-18
1.624939E+04	4.589625E-17	5.070661E-18
1.628939E+04	4.566829E-17	5.068900E-18
1.632939E+04	4.556143E-17	5.079848E-18
1.636939E+04	4.555714E-17	5.101615E-18
1.640939E+04	4.563557E-17	5.132124E-18
1.644939E+04	4.577640E-17	5.169196E-18
1.648939E+04	4.595946E-17	5.210627E-18
1.652939E+04	4.616568E-17	5.254299E-18
1.656939E+04	4.637805E-17	5.298293E-18
1.660939E+04	4.658256E-17	5.341005E-18
1.664939E+04	4.676846E-17	5.381184E-18
1.668939E+04	4.692751E-17	5.417849E-18
1.672939E+04	4.705271E-17	5.450155E-18
1.676939E+04	4.713772E-17	5.477326E-18
1.680939E+04	4.717745E-17	5.498722E-18
1.684939E+04	4.716930E-17	5.513991E-18
1.688939E+04	4.711461E-17	5.523243E-18
1.692939E+04	4.701914E-17	5.527115E-18
1.696939E+04	4.689227E-17	5.526677E-18
1.700939E+04	4.674501E-17	5.523210E-18
1.704939E+04	4.658733E-17	5.517882E-18
1.708939E+04	4.642598E-17	5.511495E-18
1.712939E+04	4.626361E-17	5.504369E-18
1.716939E+04	4.609952E-17	5.496428E-18
1.720939E+04	4.593106E-17	5.487362E-18
1.724939E+04	4.575488E-17	5.476776E-18
1.728939E+04	4.556751E-17	5.464256E-18
1.732939E+04	4.536569E-17	5.449417E-18
1.736939E+04	4.514700E-17	5.431964E-18
1.740939E+04	4.491056E-17	5.411793E-18
1.744939E+04	4.465765E-17	5.389060E-18
1.748939E+04	4.439180E-17	5.364196E-18
1.752939E+04	4.411863E-17	5.337883E-18
1.756939E+04	4.384561E-17	5.311038E-18
1.760939E+04	4.358164E-17	5.284752E-18
1.764939E+04	4.333662E-17	5.260242E-18
1.768939E+04	4.312060E-17	5.238746E-18
1.772939E+04	4.294292E-17	5.221422E-18
1.776939E+04	4.281148E-17	5.209250E-18
1.780939E+04	4.273253E-17	5.203014E-18
1.784939E+04	4.271088E-17	5.203317E-18
1.788939E+04	4.275017E-17	5.210621E-18
1.792939E+04	4.285282E-17	5.225233E-18
1.796939E+04	4.301953E-17	5.247252E-18
1.800939E+04	4.324880E-17	5.276501E-18
1.804939E+04	4.353684E-17	5.312519E-18
1.808939E+04	4.387762E-17	5.354576E-18
1.812939E+04	4.426350E-17	5.401733E-18
1.816939E+04	4.468567E-17	5.452911E-18
1.820939E+04	4.513458E-17	5.506939E-18
1.824939E+04	4.560020E-17	5.562586E-18
1.828939E+04	4.607188E-17	5.618544E-18
1.832939E+04	4.653853E-17	5.673458E-18
1.836939E+04	4.698888E-17	5.725946E-18
1.840939E+04	4.741196E-17	5.774674E-18
1.844939E+04	4.779770E-17	5.818415E-18
1.848939E+04	4.813726E-17	5.856101E-18
1.852939E+04	4.842317E-17	5.886832E-18
1.856939E+04	4.864931E-17	5.909883E-18
1.860939E+04	4.881090E-17	5.924691E-18
1.864939E+04	4.890432E-17	5.930843E-18
1.868939E+04	4.892729E-17	5.928090E-18
1.872939E+04	4.887886E-17	5.916349E-18
1.876939E+04	4.875947E-17	5.895712E-18
1.880939E+04	4.857090E-17	5.866431E-18
1.884939E+04	4.831609E-17	5.828904E-18
1.888939E+04	4.799883E-17	5.783629E-18
1.892939E+04	4.762373E-17	5.731206E-18
1.896939E+04	4.719609E-17	5.672314E-18
1.900939E+04	4.672175E-17	5.607698E-18
1.904939E+04	4.620719E-17	5.538177E-18
1.908939E+04	4.565936E-17	5.464621E-18
1.912939E+04	4.508575E-17	5.387963E-18
1.916939E+04	4.449429E-17	5.309182E-18
1.920939E+04	4.389309E-17	5.229274E-18
1.924939E+04	4.329022E-17	5.149224E-18
1.928939E+04	4.269346E-17	5.069975E-18
1.932939E+04	4.211014E-17	4.992413E-18
1.936939E+04	4.154694E-17	4.917338E-18
1.940939E+04	4.100986E-17	4.845466E-18
1.944939E+04	4.050396E-17	4.777392E-18
1.948939E+04	4.003325E-17	4.713589E-18
1.952939E+04	3.960038E-17	4.654362E-18
1.956939E+04	3.920632E-17	4.599816E-18
1.960939E+04	3.885013E-17	4.549832E-18
1.964939E+04	3.852895E-17	4.504068E-18
1.968939E+04	3.823815E-17	4.461974E-18
1.972939E+04	3.797170E-17	4.422845E-18
1.976939E+04	3.772284E-17	4.385894E-18
1.980939E+04	3.748477E-17	4.350335E-18
1.984939E+04	3.725162E-17	4.315496E-18
1.988939E+04	3.701905E-17	4.280886E-18
1.992939E+04	3.678475E-17	4.246253E-18
1.996939E+04	3.654825E-17	4.211560E-18
2.000939E+04	3.631034E-17	4.176910E-18
2.004939E+04	3.607207E-17	4.142442E-18
2.008939E+04	3.583396E-17	4.108228E-18
2.012939E+04	3.559534E-17	4.074205E-18
2.016939E+04	3.535393E-17	4.040130E-18
2.020939E+04	3.510604E-17	4.005593E-18
2.024939E+04	3.484675E-17	3.970052E-18
2.028939E+04	3.457061E-17	3.932906E-18
2.032939E+04	3.427249E-17	3.893593E-18
2.036939E+04	3.394848E-17	3.851691E-18
2.040939E+04	3.359643E-17	3.806978E-18
2.044939E+04	3.321628E-17	3.759469E-18
2.048939E+04	3.280978E-17	3.709381E-18
2.052939E+04	3.238007E-17	3.657085E-18
2.056939E+04	3.193074E-17	3.603000E-18
2.060939E+04	3.146526E-17	3.547526E-18
2.064939E+04	3.098643E-17	3.490986E-18
2.068939E+04	3.049632E-17	3.433618E-18
2.072939E+04	2.999639E-17	3.375586E-18
2.076939E+04	2.948756E-17	3.316995E-18
2.080939E+04	2.897040E-17	3.257906E-18
2.084939E+04	2.844521E-17	3.198350E-18
2.088939E+04	2.791208E-17	3.138330E-18
2.092939E+04	2.737109E-17	3.077847E-18
2.096939E+04	2.682256E-17	3.016926E-18
2.100939E+04	2.626743E-17	2.955662E-18
2.104939E+04	2.570772E-17	2.894268E-18
2.108939E+04	2.514685E-17	2.833114E-18
2.112939E+04	2.458957E-17	2.772718E-18
2.116939E+04	2.404202E-17	2.713757E-18
2.120939E+04	2.351170E-17	2.657065E-18
2.124939E+04	2.300745E-17	2.603628E-18
2.128939E+04	2.253926E-17	2.554566E-18
2.132939E+04	2.211764E-17	2.511054E-18
2.136939E+04	2.175228E-17	2.474190E-18
2.140939E+04	2.144981E-17	2.444734E-18
2.144939E+04	2.121056E-17	2.422744E-18
2.148939E+04	2.102595E-17	2.407260E-18
2.152939E+04	2.089014E-17	2.397638E-18
2.156939E+04	2.081074E-17	2.394779E-18
2.160939E+04	2.078941E-17	2.398912E-18
2.164939E+04	2.082000E-17	2.409371E-18
2.168939E+04	2.089226E-17	2.425009E-18
2.172939E+04	2.099463E-17	2.444518E-18
2.176939E+04	2.111577E-17	2.466602E-18
2.180939E+04	2.124544E-17	2.490076E-18
2.184939E+04	2.137478E-17	2.513904E-18
2.188939E+04	2.149622E-17	2.537189E-18
2.192939E+04	2.160340E-17	2.559162E-18
2.196939E+04	2.169094E-17	2.579159E-18
2.200939E+04	2.175407E-17	2.596578E-18
2.204939E+04	2.178858E-17	2.610875E-18
2.208939E+04	2.179075E-17	2.621552E-18
2.212939E+04	2.175746E-17	2.628178E-18
2.216939E+04	2.168659E-17	2.630433E-18
2.220939E+04	2.157719E-17	2.628134E-18
2.224939E+04	2.142953E-17	2.621243E-18
2.228939E+04	2.124512E-17	2.609873E-18
2.232939E+04	2.102637E-17	2.594250E-18
2.236939E+04	2.077638E-17	2.574691E-18
2.240939E+04	2.049880E-17	2.551582E-18
2.244939E+04	2.019747E-17	2.525346E-18
2.248939E+04	1.987647E-17	2.496442E-18
2.252939E+04	1.954003E-17	2.465356E-18
2.256939E+04	1.919242E-17	2.432588E-18
2.260939E+04	1.883795E-17	2.398654E-18
2.264939E+04	1.848077E-17	2.364063E-18
2.268939E+04	1.812483E-17	2.329305E-18
2.272939E+04	1.777371E-17	2.294831E-18
2.276939E+04	1.743039E-17	2.261028E-18
2.280939E+04	1.709731E-17	2.228216E-18
2.284939E+04	1.677624E-17	2.196640E-18
2.288939E+04	1.646840E-17	2.166469E-18
2.292939E+04	1.617455E-17	2.137823E-18
2.296939E+04	1.589508E-17	2.110772E-18
2.300939E+04	1.563012E-17	2.085353E-18
2.304939E+04	1.537953E-17	2.061568E-18
2.308939E+04	1.514308E-17	2.039408E-18
2.312939E+04	1.492038E-17	2.018841E-18
2.316939E+04	1.471109E-17	1.999842E-18
2.320939E+04	1.451486E-17	1.982383E-18
2.324939E+04	1.433136E-17	1.966442E-18
2.328939E+04	1.416033E-17	1.952001E-18
2.332939E+04	1.400156E-17	1.939054E-18
2.336939E+04	1.385501E-17	1.927613E-18
2.340939E+04	1.372068E-17	1.917700E-18
2.344939E+04	1.359861E-17	1.909342E-18
2.348939E+04	1.348881E-17	1.902560E-18
2.352939E+04	1.339119E-17	1.897362E-18
2.356939E+04	1.330557E-17	1.893742E-18
2.360939E+04	1.323168E-17	1.891687E-18
2.364939E+04	1.316922E-17	1.891171E-18
2.368939E+04	1.311786E-17	1.892167E-18
2.372939E+04	1.307720E-17	1.894636E-18
2.376939E+04	1.304675E-17	1.898526E-18
2.380939E+04	1.302593E-17	1.903771E-18
2.384939E+04	1.301410E-17	1.910292E-18
2.388939E+04	1.301056E-17	1.918001E-18
2.392939E+04	1.301457E-17	1.926804E-18
2.396939E+04	1.302538E-17	1.936602E-18
2.400939E+04	1.304222E-17	1.947291E-18
2.404939E+04	1.306429E-17	1.958761E-18
2.408939E+04	1.309079E-17	1.970899E-18
2.412939E+04	1.312092E-17	1.983592E-18
2.416939E+04	1.315390E-17	1.996725E-18
2.420939E+04	1.318900E-17	2.010194E-18
2.424939E+04	1.322557E-17	2.023899E-18
2.428939E+04	1.326307E-17	2.037760E-18
2.432939E+04	1.330106E-17	2.051709E-18
2.436939E+04	1.333924E-17	2.065697E-18
2.440939E+04	1.337738E-17	2.079692E-18
2.444939E+04	1.341539E-17	2.093675E-18
2.448939E+04	1.345325E-17	2.107641E-18
