#wls	flux	fluxerr
3.289393E+03	4.840983E-16	1.168274E-17
3.329393E+03	5.019154E-16	1.187937E-17
3.369393E+03	5.196198E-16	1.206247E-17
3.409393E+03	5.367160E-16	1.222184E-17
3.449393E+03	5.525914E-16	1.234555E-17
3.489393E+03	5.666173E-16	1.242235E-17
3.529393E+03	5.785261E-16	1.244973E-17
3.569393E+03	5.886286E-16	1.243769E-17
3.609393E+03	5.974223E-16	1.239950E-17
3.649393E+03	6.053766E-16	1.234685E-17
3.689393E+03	6.128540E-16	1.228831E-17
3.729393E+03	6.200791E-16	1.222913E-17
3.769393E+03	6.271272E-16	1.217134E-17
3.809393E+03	6.339303E-16	1.211408E-17
3.849393E+03	6.403392E-16	1.205499E-17
3.889393E+03	6.462619E-16	1.199267E-17
3.929393E+03	6.516299E-16	1.192601E-17
3.969393E+03	6.563481E-16	1.185340E-17
4.009393E+03	6.603196E-16	1.177326E-17
4.049393E+03	6.634816E-16	1.168459E-17
4.089393E+03	6.658386E-16	1.158758E-17
4.129393E+03	6.674861E-16	1.148390E-17
4.169393E+03	6.686234E-16	1.137691E-17
4.209393E+03	6.695521E-16	1.127148E-17
4.249393E+03	6.706586E-16	1.117371E-17
4.289393E+03	6.723825E-16	1.109029E-17
4.329393E+03	6.751728E-16	1.102785E-17
4.369393E+03	6.794403E-16	1.099214E-17
4.409393E+03	6.855101E-16	1.098735E-17
4.449393E+03	6.935834E-16	1.101559E-17
4.489393E+03	7.037086E-16	1.107650E-17
4.529393E+03	7.157633E-16	1.116711E-17
4.569393E+03	7.294376E-16	1.128165E-17
4.609393E+03	7.442156E-16	1.141144E-17
4.649393E+03	7.593517E-16	1.154460E-17
4.689393E+03	7.738543E-16	1.166598E-17
4.729393E+03	7.864996E-16	1.175746E-17
4.769393E+03	7.959073E-16	1.179927E-17
4.809393E+03	8.007215E-16	1.177260E-17
4.849393E+03	7.999750E-16	1.166496E-17
4.889393E+03	7.937407E-16	1.147910E-17
4.929393E+03	7.830508E-16	1.123134E-17
4.969393E+03	7.692544E-16	1.094206E-17
5.009393E+03	7.536866E-16	1.063086E-17
5.049393E+03	7.375070E-16	1.031431E-17
5.089393E+03	7.216317E-16	1.000513E-17
5.129393E+03	7.067246E-16	9.712209E-18
5.169393E+03	6.932207E-16	9.441029E-18
5.209393E+03	6.813622E-16	9.194317E-18
5.249393E+03	6.712363E-16	8.972645E-18
5.289393E+03	6.628102E-16	8.774990E-18
5.329393E+03	6.559600E-16	8.599185E-18
5.369393E+03	6.504941E-16	8.442285E-18
5.409393E+03	6.461715E-16	8.300854E-18
5.449393E+03	6.427189E-16	8.171210E-18
5.489393E+03	6.398472E-16	8.049673E-18
5.529393E+03	6.372690E-16	7.932787E-18
5.569393E+03	6.347190E-16	7.817578E-18
5.609393E+03	6.319757E-16	7.701797E-18
5.649393E+03	6.288885E-16	7.584222E-18
5.689393E+03	6.254019E-16	7.464887E-18
5.729393E+03	6.215734E-16	7.345228E-18
5.769393E+03	6.175723E-16	7.227994E-18
5.809393E+03	6.136629E-16	7.116988E-18
5.849393E+03	6.101690E-16	7.016545E-18
5.889393E+03	6.074341E-16	6.930957E-18
5.929393E+03	6.057468E-16	6.863809E-18
5.969393E+03	6.052524E-16	6.817059E-18
6.009393E+03	6.058566E-16	6.790043E-18
6.049393E+03	6.071338E-16	6.778511E-18
6.089393E+03	6.082544E-16	6.773859E-18
6.129393E+03	6.079732E-16	6.762957E-18
6.169393E+03	6.047418E-16	6.729242E-18
6.209393E+03	5.970183E-16	6.655799E-18
6.249393E+03	5.838203E-16	6.530737E-18
6.289393E+03	5.655106E-16	6.356365E-18
6.329393E+03	5.437539E-16	6.149306E-18
6.369393E+03	5.206479E-16	5.931254E-18
6.409393E+03	4.981588E-16	5.722910E-18
6.449393E+03	4.778010E-16	5.540452E-18
6.489393E+03	4.603403E-16	5.392157E-18
6.529393E+03	4.458832E-16	5.279143E-18
6.569393E+03	4.342922E-16	5.199925E-18
6.609393E+03	4.253257E-16	5.151914E-18
6.649393E+03	4.186815E-16	5.131824E-18
6.689393E+03	4.140155E-16	5.135819E-18
6.729393E+03	4.109561E-16	5.159624E-18
6.769393E+03	4.091145E-16	5.198600E-18
6.809393E+03	4.080932E-16	5.247824E-18
6.849393E+03	4.074927E-16	5.302151E-18
6.889393E+03	4.069153E-16	5.356256E-18
6.929393E+03	4.059706E-16	5.404712E-18
6.969393E+03	4.042874E-16	5.442151E-18
7.009393E+03	4.015318E-16	5.463542E-18
7.049393E+03	3.974302E-16	5.464536E-18
7.089393E+03	3.917876E-16	5.441776E-18
7.129393E+03	3.844974E-16	5.393097E-18
7.169393E+03	3.755408E-16	5.317578E-18
7.209393E+03	3.649825E-16	5.215550E-18
7.249393E+03	3.529715E-16	5.088640E-18
7.289393E+03	3.397487E-16	4.939945E-18
7.329393E+03	3.256620E-16	4.774287E-18
7.369393E+03	3.111780E-16	4.598434E-18
7.409393E+03	2.968795E-16	4.421125E-18
7.449393E+03	2.834416E-16	4.252742E-18
7.489393E+03	2.715848E-16	4.104650E-18
7.529393E+03	2.620183E-16	3.988330E-18
7.569393E+03	2.553839E-16	3.914504E-18
7.609393E+03	2.522019E-16	3.892265E-18
7.649393E+03	2.527819E-16	3.927578E-18
7.689393E+03	2.569541E-16	4.018974E-18
7.729393E+03	2.636882E-16	4.151363E-18
7.769393E+03	2.713322E-16	4.299362E-18
7.809393E+03	2.779547E-16	4.432438E-18
7.849393E+03	2.818218E-16	4.522353E-18
7.889393E+03	2.822446E-16	4.557037E-18
7.929393E+03	2.796489E-16	4.542283E-18
7.969393E+03	2.749272E-16	4.491719E-18
8.009393E+03	2.690494E-16	4.420619E-18
8.049393E+03	2.628530E-16	4.342471E-18
8.089393E+03	2.569581E-16	4.267470E-18
8.129393E+03	2.517608E-16	4.202306E-18
8.169393E+03	2.474666E-16	4.150603E-18
8.209393E+03	2.441354E-16	4.113598E-18
8.249393E+03	2.417269E-16	4.090838E-18
8.289393E+03	2.401363E-16	4.080754E-18
8.329393E+03	2.392213E-16	4.081096E-18
8.369393E+03	2.388209E-16	4.089251E-18
8.409393E+03	2.387686E-16	4.102469E-18
8.449393E+03	2.389007E-16	4.118002E-18
8.489393E+03	2.390640E-16	4.133260E-18
8.529393E+03	2.391225E-16	4.145918E-18
8.569393E+03	2.389646E-16	4.154061E-18
8.609393E+03	2.385094E-16	4.156306E-18
8.649393E+03	2.377129E-16	4.151904E-18
8.689393E+03	2.365677E-16	4.140761E-18
8.729393E+03	2.351015E-16	4.123402E-18
8.769393E+03	2.333683E-16	4.100836E-18
8.809393E+03	2.314375E-16	4.074350E-18
8.849393E+03	2.293801E-16	4.045282E-18
8.889393E+03	2.272562E-16	4.014784E-18
8.929393E+03	2.251045E-16	3.983645E-18
8.969393E+03	2.229358E-16	3.952162E-18
9.009393E+03	2.207294E-16	3.920074E-18
9.049393E+03	2.184339E-16	3.886574E-18
9.089393E+03	2.159737E-16	3.850411E-18
9.129393E+03	2.132627E-16	3.810136E-18
9.169393E+03	2.102282E-16	3.764486E-18
9.209393E+03	2.068474E-16	3.712989E-18
9.249393E+03	2.031874E-16	3.656771E-18
9.289393E+03	1.993753E-16	3.598046E-18
9.329393E+03	1.955468E-16	3.539209E-18
9.369393E+03	1.918197E-16	3.482359E-18
9.409393E+03	1.882840E-16	3.429121E-18
9.449393E+03	1.850027E-16	3.380652E-18
9.489393E+03	1.820161E-16	3.337716E-18
9.529393E+03	1.793485E-16	3.300795E-18
9.569393E+03	1.770117E-16	3.270162E-18
9.609393E+03	1.750082E-16	3.245922E-18
9.649393E+03	1.733305E-16	3.228005E-18
9.689393E+03	1.719593E-16	3.216126E-18
9.729393E+03	1.708611E-16	3.209735E-18
9.769393E+03	1.699837E-16	3.207919E-18
9.809393E+03	1.692535E-16	3.209358E-18
9.849393E+03	1.685755E-16	3.212291E-18
9.889393E+03	1.678408E-16	3.214663E-18
9.929393E+03	1.669564E-16	3.214653E-18
9.969393E+03	1.659054E-16	3.211793E-18
1.000939E+04	1.647195E-16	3.206546E-18
1.004939E+04	1.634286E-16	3.199352E-18
1.008939E+04	1.620481E-16	3.190384E-18
1.012939E+04	1.605792E-16	3.179540E-18
1.016939E+04	1.590137E-16	3.166538E-18
1.020939E+04	1.573399E-16	3.151032E-18
1.024939E+04	1.555472E-16	3.132694E-18
1.028939E+04	1.536292E-16	3.111287E-18
1.032939E+04	1.515847E-16	3.086680E-18
1.036939E+04	1.494163E-16	3.058831E-18
1.040939E+04	1.471302E-16	3.027781E-18
1.044939E+04	1.447351E-16	2.993635E-18
1.048939E+04	1.422437E-16	2.956588E-18
1.052939E+04	1.396729E-16	2.916945E-18
1.056939E+04	1.370472E-16	2.875178E-18
1.060939E+04	1.343978E-16	2.831923E-18
1.064939E+04	1.317615E-16	2.787948E-18
1.068939E+04	1.291767E-16	2.744078E-18
1.072939E+04	1.266796E-16	2.701110E-18
1.076939E+04	1.243000E-16	2.659712E-18
1.080939E+04	1.220594E-16	2.620393E-18
1.084939E+04	1.199707E-16	2.583475E-18
1.088939E+04	1.180383E-16	2.549107E-18
1.092939E+04	1.162599E-16	2.517293E-18
1.096939E+04	1.146293E-16	2.487946E-18
1.100939E+04	1.131365E-16	2.460899E-18
1.104939E+04	1.117703E-16	2.435953E-18
1.108939E+04	1.105190E-16	2.412896E-18
1.112939E+04	1.093708E-16	2.391517E-18
1.116939E+04	1.083147E-16	2.371610E-18
1.120939E+04	1.073406E-16	2.352997E-18
1.124939E+04	1.064394E-16	2.335517E-18
1.128939E+04	1.056032E-16	2.319036E-18
1.132939E+04	1.048248E-16	2.303434E-18
1.136939E+04	1.040982E-16	2.288620E-18
1.140939E+04	1.034177E-16	2.274513E-18
1.144939E+04	1.027787E-16	2.261051E-18
1.148939E+04	1.021769E-16	2.248186E-18
1.152939E+04	1.016088E-16	2.235884E-18
1.156939E+04	1.010710E-16	2.224118E-18
1.160939E+04	1.005606E-16	2.212875E-18
1.164939E+04	1.000751E-16	2.202149E-18
1.168939E+04	9.961228E-17	2.191941E-18
1.172939E+04	9.917002E-17	2.182262E-18
1.176939E+04	9.874665E-17	2.173129E-18
1.180939E+04	9.834058E-17	2.164565E-18
1.184939E+04	9.795034E-17	2.156594E-18
1.188939E+04	9.757443E-17	2.149245E-18
1.192939E+04	9.721111E-17	2.142538E-18
1.196939E+04	9.685817E-17	2.136487E-18
1.200939E+04	9.651258E-17	2.131086E-18
1.204939E+04	9.616997E-17	2.126300E-18
1.208939E+04	9.582424E-17	2.122055E-18
1.212939E+04	9.546688E-17	2.118222E-18
1.216939E+04	9.508670E-17	2.114608E-18
1.220939E+04	9.466967E-17	2.110953E-18
1.224939E+04	9.419958E-17	2.106941E-18
1.228939E+04	9.365965E-17	2.102233E-18
1.232939E+04	9.303504E-17	2.096520E-18
1.236939E+04	9.231613E-17	2.089589E-18
1.240939E+04	9.150102E-17	2.081323E-18
1.244939E+04	9.059555E-17	2.071745E-18
1.248939E+04	8.961064E-17	2.060993E-18
1.252939E+04	8.856306E-17	2.049341E-18
1.256939E+04	8.747527E-17	2.037202E-18
1.260939E+04	8.637218E-17	2.025060E-18
1.264939E+04	8.527769E-17	2.013392E-18
1.268939E+04	8.421194E-17	2.002604E-18
1.272939E+04	8.319004E-17	1.992998E-18
1.276939E+04	8.222192E-17	1.984769E-18
1.280939E+04	8.131294E-17	1.978009E-18
1.284939E+04	8.046485E-17	1.972734E-18
1.288939E+04	7.967675E-17	1.968899E-18
1.292939E+04	7.894599E-17	1.966418E-18
1.296939E+04	7.826879E-17	1.965180E-18
1.300939E+04	7.764077E-17	1.965061E-18
1.304939E+04	7.705725E-17	1.965926E-18
1.308939E+04	7.651349E-17	1.967639E-18
1.312939E+04	7.600476E-17	1.970066E-18
1.316939E+04	7.552645E-17	1.973070E-18
1.320939E+04	7.507410E-17	1.976521E-18
1.324939E+04	7.464338E-17	1.980289E-18
1.328939E+04	7.423017E-17	1.984248E-18
1.332939E+04	7.383051E-17	1.988277E-18
1.336939E+04	7.344059E-17	1.992255E-18
1.340939E+04	7.305681E-17	1.996069E-18
1.344939E+04	7.267570E-17	1.999605E-18
1.348939E+04	7.229399E-17	2.002757E-18
1.352939E+04	7.190859E-17	2.005423E-18
1.356939E+04	7.151663E-17	2.007503E-18
1.360939E+04	7.111547E-17	2.008908E-18
1.364939E+04	7.070276E-17	2.009555E-18
1.368939E+04	7.027643E-17	2.009369E-18
1.372939E+04	6.983471E-17	2.008285E-18
1.376939E+04	6.937621E-17	2.006249E-18
1.380939E+04	6.889984E-17	2.003217E-18
1.384939E+04	6.840492E-17	1.999160E-18
1.388939E+04	6.789117E-17	1.994059E-18
1.392939E+04	6.735874E-17	1.987912E-18
1.396939E+04	6.680821E-17	1.980730E-18
1.400939E+04	6.624056E-17	1.972539E-18
1.404939E+04	6.565718E-17	1.963379E-18
1.408939E+04	6.505978E-17	1.953303E-18
1.412939E+04	6.445038E-17	1.942374E-18
1.416939E+04	6.383119E-17	1.930664E-18
1.420939E+04	6.320459E-17	1.918253E-18
1.424939E+04	6.257301E-17	1.905224E-18
1.428939E+04	6.193886E-17	1.891662E-18
1.432939E+04	6.130453E-17	1.877651E-18
1.436939E+04	6.067223E-17	1.863274E-18
1.440939E+04	6.004404E-17	1.848610E-18
1.444939E+04	5.942184E-17	1.833734E-18
1.448939E+04	5.880729E-17	1.818713E-18
1.452939E+04	5.820182E-17	1.803610E-18
1.456939E+04	5.760662E-17	1.788480E-18
1.460939E+04	5.702266E-17	1.773371E-18
1.464939E+04	5.645068E-17	1.758327E-18
1.468939E+04	5.589129E-17	1.743385E-18
1.472939E+04	5.534486E-17	1.728577E-18
1.476939E+04	5.481161E-17	1.713930E-18
1.480939E+04	5.429164E-17	1.699465E-18
1.484939E+04	5.378491E-17	1.685201E-18
1.488939E+04	5.329123E-17	1.671153E-18
1.492939E+04	5.281035E-17	1.657332E-18
1.496939E+04	5.234194E-17	1.643749E-18
1.500939E+04	5.188564E-17	1.630410E-18
1.504939E+04	5.144106E-17	1.617325E-18
1.508939E+04	5.100784E-17	1.604501E-18
1.512939E+04	5.058567E-17	1.591949E-18
1.516939E+04	5.017434E-17	1.579682E-18
1.520939E+04	4.977377E-17	1.567717E-18
1.524939E+04	4.938398E-17	1.556076E-18
1.528939E+04	4.900522E-17	1.544786E-18
1.532939E+04	4.863789E-17	1.533880E-18
1.536939E+04	4.828259E-17	1.523397E-18
1.540939E+04	4.794010E-17	1.513381E-18
1.544939E+04	4.761135E-17	1.503884E-18
1.548939E+04	4.729745E-17	1.494958E-18
1.552939E+04	4.699956E-17	1.486663E-18
1.556939E+04	4.671887E-17	1.479057E-18
1.560939E+04	4.645659E-17	1.472198E-18
1.564939E+04	4.621374E-17	1.466140E-18
1.568939E+04	4.599114E-17	1.460931E-18
1.572939E+04	4.578920E-17	1.456605E-18
1.576939E+04	4.560777E-17	1.453181E-18
1.580939E+04	4.544583E-17	1.450648E-18
1.584939E+04	4.530130E-17	1.448962E-18
1.588939E+04	4.517062E-17	1.448031E-18
1.592939E+04	4.504852E-17	1.447710E-18
1.596939E+04	4.492780E-17	1.447785E-18
1.600939E+04	4.479933E-17	1.447981E-18
1.604939E+04	4.465253E-17	1.447969E-18
1.608939E+04	4.447635E-17	1.447400E-18
1.612939E+04	4.426084E-17	1.445941E-18
1.616939E+04	4.399896E-17	1.443328E-18
1.620939E+04	4.368816E-17	1.439433E-18
1.624939E+04	4.333080E-17	1.434289E-18
1.628939E+04	4.293392E-17	1.428083E-18
1.632939E+04	4.250808E-17	1.421122E-18
1.636939E+04	4.206545E-17	1.413774E-18
1.640939E+04	4.161800E-17	1.406406E-18
1.644939E+04	4.117601E-17	1.399340E-18
1.648939E+04	4.074744E-17	1.392824E-18
1.652939E+04	4.033782E-17	1.387033E-18
1.656939E+04	3.995049E-17	1.382070E-18
1.660939E+04	3.958703E-17	1.377982E-18
1.664939E+04	3.924773E-17	1.374772E-18
1.668939E+04	3.893199E-17	1.372416E-18
1.672939E+04	3.863859E-17	1.370867E-18
1.676939E+04	3.836605E-17	1.370069E-18
1.680939E+04	3.811268E-17	1.369960E-18
1.684939E+04	3.787681E-17	1.370476E-18
1.688939E+04	3.765681E-17	1.371554E-18
1.692939E+04	3.745118E-17	1.373137E-18
1.696939E+04	3.725862E-17	1.375173E-18
1.700939E+04	3.707798E-17	1.377615E-18
1.704939E+04	3.690832E-17	1.380426E-18
1.708939E+04	3.674895E-17	1.383576E-18
1.712939E+04	3.659938E-17	1.387042E-18
1.716939E+04	3.645932E-17	1.390809E-18
1.720939E+04	3.632872E-17	1.394874E-18
1.724939E+04	3.620768E-17	1.399237E-18
1.728939E+04	3.609651E-17	1.403908E-18
1.732939E+04	3.599563E-17	1.408903E-18
1.736939E+04	3.590558E-17	1.414243E-18
1.740939E+04	3.582697E-17	1.419951E-18
1.744939E+04	3.576046E-17	1.426056E-18
1.748939E+04	3.570670E-17	1.432585E-18
1.752939E+04	3.566632E-17	1.439566E-18
1.756939E+04	3.563988E-17	1.447025E-18
1.760939E+04	3.562782E-17	1.454984E-18
1.764939E+04	3.563046E-17	1.463461E-18
1.768939E+04	3.564795E-17	1.472467E-18
1.772939E+04	3.568022E-17	1.482003E-18
1.776939E+04	3.572701E-17	1.492063E-18
1.780939E+04	3.578780E-17	1.502632E-18
1.784939E+04	3.586184E-17	1.513680E-18
1.788939E+04	3.594810E-17	1.525170E-18
1.792939E+04	3.604534E-17	1.537050E-18
1.796939E+04	3.615204E-17	1.549259E-18
1.800939E+04	3.626646E-17	1.561723E-18
1.804939E+04	3.638658E-17	1.574355E-18
1.808939E+04	3.651024E-17	1.587061E-18
1.812939E+04	3.663500E-17	1.599733E-18
1.816939E+04	3.675831E-17	1.612255E-18
1.820939E+04	3.687745E-17	1.624503E-18
1.824939E+04	3.698965E-17	1.636350E-18
1.828939E+04	3.709209E-17	1.647664E-18
1.832939E+04	3.718201E-17	1.658313E-18
1.836939E+04	3.725679E-17	1.668171E-18
1.840939E+04	3.731397E-17	1.677118E-18
1.844939E+04	3.735137E-17	1.685045E-18
1.848939E+04	3.736710E-17	1.691855E-18
1.852939E+04	3.735960E-17	1.697468E-18
1.856939E+04	3.732766E-17	1.701817E-18
1.860939E+04	3.727049E-17	1.704855E-18
1.864939E+04	3.718762E-17	1.706550E-18
1.868939E+04	3.707904E-17	1.706891E-18
1.872939E+04	3.694511E-17	1.705888E-18
1.876939E+04	3.678662E-17	1.703568E-18
1.880939E+04	3.660470E-17	1.699977E-18
1.884939E+04	3.640078E-17	1.695176E-18
1.888939E+04	3.617655E-17	1.689240E-18
1.892939E+04	3.593380E-17	1.682249E-18
1.896939E+04	3.567444E-17	1.674291E-18
1.900939E+04	3.540043E-17	1.665458E-18
1.904939E+04	3.511372E-17	1.655841E-18
1.908939E+04	3.481627E-17	1.645536E-18
1.912939E+04	3.451000E-17	1.634636E-18
1.916939E+04	3.419679E-17	1.623232E-18
1.920939E+04	3.387853E-17	1.611420E-18
1.924939E+04	3.355698E-17	1.599288E-18
1.928939E+04	3.323390E-17	1.586925E-18
1.932939E+04	3.291091E-17	1.574416E-18
1.936939E+04	3.258956E-17	1.561841E-18
1.940939E+04	3.227121E-17	1.549273E-18
1.944939E+04	3.195710E-17	1.536778E-18
1.948939E+04	3.164828E-17	1.524415E-18
1.952939E+04	3.134565E-17	1.512235E-18
1.956939E+04	3.104992E-17	1.500280E-18
1.960939E+04	3.076168E-17	1.488586E-18
1.964939E+04	3.048134E-17	1.477183E-18
1.968939E+04	3.020915E-17	1.466089E-18
1.972939E+04	2.994524E-17	1.455320E-18
1.976939E+04	2.968955E-17	1.444880E-18
1.980939E+04	2.944188E-17	1.434769E-18
1.984939E+04	2.920193E-17	1.424977E-18
1.988939E+04	2.896921E-17	1.415491E-18
1.992939E+04	2.874318E-17	1.406290E-18
1.996939E+04	2.852323E-17	1.397353E-18
2.000939E+04	2.830870E-17	1.388654E-18
2.004939E+04	2.809892E-17	1.380167E-18
2.008939E+04	2.789329E-17	1.371870E-18
2.012939E+04	2.769120E-17	1.363739E-18
2.016939E+04	2.749214E-17	1.355756E-18
2.020939E+04	2.729565E-17	1.347906E-18
2.024939E+04	2.710137E-17	1.340175E-18
2.028939E+04	2.690900E-17	1.332556E-18
2.032939E+04	2.671830E-17	1.325043E-18
2.036939E+04	2.652913E-17	1.317635E-18
2.040939E+04	2.634139E-17	1.310332E-18
2.044939E+04	2.615505E-17	1.303140E-18
2.048939E+04	2.597013E-17	1.296064E-18
2.052939E+04	2.578667E-17	1.289113E-18
2.056939E+04	2.560476E-17	1.282295E-18
2.060939E+04	2.542446E-17	1.275621E-18
2.064939E+04	2.524586E-17	1.269099E-18
2.068939E+04	2.506904E-17	1.262739E-18
2.072939E+04	2.489401E-17	1.256547E-18
2.076939E+04	2.472079E-17	1.250528E-18
2.080939E+04	2.454934E-17	1.244685E-18
2.084939E+04	2.437958E-17	1.239019E-18
2.088939E+04	2.421136E-17	1.233527E-18
2.092939E+04	2.404445E-17	1.228201E-18
2.096939E+04	2.387857E-17	1.223031E-18
2.100939E+04	2.371336E-17	1.218003E-18
2.104939E+04	2.354836E-17	1.213095E-18
2.108939E+04	2.338299E-17	1.208282E-18
2.112939E+04	2.321653E-17	1.203528E-18
2.116939E+04	2.304813E-17	1.198790E-18
2.120939E+04	2.287672E-17	1.194011E-18
2.124939E+04	2.270095E-17	1.189111E-18
2.128939E+04	2.251921E-17	1.183995E-18
2.132939E+04	2.232939E-17	1.178540E-18
2.136939E+04	2.212889E-17	1.172596E-18
2.140939E+04	2.191464E-17	1.165984E-18
2.144939E+04	2.168342E-17	1.158513E-18
2.148939E+04	2.143264E-17	1.150027E-18
2.152939E+04	2.116220E-17	1.140495E-18
2.156939E+04	2.087528E-17	1.130069E-18
2.160939E+04	2.057602E-17	1.118952E-18
2.164939E+04	2.026818E-17	1.107329E-18
2.168939E+04	1.995446E-17	1.095336E-18
2.172939E+04	1.963651E-17	1.083049E-18
2.176939E+04	1.931497E-17	1.070491E-18
2.180939E+04	1.898973E-17	1.057645E-18
2.184939E+04	1.866015E-17	1.044465E-18
2.188939E+04	1.832529E-17	1.030885E-18
2.192939E+04	1.798414E-17	1.016836E-18
2.196939E+04	1.763569E-17	1.002246E-18
2.200939E+04	1.727903E-17	9.870531E-19
2.204939E+04	1.691354E-17	9.712043E-19
2.208939E+04	1.653880E-17	9.546615E-19
2.212939E+04	1.615472E-17	9.374042E-19
2.216939E+04	1.576152E-17	9.194301E-19
2.220939E+04	1.535972E-17	9.007555E-19
2.224939E+04	1.495017E-17	8.814164E-19
2.228939E+04	1.453401E-17	8.614667E-19
2.232939E+04	1.411266E-17	8.409801E-19
2.236939E+04	1.368775E-17	8.200435E-19
2.240939E+04	1.326113E-17	7.987602E-19
2.244939E+04	1.283481E-17	7.772454E-19
2.248939E+04	1.241087E-17	7.556214E-19
2.252939E+04	1.199145E-17	7.340184E-19
2.256939E+04	1.157873E-17	7.125708E-19
2.260939E+04	1.117483E-17	6.914121E-19
2.264939E+04	1.078177E-17	6.706749E-19
2.268939E+04	1.040147E-17	6.504868E-19
2.272939E+04	1.003569E-17	6.309682E-19
2.276939E+04	9.685972E-18	6.122296E-19
2.280939E+04	9.353651E-18	5.943691E-19
2.284939E+04	9.039811E-18	5.774719E-19
2.288939E+04	8.745283E-18	5.616086E-19
2.292939E+04	8.470656E-18	5.468353E-19
2.296939E+04	8.216293E-18	5.331944E-19
2.300939E+04	7.982350E-18	5.207157E-19
2.304939E+04	7.768812E-18	5.094178E-19
2.308939E+04	7.575511E-18	4.993097E-19
2.312939E+04	7.402160E-18	4.903922E-19
2.316939E+04	7.248378E-18	4.826595E-19
2.320939E+04	7.113713E-18	4.761008E-19
2.324939E+04	6.997674E-18	4.707018E-19
2.328939E+04	6.899749E-18	4.664466E-19
2.332939E+04	6.819433E-18	4.633186E-19
2.336939E+04	6.756237E-18	4.613019E-19
2.340939E+04	6.709704E-18	4.603822E-19
2.344939E+04	6.679419E-18	4.605471E-19
2.348939E+04	6.665003E-18	4.617865E-19
2.352939E+04	6.666117E-18	4.640922E-19
2.356939E+04	6.682458E-18	4.674583E-19
2.360939E+04	6.713749E-18	4.718800E-19
2.364939E+04	6.759739E-18	4.773541E-19
2.368939E+04	6.820194E-18	4.838781E-19
2.372939E+04	6.894892E-18	4.914501E-19
2.376939E+04	6.983623E-18	5.000683E-19
2.380939E+04	7.086183E-18	5.097313E-19
2.384939E+04	7.202371E-18	5.204375E-19
2.388939E+04	7.331994E-18	5.321854E-19
2.392939E+04	7.474861E-18	5.449735E-19
2.396939E+04	7.630794E-18	5.588006E-19
2.400939E+04	7.799618E-18	5.736656E-19
2.404939E+04	7.981172E-18	5.895680E-19
2.408939E+04	8.175300E-18	6.065073E-19
2.412939E+04	8.381857E-18	6.244836E-19
2.416939E+04	8.600706E-18	6.434972E-19
2.420939E+04	8.831708E-18	6.635481E-19
2.424939E+04	9.074730E-18	6.846363E-19
2.428939E+04	9.329637E-18	7.067613E-19
2.432939E+04	9.596291E-18	7.299222E-19
2.436939E+04	9.874551E-18	7.541176E-19
2.440939E+04	1.016428E-17	7.793463E-19
2.444939E+04	1.046536E-17	8.056070E-19
2.448939E+04	1.077766E-17	8.328993E-19
