#wls	flux	fluxerr
3.289393E+03	4.920221E-17	5.516449E-18
3.329393E+03	4.989700E-17	5.515569E-18
3.369393E+03	5.068871E-17	5.522803E-18
3.409393E+03	5.158512E-17	5.538532E-18
3.449393E+03	5.259495E-17	5.563186E-18
3.489393E+03	5.372747E-17	5.597194E-18
3.529393E+03	5.499212E-17	5.640943E-18
3.569393E+03	5.639805E-17	5.694735E-18
3.609393E+03	5.795394E-17	5.758761E-18
3.649393E+03	5.966765E-17	5.833080E-18
3.689393E+03	6.154601E-17	5.917605E-18
3.729393E+03	6.359454E-17	6.012081E-18
3.769393E+03	6.581718E-17	6.116077E-18
3.809393E+03	6.821589E-17	6.228958E-18
3.849393E+03	7.079041E-17	6.349888E-18
3.889393E+03	7.353814E-17	6.477830E-18
3.929393E+03	7.645395E-17	6.611554E-18
3.969393E+03	7.952994E-17	6.749642E-18
4.009393E+03	8.275538E-17	6.890500E-18
4.049393E+03	8.611643E-17	7.032363E-18
4.089393E+03	8.959597E-17	7.173310E-18
4.129393E+03	9.317301E-17	7.311234E-18
4.169393E+03	9.682110E-17	7.443769E-18
4.209393E+03	1.005066E-16	7.568185E-18
4.249393E+03	1.041854E-16	7.681217E-18
4.289393E+03	1.077996E-16	7.778901E-18
4.329393E+03	1.112752E-16	7.856497E-18
4.369393E+03	1.145217E-16	7.908624E-18
4.409393E+03	1.174437E-16	7.930118E-18
4.449393E+03	1.199795E-16	7.918626E-18
4.489393E+03	1.221469E-16	7.877295E-18
4.529393E+03	1.240085E-16	7.811932E-18
4.569393E+03	1.256365E-16	7.728533E-18
4.609393E+03	1.270996E-16	7.632431E-18
4.649393E+03	1.284572E-16	7.528024E-18
4.689393E+03	1.297590E-16	7.418801E-18
4.729393E+03	1.310441E-16	7.307383E-18
4.769393E+03	1.323300E-16	7.195004E-18
4.809393E+03	1.335574E-16	7.078740E-18
4.849393E+03	1.346622E-16	6.955725E-18
4.889393E+03	1.356332E-16	6.825995E-18
4.929393E+03	1.364826E-16	6.690761E-18
4.969393E+03	1.372303E-16	6.551535E-18
5.009393E+03	1.378952E-16	6.409672E-18
5.049393E+03	1.384907E-16	6.266176E-18
5.089393E+03	1.390219E-16	6.121639E-18
5.129393E+03	1.394836E-16	5.976173E-18
5.169393E+03	1.398563E-16	5.829351E-18
5.209393E+03	1.401040E-16	5.680150E-18
5.249393E+03	1.401706E-16	5.526940E-18
5.289393E+03	1.399797E-16	5.367555E-18
5.329393E+03	1.394402E-16	5.199584E-18
5.369393E+03	1.384620E-16	5.021021E-18
5.409393E+03	1.370078E-16	4.832025E-18
5.449393E+03	1.351894E-16	4.637921E-18
5.489393E+03	1.332201E-16	4.446925E-18
5.529393E+03	1.313119E-16	4.266384E-18
5.569393E+03	1.296338E-16	4.101524E-18
5.609393E+03	1.283022E-16	3.955255E-18
5.649393E+03	1.273825E-16	3.828555E-18
5.689393E+03	1.268976E-16	3.721047E-18
5.729393E+03	1.268403E-16	3.631568E-18
5.769393E+03	1.271859E-16	3.558607E-18
5.809393E+03	1.279035E-16	3.500680E-18
5.849393E+03	1.289618E-16	3.456497E-18
5.889393E+03	1.303343E-16	3.425093E-18
5.929393E+03	1.319991E-16	3.405796E-18
5.969393E+03	1.339372E-16	3.398172E-18
6.009393E+03	1.361261E-16	3.401847E-18
6.049393E+03	1.385290E-16	3.416233E-18
6.089393E+03	1.410747E-16	3.440053E-18
6.129393E+03	1.436282E-16	3.470629E-18
6.169393E+03	1.459596E-16	3.503144E-18
6.209393E+03	1.477422E-16	3.530306E-18
6.249393E+03	1.486376E-16	3.544085E-18
6.289393E+03	1.485916E-16	3.542909E-18
6.329393E+03	1.479213E-16	3.533534E-18
6.369393E+03	1.469937E-16	3.523674E-18
6.409393E+03	1.460815E-16	3.518850E-18
6.449393E+03	1.453468E-16	3.522063E-18
6.489393E+03	1.448637E-16	3.534356E-18
6.529393E+03	1.446495E-16	3.555529E-18
6.569393E+03	1.446890E-16	3.584691E-18
6.609393E+03	1.449483E-16	3.620581E-18
6.649393E+03	1.453830E-16	3.661718E-18
6.689393E+03	1.459399E-16	3.706453E-18
6.729393E+03	1.465588E-16	3.752983E-18
6.769393E+03	1.471757E-16	3.799431E-18
6.809393E+03	1.477261E-16	3.843925E-18
6.849393E+03	1.481458E-16	3.884617E-18
6.889393E+03	1.483731E-16	3.919750E-18
6.929393E+03	1.483536E-16	3.947776E-18
6.969393E+03	1.480418E-16	3.967421E-18
7.009393E+03	1.474059E-16	3.977809E-18
7.049393E+03	1.464327E-16	3.978602E-18
7.089393E+03	1.451305E-16	3.970100E-18
7.129393E+03	1.435333E-16	3.953342E-18
7.169393E+03	1.417004E-16	3.930131E-18
7.209393E+03	1.397166E-16	3.903041E-18
7.249393E+03	1.376858E-16	3.875250E-18
7.289393E+03	1.357184E-16	3.850207E-18
7.329393E+03	1.339123E-16	3.831102E-18
7.369393E+03	1.323341E-16	3.820314E-18
7.409393E+03	1.310009E-16	3.818855E-18
7.449393E+03	1.298603E-16	3.825716E-18
7.489393E+03	1.287663E-16	3.837008E-18
7.529393E+03	1.274778E-16	3.845358E-18
7.569393E+03	1.257699E-16	3.843208E-18
7.609393E+03	1.236336E-16	3.829269E-18
7.649393E+03	1.211214E-16	3.804097E-18
7.689393E+03	1.182644E-16	3.767649E-18
7.729393E+03	1.151258E-16	3.720975E-18
7.769393E+03	1.117718E-16	3.665364E-18
7.809393E+03	1.082483E-16	3.601595E-18
7.849393E+03	1.045840E-16	3.530004E-18
7.889393E+03	1.007992E-16	3.450746E-18
7.929393E+03	9.691189E-17	3.363997E-18
7.969393E+03	9.294220E-17	3.270097E-18
8.009393E+03	8.891475E-17	3.169646E-18
8.049393E+03	8.485951E-17	3.063535E-18
8.089393E+03	8.081030E-17	2.952908E-18
8.129393E+03	7.680230E-17	2.839064E-18
8.169393E+03	7.287025E-17	2.723389E-18
8.209393E+03	6.904766E-17	2.607313E-18
8.249393E+03	6.536653E-17	2.492289E-18
8.289393E+03	6.185716E-17	2.379765E-18
8.329393E+03	5.854799E-17	2.271172E-18
8.369393E+03	5.546548E-17	2.167897E-18
8.409393E+03	5.263390E-17	2.071263E-18
8.449393E+03	5.007543E-17	1.982518E-18
8.489393E+03	4.781060E-17	1.902838E-18
8.529393E+03	4.585886E-17	1.833338E-18
8.569393E+03	4.423904E-17	1.775076E-18
8.609393E+03	4.296949E-17	1.729055E-18
8.649393E+03	4.206790E-17	1.696198E-18
8.689393E+03	4.154946E-17	1.677270E-18
8.729393E+03	4.141833E-17	1.672515E-18
8.769393E+03	4.165464E-17	1.681125E-18
8.809393E+03	4.222812E-17	1.701798E-18
8.849393E+03	4.310814E-17	1.733152E-18
8.889393E+03	4.426576E-17	1.773813E-18
8.929393E+03	4.567372E-17	1.822430E-18
8.969393E+03	4.730625E-17	1.877669E-18
9.009393E+03	4.913878E-17	1.938214E-18
9.049393E+03	5.114787E-17	2.002768E-18
9.089393E+03	5.331119E-17	2.070065E-18
9.129393E+03	5.560763E-17	2.138877E-18
9.169393E+03	5.801740E-17	2.208030E-18
9.209393E+03	6.052202E-17	2.276404E-18
9.249393E+03	6.310431E-17	2.342942E-18
9.289393E+03	6.574822E-17	2.406650E-18
9.329393E+03	6.843880E-17	2.466593E-18
9.369393E+03	7.116213E-17	2.521908E-18
9.409393E+03	7.390567E-17	2.571810E-18
9.449393E+03	7.665830E-17	2.615602E-18
9.489393E+03	7.941061E-17	2.652680E-18
9.529393E+03	8.215471E-17	2.682533E-18
9.569393E+03	8.488372E-17	2.704718E-18
9.609393E+03	8.759066E-17	2.718833E-18
9.649393E+03	9.026707E-17	2.724476E-18
9.689393E+03	9.290183E-17	2.721223E-18
9.729393E+03	9.548141E-17	2.708651E-18
9.769393E+03	9.799284E-17	2.686441E-18
9.809393E+03	1.004247E-16	2.654403E-18
9.849393E+03	1.027653E-16	2.612437E-18
9.889393E+03	1.050016E-16	2.560511E-18
9.929393E+03	1.071195E-16	2.498680E-18
9.969393E+03	1.091046E-16	2.427136E-18
1.000939E+04	1.109460E-16	2.346287E-18
1.004939E+04	1.126356E-16	2.256723E-18
1.008939E+04	1.141677E-16	2.159261E-18
1.012939E+04	1.155422E-16	2.054967E-18
1.016939E+04	1.167670E-16	1.945218E-18
1.020939E+04	1.178595E-16	1.831720E-18
1.024939E+04	1.188451E-16	1.716490E-18
1.028939E+04	1.197522E-16	1.601840E-18
1.032939E+04	1.206024E-16	1.490360E-18
1.036939E+04	1.213980E-16	1.384944E-18
1.040939E+04	1.221061E-16	1.288867E-18
1.044939E+04	1.226525E-16	1.205887E-18
1.048939E+04	1.229491E-16	1.140402E-18
1.052939E+04	1.229908E-16	1.097596E-18
1.056939E+04	1.229422E-16	1.082849E-18
1.060939E+04	1.228385E-16	1.096565E-18
1.064939E+04	1.225404E-16	1.133304E-18
1.068939E+04	1.220670E-16	1.187535E-18
1.072939E+04	1.215272E-16	1.254525E-18
1.076939E+04	1.210183E-16	1.330314E-18
1.080939E+04	1.205921E-16	1.411617E-18
1.084939E+04	1.202591E-16	1.495701E-18
1.088939E+04	1.200031E-16	1.580263E-18
1.092939E+04	1.197936E-16	1.663318E-18
1.096939E+04	1.195958E-16	1.743154E-18
1.100939E+04	1.193756E-16	1.818280E-18
1.104939E+04	1.191028E-16	1.887417E-18
1.108939E+04	1.187537E-16	1.949497E-18
1.112939E+04	1.183097E-16	2.003646E-18
1.116939E+04	1.177590E-16	2.049192E-18
1.120939E+04	1.170952E-16	2.085656E-18
1.124939E+04	1.163165E-16	2.112739E-18
1.128939E+04	1.154252E-16	2.130305E-18
1.132939E+04	1.144266E-16	2.138365E-18
1.136939E+04	1.133278E-16	2.137053E-18
1.140939E+04	1.121377E-16	2.126609E-18
1.144939E+04	1.108658E-16	2.107358E-18
1.148939E+04	1.095218E-16	2.079693E-18
1.152939E+04	1.081155E-16	2.044062E-18
1.156939E+04	1.066568E-16	2.000962E-18
1.160939E+04	1.051557E-16	1.950939E-18
1.164939E+04	1.036229E-16	1.894580E-18
1.168939E+04	1.020690E-16	1.832505E-18
1.172939E+04	1.005058E-16	1.765381E-18
1.176939E+04	9.894542E-17	1.693903E-18
1.180939E+04	9.740093E-17	1.618802E-18
1.184939E+04	9.588658E-17	1.540852E-18
1.188939E+04	9.441868E-17	1.460884E-18
1.192939E+04	9.301634E-17	1.379804E-18
1.196939E+04	9.170235E-17	1.298617E-18
1.200939E+04	9.050393E-17	1.218457E-18
1.204939E+04	8.945335E-17	1.140628E-18
1.208939E+04	8.858740E-17	1.066653E-18
1.212939E+04	8.794526E-17	9.983345E-19
1.216939E+04	8.756238E-17	9.378125E-19
1.220939E+04	8.745799E-17	8.875880E-19
1.224939E+04	8.761347E-17	8.504379E-19
1.228939E+04	8.794145E-17	8.290901E-19
1.232939E+04	8.825673E-17	8.255443E-19
1.236939E+04	8.828512E-17	8.400950E-19
1.240939E+04	8.777435E-17	8.699046E-19
1.244939E+04	8.666468E-17	9.108943E-19
1.248939E+04	8.502006E-17	9.589819E-19
1.252939E+04	8.308515E-17	1.012106E-18
1.256939E+04	8.115717E-17	1.070060E-18
1.260939E+04	7.944497E-17	1.133178E-18
1.264939E+04	7.804862E-17	1.201688E-18
1.268939E+04	7.699022E-17	1.275539E-18
1.272939E+04	7.624939E-17	1.354460E-18
1.276939E+04	7.578832E-17	1.438051E-18
1.280939E+04	7.556555E-17	1.525862E-18
1.284939E+04	7.554252E-17	1.617442E-18
1.288939E+04	7.568613E-17	1.712373E-18
1.292939E+04	7.596906E-17	1.810271E-18
1.296939E+04	7.636887E-17	1.910788E-18
1.300939E+04	7.686700E-17	2.013597E-18
1.304939E+04	7.744763E-17	2.118375E-18
1.308939E+04	7.809674E-17	2.224789E-18
1.312939E+04	7.880147E-17	2.332486E-18
1.316939E+04	7.954965E-17	2.441077E-18
1.320939E+04	8.032942E-17	2.550136E-18
1.324939E+04	8.112896E-17	2.659190E-18
1.328939E+04	8.193626E-17	2.767710E-18
1.332939E+04	8.273914E-17	2.875122E-18
1.336939E+04	8.352541E-17	2.980803E-18
1.340939E+04	8.428277E-17	3.084090E-18
1.344939E+04	8.499879E-17	3.184279E-18
1.348939E+04	8.566067E-17	3.280618E-18
1.352939E+04	8.625533E-17	3.372317E-18
1.356939E+04	8.676997E-17	3.458569E-18
1.360939E+04	8.719285E-17	3.538594E-18
1.364939E+04	8.751414E-17	3.611677E-18
1.368939E+04	8.772648E-17	3.677207E-18
1.372939E+04	8.782499E-17	3.734686E-18
1.376939E+04	8.780716E-17	3.783738E-18
1.380939E+04	8.767267E-17	3.824105E-18
1.384939E+04	8.742319E-17	3.855652E-18
1.388939E+04	8.706230E-17	3.878360E-18
1.392939E+04	8.659518E-17	3.892322E-18
1.396939E+04	8.602832E-17	3.897730E-18
1.400939E+04	8.536945E-17	3.894870E-18
1.404939E+04	8.462774E-17	3.884131E-18
1.408939E+04	8.381374E-17	3.866004E-18
1.412939E+04	8.293901E-17	3.841057E-18
1.416939E+04	8.201560E-17	3.809909E-18
1.420939E+04	8.105570E-17	3.773213E-18
1.424939E+04	8.007124E-17	3.731623E-18
1.428939E+04	7.907371E-17	3.685791E-18
1.432939E+04	7.807388E-17	3.636339E-18
1.436939E+04	7.708152E-17	3.583846E-18
1.440939E+04	7.610534E-17	3.528842E-18
1.444939E+04	7.515300E-17	3.471800E-18
1.448939E+04	7.423108E-17	3.413136E-18
1.452939E+04	7.334503E-17	3.353204E-18
1.456939E+04	7.249912E-17	3.292290E-18
1.460939E+04	7.169649E-17	3.230616E-18
1.464939E+04	7.093915E-17	3.168339E-18
1.468939E+04	7.022794E-17	3.105552E-18
1.472939E+04	6.956239E-17	3.042277E-18
1.476939E+04	6.894055E-17	2.978466E-18
1.480939E+04	6.835908E-17	2.914003E-18
1.484939E+04	6.781340E-17	2.848719E-18
1.488939E+04	6.729777E-17	2.782403E-18
1.492939E+04	6.680511E-17	2.714796E-18
1.496939E+04	6.632701E-17	2.645604E-18
1.500939E+04	6.585394E-17	2.574512E-18
1.504939E+04	6.537559E-17	2.501206E-18
1.508939E+04	6.488132E-17	2.425401E-18
1.512939E+04	6.436064E-17	2.346860E-18
1.516939E+04	6.380358E-17	2.265413E-18
1.520939E+04	6.320124E-17	2.180980E-18
1.524939E+04	6.254597E-17	2.093573E-18
1.528939E+04	6.183178E-17	2.003311E-18
1.532939E+04	6.105455E-17	1.910416E-18
1.536939E+04	6.021230E-17	1.815218E-18
1.540939E+04	5.930534E-17	1.718147E-18
1.544939E+04	5.833641E-17	1.619727E-18
1.548939E+04	5.731049E-17	1.520558E-18
1.552939E+04	5.623467E-17	1.421300E-18
1.556939E+04	5.511771E-17	1.322656E-18
1.560939E+04	5.396988E-17	1.225357E-18
1.564939E+04	5.280288E-17	1.130167E-18
1.568939E+04	5.162975E-17	1.037875E-18
1.572939E+04	5.046485E-17	9.493147E-19
1.576939E+04	4.932349E-17	8.653695E-19
1.580939E+04	4.822176E-17	7.870078E-19
1.584939E+04	4.717610E-17	7.153203E-19
1.588939E+04	4.620269E-17	6.515673E-19
1.592939E+04	4.531636E-17	5.972120E-19
1.596939E+04	4.452889E-17	5.538997E-19
1.600939E+04	4.384660E-17	5.233182E-19
1.604939E+04	4.326750E-17	5.068855E-19
1.608939E+04	4.277952E-17	5.052799E-19
1.612939E+04	4.236314E-17	5.176513E-19
1.616939E+04	4.200188E-17	5.420131E-19
1.620939E+04	4.168670E-17	5.761006E-19
1.624939E+04	4.141448E-17	6.177890E-19
1.628939E+04	4.118793E-17	6.653578E-19
1.632939E+04	4.101879E-17	7.176514E-19
1.636939E+04	4.092241E-17	7.740130E-19
1.640939E+04	4.090772E-17	8.340461E-19
1.644939E+04	4.097495E-17	8.974502E-19
1.648939E+04	4.111758E-17	9.639407E-19
1.652939E+04	4.132495E-17	1.033213E-18
1.656939E+04	4.158443E-17	1.104933E-18
1.660939E+04	4.188291E-17	1.178733E-18
1.664939E+04	4.220759E-17	1.254219E-18
1.668939E+04	4.254660E-17	1.330977E-18
1.672939E+04	4.288917E-17	1.408578E-18
1.676939E+04	4.322590E-17	1.486591E-18
1.680939E+04	4.354879E-17	1.564593E-18
1.684939E+04	4.385117E-17	1.642174E-18
1.688939E+04	4.412767E-17	1.718943E-18
1.692939E+04	4.437414E-17	1.794538E-18
1.696939E+04	4.458759E-17	1.868629E-18
1.700939E+04	4.476617E-17	1.940929E-18
1.704939E+04	4.490900E-17	2.011188E-18
1.708939E+04	4.501624E-17	2.079213E-18
1.712939E+04	4.508906E-17	2.144864E-18
1.716939E+04	4.512958E-17	2.208063E-18
1.720939E+04	4.514092E-17	2.268802E-18
1.724939E+04	4.512723E-17	2.327148E-18
1.728939E+04	4.509366E-17	2.383250E-18
1.732939E+04	4.504633E-17	2.437340E-18
1.736939E+04	4.499207E-17	2.489726E-18
1.740939E+04	4.493838E-17	2.540789E-18
1.744939E+04	4.489328E-17	2.590979E-18
1.748939E+04	4.486511E-17	2.640802E-18
1.752939E+04	4.486222E-17	2.690801E-18
1.756939E+04	4.489278E-17	2.741546E-18
1.760939E+04	4.496453E-17	2.793607E-18
1.764939E+04	4.508462E-17	2.847546E-18
1.768939E+04	4.525958E-17	2.903907E-18
1.772939E+04	4.549534E-17	2.963213E-18
1.776939E+04	4.579710E-17	3.025950E-18
1.780939E+04	4.616920E-17	3.092556E-18
1.784939E+04	4.661489E-17	3.163398E-18
1.788939E+04	4.713616E-17	3.238755E-18
1.792939E+04	4.773365E-17	3.318805E-18
1.796939E+04	4.840645E-17	3.403603E-18
1.800939E+04	4.915188E-17	3.493066E-18
1.804939E+04	4.996536E-17	3.586948E-18
1.808939E+04	5.084033E-17	3.684835E-18
1.812939E+04	5.176800E-17	3.786119E-18
1.816939E+04	5.273730E-17	3.889990E-18
1.820939E+04	5.373485E-17	3.995431E-18
1.824939E+04	5.474523E-17	4.101231E-18
1.828939E+04	5.575129E-17	4.206015E-18
1.832939E+04	5.673456E-17	4.308268E-18
1.836939E+04	5.767584E-17	4.406388E-18
1.840939E+04	5.855619E-17	4.498762E-18
1.844939E+04	5.935755E-17	4.583829E-18
1.848939E+04	6.006339E-17	4.660126E-18
1.852939E+04	6.065905E-17	4.726336E-18
1.856939E+04	6.113208E-17	4.781314E-18
1.860939E+04	6.147257E-17	4.824125E-18
1.864939E+04	6.167341E-17	4.854070E-18
1.868939E+04	6.173052E-17	4.870709E-18
1.872939E+04	6.164315E-17	4.873894E-18
1.876939E+04	6.141441E-17	4.863810E-18
1.880939E+04	6.105115E-17	4.840971E-18
1.884939E+04	6.056319E-17	4.806154E-18
1.888939E+04	5.996203E-17	4.760302E-18
1.892939E+04	5.925993E-17	4.704441E-18
1.896939E+04	5.846959E-17	4.639654E-18
1.900939E+04	5.760409E-17	4.567073E-18
1.904939E+04	5.667700E-17	4.487878E-18
1.908939E+04	5.570226E-17	4.403289E-18
1.912939E+04	5.469395E-17	4.314538E-18
1.916939E+04	5.366576E-17	4.222829E-18
1.920939E+04	5.263058E-17	4.129294E-18
1.924939E+04	5.160043E-17	4.034987E-18
1.928939E+04	5.058630E-17	3.940873E-18
1.932939E+04	4.959784E-17	3.847795E-18
1.936939E+04	4.864302E-17	3.756449E-18
1.940939E+04	4.772804E-17	3.667381E-18
1.944939E+04	4.685736E-17	3.580987E-18
1.948939E+04	4.603391E-17	3.497530E-18
1.952939E+04	4.525925E-17	3.417157E-18
1.956939E+04	4.453398E-17	3.339934E-18
1.960939E+04	4.385799E-17	3.265863E-18
1.964939E+04	4.323055E-17	3.194890E-18
1.968939E+04	4.265024E-17	3.126910E-18
1.972939E+04	4.211493E-17	3.061758E-18
1.976939E+04	4.162188E-17	2.999226E-18
1.980939E+04	4.116781E-17	2.939067E-18
1.984939E+04	4.074898E-17	2.881007E-18
1.988939E+04	4.036110E-17	2.824740E-18
1.992939E+04	3.999941E-17	2.769936E-18
1.996939E+04	3.965885E-17	2.716256E-18
2.000939E+04	3.933418E-17	2.663364E-18
2.004939E+04	3.902028E-17	2.610948E-18
2.008939E+04	3.871237E-17	2.558738E-18
2.012939E+04	3.840609E-17	2.506507E-18
2.016939E+04	3.809737E-17	2.454063E-18
2.020939E+04	3.778242E-17	2.401252E-18
2.024939E+04	3.745775E-17	2.347955E-18
2.028939E+04	3.712021E-17	2.294088E-18
2.032939E+04	3.676705E-17	2.239608E-18
2.036939E+04	3.639586E-17	2.184511E-18
2.040939E+04	3.600469E-17	2.128826E-18
2.044939E+04	3.559191E-17	2.072618E-18
2.048939E+04	3.515634E-17	2.015984E-18
2.052939E+04	3.469714E-17	1.959048E-18
2.056939E+04	3.421392E-17	1.901967E-18
2.060939E+04	3.370671E-17	1.844920E-18
2.064939E+04	3.317583E-17	1.788105E-18
2.068939E+04	3.262203E-17	1.731735E-18
2.072939E+04	3.204647E-17	1.676046E-18
2.076939E+04	3.145080E-17	1.621285E-18
2.080939E+04	3.083719E-17	1.567715E-18
2.084939E+04	3.020841E-17	1.515616E-18
2.088939E+04	2.956798E-17	1.465283E-18
2.092939E+04	2.892032E-17	1.417037E-18
2.096939E+04	2.827085E-17	1.371219E-18
2.100939E+04	2.762603E-17	1.328197E-18
2.104939E+04	2.699317E-17	1.288350E-18
2.108939E+04	2.638041E-17	1.252072E-18
2.112939E+04	2.579664E-17	1.219772E-18
2.116939E+04	2.525123E-17	1.191864E-18
2.120939E+04	2.475361E-17	1.168759E-18
2.124939E+04	2.431290E-17	1.150853E-18
2.128939E+04	2.393720E-17	1.138502E-18
2.132939E+04	2.363232E-17	1.131901E-18
2.136939E+04	2.339993E-17	1.131034E-18
2.140939E+04	2.323545E-17	1.135615E-18
2.144939E+04	2.312693E-17	1.145014E-18
2.148939E+04	2.305747E-17	1.158352E-18
2.152939E+04	2.301987E-17	1.175212E-18
2.156939E+04	2.302599E-17	1.196161E-18
2.160939E+04	2.308827E-17	1.221856E-18
2.164939E+04	2.321185E-17	1.252629E-18
2.168939E+04	2.339457E-17	1.288462E-18
2.172939E+04	2.362890E-17	1.329041E-18
2.176939E+04	2.390394E-17	1.373851E-18
2.180939E+04	2.420705E-17	1.422229E-18
2.184939E+04	2.452499E-17	1.473428E-18
2.188939E+04	2.484464E-17	1.526639E-18
2.192939E+04	2.515349E-17	1.581025E-18
2.196939E+04	2.543992E-17	1.635736E-18
2.200939E+04	2.569340E-17	1.689922E-18
2.204939E+04	2.590464E-17	1.742755E-18
2.208939E+04	2.606576E-17	1.793441E-18
2.212939E+04	2.617031E-17	1.841236E-18
2.216939E+04	2.621338E-17	1.885464E-18
2.220939E+04	2.619163E-17	1.925530E-18
2.224939E+04	2.610326E-17	1.960932E-18
2.228939E+04	2.594808E-17	1.991277E-18
2.232939E+04	2.572737E-17	2.016286E-18
2.236939E+04	2.544399E-17	2.035816E-18
2.240939E+04	2.510219E-17	2.049858E-18
2.244939E+04	2.470743E-17	2.058531E-18
2.248939E+04	2.426606E-17	2.062073E-18
2.252939E+04	2.378513E-17	2.060822E-18
2.256939E+04	2.327207E-17	2.055205E-18
2.260939E+04	2.273449E-17	2.045716E-18
2.264939E+04	2.218002E-17	2.032907E-18
2.268939E+04	2.161611E-17	2.017365E-18
2.272939E+04	2.104987E-17	1.999702E-18
2.276939E+04	2.048798E-17	1.980536E-18
2.280939E+04	1.993662E-17	1.960483E-18
2.284939E+04	1.940123E-17	1.940133E-18
2.288939E+04	1.888642E-17	1.920026E-18
2.292939E+04	1.839603E-17	1.900656E-18
2.296939E+04	1.793314E-17	1.882463E-18
2.300939E+04	1.750015E-17	1.865837E-18
2.304939E+04	1.709877E-17	1.851112E-18
2.308939E+04	1.673014E-17	1.838565E-18
2.312939E+04	1.639483E-17	1.828423E-18
2.316939E+04	1.609303E-17	1.820871E-18
2.320939E+04	1.582460E-17	1.816054E-18
2.324939E+04	1.558919E-17	1.814096E-18
2.328939E+04	1.538623E-17	1.815090E-18
2.332939E+04	1.521509E-17	1.819114E-18
2.336939E+04	1.507505E-17	1.826236E-18
2.340939E+04	1.496533E-17	1.836507E-18
2.344939E+04	1.488514E-17	1.849972E-18
2.348939E+04	1.483370E-17	1.866668E-18
2.352939E+04	1.481019E-17	1.886626E-18
2.356939E+04	1.481381E-17	1.909870E-18
2.360939E+04	1.484381E-17	1.936426E-18
2.364939E+04	1.489939E-17	1.966303E-18
2.368939E+04	1.497975E-17	1.999509E-18
2.372939E+04	1.508409E-17	2.036047E-18
2.376939E+04	1.521165E-17	2.075910E-18
2.380939E+04	1.536164E-17	2.119092E-18
2.384939E+04	1.553321E-17	2.165565E-18
2.388939E+04	1.572546E-17	2.215293E-18
2.392939E+04	1.593743E-17	2.268220E-18
2.396939E+04	1.616809E-17	2.324279E-18
2.400939E+04	1.641642E-17	2.383392E-18
2.404939E+04	1.668134E-17	2.445466E-18
2.408939E+04	1.696170E-17	2.510396E-18
2.412939E+04	1.725644E-17	2.578076E-18
2.416939E+04	1.756454E-17	2.648402E-18
2.420939E+04	1.788505E-17	2.721276E-18
2.424939E+04	1.821709E-17	2.796601E-18
2.428939E+04	1.855983E-17	2.874286E-18
2.432939E+04	1.891249E-17	2.954240E-18
2.436939E+04	1.927429E-17	3.036371E-18
2.440939E+04	1.964453E-17	3.120587E-18
2.444939E+04	2.002251E-17	3.206802E-18
2.448939E+04	2.040755E-17	3.294921E-18
