#wls	flux	fluxerr
1.600000E+03	3.404170E-18	0.000000E+00
1.640000E+03	3.475921E-18	0.000000E+00
1.680000E+03	3.552424E-18	0.000000E+00
1.720000E+03	3.633337E-18	0.000000E+00
1.760000E+03	3.719672E-18	0.000000E+00
1.800000E+03	3.811011E-18	0.000000E+00
1.840000E+03	3.907584E-18	0.000000E+00
1.880000E+03	4.010240E-18	0.000000E+00
1.920000E+03	4.118429E-18	0.000000E+00
1.960000E+03	4.232553E-18	0.000000E+00
2.000000E+03	4.352302E-18	0.000000E+00
2.040000E+03	4.477956E-18	0.000000E+00
2.080000E+03	4.608475E-18	0.000000E+00
2.120000E+03	4.743122E-18	0.000000E+00
2.160000E+03	4.880840E-18	0.000000E+00
2.200000E+03	5.019084E-18	0.000000E+00
2.240000E+03	5.155127E-18	0.000000E+00
2.280000E+03	5.287532E-18	0.000000E+00
2.320000E+03	5.416064E-18	0.000000E+00
2.360000E+03	5.543534E-18	0.000000E+00
2.400000E+03	5.671968E-18	0.000000E+00
2.440000E+03	5.802922E-18	0.000000E+00
2.480000E+03	5.938289E-18	0.000000E+00
2.520000E+03	6.078197E-18	0.000000E+00
2.560000E+03	6.223181E-18	0.000000E+00
2.600000E+03	6.373153E-18	0.000000E+00
2.640000E+03	6.528184E-18	0.000000E+00
2.680000E+03	6.687552E-18	0.000000E+00
2.720000E+03	6.850522E-18	0.000000E+00
2.760000E+03	7.016138E-18	0.000000E+00
2.800000E+03	7.183268E-18	0.000000E+00
2.840000E+03	7.350851E-18	0.000000E+00
2.880000E+03	7.518320E-18	0.000000E+00
2.920000E+03	7.685551E-18	0.000000E+00
2.960000E+03	7.853202E-18	0.000000E+00
3.000000E+03	8.022423E-18	0.000000E+00
3.010000E+03	8.065356E-18	0.000000E+00
3.020000E+03	8.108315E-18	0.000000E+00
3.030000E+03	8.151647E-18	0.000000E+00
3.040000E+03	8.195149E-18	0.000000E+00
3.050000E+03	8.238982E-18	0.000000E+00
3.060000E+03	8.283297E-18	0.000000E+00
3.070000E+03	8.327724E-18	0.000000E+00
3.080000E+03	8.372763E-18	0.000000E+00
3.090000E+03	8.418046E-18	0.000000E+00
3.100000E+03	8.463895E-18	0.000000E+00
3.110000E+03	8.510115E-18	0.000000E+00
3.120000E+03	8.556686E-18	0.000000E+00
3.130000E+03	8.603920E-18	0.000000E+00
3.140000E+03	8.651461E-18	0.000000E+00
3.150000E+03	8.699782E-18	0.000000E+00
3.160000E+03	8.748368E-18	0.000000E+00
3.170000E+03	8.797687E-18	0.000000E+00
3.180000E+03	8.847392E-18	0.000000E+00
3.190000E+03	8.897782E-18	0.000000E+00
3.200000E+03	8.948677E-18	0.000000E+00
3.210000E+03	9.000212E-18	0.000000E+00
3.220000E+03	9.052367E-18	0.000000E+00
3.230000E+03	9.105118E-18	0.000000E+00
3.240000E+03	9.158296E-18	0.000000E+00
3.250000E+03	9.212187E-18	0.000000E+00
3.260000E+03	9.266619E-18	0.000000E+00
3.270000E+03	9.321726E-18	0.000000E+00
3.280000E+03	9.377341E-18	0.000000E+00
3.290000E+03	9.433452E-18	0.000000E+00
3.300000E+03	9.490188E-18	0.000000E+00
3.310000E+03	9.547393E-18	0.000000E+00
3.320000E+03	9.605197E-18	0.000000E+00
3.330000E+03	9.663586E-18	0.000000E+00
3.340000E+03	9.722278E-18	0.000000E+00
3.350000E+03	9.781538E-18	0.000000E+00
3.360000E+03	9.841215E-18	0.000000E+00
3.370000E+03	9.901326E-18	0.000000E+00
3.380000E+03	9.961842E-18	0.000000E+00
3.390000E+03	1.002250E-17	0.000000E+00
3.400000E+03	1.008358E-17	0.000000E+00
3.410000E+03	1.014495E-17	0.000000E+00
3.420000E+03	1.020647E-17	0.000000E+00
3.430000E+03	1.026815E-17	0.000000E+00
3.440000E+03	1.033002E-17	0.000000E+00
3.450000E+03	1.039181E-17	0.000000E+00
3.460000E+03	1.045368E-17	0.000000E+00
3.470000E+03	1.051539E-17	0.000000E+00
3.480000E+03	1.057695E-17	0.000000E+00
3.490000E+03	1.063826E-17	0.000000E+00
3.500000E+03	1.069924E-17	0.000000E+00
3.510000E+03	1.075978E-17	0.000000E+00
3.520000E+03	1.081980E-17	0.000000E+00
3.530000E+03	1.087909E-17	0.000000E+00
3.540000E+03	1.093746E-17	0.000000E+00
3.550000E+03	1.099482E-17	0.000000E+00
3.560000E+03	1.105100E-17	0.000000E+00
3.570000E+03	1.110594E-17	0.000000E+00
3.580000E+03	1.115934E-17	0.000000E+00
3.590000E+03	1.121115E-17	0.000000E+00
3.600000E+03	1.126120E-17	0.000000E+00
3.610000E+03	1.130958E-17	0.000000E+00
3.620000E+03	1.135599E-17	0.000000E+00
3.630000E+03	1.140041E-17	0.000000E+00
3.640000E+03	1.144248E-17	0.000000E+00
3.650000E+03	1.148215E-17	0.000000E+00
3.660000E+03	1.151931E-17	0.000000E+00
3.670000E+03	1.155380E-17	0.000000E+00
3.680000E+03	1.158562E-17	0.000000E+00
3.690000E+03	1.161475E-17	0.000000E+00
3.700000E+03	1.164105E-17	0.000000E+00
3.710000E+03	1.166463E-17	0.000000E+00
3.720000E+03	1.168536E-17	0.000000E+00
3.730000E+03	1.170342E-17	0.000000E+00
3.740000E+03	1.171879E-17	0.000000E+00
3.750000E+03	1.173147E-17	0.000000E+00
3.760000E+03	1.174153E-17	0.000000E+00
3.770000E+03	1.174914E-17	0.000000E+00
3.780000E+03	1.175428E-17	0.000000E+00
3.790000E+03	1.175714E-17	0.000000E+00
3.800000E+03	1.175767E-17	0.000000E+00
3.810000E+03	1.175595E-17	0.000000E+00
3.820000E+03	1.175212E-17	0.000000E+00
3.830000E+03	1.174636E-17	0.000000E+00
3.840000E+03	1.173864E-17	0.000000E+00
3.850000E+03	1.172918E-17	0.000000E+00
3.860000E+03	1.171786E-17	0.000000E+00
3.870000E+03	1.170502E-17	0.000000E+00
3.880000E+03	1.169048E-17	0.000000E+00
3.890000E+03	1.167462E-17	0.000000E+00
3.900000E+03	1.165734E-17	0.000000E+00
3.910000E+03	1.163879E-17	0.000000E+00
3.920000E+03	1.161901E-17	0.000000E+00
3.930000E+03	1.159811E-17	0.000000E+00
3.940000E+03	1.157612E-17	0.000000E+00
3.950000E+03	1.155326E-17	0.000000E+00
3.960000E+03	1.152946E-17	0.000000E+00
3.970000E+03	1.150483E-17	0.000000E+00
3.980000E+03	1.147938E-17	0.000000E+00
3.990000E+03	1.145332E-17	0.000000E+00
4.000000E+03	1.142666E-17	0.000000E+00
4.010000E+03	1.139941E-17	0.000000E+00
4.020000E+03	1.137159E-17	0.000000E+00
4.030000E+03	1.134337E-17	0.000000E+00
4.040000E+03	1.131467E-17	0.000000E+00
4.050000E+03	1.128569E-17	0.000000E+00
4.060000E+03	1.125632E-17	0.000000E+00
4.070000E+03	1.122667E-17	0.000000E+00
4.080000E+03	1.119682E-17	0.000000E+00
4.090000E+03	1.116675E-17	0.000000E+00
4.100000E+03	1.113649E-17	0.000000E+00
4.110000E+03	1.110602E-17	0.000000E+00
4.120000E+03	1.107549E-17	0.000000E+00
4.130000E+03	1.104483E-17	0.000000E+00
4.140000E+03	1.101411E-17	0.000000E+00
4.150000E+03	1.098324E-17	0.000000E+00
4.160000E+03	1.095230E-17	0.000000E+00
4.170000E+03	1.092135E-17	0.000000E+00
4.180000E+03	1.089030E-17	0.000000E+00
4.190000E+03	1.085923E-17	0.000000E+00
4.200000E+03	1.082802E-17	0.000000E+00
4.210000E+03	1.079677E-17	0.000000E+00
4.220000E+03	1.076537E-17	0.000000E+00
4.230000E+03	1.073389E-17	0.000000E+00
4.240000E+03	1.070222E-17	0.000000E+00
4.250000E+03	1.067036E-17	0.000000E+00
4.260000E+03	1.063820E-17	0.000000E+00
4.270000E+03	1.060580E-17	0.000000E+00
4.280000E+03	1.057309E-17	0.000000E+00
4.290000E+03	1.054002E-17	0.000000E+00
4.300000E+03	1.050651E-17	0.000000E+00
4.310000E+03	1.047246E-17	0.000000E+00
4.320000E+03	1.043783E-17	0.000000E+00
4.330000E+03	1.040263E-17	0.000000E+00
4.340000E+03	1.036674E-17	0.000000E+00
4.350000E+03	1.033015E-17	0.000000E+00
4.360000E+03	1.029275E-17	0.000000E+00
4.370000E+03	1.025461E-17	0.000000E+00
4.380000E+03	1.021572E-17	0.000000E+00
4.390000E+03	1.017630E-17	0.000000E+00
4.400000E+03	1.013632E-17	0.000000E+00
4.410000E+03	1.009593E-17	0.000000E+00
4.420000E+03	1.005521E-17	0.000000E+00
4.430000E+03	1.001435E-17	0.000000E+00
4.440000E+03	9.973354E-18	0.000000E+00
4.450000E+03	9.932279E-18	0.000000E+00
4.460000E+03	9.891262E-18	0.000000E+00
4.470000E+03	9.850361E-18	0.000000E+00
4.480000E+03	9.809653E-18	0.000000E+00
4.490000E+03	9.769099E-18	0.000000E+00
4.500000E+03	9.728845E-18	0.000000E+00
4.510000E+03	9.688871E-18	0.000000E+00
4.520000E+03	9.649246E-18	0.000000E+00
4.530000E+03	9.610023E-18	0.000000E+00
4.540000E+03	9.571101E-18	0.000000E+00
4.550000E+03	9.532624E-18	0.000000E+00
4.560000E+03	9.494575E-18	0.000000E+00
4.570000E+03	9.457013E-18	0.000000E+00
4.580000E+03	9.419841E-18	0.000000E+00
4.590000E+03	9.383202E-18	0.000000E+00
4.600000E+03	9.346997E-18	0.000000E+00
4.610000E+03	9.311373E-18	0.000000E+00
4.620000E+03	9.276230E-18	0.000000E+00
4.630000E+03	9.241634E-18	0.000000E+00
4.640000E+03	9.207568E-18	0.000000E+00
4.650000E+03	9.174181E-18	0.000000E+00
4.660000E+03	9.141376E-18	0.000000E+00
4.670000E+03	9.109300E-18	0.000000E+00
4.680000E+03	9.077942E-18	0.000000E+00
4.690000E+03	9.047286E-18	0.000000E+00
4.700000E+03	9.017481E-18	0.000000E+00
4.710000E+03	8.988436E-18	0.000000E+00
4.720000E+03	8.960218E-18	0.000000E+00
4.730000E+03	8.932734E-18	0.000000E+00
4.740000E+03	8.906054E-18	0.000000E+00
4.750000E+03	8.880006E-18	0.000000E+00
4.760000E+03	8.854659E-18	0.000000E+00
4.770000E+03	8.829922E-18	0.000000E+00
4.780000E+03	8.805869E-18	0.000000E+00
4.790000E+03	8.782408E-18	0.000000E+00
4.800000E+03	8.759531E-18	0.000000E+00
4.810000E+03	8.737231E-18	0.000000E+00
4.820000E+03	8.715500E-18	0.000000E+00
4.830000E+03	8.694333E-18	0.000000E+00
4.840000E+03	8.673640E-18	0.000000E+00
4.850000E+03	8.653500E-18	0.000000E+00
4.860000E+03	8.633906E-18	0.000000E+00
4.870000E+03	8.614772E-18	0.000000E+00
4.880000E+03	8.596095E-18	0.000000E+00
4.890000E+03	8.577953E-18	0.000000E+00
4.900000E+03	8.560181E-18	0.000000E+00
4.910000E+03	8.542940E-18	0.000000E+00
4.920000E+03	8.526144E-18	0.000000E+00
4.930000E+03	8.509715E-18	0.000000E+00
4.940000E+03	8.493733E-18	0.000000E+00
4.950000E+03	8.478198E-18	0.000000E+00
4.960000E+03	8.463030E-18	0.000000E+00
4.970000E+03	8.448311E-18	0.000000E+00
4.980000E+03	8.433882E-18	0.000000E+00
4.990000E+03	8.419908E-18	0.000000E+00
5.000000E+03	8.406314E-18	0.000000E+00
5.010000E+03	8.393019E-18	0.000000E+00
5.020000E+03	8.380113E-18	0.000000E+00
5.030000E+03	8.367518E-18	0.000000E+00
5.040000E+03	8.355243E-18	0.000000E+00
5.050000E+03	8.343294E-18	0.000000E+00
5.060000E+03	8.331678E-18	0.000000E+00
5.070000E+03	8.320326E-18	0.000000E+00
5.080000E+03	8.309325E-18	0.000000E+00
5.090000E+03	8.298606E-18	0.000000E+00
5.100000E+03	8.288179E-18	0.000000E+00
5.110000E+03	8.277977E-18	0.000000E+00
5.120000E+03	8.268090E-18	0.000000E+00
5.130000E+03	8.258372E-18	0.000000E+00
5.140000E+03	8.248997E-18	0.000000E+00
5.150000E+03	8.239818E-18	0.000000E+00
5.160000E+03	8.230933E-18	0.000000E+00
5.170000E+03	8.222275E-18	0.000000E+00
5.180000E+03	8.213781E-18	0.000000E+00
5.190000E+03	8.205550E-18	0.000000E+00
5.200000E+03	8.197517E-18	0.000000E+00
5.210000E+03	8.189703E-18	0.000000E+00
5.220000E+03	8.182127E-18	0.000000E+00
5.230000E+03	8.174727E-18	0.000000E+00
5.240000E+03	8.167525E-18	0.000000E+00
5.250000E+03	8.160460E-18	0.000000E+00
5.260000E+03	8.153637E-18	0.000000E+00
5.270000E+03	8.146995E-18	0.000000E+00
5.280000E+03	8.140558E-18	0.000000E+00
5.290000E+03	8.134349E-18	0.000000E+00
5.300000E+03	8.128312E-18	0.000000E+00
5.310000E+03	8.122469E-18	0.000000E+00
5.320000E+03	8.116846E-18	0.000000E+00
5.330000E+03	8.111466E-18	0.000000E+00
5.340000E+03	8.106275E-18	0.000000E+00
5.350000E+03	8.101379E-18	0.000000E+00
5.360000E+03	8.096801E-18	0.000000E+00
5.370000E+03	8.092569E-18	0.000000E+00
5.380000E+03	8.088625E-18	0.000000E+00
5.390000E+03	8.085160E-18	0.000000E+00
5.400000E+03	8.082116E-18	0.000000E+00
5.410000E+03	8.079681E-18	0.000000E+00
5.420000E+03	8.077800E-18	0.000000E+00
5.430000E+03	8.076581E-18	0.000000E+00
5.440000E+03	8.076049E-18	0.000000E+00
5.450000E+03	8.076391E-18	0.000000E+00
5.460000E+03	8.077555E-18	0.000000E+00
5.470000E+03	8.079483E-18	0.000000E+00
5.480000E+03	8.082042E-18	0.000000E+00
5.490000E+03	8.085255E-18	0.000000E+00
5.500000E+03	8.088985E-18	0.000000E+00
5.510000E+03	8.093173E-18	0.000000E+00
5.520000E+03	8.097762E-18	0.000000E+00
5.530000E+03	8.102690E-18	0.000000E+00
5.540000E+03	8.107897E-18	0.000000E+00
5.550000E+03	8.113402E-18	0.000000E+00
5.560000E+03	8.119140E-18	0.000000E+00
5.570000E+03	8.125209E-18	0.000000E+00
5.580000E+03	8.131461E-18	0.000000E+00
5.590000E+03	8.138074E-18	0.000000E+00
5.600000E+03	8.144895E-18	0.000000E+00
5.610000E+03	8.152018E-18	0.000000E+00
5.620000E+03	8.159535E-18	0.000000E+00
5.630000E+03	8.167288E-18	0.000000E+00
5.640000E+03	8.175534E-18	0.000000E+00
5.650000E+03	8.184195E-18	0.000000E+00
5.660000E+03	8.193191E-18	0.000000E+00
5.670000E+03	8.202776E-18	0.000000E+00
5.680000E+03	8.212784E-18	0.000000E+00
5.690000E+03	8.223296E-18	0.000000E+00
5.700000E+03	8.234399E-18	0.000000E+00
5.710000E+03	8.246089E-18	0.000000E+00
5.720000E+03	8.258360E-18	0.000000E+00
5.730000E+03	8.271208E-18	0.000000E+00
5.740000E+03	8.284711E-18	0.000000E+00
5.750000E+03	8.298949E-18	0.000000E+00
5.760000E+03	8.313736E-18	0.000000E+00
5.770000E+03	8.329326E-18	0.000000E+00
5.780000E+03	8.345530E-18	0.000000E+00
5.790000E+03	8.362512E-18	0.000000E+00
5.800000E+03	8.380169E-18	0.000000E+00
5.810000E+03	8.398575E-18	0.000000E+00
5.820000E+03	8.417714E-18	0.000000E+00
5.830000E+03	8.437661E-18	0.000000E+00
5.840000E+03	8.458303E-18	0.000000E+00
5.850000E+03	8.479625E-18	0.000000E+00
5.860000E+03	8.501696E-18	0.000000E+00
5.870000E+03	8.524590E-18	0.000000E+00
5.880000E+03	8.548097E-18	0.000000E+00
5.890000E+03	8.572384E-18	0.000000E+00
5.900000E+03	8.597332E-18	0.000000E+00
5.910000E+03	8.623013E-18	0.000000E+00
5.920000E+03	8.649404E-18	0.000000E+00
5.930000E+03	8.676382E-18	0.000000E+00
5.940000E+03	8.704019E-18	0.000000E+00
5.950000E+03	8.732288E-18	0.000000E+00
5.960000E+03	8.761064E-18	0.000000E+00
5.970000E+03	8.790516E-18	0.000000E+00
5.980000E+03	8.820420E-18	0.000000E+00
5.990000E+03	8.850846E-18	0.000000E+00
6.000000E+03	8.881763E-18	0.000000E+00
6.010000E+03	8.913042E-18	0.000000E+00
6.020000E+03	8.944753E-18	0.000000E+00
6.030000E+03	8.976659E-18	0.000000E+00
6.040000E+03	9.008935E-18	0.000000E+00
6.050000E+03	9.041340E-18	0.000000E+00
6.060000E+03	9.073943E-18	0.000000E+00
6.070000E+03	9.106608E-18	0.000000E+00
6.080000E+03	9.139295E-18	0.000000E+00
6.090000E+03	9.171861E-18	0.000000E+00
6.100000E+03	9.204159E-18	0.000000E+00
6.110000E+03	9.236257E-18	0.000000E+00
6.120000E+03	9.267784E-18	0.000000E+00
6.130000E+03	9.298804E-18	0.000000E+00
6.140000E+03	9.329048E-18	0.000000E+00
6.150000E+03	9.358466E-18	0.000000E+00
6.160000E+03	9.386548E-18	0.000000E+00
6.170000E+03	9.413352E-18	0.000000E+00
6.180000E+03	9.438467E-18	0.000000E+00
6.190000E+03	9.461712E-18	0.000000E+00
6.200000E+03	9.482778E-18	0.000000E+00
6.210000E+03	9.501832E-18	0.000000E+00
6.220000E+03	9.519168E-18	0.000000E+00
6.230000E+03	9.535093E-18	0.000000E+00
6.240000E+03	9.549922E-18	0.000000E+00
6.250000E+03	9.563616E-18	0.000000E+00
6.260000E+03	9.576758E-18	0.000000E+00
6.270000E+03	9.589195E-18	0.000000E+00
6.280000E+03	9.601283E-18	0.000000E+00
6.290000E+03	9.613258E-18	0.000000E+00
6.300000E+03	9.624982E-18	0.000000E+00
6.310000E+03	9.636701E-18	0.000000E+00
6.320000E+03	9.648540E-18	0.000000E+00
6.330000E+03	9.660631E-18	0.000000E+00
6.340000E+03	9.672848E-18	0.000000E+00
6.350000E+03	9.685317E-18	0.000000E+00
6.360000E+03	9.698046E-18	0.000000E+00
6.370000E+03	9.711045E-18	0.000000E+00
6.380000E+03	9.724180E-18	0.000000E+00
6.390000E+03	9.737315E-18	0.000000E+00
6.400000E+03	9.750314E-18	0.000000E+00
6.410000E+03	9.763188E-18	0.000000E+00
6.420000E+03	9.775782E-18	0.000000E+00
6.430000E+03	9.787671E-18	0.000000E+00
6.440000E+03	9.799280E-18	0.000000E+00
6.450000E+03	9.810599E-18	0.000000E+00
6.460000E+03	9.821773E-18	0.000000E+00
6.470000E+03	9.833102E-18	0.000000E+00
6.480000E+03	9.844450E-18	0.000000E+00
6.490000E+03	9.856117E-18	0.000000E+00
6.500000E+03	9.868131E-18	0.000000E+00
6.510000E+03	9.880638E-18	0.000000E+00
6.520000E+03	9.893368E-18	0.000000E+00
6.530000E+03	9.906782E-18	0.000000E+00
6.540000E+03	9.920603E-18	0.000000E+00
6.550000E+03	9.934993E-18	0.000000E+00
6.560000E+03	9.949973E-18	0.000000E+00
6.570000E+03	9.965396E-18	0.000000E+00
6.580000E+03	9.981457E-18	0.000000E+00
6.590000E+03	9.998166E-18	0.000000E+00
6.600000E+03	1.001537E-17	0.000000E+00
6.610000E+03	1.003310E-17	0.000000E+00
6.620000E+03	1.005136E-17	0.000000E+00
6.630000E+03	1.007034E-17	0.000000E+00
6.640000E+03	1.008972E-17	0.000000E+00
6.650000E+03	1.010970E-17	0.000000E+00
6.660000E+03	1.013028E-17	0.000000E+00
6.670000E+03	1.015130E-17	0.000000E+00
6.680000E+03	1.017297E-17	0.000000E+00
6.690000E+03	1.019514E-17	0.000000E+00
6.700000E+03	1.021798E-17	0.000000E+00
6.710000E+03	1.024117E-17	0.000000E+00
6.720000E+03	1.026491E-17	0.000000E+00
6.730000E+03	1.028938E-17	0.000000E+00
6.740000E+03	1.031426E-17	0.000000E+00
6.750000E+03	1.033975E-17	0.000000E+00
6.760000E+03	1.036568E-17	0.000000E+00
6.770000E+03	1.039226E-17	0.000000E+00
6.780000E+03	1.041933E-17	0.000000E+00
6.790000E+03	1.044690E-17	0.000000E+00
6.800000E+03	1.047520E-17	0.000000E+00
6.810000E+03	1.050387E-17	0.000000E+00
6.820000E+03	1.053331E-17	0.000000E+00
6.830000E+03	1.056316E-17	0.000000E+00
6.840000E+03	1.059383E-17	0.000000E+00
6.850000E+03	1.062495E-17	0.000000E+00
6.860000E+03	1.065657E-17	0.000000E+00
6.870000E+03	1.068888E-17	0.000000E+00
6.880000E+03	1.072191E-17	0.000000E+00
6.890000E+03	1.075528E-17	0.000000E+00
6.900000E+03	1.078943E-17	0.000000E+00
6.910000E+03	1.082415E-17	0.000000E+00
6.920000E+03	1.085969E-17	0.000000E+00
6.930000E+03	1.089565E-17	0.000000E+00
6.940000E+03	1.093224E-17	0.000000E+00
6.950000E+03	1.096950E-17	0.000000E+00
6.960000E+03	1.100722E-17	0.000000E+00
6.970000E+03	1.104563E-17	0.000000E+00
6.980000E+03	1.108475E-17	0.000000E+00
6.990000E+03	1.112437E-17	0.000000E+00
7.000000E+03	1.116448E-17	0.000000E+00
7.010000E+03	1.120513E-17	0.000000E+00
7.020000E+03	1.124653E-17	0.000000E+00
7.030000E+03	1.128823E-17	0.000000E+00
7.040000E+03	1.133071E-17	0.000000E+00
7.050000E+03	1.137350E-17	0.000000E+00
7.060000E+03	1.141684E-17	0.000000E+00
7.070000E+03	1.146051E-17	0.000000E+00
7.080000E+03	1.150472E-17	0.000000E+00
7.090000E+03	1.154950E-17	0.000000E+00
7.100000E+03	1.159459E-17	0.000000E+00
7.110000E+03	1.163977E-17	0.000000E+00
7.120000E+03	1.168550E-17	0.000000E+00
7.130000E+03	1.173152E-17	0.000000E+00
7.140000E+03	1.177785E-17	0.000000E+00
7.150000E+03	1.182447E-17	0.000000E+00
7.160000E+03	1.187113E-17	0.000000E+00
7.170000E+03	1.191804E-17	0.000000E+00
7.180000E+03	1.196496E-17	0.000000E+00
7.190000E+03	1.201187E-17	0.000000E+00
7.200000E+03	1.205900E-17	0.000000E+00
7.210000E+03	1.210607E-17	0.000000E+00
7.220000E+03	1.215332E-17	0.000000E+00
7.230000E+03	1.220023E-17	0.000000E+00
7.240000E+03	1.224700E-17	0.000000E+00
7.250000E+03	1.229362E-17	0.000000E+00
7.260000E+03	1.234006E-17	0.000000E+00
7.270000E+03	1.238628E-17	0.000000E+00
7.280000E+03	1.243226E-17	0.000000E+00
7.290000E+03	1.247770E-17	0.000000E+00
7.300000E+03	1.252283E-17	0.000000E+00
7.310000E+03	1.256762E-17	0.000000E+00
7.320000E+03	1.261203E-17	0.000000E+00
7.330000E+03	1.265575E-17	0.000000E+00
7.340000E+03	1.269904E-17	0.000000E+00
7.350000E+03	1.274212E-17	0.000000E+00
7.360000E+03	1.278444E-17	0.000000E+00
7.370000E+03	1.282622E-17	0.000000E+00
7.380000E+03	1.286744E-17	0.000000E+00
7.390000E+03	1.290837E-17	0.000000E+00
7.400000E+03	1.294871E-17	0.000000E+00
7.410000E+03	1.298872E-17	0.000000E+00
7.420000E+03	1.302868E-17	0.000000E+00
7.430000E+03	1.306833E-17	0.000000E+00
7.440000E+03	1.310823E-17	0.000000E+00
7.450000E+03	1.314781E-17	0.000000E+00
7.460000E+03	1.318735E-17	0.000000E+00
7.470000E+03	1.322660E-17	0.000000E+00
7.480000E+03	1.326586E-17	0.000000E+00
7.490000E+03	1.330452E-17	0.000000E+00
7.500000E+03	1.334293E-17	0.000000E+00
7.510000E+03	1.338109E-17	0.000000E+00
7.520000E+03	1.341872E-17	0.000000E+00
7.530000E+03	1.345645E-17	0.000000E+00
7.540000E+03	1.349370E-17	0.000000E+00
7.550000E+03	1.353080E-17	0.000000E+00
7.560000E+03	1.356745E-17	0.000000E+00
7.570000E+03	1.360399E-17	0.000000E+00
7.580000E+03	1.364012E-17	0.000000E+00
7.590000E+03	1.367618E-17	0.000000E+00
7.600000E+03	1.371187E-17	0.000000E+00
7.610000E+03	1.374717E-17	0.000000E+00
7.620000E+03	1.378244E-17	0.000000E+00
7.630000E+03	1.381733E-17	0.000000E+00
7.640000E+03	1.385184E-17	0.000000E+00
7.650000E+03	1.388629E-17	0.000000E+00
7.660000E+03	1.392031E-17	0.000000E+00
7.670000E+03	1.395423E-17	0.000000E+00
7.680000E+03	1.398731E-17	0.000000E+00
7.690000E+03	1.402018E-17	0.000000E+00
7.700000E+03	1.405280E-17	0.000000E+00
7.710000E+03	1.408475E-17	0.000000E+00
7.720000E+03	1.411631E-17	0.000000E+00
7.730000E+03	1.414705E-17	0.000000E+00
7.740000E+03	1.417689E-17	0.000000E+00
7.750000E+03	1.420608E-17	0.000000E+00
7.760000E+03	1.423453E-17	0.000000E+00
7.770000E+03	1.426216E-17	0.000000E+00
7.780000E+03	1.428848E-17	0.000000E+00
7.790000E+03	1.431377E-17	0.000000E+00
7.800000E+03	1.433789E-17	0.000000E+00
7.810000E+03	1.436076E-17	0.000000E+00
7.820000E+03	1.438227E-17	0.000000E+00
7.830000E+03	1.440230E-17	0.000000E+00
7.840000E+03	1.442113E-17	0.000000E+00
7.850000E+03	1.443829E-17	0.000000E+00
7.860000E+03	1.445366E-17	0.000000E+00
7.870000E+03	1.446716E-17	0.000000E+00
7.880000E+03	1.447947E-17	0.000000E+00
7.890000E+03	1.448974E-17	0.000000E+00
7.900000E+03	1.449829E-17	0.000000E+00
7.910000E+03	1.450466E-17	0.000000E+00
7.920000E+03	1.450956E-17	0.000000E+00
7.930000E+03	1.451296E-17	0.000000E+00
7.940000E+03	1.451403E-17	0.000000E+00
7.950000E+03	1.451393E-17	0.000000E+00
7.960000E+03	1.451223E-17	0.000000E+00
7.970000E+03	1.450893E-17	0.000000E+00
7.980000E+03	1.450443E-17	0.000000E+00
7.990000E+03	1.449835E-17	0.000000E+00
8.000000E+03	1.449029E-17	0.000000E+00
8.010000E+03	1.448109E-17	0.000000E+00
8.020000E+03	1.446960E-17	0.000000E+00
8.030000E+03	1.445703E-17	0.000000E+00
8.040000E+03	1.444227E-17	0.000000E+00
8.050000E+03	1.442615E-17	0.000000E+00
8.060000E+03	1.440796E-17	0.000000E+00
8.070000E+03	1.438858E-17	0.000000E+00
8.080000E+03	1.436727E-17	0.000000E+00
8.090000E+03	1.434456E-17	0.000000E+00
8.100000E+03	1.432011E-17	0.000000E+00
8.110000E+03	1.429445E-17	0.000000E+00
8.120000E+03	1.426768E-17	0.000000E+00
8.130000E+03	1.423912E-17	0.000000E+00
8.140000E+03	1.420969E-17	0.000000E+00
8.150000E+03	1.417913E-17	0.000000E+00
8.160000E+03	1.414755E-17	0.000000E+00
8.170000E+03	1.411470E-17	0.000000E+00
8.180000E+03	1.408151E-17	0.000000E+00
8.190000E+03	1.404733E-17	0.000000E+00
8.200000E+03	1.401271E-17	0.000000E+00
8.210000E+03	1.397777E-17	0.000000E+00
8.220000E+03	1.394229E-17	0.000000E+00
8.230000E+03	1.390639E-17	0.000000E+00
8.240000E+03	1.387063E-17	0.000000E+00
8.250000E+03	1.383516E-17	0.000000E+00
8.260000E+03	1.379932E-17	0.000000E+00
8.270000E+03	1.376407E-17	0.000000E+00
8.280000E+03	1.372913E-17	0.000000E+00
8.290000E+03	1.369466E-17	0.000000E+00
8.300000E+03	1.366078E-17	0.000000E+00
8.310000E+03	1.362763E-17	0.000000E+00
8.320000E+03	1.359533E-17	0.000000E+00
8.330000E+03	1.356402E-17	0.000000E+00
8.340000E+03	1.353379E-17	0.000000E+00
8.350000E+03	1.350477E-17	0.000000E+00
8.360000E+03	1.347666E-17	0.000000E+00
8.370000E+03	1.344994E-17	0.000000E+00
8.380000E+03	1.342471E-17	0.000000E+00
8.390000E+03	1.340066E-17	0.000000E+00
8.400000E+03	1.337824E-17	0.000000E+00
8.410000E+03	1.335715E-17	0.000000E+00
8.420000E+03	1.333782E-17	0.000000E+00
8.430000E+03	1.331991E-17	0.000000E+00
8.440000E+03	1.330346E-17	0.000000E+00
8.450000E+03	1.328892E-17	0.000000E+00
8.460000E+03	1.327590E-17	0.000000E+00
8.470000E+03	1.326444E-17	0.000000E+00
8.480000E+03	1.325455E-17	0.000000E+00
8.490000E+03	1.324625E-17	0.000000E+00
8.500000E+03	1.323952E-17	0.000000E+00
8.510000E+03	1.323398E-17	0.000000E+00
8.520000E+03	1.323043E-17	0.000000E+00
8.530000E+03	1.322844E-17	0.000000E+00
8.540000E+03	1.322762E-17	0.000000E+00
8.550000E+03	1.322832E-17	0.000000E+00
8.560000E+03	1.323015E-17	0.000000E+00
8.570000E+03	1.323347E-17	0.000000E+00
8.580000E+03	1.323786E-17	0.000000E+00
8.590000E+03	1.324369E-17	0.000000E+00
8.600000E+03	1.325051E-17	0.000000E+00
8.610000E+03	1.325830E-17	0.000000E+00
8.620000E+03	1.326703E-17	0.000000E+00
8.630000E+03	1.327664E-17	0.000000E+00
8.640000E+03	1.328753E-17	0.000000E+00
8.650000E+03	1.329881E-17	0.000000E+00
8.660000E+03	1.331086E-17	0.000000E+00
8.670000E+03	1.332323E-17	0.000000E+00
8.680000E+03	1.333670E-17	0.000000E+00
8.690000E+03	1.334997E-17	0.000000E+00
8.700000E+03	1.336426E-17	0.000000E+00
8.710000E+03	1.337826E-17	0.000000E+00
8.720000E+03	1.339276E-17	0.000000E+00
8.730000E+03	1.340687E-17	0.000000E+00
8.740000E+03	1.342139E-17	0.000000E+00
8.750000E+03	1.343585E-17	0.000000E+00
8.760000E+03	1.344976E-17	0.000000E+00
8.770000E+03	1.346308E-17	0.000000E+00
8.780000E+03	1.347617E-17	0.000000E+00
8.790000E+03	1.348858E-17	0.000000E+00
8.800000E+03	1.350021E-17	0.000000E+00
8.810000E+03	1.351104E-17	0.000000E+00
8.820000E+03	1.352055E-17	0.000000E+00
8.830000E+03	1.352869E-17	0.000000E+00
8.840000E+03	1.353540E-17	0.000000E+00
8.850000E+03	1.354014E-17	0.000000E+00
8.860000E+03	1.354378E-17	0.000000E+00
8.870000E+03	1.354580E-17	0.000000E+00
8.880000E+03	1.354704E-17	0.000000E+00
8.890000E+03	1.354703E-17	0.000000E+00
8.900000E+03	1.354615E-17	0.000000E+00
8.910000E+03	1.354387E-17	0.000000E+00
8.920000E+03	1.354159E-17	0.000000E+00
8.930000E+03	1.353829E-17	0.000000E+00
8.940000E+03	1.353442E-17	0.000000E+00
8.950000E+03	1.353042E-17	0.000000E+00
8.960000E+03	1.352577E-17	0.000000E+00
8.970000E+03	1.352042E-17	0.000000E+00
8.980000E+03	1.351483E-17	0.000000E+00
8.990000E+03	1.350895E-17	0.000000E+00
9.000000E+03	1.350276E-17	0.000000E+00
9.040000E+03	1.347579E-17	0.000000E+00
9.080000E+03	1.344615E-17	0.000000E+00
9.120000E+03	1.341691E-17	0.000000E+00
9.160000E+03	1.338977E-17	0.000000E+00
9.200000E+03	1.336818E-17	0.000000E+00
9.240000E+03	1.335484E-17	0.000000E+00
9.280000E+03	1.335191E-17	0.000000E+00
9.320000E+03	1.336111E-17	0.000000E+00
9.360000E+03	1.338297E-17	0.000000E+00
9.400000E+03	1.341664E-17	0.000000E+00
9.440000E+03	1.346149E-17	0.000000E+00
9.480000E+03	1.351531E-17	0.000000E+00
9.520000E+03	1.357532E-17	0.000000E+00
9.560000E+03	1.364165E-17	0.000000E+00
9.600000E+03	1.371295E-17	0.000000E+00
9.640000E+03	1.378871E-17	0.000000E+00
9.680000E+03	1.387107E-17	0.000000E+00
9.720000E+03	1.395934E-17	0.000000E+00
9.760000E+03	1.405819E-17	0.000000E+00
9.800000E+03	1.416703E-17	0.000000E+00
9.840000E+03	1.429165E-17	0.000000E+00
9.880000E+03	1.443394E-17	0.000000E+00
9.920000E+03	1.459784E-17	0.000000E+00
9.960000E+03	1.478334E-17	0.000000E+00
1.000000E+04	1.499450E-17	0.000000E+00
1.004000E+04	1.523092E-17	0.000000E+00
1.008000E+04	1.549536E-17	0.000000E+00
1.012000E+04	1.578435E-17	0.000000E+00
1.016000E+04	1.609774E-17	0.000000E+00
1.020000E+04	1.643489E-17	0.000000E+00
1.024000E+04	1.679149E-17	0.000000E+00
1.028000E+04	1.716759E-17	0.000000E+00
1.032000E+04	1.755600E-17	0.000000E+00
