#wls	flux	fluxerr
3.289393E+03	2.435902E-16	1.256050E-17
3.329393E+03	2.539616E-16	1.294827E-17
3.369393E+03	2.650644E-16	1.336026E-17
3.409393E+03	2.769425E-16	1.379730E-17
3.449393E+03	2.896268E-16	1.425949E-17
3.489393E+03	3.031260E-16	1.474579E-17
3.529393E+03	3.174328E-16	1.525432E-17
3.569393E+03	3.324987E-16	1.578130E-17
3.609393E+03	3.482182E-16	1.632037E-17
3.649393E+03	3.644547E-16	1.686399E-17
3.689393E+03	3.810017E-16	1.740174E-17
3.729393E+03	3.976327E-16	1.792282E-17
3.769393E+03	4.140983E-16	1.841593E-17
3.809393E+03	4.301311E-16	1.886964E-17
3.849393E+03	4.454519E-16	1.927261E-17
3.889393E+03	4.597779E-16	1.961409E-17
3.929393E+03	4.728246E-16	1.988392E-17
3.969393E+03	4.843302E-16	2.007361E-17
4.009393E+03	4.941038E-16	2.017822E-17
4.049393E+03	5.020256E-16	2.019614E-17
4.089393E+03	5.081120E-16	2.013148E-17
4.129393E+03	5.124488E-16	1.999103E-17
4.169393E+03	5.152125E-16	1.978485E-17
4.209393E+03	5.166637E-16	1.952577E-17
4.249393E+03	5.171545E-16	1.922938E-17
4.289393E+03	5.171397E-16	1.891419E-17
4.329393E+03	5.171439E-16	1.860011E-17
4.369393E+03	5.177349E-16	1.830731E-17
4.409393E+03	5.194642E-16	1.805401E-17
4.449393E+03	5.226038E-16	1.784759E-17
4.489393E+03	5.270500E-16	1.768218E-17
4.529393E+03	5.324493E-16	1.754395E-17
4.569393E+03	5.383617E-16	1.741715E-17
4.609393E+03	5.443297E-16	1.728655E-17
4.649393E+03	5.498802E-16	1.713755E-17
4.689393E+03	5.545276E-16	1.695630E-17
4.729393E+03	5.577335E-16	1.672849E-17
4.769393E+03	5.589914E-16	1.644200E-17
4.809393E+03	5.581086E-16	1.609478E-17
4.849393E+03	5.552258E-16	1.569460E-17
4.889393E+03	5.505050E-16	1.524942E-17
4.929393E+03	5.441059E-16	1.476676E-17
4.969393E+03	5.361689E-16	1.425320E-17
5.009393E+03	5.269320E-16	1.371752E-17
5.049393E+03	5.166986E-16	1.316960E-17
5.089393E+03	5.058444E-16	1.262045E-17
5.129393E+03	4.947574E-16	1.208052E-17
5.169393E+03	4.838039E-16	1.155893E-17
5.209393E+03	4.732937E-16	1.106270E-17
5.249393E+03	4.634405E-16	1.059606E-17
5.289393E+03	4.544277E-16	1.016211E-17
5.329393E+03	4.464478E-16	9.763872E-18
5.369393E+03	4.397216E-16	9.404628E-18
5.409393E+03	4.343915E-16	9.085688E-18
5.449393E+03	4.301845E-16	8.799685E-18
5.489393E+03	4.264400E-16	8.532108E-18
5.529393E+03	4.231102E-16	8.281685E-18
5.569393E+03	4.203778E-16	8.051702E-18
5.609393E+03	4.181593E-16	7.840211E-18
5.649393E+03	4.162371E-16	7.643009E-18
5.689393E+03	4.143774E-16	7.456000E-18
5.729393E+03	4.124265E-16	7.276872E-18
5.769393E+03	4.103034E-16	7.104803E-18
5.809393E+03	4.079646E-16	6.939688E-18
5.849393E+03	4.053879E-16	6.781634E-18
5.889393E+03	4.025643E-16	6.630778E-18
5.929393E+03	3.994345E-16	6.486394E-18
5.969393E+03	3.959351E-16	6.347695E-18
6.009393E+03	3.920448E-16	6.214543E-18
6.049393E+03	3.877809E-16	6.087335E-18
6.089393E+03	3.832091E-16	5.967117E-18
6.129393E+03	3.784136E-16	5.855098E-18
6.169393E+03	3.735521E-16	5.753489E-18
6.209393E+03	3.688805E-16	5.665904E-18
6.249393E+03	3.646512E-16	5.595678E-18
6.289393E+03	3.609570E-16	5.543367E-18
6.329393E+03	3.577780E-16	5.507807E-18
6.369393E+03	3.549962E-16	5.486384E-18
6.409393E+03	3.525063E-16	5.476722E-18
6.449393E+03	3.502449E-16	5.477126E-18
6.489393E+03	3.481643E-16	5.486171E-18
6.529393E+03	3.461480E-16	5.501371E-18
6.569393E+03	3.441130E-16	5.520759E-18
6.609393E+03	3.420274E-16	5.543195E-18
6.649393E+03	3.398828E-16	5.567944E-18
6.689393E+03	3.376556E-16	5.594057E-18
6.729393E+03	3.352719E-16	5.619772E-18
6.769393E+03	3.326115E-16	5.642527E-18
6.809393E+03	3.295317E-16	5.659318E-18
6.849393E+03	3.259388E-16	5.667903E-18
6.889393E+03	3.218135E-16	5.667307E-18
6.929393E+03	3.171472E-16	5.656752E-18
6.969393E+03	3.118820E-16	5.634598E-18
7.009393E+03	3.059180E-16	5.598403E-18
7.049393E+03	2.991795E-16	5.546109E-18
7.089393E+03	2.916562E-16	5.476829E-18
7.129393E+03	2.834528E-16	5.391871E-18
7.169393E+03	2.747522E-16	5.294161E-18
7.209393E+03	2.657898E-16	5.187848E-18
7.249393E+03	2.568044E-16	5.077387E-18
7.289393E+03	2.479521E-16	4.965834E-18
7.329393E+03	2.393120E-16	4.854851E-18
7.369393E+03	2.308705E-16	4.744281E-18
7.409393E+03	2.226441E-16	4.634591E-18
7.449393E+03	2.147322E-16	4.528016E-18
7.489393E+03	2.074175E-16	4.430814E-18
7.529393E+03	2.010610E-16	4.351263E-18
7.569393E+03	1.958469E-16	4.294178E-18
7.609393E+03	1.916339E-16	4.257320E-18
7.649393E+03	1.880562E-16	4.233144E-18
7.689393E+03	1.847851E-16	4.214538E-18
7.729393E+03	1.817671E-16	4.200382E-18
7.769393E+03	1.790636E-16	4.192195E-18
7.809393E+03	1.767098E-16	4.190963E-18
7.849393E+03	1.746683E-16	4.195988E-18
7.889393E+03	1.728434E-16	4.205111E-18
7.929393E+03	1.710758E-16	4.214507E-18
7.969393E+03	1.692023E-16	4.220058E-18
8.009393E+03	1.671886E-16	4.220716E-18
8.049393E+03	1.651717E-16	4.219768E-18
8.089393E+03	1.632903E-16	4.220727E-18
8.129393E+03	1.616069E-16	4.225281E-18
8.169393E+03	1.601483E-16	4.234254E-18
8.209393E+03	1.588971E-16	4.247322E-18
8.249393E+03	1.578380E-16	4.264196E-18
8.289393E+03	1.569373E-16	4.284066E-18
8.329393E+03	1.561641E-16	4.306167E-18
8.369393E+03	1.554984E-16	4.330004E-18
8.409393E+03	1.549123E-16	4.354826E-18
8.449393E+03	1.543893E-16	4.380188E-18
8.489393E+03	1.539053E-16	4.405408E-18
8.529393E+03	1.534330E-16	4.429685E-18
8.569393E+03	1.529514E-16	4.452385E-18
8.609393E+03	1.524397E-16	4.472850E-18
8.649393E+03	1.518771E-16	4.490417E-18
8.689393E+03	1.512387E-16	4.504281E-18
8.729393E+03	1.505040E-16	4.513756E-18
8.769393E+03	1.496476E-16	4.517995E-18
8.809393E+03	1.486421E-16	4.516083E-18
8.849393E+03	1.474618E-16	4.507140E-18
8.889393E+03	1.461198E-16	4.491473E-18
8.929393E+03	1.446471E-16	4.469965E-18
8.969393E+03	1.430996E-16	4.444303E-18
9.009393E+03	1.415355E-16	4.416282E-18
9.049393E+03	1.400028E-16	4.387423E-18
9.089393E+03	1.385291E-16	4.358628E-18
9.129393E+03	1.371491E-16	4.331040E-18
9.169393E+03	1.358997E-16	4.305882E-18
9.209393E+03	1.347971E-16	4.283726E-18
9.249393E+03	1.338618E-16	4.265288E-18
9.289393E+03	1.330995E-16	4.250808E-18
9.329393E+03	1.325072E-16	4.240230E-18
9.369393E+03	1.320939E-16	4.233882E-18
9.409393E+03	1.318349E-16	4.231001E-18
9.449393E+03	1.317342E-16	4.231729E-18
9.489393E+03	1.317761E-16	4.235566E-18
9.529393E+03	1.319618E-16	4.242551E-18
9.569393E+03	1.322714E-16	4.252026E-18
9.609393E+03	1.326938E-16	4.263613E-18
9.649393E+03	1.332368E-16	4.277538E-18
9.689393E+03	1.338836E-16	4.293226E-18
9.729393E+03	1.346252E-16	4.310343E-18
9.769393E+03	1.354611E-16	4.328833E-18
9.809393E+03	1.363700E-16	4.347962E-18
9.849393E+03	1.373368E-16	4.367196E-18
9.889393E+03	1.383525E-16	4.386201E-18
9.929393E+03	1.393809E-16	4.403779E-18
9.969393E+03	1.404012E-16	4.419228E-18
1.000939E+04	1.413628E-16	4.430935E-18
1.004939E+04	1.422326E-16	4.437851E-18
1.008939E+04	1.429469E-16	4.438009E-18
1.012939E+04	1.434773E-16	4.430582E-18
1.016939E+04	1.437579E-16	4.413617E-18
1.020939E+04	1.437416E-16	4.385811E-18
1.024939E+04	1.434040E-16	4.346589E-18
1.028939E+04	1.427157E-16	4.295286E-18
1.032939E+04	1.416727E-16	4.232037E-18
1.036939E+04	1.402574E-16	4.156594E-18
1.040939E+04	1.385073E-16	4.070392E-18
1.044939E+04	1.364936E-16	3.975816E-18
1.048939E+04	1.342120E-16	3.873031E-18
1.052939E+04	1.341408E-16	3.833160E-18
1.056939E+04	1.337164E-16	3.781841E-18
1.060939E+04	1.330005E-16	3.721146E-18
1.064939E+04	1.320957E-16	3.654213E-18
1.068939E+04	1.311002E-16	3.583955E-18
1.072939E+04	1.300755E-16	3.512170E-18
1.076939E+04	1.290434E-16	3.439524E-18
1.080939E+04	1.280009E-16	3.366000E-18
1.084939E+04	1.269389E-16	3.291425E-18
1.088939E+04	1.258503E-16	3.215702E-18
1.092939E+04	1.247314E-16	3.138828E-18
1.096939E+04	1.235825E-16	3.060906E-18
1.100939E+04	1.224073E-16	2.982130E-18
1.104939E+04	1.212099E-16	2.902694E-18
1.108939E+04	1.199944E-16	2.822797E-18
1.112939E+04	1.187660E-16	2.742653E-18
1.116939E+04	1.175313E-16	2.662504E-18
1.120939E+04	1.163001E-16	2.582653E-18
1.124939E+04	1.150850E-16	2.503448E-18
1.128939E+04	1.138990E-16	2.425231E-18
1.132939E+04	1.127542E-16	2.348299E-18
1.136939E+04	1.116610E-16	2.272894E-18
1.140939E+04	1.106271E-16	2.199187E-18
1.144939E+04	1.096576E-16	2.127294E-18
1.148939E+04	1.087560E-16	2.057286E-18
1.152939E+04	1.079231E-16	1.989191E-18
1.156939E+04	1.071566E-16	1.922983E-18
1.160939E+04	1.064492E-16	1.858564E-18
1.164939E+04	1.057901E-16	1.795797E-18
1.168939E+04	1.051657E-16	1.734541E-18
1.172939E+04	1.045641E-16	1.674713E-18
1.176939E+04	1.039764E-16	1.616326E-18
1.180939E+04	1.034000E-16	1.559515E-18
1.184939E+04	1.028371E-16	1.504512E-18
1.188939E+04	1.022909E-16	1.451582E-18
1.192939E+04	1.017643E-16	1.401002E-18
1.196939E+04	1.012569E-16	1.353025E-18
1.200939E+04	1.007624E-16	1.307849E-18
1.204939E+04	1.002661E-16	1.265602E-18
1.208939E+04	9.974850E-17	1.226386E-18
1.212939E+04	9.919403E-17	1.190386E-18
1.216939E+04	9.859784E-17	1.157924E-18
1.220939E+04	9.796208E-17	1.129383E-18
1.224939E+04	9.728752E-17	1.105095E-18
1.228939E+04	9.656580E-17	1.085232E-18
1.232939E+04	9.576848E-17	1.069671E-18
1.236939E+04	9.483762E-17	1.057841E-18
1.240939E+04	9.369547E-17	1.048610E-18
1.244939E+04	9.230999E-17	1.041129E-18
1.248939E+04	9.077885E-17	1.035908E-18
1.252939E+04	8.926019E-17	1.034144E-18
1.256939E+04	8.787722E-17	1.036724E-18
1.260939E+04	8.669113E-17	1.043932E-18
1.264939E+04	8.571442E-17	1.055572E-18
1.268939E+04	8.493187E-17	1.071183E-18
1.272939E+04	8.431539E-17	1.090182E-18
1.276939E+04	8.383359E-17	1.111961E-18
1.280939E+04	8.345534E-17	1.135926E-18
1.284939E+04	8.314899E-17	1.161470E-18
1.288939E+04	8.288253E-17	1.187971E-18
1.292939E+04	8.263164E-17	1.214903E-18
1.296939E+04	8.238272E-17	1.241889E-18
1.300939E+04	8.212783E-17	1.268644E-18
1.304939E+04	8.186393E-17	1.294966E-18
1.308939E+04	8.159351E-17	1.320757E-18
1.312939E+04	8.132159E-17	1.345981E-18
1.316939E+04	8.105104E-17	1.370585E-18
1.320939E+04	8.078052E-17	1.394461E-18
1.324939E+04	8.050699E-17	1.417482E-18
1.328939E+04	8.022878E-17	1.439547E-18
1.332939E+04	7.994658E-17	1.460608E-18
1.336939E+04	7.966246E-17	1.480650E-18
1.340939E+04	7.937825E-17	1.499663E-18
1.344939E+04	7.909462E-17	1.517624E-18
1.348939E+04	7.881082E-17	1.534488E-18
1.352939E+04	7.852449E-17	1.550180E-18
1.356939E+04	7.823225E-17	1.564610E-18
1.360939E+04	7.793067E-17	1.577684E-18
1.364939E+04	7.761701E-17	1.589327E-18
1.368939E+04	7.728938E-17	1.599479E-18
1.372939E+04	7.694508E-17	1.608069E-18
1.376939E+04	7.657895E-17	1.614973E-18
1.380939E+04	7.618456E-17	1.620041E-18
1.384939E+04	7.575618E-17	1.623140E-18
1.388939E+04	7.528921E-17	1.624159E-18
1.392939E+04	7.478070E-17	1.623028E-18
1.396939E+04	7.422997E-17	1.619731E-18
1.400939E+04	7.363841E-17	1.614300E-18
1.404939E+04	7.300869E-17	1.606802E-18
1.408939E+04	7.234452E-17	1.597334E-18
1.412939E+04	7.165110E-17	1.586032E-18
1.416939E+04	7.093498E-17	1.573065E-18
1.420939E+04	7.020331E-17	1.558622E-18
1.424939E+04	6.946303E-17	1.542890E-18
1.428939E+04	6.872054E-17	1.526048E-18
1.432939E+04	6.798196E-17	1.508268E-18
1.436939E+04	6.725341E-17	1.489723E-18
1.440939E+04	6.654050E-17	1.470576E-18
1.444939E+04	6.584793E-17	1.450966E-18
1.448939E+04	6.517915E-17	1.431004E-18
1.452939E+04	6.453637E-17	1.410772E-18
1.456939E+04	6.392093E-17	1.390330E-18
1.460939E+04	6.333298E-17	1.369712E-18
1.464939E+04	6.277185E-17	1.348931E-18
1.468939E+04	6.223802E-17	1.328026E-18
1.472939E+04	6.173401E-17	1.307075E-18
1.476939E+04	6.126295E-17	1.286169E-18
1.480939E+04	6.082721E-17	1.265378E-18
1.484939E+04	6.042787E-17	1.244743E-18
1.488939E+04	6.006478E-17	1.224278E-18
1.492939E+04	5.973678E-17	1.203977E-18
1.496939E+04	5.944205E-17	1.183820E-18
1.500939E+04	5.917803E-17	1.163775E-18
1.504939E+04	5.894002E-17	1.143771E-18
1.508939E+04	5.871981E-17	1.123677E-18
1.512939E+04	5.850605E-17	1.103315E-18
1.516939E+04	5.828520E-17	1.082479E-18
1.520939E+04	5.804240E-17	1.060961E-18
1.524939E+04	5.776352E-17	1.038587E-18
1.528939E+04	5.743924E-17	1.015295E-18
1.532939E+04	5.706895E-17	9.911852E-19
1.536939E+04	5.665912E-17	9.664917E-19
1.540939E+04	5.622026E-17	9.415112E-19
1.544939E+04	5.576566E-17	9.165800E-19
1.548939E+04	5.530923E-17	8.920335E-19
1.552939E+04	5.486349E-17	8.681744E-19
1.556939E+04	5.443919E-17	8.452689E-19
1.560939E+04	5.404516E-17	8.235485E-19
1.564939E+04	5.368747E-17	8.032016E-19
1.568939E+04	5.336822E-17	7.843598E-19
1.572939E+04	5.308530E-17	7.671010E-19
1.576939E+04	5.283272E-17	7.514591E-19
1.580939E+04	5.260179E-17	7.374436E-19
1.584939E+04	5.238307E-17	7.250652E-19
1.588939E+04	5.216679E-17	7.143389E-19
1.592939E+04	5.194292E-17	7.052781E-19
1.596939E+04	5.170346E-17	6.979185E-19
1.600939E+04	5.144630E-17	6.923620E-19
1.604939E+04	5.117315E-17	6.887394E-19
1.608939E+04	5.088036E-17	6.870821E-19
1.612939E+04	5.055056E-17	6.871434E-19
1.616939E+04	5.015103E-17	6.883399E-19
1.620939E+04	4.965086E-17	6.900575E-19
1.624939E+04	4.905885E-17	6.921867E-19
1.628939E+04	4.841810E-17	6.950905E-19
1.632939E+04	4.777273E-17	6.991760E-19
1.636939E+04	4.715787E-17	7.047650E-19
1.640939E+04	4.659662E-17	7.120503E-19
1.644939E+04	4.610050E-17	7.210910E-19
1.648939E+04	4.567224E-17	7.318422E-19
1.652939E+04	4.530765E-17	7.441682E-19
1.656939E+04	4.499728E-17	7.578574E-19
1.660939E+04	4.473004E-17	7.726692E-19
1.664939E+04	4.449703E-17	7.883971E-19
1.668939E+04	4.429296E-17	8.048970E-19
1.672939E+04	4.411377E-17	8.220474E-19
1.676939E+04	4.395519E-17	8.397257E-19
1.680939E+04	4.381285E-17	8.578067E-19
1.684939E+04	4.368174E-17	8.761513E-19
1.688939E+04	4.355690E-17	8.946184E-19
1.692939E+04	4.343362E-17	9.130679E-19
1.696939E+04	4.330480E-17	9.313043E-19
1.700939E+04	4.316075E-17	9.490654E-19
1.704939E+04	4.299211E-17	9.660821E-19
1.708939E+04	4.279105E-17	9.821067E-19
1.712939E+04	4.255228E-17	9.969388E-19
1.716939E+04	4.227361E-17	1.010446E-18
1.720939E+04	4.195604E-17	1.022575E-18
1.724939E+04	4.160580E-17	1.033405E-18
1.728939E+04	4.123362E-17	1.043147E-18
1.732939E+04	4.085128E-17	1.052061E-18
1.736939E+04	4.046920E-17	1.060393E-18
1.740939E+04	4.009673E-17	1.068387E-18
1.744939E+04	3.974333E-17	1.076302E-18
1.748939E+04	3.941816E-17	1.084410E-18
1.752939E+04	3.912909E-17	1.092962E-18
1.756939E+04	3.888262E-17	1.102183E-18
1.760939E+04	3.868457E-17	1.112289E-18
1.764939E+04	3.854083E-17	1.123507E-18
1.768939E+04	3.845708E-17	1.136064E-18
1.772939E+04	3.843756E-17	1.150152E-18
1.776939E+04	3.848456E-17	1.165907E-18
1.780939E+04	3.859882E-17	1.183418E-18
1.784939E+04	3.877940E-17	1.202720E-18
1.788939E+04	3.902358E-17	1.223789E-18
1.792939E+04	3.932743E-17	1.246554E-18
1.796939E+04	3.968639E-17	1.270916E-18
1.800939E+04	4.009500E-17	1.296738E-18
1.804939E+04	4.054698E-17	1.323848E-18
1.808939E+04	4.103531E-17	1.352037E-18
1.812939E+04	4.155202E-17	1.381056E-18
1.816939E+04	4.208801E-17	1.410607E-18
1.820939E+04	4.263302E-17	1.440341E-18
1.824939E+04	4.317571E-17	1.469861E-18
1.828939E+04	4.370392E-17	1.498731E-18
1.832939E+04	4.420504E-17	1.526487E-18
1.836939E+04	4.466657E-17	1.552660E-18
1.840939E+04	4.507714E-17	1.576810E-18
1.844939E+04	4.542698E-17	1.598547E-18
1.848939E+04	4.570824E-17	1.617546E-18
1.852939E+04	4.591506E-17	1.633549E-18
1.856939E+04	4.604338E-17	1.646363E-18
1.860939E+04	4.609061E-17	1.655850E-18
1.864939E+04	4.605533E-17	1.661919E-18
1.868939E+04	4.593763E-17	1.664537E-18
1.872939E+04	4.573995E-17	1.663760E-18
1.876939E+04	4.546778E-17	1.659765E-18
1.880939E+04	4.512932E-17	1.652834E-18
1.884939E+04	4.473418E-17	1.643310E-18
1.888939E+04	4.429222E-17	1.631552E-18
1.892939E+04	4.381217E-17	1.617885E-18
1.896939E+04	4.330065E-17	1.602561E-18
1.900939E+04	4.276312E-17	1.585795E-18
1.904939E+04	4.220495E-17	1.567802E-18
1.908939E+04	4.163163E-17	1.548800E-18
1.912939E+04	4.104838E-17	1.529004E-18
1.916939E+04	4.046020E-17	1.508621E-18
1.920939E+04	3.987204E-17	1.487856E-18
1.924939E+04	3.928891E-17	1.466918E-18
1.928939E+04	3.871597E-17	1.446022E-18
1.932939E+04	3.815833E-17	1.425382E-18
1.936939E+04	3.762040E-17	1.405182E-18
1.940939E+04	3.710545E-17	1.385567E-18
1.944939E+04	3.661596E-17	1.366647E-18
1.948939E+04	3.615374E-17	1.348509E-18
1.952939E+04	3.572029E-17	1.331226E-18
1.956939E+04	3.531687E-17	1.314861E-18
1.960939E+04	3.494473E-17	1.299474E-18
1.964939E+04	3.460503E-17	1.285123E-18
1.968939E+04	3.429858E-17	1.271850E-18
1.972939E+04	3.402569E-17	1.259677E-18
1.976939E+04	3.378610E-17	1.248605E-18
1.980939E+04	3.357858E-17	1.238598E-18
1.984939E+04	3.340025E-17	1.229561E-18
1.988939E+04	3.324688E-17	1.221346E-18
1.992939E+04	3.311361E-17	1.213786E-18
1.996939E+04	3.299564E-17	1.206717E-18
2.000939E+04	3.288876E-17	1.199997E-18
2.004939E+04	3.278956E-17	1.193518E-18
2.008939E+04	3.269493E-17	1.187180E-18
2.012939E+04	3.260178E-17	1.180889E-18
2.016939E+04	3.250689E-17	1.174548E-18
2.020939E+04	3.240699E-17	1.168056E-18
2.024939E+04	3.229876E-17	1.161315E-18
2.028939E+04	3.217901E-17	1.154233E-18
2.032939E+04	3.204505E-17	1.146736E-18
2.036939E+04	3.189505E-17	1.138783E-18
2.040939E+04	3.172826E-17	1.130371E-18
2.044939E+04	3.154539E-17	1.121551E-18
2.048939E+04	3.134877E-17	1.112427E-18
2.052939E+04	3.114146E-17	1.103133E-18
2.056939E+04	3.092644E-17	1.093794E-18
2.060939E+04	3.070621E-17	1.084520E-18
2.064939E+04	3.048253E-17	1.075393E-18
2.068939E+04	3.025641E-17	1.066467E-18
2.072939E+04	3.002837E-17	1.057779E-18
2.076939E+04	2.979859E-17	1.049353E-18
2.080939E+04	2.956670E-17	1.041193E-18
2.084939E+04	2.933157E-17	1.033275E-18
2.088939E+04	2.909145E-17	1.025552E-18
2.092939E+04	2.884407E-17	1.017957E-18
2.096939E+04	2.858719E-17	1.010423E-18
2.100939E+04	2.831994E-17	1.002928E-18
2.104939E+04	2.804297E-17	9.955036E-19
2.108939E+04	2.775765E-17	9.882014E-19
2.112939E+04	2.746530E-17	9.810724E-19
2.116939E+04	2.716695E-17	9.741538E-19
2.120939E+04	2.686348E-17	9.674758E-19
2.124939E+04	2.655645E-17	9.610804E-19
2.128939E+04	2.624930E-17	9.550625E-19
2.132939E+04	2.594817E-17	9.496180E-19
2.136939E+04	2.566135E-17	9.450273E-19
2.140939E+04	2.539804E-17	9.416122E-19
2.144939E+04	2.516703E-17	9.396926E-19
2.148939E+04	2.497486E-17	9.395142E-19
2.152939E+04	2.482409E-17	9.411834E-19
2.156939E+04	2.471208E-17	9.446147E-19
2.160939E+04	2.463017E-17	9.494918E-19
2.164939E+04	2.456622E-17	9.553533E-19
2.168939E+04	2.450713E-17	9.616869E-19
2.172939E+04	2.444102E-17	9.680101E-19
2.176939E+04	2.435901E-17	9.739439E-19
2.180939E+04	2.425537E-17	9.792215E-19
2.184939E+04	2.412595E-17	9.836321E-19
2.188939E+04	2.396714E-17	9.869781E-19
2.192939E+04	2.377588E-17	9.890777E-19
2.196939E+04	2.354984E-17	9.897743E-19
2.200939E+04	2.328699E-17	9.889187E-19
2.204939E+04	2.298526E-17	9.863542E-19
2.208939E+04	2.264248E-17	9.819165E-19
2.212939E+04	2.225671E-17	9.754460E-19
2.216939E+04	2.182678E-17	9.668127E-19
2.220939E+04	2.135260E-17	9.559322E-19
2.224939E+04	2.083524E-17	9.427716E-19
2.228939E+04	2.027693E-17	9.273533E-19
2.232939E+04	1.968099E-17	9.097534E-19
2.236939E+04	1.905172E-17	8.901011E-19
2.240939E+04	1.839438E-17	8.685794E-19
2.244939E+04	1.771508E-17	8.454229E-19
2.248939E+04	1.702058E-17	8.209107E-19
2.252939E+04	1.631785E-17	7.953460E-19
2.256939E+04	1.561384E-17	7.690470E-19
2.260939E+04	1.491540E-17	7.423416E-19
2.264939E+04	1.422921E-17	7.155645E-19
2.268939E+04	1.356171E-17	6.890537E-19
2.272939E+04	1.291883E-17	6.631348E-19
2.276939E+04	1.230575E-17	6.381089E-19
2.280939E+04	1.172666E-17	6.142357E-19
2.284939E+04	1.118460E-17	5.917254E-19
2.288939E+04	1.068145E-17	5.707328E-19
2.292939E+04	1.021806E-17	5.513610E-19
2.296939E+04	9.794403E-18	5.336695E-19
2.300939E+04	9.409935E-18	5.176886E-19
2.304939E+04	9.063769E-18	5.034290E-19
2.308939E+04	8.754749E-18	4.908852E-19
2.312939E+04	8.481485E-18	4.800361E-19
2.316939E+04	8.242408E-18	4.708474E-19
2.320939E+04	8.035808E-18	4.632737E-19
2.324939E+04	7.859907E-18	4.572622E-19
2.328939E+04	7.712959E-18	4.527581E-19
2.332939E+04	7.593343E-18	4.497102E-19
2.336939E+04	7.499620E-18	4.480750E-19
2.340939E+04	7.430539E-18	4.478171E-19
2.344939E+04	7.385033E-18	4.489096E-19
2.348939E+04	7.362187E-18	4.513324E-19
2.352939E+04	7.361216E-18	4.550717E-19
2.356939E+04	7.381428E-18	4.601172E-19
2.360939E+04	7.422197E-18	4.664617E-19
2.364939E+04	7.482932E-18	4.740984E-19
2.368939E+04	7.563078E-18	4.830214E-19
2.372939E+04	7.662088E-18	4.932239E-19
2.376939E+04	7.779413E-18	5.046979E-19
2.380939E+04	7.914484E-18	5.174324E-19
2.384939E+04	8.066696E-18	5.314129E-19
2.388939E+04	8.235414E-18	5.466213E-19
2.392939E+04	8.419972E-18	5.630358E-19
2.396939E+04	8.619697E-18	5.806330E-19
2.400939E+04	8.833935E-18	5.993887E-19
2.404939E+04	9.062052E-18	6.192788E-19
2.408939E+04	9.303405E-18	6.402772E-19
2.412939E+04	9.557337E-18	6.623551E-19
2.416939E+04	9.823199E-18	6.854830E-19
2.420939E+04	1.010038E-17	7.096325E-19
2.424939E+04	1.038826E-17	7.347727E-19
2.428939E+04	1.068613E-17	7.608667E-19
2.432939E+04	1.099324E-17	7.878703E-19
2.436939E+04	1.130879E-17	8.157368E-19
2.440939E+04	1.163202E-17	8.444198E-19
2.444939E+04	1.196227E-17	8.738778E-19
2.448939E+04	1.229897E-17	9.040756E-19
