#wls	flux	fluxerr
3.289393E+03	9.074398E-18	1.509125E-18
3.329393E+03	8.732038E-18	1.446149E-18
3.369393E+03	8.414021E-18	1.387625E-18
3.409393E+03	8.118869E-18	1.333263E-18
3.449393E+03	7.845325E-18	1.282814E-18
3.489393E+03	7.592329E-18	1.236064E-18
3.529393E+03	7.358982E-18	1.192827E-18
3.569393E+03	7.144507E-18	1.152937E-18
3.609393E+03	6.948203E-18	1.116245E-18
3.649393E+03	6.769406E-18	1.082609E-18
3.689393E+03	6.607467E-18	1.051888E-18
3.729393E+03	6.461738E-18	1.023945E-18
3.769393E+03	6.331575E-18	9.986460E-19
3.809393E+03	6.216348E-18	9.758584E-19
3.849393E+03	6.115475E-18	9.554601E-19
3.889393E+03	6.028439E-18	9.373396E-19
3.929393E+03	5.954777E-18	9.213956E-19
3.969393E+03	5.894057E-18	9.075324E-19
4.009393E+03	5.845856E-18	8.956567E-19
4.049393E+03	5.809757E-18	8.856772E-19
4.089393E+03	5.785353E-18	8.775050E-19
4.129393E+03	5.772262E-18	8.710560E-19
4.169393E+03	5.770128E-18	8.662508E-19
4.209393E+03	5.778626E-18	8.630160E-19
4.249393E+03	5.797466E-18	8.612834E-19
4.289393E+03	5.826383E-18	8.609899E-19
4.329393E+03	5.865136E-18	8.620762E-19
4.369393E+03	5.913490E-18	8.644846E-19
4.409393E+03	5.971212E-18	8.681582E-19
4.449393E+03	6.038074E-18	8.730415E-19
4.489393E+03	6.113856E-18	8.790805E-19
4.529393E+03	6.198358E-18	8.862249E-19
4.569393E+03	6.291420E-18	8.944303E-19
4.609393E+03	6.392937E-18	9.036609E-19
4.649393E+03	6.502859E-18	9.138884E-19
4.689393E+03	6.621168E-18	9.250895E-19
4.729393E+03	6.747879E-18	9.372449E-19
4.769393E+03	6.883033E-18	9.503393E-19
4.809393E+03	7.026690E-18	9.643595E-19
4.849393E+03	7.178845E-18	9.792834E-19
4.889393E+03	7.339112E-18	9.950367E-19
4.929393E+03	7.506708E-18	1.011493E-18
4.969393E+03	7.680722E-18	1.028513E-18
5.009393E+03	7.860157E-18	1.045945E-18
5.049393E+03	8.043939E-18	1.063633E-18
5.089393E+03	8.230938E-18	1.081418E-18
5.129393E+03	8.419945E-18	1.099132E-18
5.169393E+03	8.609738E-18	1.116612E-18
5.209393E+03	8.799116E-18	1.133700E-18
5.249393E+03	8.986942E-18	1.150252E-18
5.289393E+03	9.172121E-18	1.166131E-18
5.329393E+03	9.353632E-18	1.181216E-18
5.369393E+03	9.530515E-18	1.195395E-18
5.409393E+03	9.701908E-18	1.208572E-18
5.449393E+03	9.867037E-18	1.220667E-18
5.489393E+03	1.002526E-17	1.231616E-18
5.529393E+03	1.017611E-17	1.241381E-18
5.569393E+03	1.031927E-17	1.249944E-18
5.609393E+03	1.045461E-17	1.257308E-18
5.649393E+03	1.058210E-17	1.263491E-18
5.689393E+03	1.070186E-17	1.268529E-18
5.729393E+03	1.081403E-17	1.272460E-18
5.769393E+03	1.091883E-17	1.275329E-18
5.809393E+03	1.101646E-17	1.277181E-18
5.849393E+03	1.110708E-17	1.278054E-18
5.889393E+03	1.119089E-17	1.277989E-18
5.929393E+03	1.126801E-17	1.277022E-18
5.969393E+03	1.133856E-17	1.275184E-18
6.009393E+03	1.140258E-17	1.272497E-18
6.049393E+03	1.145999E-17	1.268973E-18
6.089393E+03	1.151063E-17	1.264613E-18
6.129393E+03	1.155419E-17	1.259402E-18
6.169393E+03	1.159024E-17	1.253315E-18
6.209393E+03	1.161824E-17	1.246316E-18
6.249393E+03	1.163759E-17	1.238364E-18
6.289393E+03	1.164766E-17	1.229415E-18
6.329393E+03	1.164774E-17	1.219425E-18
6.369393E+03	1.163715E-17	1.208348E-18
6.409393E+03	1.161535E-17	1.196160E-18
6.449393E+03	1.158232E-17	1.182889E-18
6.489393E+03	1.153970E-17	1.168732E-18
6.529393E+03	1.149095E-17	1.154059E-18
6.569393E+03	1.144007E-17	1.139283E-18
6.609393E+03	1.139115E-17	1.124810E-18
6.649393E+03	1.134812E-17	1.111022E-18
6.689393E+03	1.131473E-17	1.098266E-18
6.729393E+03	1.129432E-17	1.086838E-18
6.769393E+03	1.128955E-17	1.076958E-18
6.809393E+03	1.130231E-17	1.068766E-18
6.849393E+03	1.133379E-17	1.062328E-18
6.889393E+03	1.138438E-17	1.057637E-18
6.929393E+03	1.145383E-17	1.054620E-18
6.969393E+03	1.154126E-17	1.053152E-18
7.009393E+03	1.164539E-17	1.053072E-18
7.049393E+03	1.176470E-17	1.054206E-18
7.089393E+03	1.189750E-17	1.056365E-18
7.129393E+03	1.204190E-17	1.059353E-18
7.169393E+03	1.219614E-17	1.062990E-18
7.209393E+03	1.235881E-17	1.067132E-18
7.249393E+03	1.252863E-17	1.071652E-18
7.289393E+03	1.270407E-17	1.076404E-18
7.329393E+03	1.288326E-17	1.081222E-18
7.369393E+03	1.306429E-17	1.085942E-18
7.409393E+03	1.324550E-17	1.090426E-18
7.449393E+03	1.342564E-17	1.094576E-18
7.489393E+03	1.360413E-17	1.098351E-18
7.529393E+03	1.378117E-17	1.101776E-18
7.569393E+03	1.395781E-17	1.104943E-18
7.609393E+03	1.413598E-17	1.108011E-18
7.649393E+03	1.431819E-17	1.111174E-18
7.689393E+03	1.450667E-17	1.114603E-18
7.729393E+03	1.470213E-17	1.118344E-18
7.769393E+03	1.490495E-17	1.122414E-18
7.809393E+03	1.511580E-17	1.126854E-18
7.849393E+03	1.533507E-17	1.131684E-18
7.889393E+03	1.556047E-17	1.136722E-18
7.929393E+03	1.578658E-17	1.141571E-18
7.969393E+03	1.600668E-17	1.145752E-18
8.009393E+03	1.621412E-17	1.148809E-18
8.049393E+03	1.640331E-17	1.150381E-18
8.089393E+03	1.657018E-17	1.150229E-18
8.129393E+03	1.671232E-17	1.148238E-18
8.169393E+03	1.682906E-17	1.144418E-18
8.209393E+03	1.692140E-17	1.138893E-18
8.249393E+03	1.699188E-17	1.131886E-18
8.289393E+03	1.704450E-17	1.123708E-18
8.329393E+03	1.708420E-17	1.114724E-18
8.369393E+03	1.711631E-17	1.105305E-18
8.409393E+03	1.714594E-17	1.095798E-18
8.449393E+03	1.717760E-17	1.086497E-18
8.489393E+03	1.721500E-17	1.077634E-18
8.529393E+03	1.726096E-17	1.069380E-18
8.569393E+03	1.731740E-17	1.061843E-18
8.609393E+03	1.738539E-17	1.055071E-18
8.649393E+03	1.746521E-17	1.049071E-18
8.689393E+03	1.755667E-17	1.043818E-18
8.729393E+03	1.765906E-17	1.039257E-18
8.769393E+03	1.777092E-17	1.035296E-18
8.809393E+03	1.789043E-17	1.031825E-18
8.849393E+03	1.801580E-17	1.028742E-18
8.889393E+03	1.814557E-17	1.025968E-18
8.929393E+03	1.827852E-17	1.023443E-18
8.969393E+03	1.841357E-17	1.021118E-18
9.009393E+03	1.854973E-17	1.018953E-18
9.049393E+03	1.868616E-17	1.016917E-18
9.089393E+03	1.882214E-17	1.014991E-18
9.129393E+03	1.895705E-17	1.013163E-18
9.169393E+03	1.909059E-17	1.011437E-18
9.209393E+03	1.922346E-17	1.009873E-18
9.249393E+03	1.935886E-17	1.008660E-18
9.289393E+03	1.950137E-17	1.008042E-18
9.329393E+03	1.965545E-17	1.008244E-18
9.369393E+03	1.982493E-17	1.009453E-18
9.409393E+03	2.001286E-17	1.011812E-18
9.449393E+03	2.022160E-17	1.015427E-18
9.489393E+03	2.045289E-17	1.020372E-18
9.529393E+03	2.070747E-17	1.026670E-18
9.569393E+03	2.098470E-17	1.034281E-18
9.609393E+03	2.128280E-17	1.043109E-18
9.649393E+03	2.159906E-17	1.053018E-18
9.689393E+03	2.192968E-17	1.063823E-18
9.729393E+03	2.226952E-17	1.075282E-18
9.769393E+03	2.261206E-17	1.087090E-18
9.809393E+03	2.294962E-17	1.098893E-18
9.849393E+03	2.327390E-17	1.110315E-18
9.889393E+03	2.357670E-17	1.120985E-18
9.929393E+03	2.385090E-17	1.130592E-18
9.969393E+03	2.409373E-17	1.139014E-18
1.000939E+04	2.430615E-17	1.146287E-18
1.004939E+04	2.449114E-17	1.152533E-18
1.008939E+04	2.465251E-17	1.157909E-18
1.012939E+04	2.479432E-17	1.162584E-18
1.016939E+04	2.492073E-17	1.166723E-18
1.020939E+04	2.503608E-17	1.170502E-18
1.024939E+04	2.514493E-17	1.174104E-18
1.028939E+04	2.525207E-17	1.177722E-18
1.032939E+04	2.536234E-17	1.181551E-18
1.036939E+04	2.548051E-17	1.185782E-18
1.040939E+04	2.561117E-17	1.190598E-18
1.044939E+04	2.575835E-17	1.196157E-18
1.048939E+04	2.592481E-17	1.202557E-18
1.052939E+04	2.611135E-17	1.209806E-18
1.056939E+04	2.631668E-17	1.217816E-18
1.060939E+04	2.653791E-17	1.226427E-18
1.064939E+04	2.677079E-17	1.235414E-18
1.068939E+04	2.700974E-17	1.244498E-18
1.072939E+04	2.724834E-17	1.253361E-18
1.076939E+04	2.748001E-17	1.261682E-18
1.080939E+04	2.769889E-17	1.269176E-18
1.084939E+04	2.790052E-17	1.275627E-18
1.088939E+04	2.808171E-17	1.280883E-18
1.092939E+04	2.824029E-17	1.284840E-18
1.096939E+04	2.837458E-17	1.287424E-18
1.100939E+04	2.848316E-17	1.288573E-18
1.104939E+04	2.856490E-17	1.288246E-18
1.108939E+04	2.861920E-17	1.286429E-18
1.112939E+04	2.864605E-17	1.283138E-18
1.116939E+04	2.864616E-17	1.278427E-18
1.120939E+04	2.862095E-17	1.272385E-18
1.124939E+04	2.857228E-17	1.265121E-18
1.128939E+04	2.850222E-17	1.256759E-18
1.132939E+04	2.841293E-17	1.247426E-18
1.136939E+04	2.830669E-17	1.237260E-18
1.140939E+04	2.818560E-17	1.226389E-18
1.144939E+04	2.805163E-17	1.214937E-18
1.148939E+04	2.790644E-17	1.203020E-18
1.152939E+04	2.775140E-17	1.190739E-18
1.156939E+04	2.758765E-17	1.178188E-18
1.160939E+04	2.741634E-17	1.165464E-18
1.164939E+04	2.723902E-17	1.152679E-18
1.168939E+04	2.705801E-17	1.139983E-18
1.172939E+04	2.687634E-17	1.127551E-18
1.176939E+04	2.669744E-17	1.115580E-18
1.180939E+04	2.652492E-17	1.104268E-18
1.184939E+04	2.636234E-17	1.093815E-18
1.188939E+04	2.621306E-17	1.084411E-18
1.192939E+04	2.607966E-17	1.076214E-18
1.196939E+04	2.596370E-17	1.069344E-18
1.200939E+04	2.586569E-17	1.063876E-18
1.204939E+04	2.578501E-17	1.059846E-18
1.208939E+04	2.571996E-17	1.057245E-18
1.212939E+04	2.566751E-17	1.056013E-18
1.216939E+04	2.562341E-17	1.056040E-18
1.220939E+04	2.558235E-17	1.057174E-18
1.224939E+04	2.553839E-17	1.059230E-18
1.228939E+04	2.548549E-17	1.062015E-18
1.232939E+04	2.541810E-17	1.065345E-18
1.236939E+04	2.533149E-17	1.069057E-18
1.240939E+04	2.522220E-17	1.073026E-18
1.244939E+04	2.508831E-17	1.077140E-18
1.248939E+04	2.492888E-17	1.081273E-18
1.252939E+04	2.474291E-17	1.085283E-18
1.256939E+04	2.453005E-17	1.089045E-18
1.260939E+04	2.429148E-17	1.092492E-18
1.264939E+04	2.402992E-17	1.095624E-18
1.268939E+04	2.374929E-17	1.098498E-18
1.272939E+04	2.345442E-17	1.101220E-18
1.276939E+04	2.315079E-17	1.103941E-18
1.280939E+04	2.284420E-17	1.106841E-18
1.284939E+04	2.254059E-17	1.110129E-18
1.288939E+04	2.224609E-17	1.114046E-18
1.292939E+04	2.196685E-17	1.118858E-18
1.296939E+04	2.170891E-17	1.124854E-18
1.300939E+04	2.147810E-17	1.132336E-18
1.304939E+04	2.127945E-17	1.141595E-18
1.308939E+04	2.111693E-17	1.152888E-18
1.312939E+04	2.099325E-17	1.166424E-18
1.316939E+04	2.091001E-17	1.182366E-18
1.320939E+04	2.086779E-17	1.200834E-18
1.324939E+04	2.086616E-17	1.221894E-18
1.328939E+04	2.090382E-17	1.245564E-18
1.332939E+04	2.097874E-17	1.271817E-18
1.336939E+04	2.108813E-17	1.300575E-18
1.340939E+04	2.122846E-17	1.331706E-18
1.344939E+04	2.139558E-17	1.365025E-18
1.348939E+04	2.158482E-17	1.400297E-18
1.352939E+04	2.179114E-17	1.437245E-18
1.356939E+04	2.200913E-17	1.475547E-18
1.360939E+04	2.223304E-17	1.514835E-18
1.364939E+04	2.245698E-17	1.554707E-18
1.368939E+04	2.267515E-17	1.594741E-18
1.372939E+04	2.288226E-17	1.634528E-18
1.376939E+04	2.307369E-17	1.673682E-18
1.380939E+04	2.324558E-17	1.711855E-18
1.384939E+04	2.339463E-17	1.748723E-18
1.388939E+04	2.351823E-17	1.784001E-18
1.392939E+04	2.361451E-17	1.817449E-18
1.396939E+04	2.368236E-17	1.848878E-18
1.400939E+04	2.372147E-17	1.878159E-18
1.404939E+04	2.373230E-17	1.905225E-18
1.408939E+04	2.371582E-17	1.930053E-18
1.412939E+04	2.367343E-17	1.952658E-18
1.416939E+04	2.360670E-17	1.973080E-18
1.420939E+04	2.351744E-17	1.991384E-18
1.424939E+04	2.340754E-17	2.007654E-18
1.428939E+04	2.327904E-17	2.021994E-18
1.432939E+04	2.313422E-17	2.034539E-18
1.436939E+04	2.297556E-17	2.045453E-18
1.440939E+04	2.280567E-17	2.054923E-18
1.444939E+04	2.262725E-17	2.063157E-18
1.448939E+04	2.244312E-17	2.070387E-18
1.452939E+04	2.225625E-17	2.076869E-18
1.456939E+04	2.206962E-17	2.082875E-18
1.460939E+04	2.188618E-17	2.088688E-18
1.464939E+04	2.170884E-17	2.094598E-18
1.468939E+04	2.154056E-17	2.100913E-18
1.472939E+04	2.138415E-17	2.107939E-18
1.476939E+04	2.124225E-17	2.115977E-18
1.480939E+04	2.111700E-17	2.125289E-18
1.484939E+04	2.101008E-17	2.136095E-18
1.488939E+04	2.092258E-17	2.148567E-18
1.492939E+04	2.085502E-17	2.162817E-18
1.496939E+04	2.080730E-17	2.178896E-18
1.500939E+04	2.077889E-17	2.196809E-18
1.504939E+04	2.076897E-17	2.216524E-18
1.508939E+04	2.077653E-17	2.237992E-18
1.512939E+04	2.080044E-17	2.261138E-18
1.516939E+04	2.083934E-17	2.285863E-18
1.520939E+04	2.089165E-17	2.312035E-18
1.524939E+04	2.095552E-17	2.339487E-18
1.528939E+04	2.102889E-17	2.368019E-18
1.532939E+04	2.110953E-17	2.397405E-18
1.536939E+04	2.119500E-17	2.427386E-18
1.540939E+04	2.128271E-17	2.457676E-18
1.544939E+04	2.136993E-17	2.487963E-18
1.548939E+04	2.145394E-17	2.517926E-18
1.552939E+04	2.153204E-17	2.547237E-18
1.556939E+04	2.160161E-17	2.575566E-18
1.560939E+04	2.166005E-17	2.602576E-18
1.564939E+04	2.170476E-17	2.627924E-18
1.568939E+04	2.173323E-17	2.651264E-18
1.572939E+04	2.174306E-17	2.672260E-18
1.576939E+04	2.173204E-17	2.690587E-18
1.580939E+04	2.169824E-17	2.705951E-18
1.584939E+04	2.164018E-17	2.718105E-18
1.588939E+04	2.155671E-17	2.726843E-18
1.592939E+04	2.144705E-17	2.731998E-18
1.596939E+04	2.131080E-17	2.733454E-18
1.600939E+04	2.114807E-17	2.731159E-18
1.604939E+04	2.095953E-17	2.725134E-18
1.608939E+04	2.074639E-17	2.715472E-18
1.612939E+04	2.051038E-17	2.702342E-18
1.616939E+04	2.025361E-17	2.685969E-18
1.620939E+04	1.997846E-17	2.666618E-18
1.624939E+04	1.968745E-17	2.644581E-18
1.628939E+04	1.938324E-17	2.620185E-18
1.632939E+04	1.906862E-17	2.593773E-18
1.636939E+04	1.874651E-17	2.565725E-18
1.640939E+04	1.841974E-17	2.536414E-18
1.644939E+04	1.809099E-17	2.506203E-18
1.648939E+04	1.776273E-17	2.475437E-18
1.652939E+04	1.743724E-17	2.444438E-18
1.656939E+04	1.711642E-17	2.413486E-18
1.660939E+04	1.680187E-17	2.382822E-18
1.664939E+04	1.649489E-17	2.352652E-18
1.668939E+04	1.619648E-17	2.323141E-18
1.672939E+04	1.590733E-17	2.294412E-18
1.676939E+04	1.562789E-17	2.266557E-18
1.680939E+04	1.535836E-17	2.239633E-18
1.684939E+04	1.509887E-17	2.213682E-18
1.688939E+04	1.484940E-17	2.188731E-18
1.692939E+04	1.460989E-17	2.164799E-18
1.696939E+04	1.438027E-17	2.141901E-18
1.700939E+04	1.416047E-17	2.120049E-18
1.704939E+04	1.395039E-17	2.099259E-18
1.708939E+04	1.375004E-17	2.079552E-18
1.712939E+04	1.355938E-17	2.060951E-18
1.716939E+04	1.337849E-17	2.043493E-18
1.720939E+04	1.320763E-17	2.027238E-18
1.724939E+04	1.304710E-17	2.012260E-18
1.728939E+04	1.289733E-17	1.998651E-18
1.732939E+04	1.275885E-17	1.986518E-18
1.736939E+04	1.263226E-17	1.975984E-18
1.740939E+04	1.251824E-17	1.967180E-18
1.744939E+04	1.241751E-17	1.960251E-18
1.748939E+04	1.233086E-17	1.955350E-18
1.752939E+04	1.225908E-17	1.952637E-18
1.756939E+04	1.220300E-17	1.952275E-18
1.760939E+04	1.216349E-17	1.954438E-18
1.764939E+04	1.214142E-17	1.959304E-18
1.768939E+04	1.213772E-17	1.967058E-18
1.772939E+04	1.215332E-17	1.977889E-18
1.776939E+04	1.218913E-17	1.991985E-18
1.780939E+04	1.224595E-17	2.009521E-18
1.784939E+04	1.232441E-17	2.030639E-18
1.788939E+04	1.242493E-17	2.055452E-18
1.792939E+04	1.254759E-17	2.084017E-18
1.796939E+04	1.269210E-17	2.116327E-18
1.800939E+04	1.285767E-17	2.152289E-18
1.804939E+04	1.304294E-17	2.191716E-18
1.808939E+04	1.324608E-17	2.234335E-18
1.812939E+04	1.346473E-17	2.279774E-18
1.816939E+04	1.369597E-17	2.327568E-18
1.820939E+04	1.393628E-17	2.377135E-18
1.824939E+04	1.418148E-17	2.427775E-18
1.828939E+04	1.442690E-17	2.478690E-18
1.832939E+04	1.466754E-17	2.529014E-18
1.836939E+04	1.489817E-17	2.577832E-18
1.840939E+04	1.511371E-17	2.624240E-18
1.844939E+04	1.530956E-17	2.667408E-18
1.848939E+04	1.548176E-17	2.706603E-18
1.852939E+04	1.562701E-17	2.741204E-18
1.856939E+04	1.574272E-17	2.770706E-18
1.860939E+04	1.582708E-17	2.794736E-18
1.864939E+04	1.587906E-17	2.813055E-18
1.868939E+04	1.589841E-17	2.825561E-18
1.872939E+04	1.588558E-17	2.832283E-18
1.876939E+04	1.584184E-17	2.833391E-18
1.880939E+04	1.576922E-17	2.829199E-18
1.884939E+04	1.567033E-17	2.820127E-18
1.888939E+04	1.554809E-17	2.806664E-18
1.892939E+04	1.540554E-17	2.789320E-18
1.896939E+04	1.524569E-17	2.768615E-18
1.900939E+04	1.507157E-17	2.745072E-18
1.904939E+04	1.488619E-17	2.719221E-18
1.908939E+04	1.469263E-17	2.691611E-18
1.912939E+04	1.449389E-17	2.662786E-18
1.916939E+04	1.429284E-17	2.633266E-18
1.920939E+04	1.409206E-17	2.603528E-18
1.924939E+04	1.389396E-17	2.574021E-18
1.928939E+04	1.370080E-17	2.545175E-18
1.932939E+04	1.351469E-17	2.517389E-18
1.936939E+04	1.333747E-17	2.491023E-18
1.940939E+04	1.317066E-17	2.466376E-18
1.944939E+04	1.301539E-17	2.443678E-18
1.948939E+04	1.287241E-17	2.423092E-18
1.952939E+04	1.274218E-17	2.404720E-18
1.956939E+04	1.262488E-17	2.388621E-18
1.960939E+04	1.252056E-17	2.374822E-18
1.964939E+04	1.242911E-17	2.363322E-18
1.968939E+04	1.235025E-17	2.354090E-18
1.972939E+04	1.228354E-17	2.347058E-18
1.976939E+04	1.222839E-17	2.342132E-18
1.980939E+04	1.218411E-17	2.339197E-18
1.984939E+04	1.214992E-17	2.338120E-18
1.988939E+04	1.212498E-17	2.338749E-18
1.992939E+04	1.210832E-17	2.340914E-18
1.996939E+04	1.209894E-17	2.344430E-18
2.000939E+04	1.209578E-17	2.349103E-18
2.004939E+04	1.209784E-17	2.354745E-18
2.008939E+04	1.210407E-17	2.361161E-18
2.012939E+04	1.211344E-17	2.368151E-18
2.016939E+04	1.212482E-17	2.375503E-18
2.020939E+04	1.213707E-17	2.382996E-18
2.024939E+04	1.214900E-17	2.390392E-18
2.028939E+04	1.215943E-17	2.397464E-18
2.032939E+04	1.216725E-17	2.403987E-18
2.036939E+04	1.217148E-17	2.409766E-18
2.040939E+04	1.217127E-17	2.414628E-18
2.044939E+04	1.216592E-17	2.418429E-18
2.048939E+04	1.215484E-17	2.421045E-18
2.052939E+04	1.213759E-17	2.422384E-18
2.056939E+04	1.211383E-17	2.422368E-18
2.060939E+04	1.208327E-17	2.420937E-18
2.064939E+04	1.204572E-17	2.418041E-18
2.068939E+04	1.200100E-17	2.413638E-18
2.072939E+04	1.194904E-17	2.407708E-18
2.076939E+04	1.188983E-17	2.400238E-18
2.080939E+04	1.182336E-17	2.391224E-18
2.084939E+04	1.174978E-17	2.380683E-18
2.088939E+04	1.166930E-17	2.368656E-18
2.092939E+04	1.158224E-17	2.355200E-18
2.096939E+04	1.148897E-17	2.340385E-18
2.100939E+04	1.138994E-17	2.324294E-18
2.104939E+04	1.128562E-17	2.307023E-18
2.108939E+04	1.117657E-17	2.288680E-18
2.112939E+04	1.106344E-17	2.269392E-18
2.116939E+04	1.094686E-17	2.249290E-18
2.120939E+04	1.082756E-17	2.228518E-18
2.124939E+04	1.070632E-17	2.207238E-18
2.128939E+04	1.058397E-17	2.185620E-18
2.132939E+04	1.046139E-17	2.163844E-18
2.136939E+04	1.033947E-17	2.142099E-18
2.140939E+04	1.021913E-17	2.120574E-18
2.144939E+04	1.010116E-17	2.099439E-18
2.148939E+04	9.986256E-18	2.078839E-18
2.152939E+04	9.874663E-18	2.058830E-18
2.156939E+04	9.766123E-18	2.039363E-18
2.160939E+04	9.660146E-18	2.020339E-18
2.164939E+04	9.556130E-18	2.001635E-18
2.168939E+04	9.453419E-18	1.983117E-18
2.172939E+04	9.351354E-18	1.964647E-18
2.176939E+04	9.249348E-18	1.946104E-18
2.180939E+04	9.146895E-18	1.927382E-18
2.184939E+04	9.043603E-18	1.908398E-18
2.188939E+04	8.939223E-18	1.889101E-18
2.192939E+04	8.833601E-18	1.869456E-18
2.196939E+04	8.726672E-18	1.849451E-18
2.200939E+04	8.618430E-18	1.829083E-18
2.204939E+04	8.508888E-18	1.808355E-18
2.208939E+04	8.398123E-18	1.787283E-18
2.212939E+04	8.286282E-18	1.765897E-18
2.216939E+04	8.173574E-18	1.744244E-18
2.220939E+04	8.060260E-18	1.722377E-18
2.224939E+04	7.946666E-18	1.700368E-18
2.228939E+04	7.833145E-18	1.678292E-18
2.232939E+04	7.720070E-18	1.656231E-18
2.236939E+04	7.607864E-18	1.634276E-18
2.240939E+04	7.496949E-18	1.612520E-18
2.244939E+04	7.387737E-18	1.591054E-18
2.248939E+04	7.280611E-18	1.569962E-18
2.252939E+04	7.175911E-18	1.549319E-18
2.256939E+04	7.073935E-18	1.529194E-18
2.260939E+04	6.974969E-18	1.509651E-18
2.264939E+04	6.879245E-18	1.490743E-18
2.268939E+04	6.786959E-18	1.472517E-18
2.272939E+04	6.698223E-18	1.454999E-18
2.276939E+04	6.613100E-18	1.438207E-18
2.280939E+04	6.531578E-18	1.422142E-18
2.284939E+04	6.453620E-18	1.406799E-18
2.288939E+04	6.379176E-18	1.392170E-18
2.292939E+04	6.308212E-18	1.378250E-18
2.296939E+04	6.240678E-18	1.365033E-18
2.300939E+04	6.176542E-18	1.352514E-18
2.304939E+04	6.115768E-18	1.340689E-18
2.308939E+04	6.058310E-18	1.329549E-18
2.312939E+04	6.004121E-18	1.319088E-18
2.316939E+04	5.953187E-18	1.309305E-18
2.320939E+04	5.905526E-18	1.300206E-18
2.324939E+04	5.861159E-18	1.291800E-18
2.328939E+04	5.820110E-18	1.284094E-18
2.332939E+04	5.782433E-18	1.277102E-18
2.336939E+04	5.748217E-18	1.270846E-18
2.340939E+04	5.717591E-18	1.265359E-18
2.344939E+04	5.690699E-18	1.260674E-18
2.348939E+04	5.667693E-18	1.256828E-18
2.352939E+04	5.648712E-18	1.253855E-18
2.356939E+04	5.633875E-18	1.251783E-18
2.360939E+04	5.623263E-18	1.250633E-18
2.364939E+04	5.616940E-18	1.250424E-18
2.368939E+04	5.614968E-18	1.251170E-18
2.372939E+04	5.617403E-18	1.252889E-18
2.376939E+04	5.624271E-18	1.255587E-18
2.380939E+04	5.635566E-18	1.259267E-18
2.384939E+04	5.651261E-18	1.263926E-18
2.388939E+04	5.671332E-18	1.269561E-18
2.392939E+04	5.695751E-18	1.276167E-18
2.396939E+04	5.724480E-18	1.283739E-18
2.400939E+04	5.757460E-18	1.292267E-18
2.404939E+04	5.794601E-18	1.301732E-18
2.408939E+04	5.835796E-18	1.312113E-18
2.412939E+04	5.880915E-18	1.323382E-18
2.416939E+04	5.929828E-18	1.335513E-18
2.420939E+04	5.982412E-18	1.348479E-18
2.424939E+04	6.038571E-18	1.362261E-18
2.428939E+04	6.098216E-18	1.376841E-18
2.432939E+04	6.161269E-18	1.392203E-18
2.436939E+04	6.227627E-18	1.408324E-18
2.440939E+04	6.297168E-18	1.425179E-18
2.444939E+04	6.369762E-18	1.442740E-18
2.448939E+04	6.445241E-18	1.460970E-18
