#wls	flux	fluxerr
3.289393E+03	3.541475E-16	1.922489E-17
3.329393E+03	3.703601E-16	1.985974E-17
3.369393E+03	3.877117E-16	2.053234E-17
3.409393E+03	4.062530E-16	2.124298E-17
3.449393E+03	4.260124E-16	2.199060E-17
3.489393E+03	4.469794E-16	2.277211E-17
3.529393E+03	4.691092E-16	2.358270E-17
3.569393E+03	4.922855E-16	2.441412E-17
3.609393E+03	5.162956E-16	2.525373E-17
3.649393E+03	5.408688E-16	2.608667E-17
3.689393E+03	5.656197E-16	2.689336E-17
3.729393E+03	5.901267E-16	2.765358E-17
3.769393E+03	6.139403E-16	2.834702E-17
3.809393E+03	6.366061E-16	2.895439E-17
3.849393E+03	6.576834E-16	2.945831E-17
3.889393E+03	6.767646E-16	2.984407E-17
3.929393E+03	6.934828E-16	3.009994E-17
3.969393E+03	7.075463E-16	3.021842E-17
4.009393E+03	7.187942E-16	3.019834E-17
4.049393E+03	7.271683E-16	3.004328E-17
4.089393E+03	7.327942E-16	2.976447E-17
4.129393E+03	7.359004E-16	2.937690E-17
4.169393E+03	7.368539E-16	2.890039E-17
4.209393E+03	7.361186E-16	2.835747E-17
4.249393E+03	7.342145E-16	2.777150E-17
4.289393E+03	7.317043E-16	2.716600E-17
4.329393E+03	7.291408E-16	2.656254E-17
4.369393E+03	7.270463E-16	2.598008E-17
4.409393E+03	7.259096E-16	2.543495E-17
4.449393E+03	7.260015E-16	2.493465E-17
4.489393E+03	7.273454E-16	2.447764E-17
4.529393E+03	7.297370E-16	2.405481E-17
4.569393E+03	7.327862E-16	2.365166E-17
4.609393E+03	7.359672E-16	2.325048E-17
4.649393E+03	7.386393E-16	2.283151E-17
4.689393E+03	7.400839E-16	2.237435E-17
4.729393E+03	7.394958E-16	2.185801E-17
4.769393E+03	7.361475E-16	2.126575E-17
4.809393E+03	7.298137E-16	2.059680E-17
4.849393E+03	7.208042E-16	1.986564E-17
4.889393E+03	7.095234E-16	1.908846E-17
4.929393E+03	6.963993E-16	1.828092E-17
4.969393E+03	6.817957E-16	1.745588E-17
5.009393E+03	6.661084E-16	1.662605E-17
5.049393E+03	6.497262E-16	1.580291E-17
5.089393E+03	6.330705E-16	1.499772E-17
5.129393E+03	6.165376E-16	1.422008E-17
5.169393E+03	6.004881E-16	1.347782E-17
5.209393E+03	5.852468E-16	1.277712E-17
5.249393E+03	5.710614E-16	1.212179E-17
5.289393E+03	5.581405E-16	1.151427E-17
5.329393E+03	5.466423E-16	1.095558E-17
5.369393E+03	5.366612E-16	1.044522E-17
5.409393E+03	5.281667E-16	9.980255E-18
5.449393E+03	5.207567E-16	9.551105E-18
5.489393E+03	5.136679E-16	9.142804E-18
5.529393E+03	5.068757E-16	8.754897E-18
5.569393E+03	5.006294E-16	8.391644E-18
5.609393E+03	4.949036E-16	8.052437E-18
5.649393E+03	4.895622E-16	7.735085E-18
5.689393E+03	4.844466E-16	7.437387E-18
5.729393E+03	4.794466E-16	7.157953E-18
5.769393E+03	4.745097E-16	6.896343E-18
5.809393E+03	4.696263E-16	6.652893E-18
5.849393E+03	4.648036E-16	6.428259E-18
5.889393E+03	4.600682E-16	6.223413E-18
5.929393E+03	4.554144E-16	6.038901E-18
5.969393E+03	4.508083E-16	5.874918E-18
6.009393E+03	4.461884E-16	5.731308E-18
6.049393E+03	4.414497E-16	5.607312E-18
6.089393E+03	4.364667E-16	5.501817E-18
6.129393E+03	4.311104E-16	5.413469E-18
6.169393E+03	4.253787E-16	5.342208E-18
6.209393E+03	4.195357E-16	5.290950E-18
6.249393E+03	4.141184E-16	5.265290E-18
6.289393E+03	4.093212E-16	5.265764E-18
6.329393E+03	4.048384E-16	5.286484E-18
6.369393E+03	4.004946E-16	5.323131E-18
6.409393E+03	3.962837E-16	5.373591E-18
6.449393E+03	3.922781E-16	5.436943E-18
6.489393E+03	3.885556E-16	5.512573E-18
6.529393E+03	3.850723E-16	5.598385E-18
6.569393E+03	3.817613E-16	5.692068E-18
6.609393E+03	3.785661E-16	5.791548E-18
6.649393E+03	3.754334E-16	5.894883E-18
6.689393E+03	3.722981E-16	6.000011E-18
6.729393E+03	3.690753E-16	6.104573E-18
6.769393E+03	3.656726E-16	6.206068E-18
6.809393E+03	3.619812E-16	6.301663E-18
6.849393E+03	3.578916E-16	6.388420E-18
6.889393E+03	3.532978E-16	6.463369E-18
6.929393E+03	3.480846E-16	6.523255E-18
6.969393E+03	3.421271E-16	6.564510E-18
7.009393E+03	3.352939E-16	6.583290E-18
7.049393E+03	3.274882E-16	6.576270E-18
7.089393E+03	3.186766E-16	6.541317E-18
7.129393E+03	3.089345E-16	6.478578E-18
7.169393E+03	2.984036E-16	6.389807E-18
7.209393E+03	2.872815E-16	6.278273E-18
7.249393E+03	2.757975E-16	6.148338E-18
7.289393E+03	2.641476E-16	6.004041E-18
7.329393E+03	2.525089E-16	5.849341E-18
7.369393E+03	2.409903E-16	5.686911E-18
7.409393E+03	2.297107E-16	5.519855E-18
7.449393E+03	2.188210E-16	5.352274E-18
7.489393E+03	2.085948E-16	5.191568E-18
7.529393E+03	1.993359E-16	5.046374E-18
7.569393E+03	1.912164E-16	4.922420E-18
7.609393E+03	1.842384E-16	4.821177E-18
7.649393E+03	1.782917E-16	4.741100E-18
7.689393E+03	1.732421E-16	4.679825E-18
7.729393E+03	1.690017E-16	4.636026E-18
7.769393E+03	1.655028E-16	4.608785E-18
7.809393E+03	1.626781E-16	4.597091E-18
7.849393E+03	1.604282E-16	4.598886E-18
7.889393E+03	1.586189E-16	4.610931E-18
7.929393E+03	1.570628E-16	4.628198E-18
7.969393E+03	1.555641E-16	4.645106E-18
8.009393E+03	1.540448E-16	4.659324E-18
8.049393E+03	1.525922E-16	4.673479E-18
8.089393E+03	1.513055E-16	4.690694E-18
8.129393E+03	1.502239E-16	4.712359E-18
8.169393E+03	1.493611E-16	4.739108E-18
8.209393E+03	1.486939E-16	4.770408E-18
8.249393E+03	1.482020E-16	4.805778E-18
8.289393E+03	1.478478E-16	4.844137E-18
8.329393E+03	1.475960E-16	4.884424E-18
8.369393E+03	1.474213E-16	4.925864E-18
8.409393E+03	1.472904E-16	4.967372E-18
8.449393E+03	1.471820E-16	5.008239E-18
8.489393E+03	1.470693E-16	5.047529E-18
8.529393E+03	1.469239E-16	5.084228E-18
8.569393E+03	1.467248E-16	5.117554E-18
8.609393E+03	1.464509E-16	5.146688E-18
8.649393E+03	1.460805E-16	5.170791E-18
8.689393E+03	1.455868E-16	5.188817E-18
8.729393E+03	1.449448E-16	5.199770E-18
8.769393E+03	1.441239E-16	5.202437E-18
8.809393E+03	1.430934E-16	5.195583E-18
8.849393E+03	1.418284E-16	5.178182E-18
8.889393E+03	1.403478E-16	5.150806E-18
8.929393E+03	1.386922E-16	5.114864E-18
8.969393E+03	1.369289E-16	5.072787E-18
9.009393E+03	1.351256E-16	5.027083E-18
9.049393E+03	1.333381E-16	4.979866E-18
9.089393E+03	1.315998E-16	4.932447E-18
9.129393E+03	1.299484E-16	4.886301E-18
9.169393E+03	1.284195E-16	4.842854E-18
9.209393E+03	1.270281E-16	4.802756E-18
9.249393E+03	1.257950E-16	4.766875E-18
9.289393E+03	1.247283E-16	4.735590E-18
9.329393E+03	1.238283E-16	4.708986E-18
9.369393E+03	1.231077E-16	4.687593E-18
9.409393E+03	1.225468E-16	4.670712E-18
9.449393E+03	1.221524E-16	4.658632E-18
9.489393E+03	1.219124E-16	4.650906E-18
9.529393E+03	1.218299E-16	4.647672E-18
9.569393E+03	1.218884E-16	4.648292E-18
9.609393E+03	1.220789E-16	4.652414E-18
9.649393E+03	1.224097E-16	4.660330E-18
9.689393E+03	1.228663E-16	4.671459E-18
9.729393E+03	1.234413E-16	4.685484E-18
9.769393E+03	1.241357E-16	4.702396E-18
9.809393E+03	1.249311E-16	4.721444E-18
9.849393E+03	1.258146E-16	4.742085E-18
9.889393E+03	1.267799E-16	4.764026E-18
9.929393E+03	1.277962E-16	4.786050E-18
9.969393E+03	1.288481E-16	4.807525E-18
1.000939E+04	1.298929E-16	4.826816E-18
1.004939E+04	1.309050E-16	4.842941E-18
1.008939E+04	1.318304E-16	4.853897E-18
1.012939E+04	1.326484E-16	4.858946E-18
1.016939E+04	1.333006E-16	4.855995E-18
1.020939E+04	1.337409E-16	4.843462E-18
1.024939E+04	1.339391E-16	4.820385E-18
1.028939E+04	1.338557E-16	4.785521E-18
1.032939E+04	1.334711E-16	4.738392E-18
1.036939E+04	1.327462E-16	4.677873E-18
1.040939E+04	1.316811E-16	4.604272E-18
1.044939E+04	1.303009E-16	4.518795E-18
1.048939E+04	1.285800E-16	4.420897E-18
1.052939E+04	1.289071E-16	4.392352E-18
1.056939E+04	1.288452E-16	4.349011E-18
1.060939E+04	1.284409E-16	4.292833E-18
1.064939E+04	1.277614E-16	4.226414E-18
1.068939E+04	1.268799E-16	4.152481E-18
1.072939E+04	1.258618E-16	4.073422E-18
1.076939E+04	1.247571E-16	3.991041E-18
1.080939E+04	1.235995E-16	3.906570E-18
1.084939E+04	1.224108E-16	3.820815E-18
1.088939E+04	1.212049E-16	3.734310E-18
1.092939E+04	1.199907E-16	3.647423E-18
1.096939E+04	1.187750E-16	3.560441E-18
1.100939E+04	1.175628E-16	3.473585E-18
1.104939E+04	1.163583E-16	3.387051E-18
1.108939E+04	1.151650E-16	3.301009E-18
1.112939E+04	1.139868E-16	3.215638E-18
1.116939E+04	1.128290E-16	3.131139E-18
1.120939E+04	1.116976E-16	3.047739E-18
1.124939E+04	1.106007E-16	2.965703E-18
1.128939E+04	1.095468E-16	2.885290E-18
1.132939E+04	1.085437E-16	2.806739E-18
1.136939E+04	1.075986E-16	2.730251E-18
1.140939E+04	1.067170E-16	2.655978E-18
1.144939E+04	1.059025E-16	2.584017E-18
1.148939E+04	1.051568E-16	2.514419E-18
1.152939E+04	1.044792E-16	2.447177E-18
1.156939E+04	1.038663E-16	2.382240E-18
1.160939E+04	1.033124E-16	2.319506E-18
1.164939E+04	1.028092E-16	2.258853E-18
1.168939E+04	1.023478E-16	2.200162E-18
1.172939E+04	1.019202E-16	2.143360E-18
1.176939E+04	1.015201E-16	2.088447E-18
1.180939E+04	1.011447E-16	2.035507E-18
1.184939E+04	1.007935E-16	1.984697E-18
1.188939E+04	1.004673E-16	1.936207E-18
1.192939E+04	1.001661E-16	1.890227E-18
1.196939E+04	9.988740E-17	1.846919E-18
1.200939E+04	9.962485E-17	1.806383E-18
1.204939E+04	9.936754E-17	1.768663E-18
1.208939E+04	9.910136E-17	1.733767E-18
1.212939E+04	9.881115E-17	1.701699E-18
1.216939E+04	9.848177E-17	1.672475E-18
1.220939E+04	9.809677E-17	1.646081E-18
1.224939E+04	9.763526E-17	1.622419E-18
1.228939E+04	9.706899E-17	1.601235E-18
1.232939E+04	9.636192E-17	1.582110E-18
1.236939E+04	9.547600E-17	1.564500E-18
1.240939E+04	9.438657E-17	1.547816E-18
1.244939E+04	9.310446E-17	1.531880E-18
1.248939E+04	9.168707E-17	1.517214E-18
1.252939E+04	9.022165E-17	1.504817E-18
1.256939E+04	8.879492E-17	1.495704E-18
1.260939E+04	8.747172E-17	1.490584E-18
1.264939E+04	8.628862E-17	1.489759E-18
1.268939E+04	8.525768E-17	1.493171E-18
1.272939E+04	8.437346E-17	1.500504E-18
1.276939E+04	8.361965E-17	1.511280E-18
1.280939E+04	8.297398E-17	1.524927E-18
1.284939E+04	8.241159E-17	1.540832E-18
1.288939E+04	8.190808E-17	1.558382E-18
1.292939E+04	8.144245E-17	1.577026E-18
1.296939E+04	8.099886E-17	1.596302E-18
1.300939E+04	8.056673E-17	1.615854E-18
1.304939E+04	8.014013E-17	1.635420E-18
1.308939E+04	7.971671E-17	1.654820E-18
1.312939E+04	7.929617E-17	1.673929E-18
1.316939E+04	7.887848E-17	1.692640E-18
1.320939E+04	7.846313E-17	1.710847E-18
1.324939E+04	7.804919E-17	1.728444E-18
1.328939E+04	7.763620E-17	1.745346E-18
1.332939E+04	7.722445E-17	1.761494E-18
1.336939E+04	7.681486E-17	1.776850E-18
1.340939E+04	7.640837E-17	1.791386E-18
1.344939E+04	7.600540E-17	1.805072E-18
1.348939E+04	7.560553E-17	1.817860E-18
1.352939E+04	7.520751E-17	1.829692E-18
1.356939E+04	7.480939E-17	1.840491E-18
1.360939E+04	7.440890E-17	1.850179E-18
1.364939E+04	7.400365E-17	1.858675E-18
1.368939E+04	7.359108E-17	1.865895E-18
1.372939E+04	7.316801E-17	1.871744E-18
1.376939E+04	7.273058E-17	1.876107E-18
1.380939E+04	7.227439E-17	1.878857E-18
1.384939E+04	7.179525E-17	1.879875E-18
1.388939E+04	7.128968E-17	1.879060E-18
1.392939E+04	7.075539E-17	1.876346E-18
1.396939E+04	7.019151E-17	1.871706E-18
1.400939E+04	6.959862E-17	1.865159E-18
1.404939E+04	6.897854E-17	1.856760E-18
1.408939E+04	6.833430E-17	1.846602E-18
1.412939E+04	6.766991E-17	1.834813E-18
1.416939E+04	6.699023E-17	1.821544E-18
1.420939E+04	6.630062E-17	1.806968E-18
1.424939E+04	6.560652E-17	1.791263E-18
1.428939E+04	6.491331E-17	1.774609E-18
1.432939E+04	6.422615E-17	1.757181E-18
1.436939E+04	6.354989E-17	1.739147E-18
1.440939E+04	6.288889E-17	1.720664E-18
1.444939E+04	6.224684E-17	1.701870E-18
1.448939E+04	6.162666E-17	1.682880E-18
1.452939E+04	6.103043E-17	1.663786E-18
1.456939E+04	6.045946E-17	1.644659E-18
1.460939E+04	5.991458E-17	1.625555E-18
1.464939E+04	5.939647E-17	1.606526E-18
1.468939E+04	5.890611E-17	1.587629E-18
1.472939E+04	5.844504E-17	1.568937E-18
1.476939E+04	5.801497E-17	1.550526E-18
1.480939E+04	5.761737E-17	1.532463E-18
1.484939E+04	5.725301E-17	1.514797E-18
1.488939E+04	5.692188E-17	1.497553E-18
1.492939E+04	5.662300E-17	1.480733E-18
1.496939E+04	5.635439E-17	1.464313E-18
1.500939E+04	5.611282E-17	1.448237E-18
1.504939E+04	5.589331E-17	1.432410E-18
1.508939E+04	5.568889E-17	1.416690E-18
1.512939E+04	5.549072E-17	1.400893E-18
1.516939E+04	5.528871E-17	1.384815E-18
1.520939E+04	5.507266E-17	1.368262E-18
1.524939E+04	5.483393E-17	1.351085E-18
1.528939E+04	5.456718E-17	1.333228E-18
1.532939E+04	5.427158E-17	1.314754E-18
1.536939E+04	5.395086E-17	1.295837E-18
1.540939E+04	5.361229E-17	1.276733E-18
1.544939E+04	5.326539E-17	1.257749E-18
1.548939E+04	5.292060E-17	1.239209E-18
1.552939E+04	5.258806E-17	1.221422E-18
1.556939E+04	5.227675E-17	1.204665E-18
1.560939E+04	5.199384E-17	1.189169E-18
1.564939E+04	5.174411E-17	1.175109E-18
1.568939E+04	5.152945E-17	1.162596E-18
1.572939E+04	5.134867E-17	1.151672E-18
1.576939E+04	5.119767E-17	1.142319E-18
1.580939E+04	5.106998E-17	1.134472E-18
1.584939E+04	5.095736E-17	1.128028E-18
1.588939E+04	5.085032E-17	1.122862E-18
1.592939E+04	5.073871E-17	1.118835E-18
1.596939E+04	5.061223E-17	1.115799E-18
1.600939E+04	5.046052E-17	1.113599E-18
1.604939E+04	5.027191E-17	1.112042E-18
1.608939E+04	5.003141E-17	1.110842E-18
1.612939E+04	4.972038E-17	1.109557E-18
1.616939E+04	4.932039E-17	1.107670E-18
1.620939E+04	4.882209E-17	1.104836E-18
1.624939E+04	4.823398E-17	1.101090E-18
1.628939E+04	4.758172E-17	1.096854E-18
1.632939E+04	4.689872E-17	1.092744E-18
1.636939E+04	4.621743E-17	1.089380E-18
1.640939E+04	4.556401E-17	1.087270E-18
1.644939E+04	4.495606E-17	1.086753E-18
1.648939E+04	4.440278E-17	1.087990E-18
1.652939E+04	4.390627E-17	1.090991E-18
1.656939E+04	4.346357E-17	1.095649E-18
1.660939E+04	4.306904E-17	1.101796E-18
1.664939E+04	4.271630E-17	1.109244E-18
1.668939E+04	4.239946E-17	1.117814E-18
1.672939E+04	4.211314E-17	1.127341E-18
1.676939E+04	4.185223E-17	1.137663E-18
1.680939E+04	4.161164E-17	1.148615E-18
1.684939E+04	4.138613E-17	1.160024E-18
1.688939E+04	4.117024E-17	1.171707E-18
1.692939E+04	4.095808E-17	1.183461E-18
1.696939E+04	4.074302E-17	1.195056E-18
1.700939E+04	4.051797E-17	1.206240E-18
1.704939E+04	4.027604E-17	1.216755E-18
1.708939E+04	4.001155E-17	1.226374E-18
1.712939E+04	3.972073E-17	1.234920E-18
1.716939E+04	3.940229E-17	1.242290E-18
1.720939E+04	3.905783E-17	1.248476E-18
1.724939E+04	3.869196E-17	1.253570E-18
1.728939E+04	3.831158E-17	1.257754E-18
1.732939E+04	3.792494E-17	1.261264E-18
1.736939E+04	3.754057E-17	1.264367E-18
1.740939E+04	3.716674E-17	1.267334E-18
1.744939E+04	3.681137E-17	1.270441E-18
1.748939E+04	3.648187E-17	1.273961E-18
1.752939E+04	3.618487E-17	1.278150E-18
1.756939E+04	3.592628E-17	1.283251E-18
1.760939E+04	3.571128E-17	1.289490E-18
1.764939E+04	3.554455E-17	1.297083E-18
1.768939E+04	3.542998E-17	1.306220E-18
1.772939E+04	3.537049E-17	1.317063E-18
1.776939E+04	3.536776E-17	1.329729E-18
1.780939E+04	3.542216E-17	1.344283E-18
1.784939E+04	3.553274E-17	1.360743E-18
1.788939E+04	3.569735E-17	1.379074E-18
1.792939E+04	3.591280E-17	1.399194E-18
1.796939E+04	3.617506E-17	1.420985E-18
1.800939E+04	3.647932E-17	1.444290E-18
1.804939E+04	3.682008E-17	1.468913E-18
1.808939E+04	3.719108E-17	1.494624E-18
1.812939E+04	3.758531E-17	1.521151E-18
1.816939E+04	3.799497E-17	1.548182E-18
1.820939E+04	3.841147E-17	1.575362E-18
1.824939E+04	3.882559E-17	1.602301E-18
1.828939E+04	3.922759E-17	1.628580E-18
1.832939E+04	3.960765E-17	1.653766E-18
1.836939E+04	3.995622E-17	1.677430E-18
1.840939E+04	4.026449E-17	1.699166E-18
1.844939E+04	4.052479E-17	1.718614E-18
1.848939E+04	4.073081E-17	1.735467E-18
1.852939E+04	4.087772E-17	1.749479E-18
1.856939E+04	4.096208E-17	1.760465E-18
1.860939E+04	4.098187E-17	1.768303E-18
1.864939E+04	4.093641E-17	1.772930E-18
1.868939E+04	4.082652E-17	1.774354E-18
1.872939E+04	4.065474E-17	1.772660E-18
1.876939E+04	4.042538E-17	1.768019E-18
1.880939E+04	4.014427E-17	1.760672E-18
1.884939E+04	3.981813E-17	1.750906E-18
1.888939E+04	3.945395E-17	1.739028E-18
1.892939E+04	3.905826E-17	1.725325E-18
1.896939E+04	3.863686E-17	1.710063E-18
1.900939E+04	3.819490E-17	1.693478E-18
1.904939E+04	3.773707E-17	1.675790E-18
1.908939E+04	3.726782E-17	1.657211E-18
1.912939E+04	3.679145E-17	1.637948E-18
1.916939E+04	3.631212E-17	1.618202E-18
1.920939E+04	3.583391E-17	1.598175E-18
1.924939E+04	3.536086E-17	1.578065E-18
1.928939E+04	3.489693E-17	1.558066E-18
1.932939E+04	3.444583E-17	1.538363E-18
1.936939E+04	3.401087E-17	1.519123E-18
1.940939E+04	3.359483E-17	1.500487E-18
1.944939E+04	3.319993E-17	1.482572E-18
1.948939E+04	3.282795E-17	1.465472E-18
1.952939E+04	3.248032E-17	1.449268E-18
1.956939E+04	3.215826E-17	1.434028E-18
1.960939E+04	3.186278E-17	1.419810E-18
1.964939E+04	3.159468E-17	1.406663E-18
1.968939E+04	3.135446E-17	1.394622E-18
1.972939E+04	3.114214E-17	1.383697E-18
1.976939E+04	3.095715E-17	1.373875E-18
1.980939E+04	3.079817E-17	1.365106E-18
1.984939E+04	3.066294E-17	1.357302E-18
1.988939E+04	3.054850E-17	1.350341E-18
1.992939E+04	3.045140E-17	1.344081E-18
1.996939E+04	3.036803E-17	1.338376E-18
2.000939E+04	3.029497E-17	1.333087E-18
2.004939E+04	3.022903E-17	1.328087E-18
2.008939E+04	3.016724E-17	1.323260E-18
2.012939E+04	3.010673E-17	1.318496E-18
2.016939E+04	3.004467E-17	1.313689E-18
2.020939E+04	2.997830E-17	1.308734E-18
2.024939E+04	2.990492E-17	1.303532E-18
2.028939E+04	2.982213E-17	1.297999E-18
2.032939E+04	2.972798E-17	1.292069E-18
2.036939E+04	2.962117E-17	1.285708E-18
2.040939E+04	2.950128E-17	1.278916E-18
2.044939E+04	2.936880E-17	1.271737E-18
2.048939E+04	2.922508E-17	1.264249E-18
2.052939E+04	2.907200E-17	1.256551E-18
2.056939E+04	2.891154E-17	1.248751E-18
2.060939E+04	2.874554E-17	1.240944E-18
2.064939E+04	2.857540E-17	1.233209E-18
2.068939E+04	2.840205E-17	1.225604E-18
2.072939E+04	2.822596E-17	1.218165E-18
2.076939E+04	2.804715E-17	1.210909E-18
2.080939E+04	2.786516E-17	1.203833E-18
2.084939E+04	2.767909E-17	1.196910E-18
2.088939E+04	2.748766E-17	1.190100E-18
2.092939E+04	2.728950E-17	1.183355E-18
2.096939E+04	2.708345E-17	1.176636E-18
2.100939E+04	2.686893E-17	1.169925E-18
2.104939E+04	2.664607E-17	1.163235E-18
2.108939E+04	2.641551E-17	1.156600E-18
2.112939E+04	2.617816E-17	1.150062E-18
2.116939E+04	2.593510E-17	1.143671E-18
2.120939E+04	2.568764E-17	1.137483E-18
2.124939E+04	2.543765E-17	1.131569E-18
2.128939E+04	2.518785E-17	1.126022E-18
2.132939E+04	2.494196E-17	1.120988E-18
2.136939E+04	2.470429E-17	1.116637E-18
2.140939E+04	2.447914E-17	1.113147E-18
2.144939E+04	2.426977E-17	1.110654E-18
2.148939E+04	2.407765E-17	1.109216E-18
2.152939E+04	2.390312E-17	1.108844E-18
2.156939E+04	2.374582E-17	1.109516E-18
2.160939E+04	2.360267E-17	1.111085E-18
2.164939E+04	2.346790E-17	1.113273E-18
2.168939E+04	2.333435E-17	1.115729E-18
2.172939E+04	2.319476E-17	1.118084E-18
2.176939E+04	2.304269E-17	1.120003E-18
2.180939E+04	2.287294E-17	1.121196E-18
2.184939E+04	2.268136E-17	1.121419E-18
2.188939E+04	2.246456E-17	1.120456E-18
2.192939E+04	2.221978E-17	1.118118E-18
2.196939E+04	2.194469E-17	1.114230E-18
2.200939E+04	2.163736E-17	1.108634E-18
2.204939E+04	2.129607E-17	1.101176E-18
2.208939E+04	2.091943E-17	1.091719E-18
2.212939E+04	2.050646E-17	1.080140E-18
2.216939E+04	2.005684E-17	1.066352E-18
2.220939E+04	1.957104E-17	1.050308E-18
2.224939E+04	1.905050E-17	1.032013E-18
2.228939E+04	1.849756E-17	1.011525E-18
2.232939E+04	1.791550E-17	9.889587E-19
2.236939E+04	1.730838E-17	9.644798E-19
2.240939E+04	1.668104E-17	9.383056E-19
2.244939E+04	1.603888E-17	9.106968E-19
2.248939E+04	1.538773E-17	8.819494E-19
2.252939E+04	1.473357E-17	8.523834E-19
2.256939E+04	1.408241E-17	8.223333E-19
2.260939E+04	1.344013E-17	7.921403E-19
2.264939E+04	1.281232E-17	7.621418E-19
2.268939E+04	1.220421E-17	7.326668E-19
2.272939E+04	1.162048E-17	7.040243E-19
2.276939E+04	1.106510E-17	6.764908E-19
2.280939E+04	1.054122E-17	6.503025E-19
2.284939E+04	1.005113E-17	6.256490E-19
2.288939E+04	9.596240E-18	6.026715E-19
2.292939E+04	9.177183E-18	5.814649E-19
2.296939E+04	8.793939E-18	5.620854E-19
2.300939E+04	8.446008E-18	5.445580E-19
2.304939E+04	8.132530E-18	5.288841E-19
2.308939E+04	7.852396E-18	5.150469E-19
2.312939E+04	7.604306E-18	5.030149E-19
2.316939E+04	7.386836E-18	4.927458E-19
2.320939E+04	7.198483E-18	4.841886E-19
2.324939E+04	7.037727E-18	4.772880E-19
2.328939E+04	6.903089E-18	4.719884E-19
2.332939E+04	6.793179E-18	4.682367E-19
2.336939E+04	6.706739E-18	4.659860E-19
2.340939E+04	6.642650E-18	4.651965E-19
2.344939E+04	6.599940E-18	4.658357E-19
2.348939E+04	6.577763E-18	4.678784E-19
2.352939E+04	6.575390E-18	4.713052E-19
2.356939E+04	6.592179E-18	4.761016E-19
2.360939E+04	6.627558E-18	4.822567E-19
2.364939E+04	6.681007E-18	4.897617E-19
2.368939E+04	6.752040E-18	4.986091E-19
2.372939E+04	6.840189E-18	5.087914E-19
2.376939E+04	6.944995E-18	5.203008E-19
2.380939E+04	7.065994E-18	5.331276E-19
2.384939E+04	7.202708E-18	5.472600E-19
2.388939E+04	7.354643E-18	5.626838E-19
2.392939E+04	7.521295E-18	5.793824E-19
2.396939E+04	7.702150E-18	5.973375E-19
2.400939E+04	7.896696E-18	6.165295E-19
2.404939E+04	8.104425E-18	6.369376E-19
2.408939E+04	8.324822E-18	6.585396E-19
2.412939E+04	8.557376E-18	6.813120E-19
2.416939E+04	8.801569E-18	7.052295E-19
2.420939E+04	9.056884E-18	7.302656E-19
2.424939E+04	9.322783E-18	7.563910E-19
2.428939E+04	9.598706E-18	7.835732E-19
2.432939E+04	9.884060E-18	8.117756E-19
2.436939E+04	1.017825E-17	8.409601E-19
2.440939E+04	1.048069E-17	8.710884E-19
2.444939E+04	1.079086E-17	9.021251E-19
2.448939E+04	1.110828E-17	9.340385E-19
