#wls	flux	fluxerr
3.289393E+03	2.418719E-16	6.901775E-18
3.329393E+03	2.489887E-16	6.977265E-18
3.369393E+03	2.564587E-16	7.057916E-18
3.409393E+03	2.642208E-16	7.141949E-18
3.449393E+03	2.721823E-16	7.226907E-18
3.489393E+03	2.802321E-16	7.310065E-18
3.529393E+03	2.883493E-16	7.391251E-18
3.569393E+03	2.966778E-16	7.474501E-18
3.609393E+03	3.053825E-16	7.564158E-18
3.649393E+03	3.145908E-16	7.663381E-18
3.689393E+03	3.243648E-16	7.773464E-18
3.729393E+03	3.346811E-16	7.893612E-18
3.769393E+03	3.454135E-16	8.020714E-18
3.809393E+03	3.563281E-16	8.149414E-18
3.849393E+03	3.671158E-16	8.272993E-18
3.889393E+03	3.774909E-16	8.385559E-18
3.929393E+03	3.871834E-16	8.481779E-18
3.969393E+03	3.959340E-16	8.556795E-18
4.009393E+03	4.035306E-16	8.606970E-18
4.049393E+03	4.098371E-16	8.630401E-18
4.089393E+03	4.147963E-16	8.626874E-18
4.129393E+03	4.184256E-16	8.597669E-18
4.169393E+03	4.208390E-16	8.545915E-18
4.209393E+03	4.222857E-16	8.477286E-18
4.249393E+03	4.231722E-16	8.400289E-18
4.289393E+03	4.240443E-16	8.325775E-18
4.329393E+03	4.255424E-16	8.265967E-18
4.369393E+03	4.283394E-16	8.233196E-18
4.409393E+03	4.330223E-16	8.237669E-18
4.449393E+03	4.399126E-16	8.284193E-18
4.489393E+03	4.489677E-16	8.370613E-18
4.529393E+03	4.598777E-16	8.489946E-18
4.569393E+03	4.722226E-16	8.633474E-18
4.609393E+03	4.855392E-16	8.792045E-18
4.649393E+03	4.993005E-16	8.955718E-18
4.689393E+03	5.128438E-16	9.112522E-18
4.729393E+03	5.252756E-16	9.246881E-18
4.769393E+03	5.354063E-16	9.338641E-18
4.809393E+03	5.418216E-16	9.364491E-18
4.849393E+03	5.432729E-16	9.304763E-18
4.889393E+03	5.396630E-16	9.159934E-18
4.929393E+03	5.320038E-16	8.949027E-18
4.969393E+03	5.215541E-16	8.694548E-18
5.009393E+03	5.094908E-16	8.416910E-18
5.049393E+03	4.967959E-16	8.132675E-18
5.089393E+03	4.842230E-16	7.854151E-18
5.129393E+03	4.723015E-16	7.589644E-18
5.169393E+03	4.613637E-16	7.344048E-18
5.209393E+03	4.515798E-16	7.119536E-18
5.249393E+03	4.430064E-16	6.916437E-18
5.289393E+03	4.356500E-16	6.734301E-18
5.329393E+03	4.295320E-16	6.572931E-18
5.369393E+03	4.247163E-16	6.432779E-18
5.409393E+03	4.212402E-16	6.313889E-18
5.449393E+03	4.189906E-16	6.214071E-18
5.489393E+03	4.177551E-16	6.129788E-18
5.529393E+03	4.173538E-16	6.058134E-18
5.569393E+03	4.176141E-16	5.996462E-18
5.609393E+03	4.182527E-16	5.940705E-18
5.649393E+03	4.189143E-16	5.886000E-18
5.689393E+03	4.193349E-16	5.829019E-18
5.729393E+03	4.194084E-16	5.768797E-18
5.769393E+03	4.191310E-16	5.705855E-18
5.809393E+03	4.185181E-16	5.641001E-18
5.849393E+03	4.175665E-16	5.574803E-18
5.889393E+03	4.162232E-16	5.507186E-18
5.929393E+03	4.143587E-16	5.437090E-18
5.969393E+03	4.118027E-16	5.362942E-18
6.009393E+03	4.084271E-16	5.283554E-18
6.049393E+03	4.042098E-16	5.199009E-18
6.089393E+03	3.992716E-16	5.111153E-18
6.129393E+03	3.939084E-16	5.023963E-18
6.169393E+03	3.886322E-16	4.944037E-18
6.209393E+03	3.841686E-16	4.880587E-18
6.249393E+03	3.812653E-16	4.842946E-18
6.289393E+03	3.800655E-16	4.832513E-18
6.329393E+03	3.798217E-16	4.839419E-18
6.369393E+03	3.795196E-16	4.850396E-18
6.409393E+03	3.781453E-16	4.852034E-18
6.449393E+03	3.748843E-16	4.833159E-18
6.489393E+03	3.697476E-16	4.792939E-18
6.529393E+03	3.635705E-16	4.741225E-18
6.569393E+03	3.572048E-16	4.688329E-18
6.609393E+03	3.512400E-16	4.641427E-18
6.649393E+03	3.459820E-16	4.604188E-18
6.689393E+03	3.414979E-16	4.577272E-18
6.729393E+03	3.376699E-16	4.558925E-18
6.769393E+03	3.342575E-16	4.545743E-18
6.809393E+03	3.309886E-16	4.533837E-18
6.849393E+03	3.276530E-16	4.520115E-18
6.889393E+03	3.241319E-16	4.502714E-18
6.929393E+03	3.203331E-16	4.480136E-18
6.969393E+03	3.161241E-16	4.450325E-18
7.009393E+03	3.113457E-16	4.410841E-18
7.049393E+03	3.058702E-16	4.359677E-18
7.089393E+03	2.996458E-16	4.295917E-18
7.129393E+03	2.927180E-16	4.220069E-18
7.169393E+03	2.852219E-16	4.133991E-18
7.209393E+03	2.773372E-16	4.040275E-18
7.249393E+03	2.692265E-16	3.941330E-18
7.289393E+03	2.609845E-16	3.838636E-18
7.329393E+03	2.526389E-16	3.732720E-18
7.369393E+03	2.442219E-16	3.624186E-18
7.409393E+03	2.358834E-16	3.515407E-18
7.449393E+03	2.279798E-16	3.411878E-18
7.489393E+03	2.211112E-16	3.322836E-18
7.529393E+03	2.160705E-16	3.260570E-18
7.569393E+03	2.136628E-16	3.237750E-18
7.609393E+03	2.145110E-16	3.264481E-18
7.649393E+03	2.189821E-16	3.347136E-18
7.689393E+03	2.269765E-16	3.484973E-18
7.729393E+03	2.375035E-16	3.663459E-18
7.769393E+03	2.487657E-16	3.855311E-18
7.809393E+03	2.583069E-16	4.022476E-18
7.849393E+03	2.636377E-16	4.125609E-18
7.889393E+03	2.640882E-16	4.153086E-18
7.929393E+03	2.609029E-16	4.123288E-18
7.969393E+03	2.557122E-16	4.061106E-18
8.009393E+03	2.498740E-16	3.987603E-18
8.049393E+03	2.443115E-16	3.917324E-18
8.089393E+03	2.395638E-16	3.858918E-18
8.129393E+03	2.358752E-16	3.816440E-18
8.169393E+03	2.332795E-16	3.790598E-18
8.209393E+03	2.316823E-16	3.780021E-18
8.249393E+03	2.309315E-16	3.782357E-18
8.289393E+03	2.308580E-16	3.794938E-18
8.329393E+03	2.312999E-16	3.815167E-18
8.369393E+03	2.321093E-16	3.840645E-18
8.409393E+03	2.331487E-16	3.869113E-18
8.449393E+03	2.342828E-16	3.898329E-18
8.489393E+03	2.353711E-16	3.925948E-18
8.529393E+03	2.362668E-16	3.949512E-18
8.569393E+03	2.368301E-16	3.966667E-18
8.609393E+03	2.369515E-16	3.975577E-18
8.649393E+03	2.365707E-16	3.975231E-18
8.689393E+03	2.356898E-16	3.965693E-18
8.729393E+03	2.343837E-16	3.948267E-18
8.769393E+03	2.327898E-16	3.925336E-18
8.809393E+03	2.310754E-16	3.899812E-18
8.849393E+03	2.293955E-16	3.874414E-18
8.889393E+03	2.278591E-16	3.851106E-18
8.929393E+03	2.265198E-16	3.830916E-18
8.969393E+03	2.253841E-16	3.814092E-18
9.009393E+03	2.244293E-16	3.800380E-18
9.049393E+03	2.236101E-16	3.789157E-18
9.089393E+03	2.228527E-16	3.779310E-18
9.129393E+03	2.220481E-16	3.769135E-18
9.169393E+03	2.210647E-16	3.756527E-18
9.209393E+03	2.198053E-16	3.739863E-18
9.249393E+03	2.183202E-16	3.719938E-18
9.289393E+03	2.167207E-16	3.698590E-18
9.329393E+03	2.150641E-16	3.676746E-18
9.369393E+03	2.133505E-16	3.654363E-18
9.409393E+03	2.115574E-16	3.631013E-18
9.449393E+03	2.096618E-16	3.606261E-18
9.489393E+03	2.076469E-16	3.579778E-18
9.529393E+03	2.055068E-16	3.551424E-18
9.569393E+03	2.032505E-16	3.521318E-18
9.609393E+03	2.009040E-16	3.489881E-18
9.649393E+03	1.985080E-16	3.457796E-18
9.689393E+03	1.961104E-16	3.425881E-18
9.729393E+03	1.937583E-16	3.394952E-18
9.769393E+03	1.914965E-16	3.365798E-18
9.809393E+03	1.893628E-16	3.339097E-18
9.849393E+03	1.873686E-16	3.315071E-18
9.889393E+03	1.854782E-16	3.293106E-18
9.929393E+03	1.836280E-16	3.272028E-18
9.969393E+03	1.818057E-16	3.251467E-18
1.000939E+04	1.800149E-16	3.231337E-18
1.004939E+04	1.782195E-16	3.210841E-18
1.008939E+04	1.763461E-16	3.188512E-18
1.012939E+04	1.743074E-16	3.162615E-18
1.016939E+04	1.720297E-16	3.131657E-18
1.020939E+04	1.694752E-16	3.094798E-18
1.024939E+04	1.666493E-16	3.051994E-18
1.028939E+04	1.635954E-16	3.003921E-18
1.032939E+04	1.603859E-16	2.951817E-18
1.036939E+04	1.571053E-16	2.897176E-18
1.040939E+04	1.538291E-16	2.841354E-18
1.044939E+04	1.506036E-16	2.785186E-18
1.048939E+04	1.474331E-16	2.728751E-18
1.052939E+04	1.442933E-16	2.671606E-18
1.056939E+04	1.411704E-16	2.613508E-18
1.060939E+04	1.380998E-16	2.555135E-18
1.064939E+04	1.351635E-16	2.498037E-18
1.068939E+04	1.324493E-16	2.443861E-18
1.072939E+04	1.300141E-16	2.393677E-18
1.076939E+04	1.278744E-16	2.347788E-18
1.080939E+04	1.260144E-16	2.305905E-18
1.084939E+04	1.244004E-16	2.267392E-18
1.088939E+04	1.229913E-16	2.231487E-18
1.092939E+04	1.217474E-16	2.197452E-18
1.096939E+04	1.206328E-16	2.164627E-18
1.100939E+04	1.196169E-16	2.132461E-18
1.104939E+04	1.186749E-16	2.100517E-18
1.108939E+04	1.177871E-16	2.068455E-18
1.112939E+04	1.169373E-16	2.036014E-18
1.116939E+04	1.161133E-16	2.003009E-18
1.120939E+04	1.153052E-16	1.969311E-18
1.124939E+04	1.145059E-16	1.934845E-18
1.128939E+04	1.137099E-16	1.899577E-18
1.132939E+04	1.129131E-16	1.863500E-18
1.136939E+04	1.121126E-16	1.826642E-18
1.140939E+04	1.113058E-16	1.789045E-18
1.144939E+04	1.104913E-16	1.750775E-18
1.148939E+04	1.096679E-16	1.711912E-18
1.152939E+04	1.088349E-16	1.672557E-18
1.156939E+04	1.079916E-16	1.632818E-18
1.160939E+04	1.071380E-16	1.592821E-18
1.164939E+04	1.062737E-16	1.552701E-18
1.168939E+04	1.053990E-16	1.512609E-18
1.172939E+04	1.045140E-16	1.472709E-18
1.176939E+04	1.036195E-16	1.433181E-18
1.180939E+04	1.027164E-16	1.394220E-18
1.184939E+04	1.018061E-16	1.356039E-18
1.188939E+04	1.008905E-16	1.318868E-18
1.192939E+04	9.997234E-17	1.282953E-18
1.196939E+04	9.905551E-17	1.248568E-18
1.200939E+04	9.814509E-17	1.216005E-18
1.204939E+04	9.724800E-17	1.185580E-18
1.208939E+04	9.637299E-17	1.157631E-18
1.212939E+04	9.553065E-17	1.132516E-18
1.216939E+04	9.473230E-17	1.110588E-18
1.220939E+04	9.398675E-17	1.092161E-18
1.224939E+04	9.329486E-17	1.077446E-18
1.228939E+04	9.264287E-17	1.066463E-18
1.232939E+04	9.199645E-17	1.058979E-18
1.236939E+04	9.130181E-17	1.054480E-18
1.240939E+04	9.050363E-17	1.052202E-18
1.244939E+04	8.958138E-17	1.051593E-18
1.248939E+04	8.856525E-17	1.052646E-18
1.252939E+04	8.752718E-17	1.055843E-18
1.256939E+04	8.654220E-17	1.061741E-18
1.260939E+04	8.566126E-17	1.070674E-18
1.264939E+04	8.490756E-17	1.082688E-18
1.268939E+04	8.428368E-17	1.097618E-18
1.272939E+04	8.378022E-17	1.115176E-18
1.276939E+04	8.338288E-17	1.135025E-18
1.280939E+04	8.307662E-17	1.156828E-18
1.284939E+04	8.284758E-17	1.180272E-18
1.288939E+04	8.268374E-17	1.205071E-18
1.292939E+04	8.257511E-17	1.230977E-18
1.296939E+04	8.251343E-17	1.257767E-18
1.300939E+04	8.249167E-17	1.285243E-18
1.304939E+04	8.250365E-17	1.313223E-18
1.308939E+04	8.254372E-17	1.341537E-18
1.312939E+04	8.260646E-17	1.370020E-18
1.316939E+04	8.268659E-17	1.398511E-18
1.320939E+04	8.277887E-17	1.426851E-18
1.324939E+04	8.287807E-17	1.454881E-18
1.328939E+04	8.297904E-17	1.482443E-18
1.332939E+04	8.307676E-17	1.509382E-18
1.336939E+04	8.316637E-17	1.535542E-18
1.340939E+04	8.324309E-17	1.560773E-18
1.344939E+04	8.330229E-17	1.584924E-18
1.348939E+04	8.333943E-17	1.607846E-18
1.352939E+04	8.335001E-17	1.629393E-18
1.356939E+04	8.332972E-17	1.649420E-18
1.360939E+04	8.327451E-17	1.667793E-18
1.364939E+04	8.318084E-17	1.684385E-18
1.368939E+04	8.304588E-17	1.699088E-18
1.372939E+04	8.286733E-17	1.711810E-18
1.376939E+04	8.264313E-17	1.722465E-18
1.380939E+04	8.237156E-17	1.730980E-18
1.384939E+04	8.205139E-17	1.737297E-18
1.388939E+04	8.168209E-17	1.741378E-18
1.392939E+04	8.126397E-17	1.743209E-18
1.396939E+04	8.079821E-17	1.742800E-18
1.400939E+04	8.028679E-17	1.740187E-18
1.404939E+04	7.973236E-17	1.735424E-18
1.408939E+04	7.913809E-17	1.728586E-18
1.412939E+04	7.850778E-17	1.719765E-18
1.416939E+04	7.784568E-17	1.709071E-18
1.420939E+04	7.715633E-17	1.696625E-18
1.424939E+04	7.644430E-17	1.682551E-18
1.428939E+04	7.571389E-17	1.666974E-18
1.432939E+04	7.496921E-17	1.650018E-18
1.436939E+04	7.421421E-17	1.631803E-18
1.440939E+04	7.345251E-17	1.612446E-18
1.444939E+04	7.268732E-17	1.592058E-18
1.448939E+04	7.192136E-17	1.570736E-18
1.452939E+04	7.115684E-17	1.548570E-18
1.456939E+04	7.039549E-17	1.525639E-18
1.460939E+04	6.963864E-17	1.502014E-18
1.464939E+04	6.888720E-17	1.477758E-18
1.468939E+04	6.814178E-17	1.452927E-18
1.472939E+04	6.740279E-17	1.427573E-18
1.476939E+04	6.667045E-17	1.401746E-18
1.480939E+04	6.594468E-17	1.375489E-18
1.484939E+04	6.522510E-17	1.348842E-18
1.488939E+04	6.451109E-17	1.321838E-18
1.492939E+04	6.380179E-17	1.294510E-18
1.496939E+04	6.309626E-17	1.266890E-18
1.500939E+04	6.239349E-17	1.239011E-18
1.504939E+04	6.169247E-17	1.210909E-18
1.508939E+04	6.099225E-17	1.182624E-18
1.512939E+04	6.029194E-17	1.154198E-18
1.516939E+04	5.959083E-17	1.125684E-18
1.520939E+04	5.888847E-17	1.097138E-18
1.524939E+04	5.818473E-17	1.068628E-18
1.528939E+04	5.747990E-17	1.040233E-18
1.532939E+04	5.677471E-17	1.012039E-18
1.536939E+04	5.607033E-17	9.841454E-19
1.540939E+04	5.536837E-17	9.566590E-19
1.544939E+04	5.467081E-17	9.296948E-19
1.548939E+04	5.398000E-17	9.033745E-19
1.552939E+04	5.329853E-17	8.778247E-19
1.556939E+04	5.262926E-17	8.531765E-19
1.560939E+04	5.197525E-17	8.295644E-19
1.564939E+04	5.133974E-17	8.071253E-19
1.568939E+04	5.072608E-17	7.859978E-19
1.572939E+04	5.013778E-17	7.663221E-19
1.576939E+04	4.957852E-17	7.482401E-19
1.580939E+04	4.905224E-17	7.318964E-19
1.584939E+04	4.856325E-17	7.174391E-19
1.588939E+04	4.811590E-17	7.050147E-19
1.592939E+04	4.771396E-17	6.947589E-19
1.596939E+04	4.735992E-17	6.867854E-19
1.600939E+04	4.705353E-17	6.811657E-19
1.604939E+04	4.678882E-17	6.778847E-19
1.608939E+04	4.655025E-17	6.767806E-19
1.612939E+04	4.631016E-17	6.774575E-19
1.616939E+04	4.603248E-17	6.792944E-19
1.620939E+04	4.569015E-17	6.817597E-19
1.624939E+04	4.528887E-17	6.847787E-19
1.628939E+04	4.486401E-17	6.887188E-19
1.632939E+04	4.445450E-17	6.940269E-19
1.636939E+04	4.408706E-17	7.009978E-19
1.640939E+04	4.377457E-17	7.097413E-19
1.644939E+04	4.351978E-17	7.202272E-19
1.648939E+04	4.331960E-17	7.323442E-19
1.652939E+04	4.316826E-17	7.459425E-19
1.656939E+04	4.305923E-17	7.608616E-19
1.660939E+04	4.298611E-17	7.769445E-19
1.664939E+04	4.294323E-17	7.940456E-19
1.668939E+04	4.292555E-17	8.120307E-19
1.672939E+04	4.292872E-17	8.307772E-19
1.676939E+04	4.294886E-17	8.501706E-19
1.680939E+04	4.298255E-17	8.701047E-19
1.684939E+04	4.302676E-17	8.904803E-19
1.688939E+04	4.307881E-17	9.112043E-19
1.692939E+04	4.313638E-17	9.321910E-19
1.696939E+04	4.319749E-17	9.533612E-19
1.700939E+04	4.326048E-17	9.746428E-19
1.704939E+04	4.332403E-17	9.959717E-19
1.708939E+04	4.338723E-17	1.017293E-18
1.712939E+04	4.344955E-17	1.038563E-18
1.716939E+04	4.351077E-17	1.059746E-18
1.720939E+04	4.357113E-17	1.080819E-18
1.724939E+04	4.363122E-17	1.101770E-18
1.728939E+04	4.369199E-17	1.122602E-18
1.732939E+04	4.375467E-17	1.143326E-18
1.736939E+04	4.382073E-17	1.163963E-18
1.740939E+04	4.389174E-17	1.184541E-18
1.744939E+04	4.396942E-17	1.205096E-18
1.748939E+04	4.405554E-17	1.225669E-18
1.752939E+04	4.415184E-17	1.246305E-18
1.756939E+04	4.426002E-17	1.267049E-18
1.760939E+04	4.438160E-17	1.287945E-18
1.764939E+04	4.451797E-17	1.309037E-18
1.768939E+04	4.467025E-17	1.330362E-18
1.772939E+04	4.483916E-17	1.351946E-18
1.776939E+04	4.502500E-17	1.373804E-18
1.780939E+04	4.522767E-17	1.395938E-18
1.784939E+04	4.544666E-17	1.418340E-18
1.788939E+04	4.568105E-17	1.440982E-18
1.792939E+04	4.592946E-17	1.463826E-18
1.796939E+04	4.619010E-17	1.486814E-18
1.800939E+04	4.646076E-17	1.509875E-18
1.804939E+04	4.673882E-17	1.532919E-18
1.808939E+04	4.702130E-17	1.555843E-18
1.812939E+04	4.730484E-17	1.578528E-18
1.816939E+04	4.758565E-17	1.600835E-18
1.820939E+04	4.785956E-17	1.622610E-18
1.824939E+04	4.812209E-17	1.643685E-18
1.828939E+04	4.836858E-17	1.663882E-18
1.832939E+04	4.859425E-17	1.683013E-18
1.836939E+04	4.879451E-17	1.700899E-18
1.840939E+04	4.896524E-17	1.717369E-18
1.844939E+04	4.910281E-17	1.732273E-18
1.848939E+04	4.920423E-17	1.745480E-18
1.852939E+04	4.926708E-17	1.756879E-18
1.856939E+04	4.928952E-17	1.766384E-18
1.860939E+04	4.927015E-17	1.773922E-18
1.864939E+04	4.920791E-17	1.779437E-18
1.868939E+04	4.910226E-17	1.782892E-18
1.872939E+04	4.895338E-17	1.784282E-18
1.876939E+04	4.876265E-17	1.783646E-18
1.880939E+04	4.853249E-17	1.781064E-18
1.884939E+04	4.826590E-17	1.776643E-18
1.888939E+04	4.796612E-17	1.770503E-18
1.892939E+04	4.763635E-17	1.762765E-18
1.896939E+04	4.727963E-17	1.753546E-18
1.900939E+04	4.689889E-17	1.742964E-18
1.904939E+04	4.649709E-17	1.731139E-18
1.908939E+04	4.607720E-17	1.718196E-18
1.912939E+04	4.564206E-17	1.704253E-18
1.916939E+04	4.519434E-17	1.689427E-18
1.920939E+04	4.473668E-17	1.673833E-18
1.924939E+04	4.427176E-17	1.657589E-18
1.928939E+04	4.380239E-17	1.640820E-18
1.932939E+04	4.333143E-17	1.623652E-18
1.936939E+04	4.286149E-17	1.606202E-18
1.940939E+04	4.239474E-17	1.588571E-18
1.944939E+04	4.193293E-17	1.570846E-18
1.948939E+04	4.147749E-17	1.553099E-18
1.952939E+04	4.102953E-17	1.535392E-18
1.956939E+04	4.058992E-17	1.517775E-18
1.960939E+04	4.015936E-17	1.500296E-18
1.964939E+04	3.973844E-17	1.482993E-18
1.968939E+04	3.932748E-17	1.465898E-18
1.972939E+04	3.892655E-17	1.449032E-18
1.976939E+04	3.853548E-17	1.432405E-18
1.980939E+04	3.815376E-17	1.416018E-18
1.984939E+04	3.778061E-17	1.399860E-18
1.988939E+04	3.741497E-17	1.383908E-18
1.992939E+04	3.705556E-17	1.368133E-18
1.996939E+04	3.670097E-17	1.352502E-18
2.000939E+04	3.634973E-17	1.336979E-18
2.004939E+04	3.600044E-17	1.321532E-18
2.008939E+04	3.565184E-17	1.306133E-18
2.012939E+04	3.530289E-17	1.290764E-18
2.016939E+04	3.495272E-17	1.275412E-18
2.020939E+04	3.460061E-17	1.260070E-18
2.024939E+04	3.424605E-17	1.244740E-18
2.028939E+04	3.388866E-17	1.229428E-18
2.032939E+04	3.352819E-17	1.214143E-18
2.036939E+04	3.316454E-17	1.198901E-18
2.040939E+04	3.279775E-17	1.183722E-18
2.044939E+04	3.242804E-17	1.168633E-18
2.048939E+04	3.205577E-17	1.153663E-18
2.052939E+04	3.168143E-17	1.138847E-18
2.056939E+04	3.130557E-17	1.124221E-18
2.060939E+04	3.092881E-17	1.109823E-18
2.064939E+04	3.055174E-17	1.095686E-18
2.068939E+04	3.017496E-17	1.081848E-18
2.072939E+04	2.979909E-17	1.068342E-18
2.076939E+04	2.942477E-17	1.055202E-18
2.080939E+04	2.905268E-17	1.042463E-18
2.084939E+04	2.868338E-17	1.030155E-18
2.088939E+04	2.831736E-17	1.018303E-18
2.092939E+04	2.795496E-17	1.006927E-18
2.096939E+04	2.759647E-17	9.960430E-19
2.100939E+04	2.724225E-17	9.856698E-19
2.104939E+04	2.689274E-17	9.758273E-19
2.108939E+04	2.654842E-17	9.665356E-19
2.112939E+04	2.620970E-17	9.578119E-19
2.116939E+04	2.587680E-17	9.496658E-19
2.120939E+04	2.555004E-17	9.421022E-19
2.124939E+04	2.523026E-17	9.351307E-19
2.128939E+04	2.491940E-17	9.287992E-19
2.132939E+04	2.462017E-17	9.231883E-19
2.136939E+04	2.433488E-17	9.183665E-19
2.140939E+04	2.406383E-17	9.143289E-19
2.144939E+04	2.380394E-17	9.109441E-19
2.148939E+04	2.354934E-17	9.079700E-19
2.152939E+04	2.329811E-17	9.053138E-19
2.156939E+04	2.305671E-17	9.032075E-19
2.160939E+04	2.283055E-17	9.018522E-19
2.164939E+04	2.262086E-17	9.012907E-19
2.168939E+04	2.242554E-17	9.014349E-19
2.172939E+04	2.224052E-17	9.021159E-19
2.176939E+04	2.206096E-17	9.031288E-19
2.180939E+04	2.188200E-17	9.042615E-19
2.184939E+04	2.169905E-17	9.053053E-19
2.188939E+04	2.150788E-17	9.060616E-19
2.192939E+04	2.130477E-17	9.063456E-19
2.196939E+04	2.108651E-17	9.059881E-19
2.200939E+04	2.085036E-17	9.048362E-19
2.204939E+04	2.059406E-17	9.027521E-19
2.208939E+04	2.031584E-17	8.996155E-19
2.212939E+04	2.001441E-17	8.953248E-19
2.216939E+04	1.968906E-17	8.898019E-19
2.220939E+04	1.933964E-17	8.829926E-19
2.224939E+04	1.896661E-17	8.748718E-19
2.228939E+04	1.857103E-17	8.654413E-19
2.232939E+04	1.815447E-17	8.547309E-19
2.236939E+04	1.771905E-17	8.427988E-19
2.240939E+04	1.726734E-17	8.297294E-19
2.244939E+04	1.680229E-17	8.156319E-19
2.248939E+04	1.632721E-17	8.006382E-19
2.252939E+04	1.584562E-17	7.848982E-19
2.256939E+04	1.536114E-17	7.685754E-19
2.260939E+04	1.487754E-17	7.518465E-19
2.264939E+04	1.439854E-17	7.348965E-19
2.268939E+04	1.392785E-17	7.179168E-19
2.272939E+04	1.346905E-17	7.011005E-19
2.276939E+04	1.302553E-17	6.846383E-19
2.280939E+04	1.260031E-17	6.687095E-19
2.284939E+04	1.219598E-17	6.534761E-19
2.288939E+04	1.181457E-17	6.390775E-19
2.292939E+04	1.145757E-17	6.256264E-19
2.296939E+04	1.112600E-17	6.132146E-19
2.300939E+04	1.082054E-17	6.019157E-19
2.304939E+04	1.054155E-17	5.917890E-19
2.308939E+04	1.028916E-17	5.828808E-19
2.312939E+04	1.006324E-17	5.752228E-19
2.316939E+04	9.863433E-18	5.688335E-19
2.320939E+04	9.689176E-18	5.637195E-19
2.324939E+04	9.539782E-18	5.598786E-19
2.328939E+04	9.414495E-18	5.573030E-19
2.332939E+04	9.312571E-18	5.559843E-19
2.336939E+04	9.233331E-18	5.559162E-19
2.340939E+04	9.176177E-18	5.570962E-19
2.344939E+04	9.140596E-18	5.595253E-19
2.348939E+04	9.126146E-18	5.632082E-19
2.352939E+04	9.132436E-18	5.681512E-19
2.356939E+04	9.159111E-18	5.743624E-19
2.360939E+04	9.205828E-18	5.818494E-19
2.364939E+04	9.272247E-18	5.906194E-19
2.368939E+04	9.358023E-18	6.006781E-19
2.372939E+04	9.462803E-18	6.120301E-19
2.376939E+04	9.586215E-18	6.246776E-19
2.380939E+04	9.727864E-18	6.386204E-19
2.384939E+04	9.887326E-18	6.538553E-19
2.388939E+04	1.006416E-17	6.703770E-19
2.392939E+04	1.025791E-17	6.881782E-19
2.396939E+04	1.046815E-17	7.072517E-19
2.400939E+04	1.069446E-17	7.275912E-19
2.404939E+04	1.093646E-17	7.491912E-19
2.408939E+04	1.119382E-17	7.720475E-19
2.412939E+04	1.146616E-17	7.961536E-19
2.416939E+04	1.175316E-17	8.215050E-19
2.420939E+04	1.205454E-17	8.481003E-19
2.424939E+04	1.237002E-17	8.759348E-19
2.428939E+04	1.269927E-17	9.050029E-19
2.432939E+04	1.304193E-17	9.352936E-19
2.436939E+04	1.339759E-17	9.667916E-19
2.440939E+04	1.376584E-17	9.994821E-19
2.444939E+04	1.414632E-17	1.033352E-18
2.448939E+04	1.453873E-17	1.068390E-18
