#wls	flux	fluxerr
3.289393E+03	1.272862E-18	1.470887E-19
3.329393E+03	1.333934E-18	1.529759E-19
3.369393E+03	1.399218E-18	1.592314E-19
3.409393E+03	1.468963E-18	1.658719E-19
3.449393E+03	1.543423E-18	1.729138E-19
3.489393E+03	1.622857E-18	1.803727E-19
3.529393E+03	1.707499E-18	1.882613E-19
3.569393E+03	1.797552E-18	1.965873E-19
3.609393E+03	1.893199E-18	2.053558E-19
3.649393E+03	1.994613E-18	2.145703E-19
3.689393E+03	2.101960E-18	2.242327E-19
3.729393E+03	2.215401E-18	2.343437E-19
3.769393E+03	2.335095E-18	2.449037E-19
3.809393E+03	2.461217E-18	2.559137E-19
3.849393E+03	2.593970E-18	2.673773E-19
3.889393E+03	2.733613E-18	2.793030E-19
3.929393E+03	2.880471E-18	2.917050E-19
3.969393E+03	3.034927E-18	3.046022E-19
4.009393E+03	3.197422E-18	3.180181E-19
4.049393E+03	3.368454E-18	3.319802E-19
4.089393E+03	3.548578E-18	3.465200E-19
4.129393E+03	3.738406E-18	3.616722E-19
4.169393E+03	3.938600E-18	3.774748E-19
4.209393E+03	4.149866E-18	3.939673E-19
4.249393E+03	4.372950E-18	4.111910E-19
4.289393E+03	4.608632E-18	4.291875E-19
4.329393E+03	4.857706E-18	4.479975E-19
4.369393E+03	5.120966E-18	4.676588E-19
4.409393E+03	5.399183E-18	4.882049E-19
4.449393E+03	5.693081E-18	5.096626E-19
4.489393E+03	6.003319E-18	5.320507E-19
4.529393E+03	6.330476E-18	5.553795E-19
4.569393E+03	6.675040E-18	5.796493E-19
4.609393E+03	7.037389E-18	6.048504E-19
4.649393E+03	7.417774E-18	6.309614E-19
4.689393E+03	7.816302E-18	6.579488E-19
4.729393E+03	8.232918E-18	6.857660E-19
4.769393E+03	8.667401E-18	7.143539E-19
4.809393E+03	9.119381E-18	7.436429E-19
4.849393E+03	9.588287E-18	7.735497E-19
4.889393E+03	1.007302E-17	8.039518E-19
4.929393E+03	1.057188E-17	8.346853E-19
4.969393E+03	1.108286E-17	8.655668E-19
5.009393E+03	1.160361E-17	8.963974E-19
5.049393E+03	1.213143E-17	9.269580E-19
5.089393E+03	1.266325E-17	9.570089E-19
5.129393E+03	1.319568E-17	9.862958E-19
5.169393E+03	1.372506E-17	1.014556E-18
5.209393E+03	1.424754E-17	1.041527E-18
5.249393E+03	1.475921E-17	1.066952E-18
5.289393E+03	1.525624E-17	1.090594E-18
5.329393E+03	1.573502E-17	1.112242E-18
5.369393E+03	1.619227E-17	1.131723E-18
5.409393E+03	1.662522E-17	1.148906E-18
5.449393E+03	1.703173E-17	1.163712E-18
5.489393E+03	1.741037E-17	1.176116E-18
5.529393E+03	1.776051E-17	1.186150E-18
5.569393E+03	1.808230E-17	1.193902E-18
5.609393E+03	1.837665E-17	1.199503E-18
5.649393E+03	1.864506E-17	1.203123E-18
5.689393E+03	1.888952E-17	1.204957E-18
5.729393E+03	1.911237E-17	1.205215E-18
5.769393E+03	1.931608E-17	1.204109E-18
5.809393E+03	1.950314E-17	1.201844E-18
5.849393E+03	1.967596E-17	1.198613E-18
5.889393E+03	1.983676E-17	1.194591E-18
5.929393E+03	1.998747E-17	1.189928E-18
5.969393E+03	2.012972E-17	1.184753E-18
6.009393E+03	2.026479E-17	1.179169E-18
6.049393E+03	2.039368E-17	1.173262E-18
6.089393E+03	2.051712E-17	1.167095E-18
6.129393E+03	2.063559E-17	1.160723E-18
6.169393E+03	2.074954E-17	1.154190E-18
6.209393E+03	2.085939E-17	1.147543E-18
6.249393E+03	2.096578E-17	1.140839E-18
6.289393E+03	2.106966E-17	1.134150E-18
6.329393E+03	2.117239E-17	1.127566E-18
6.369393E+03	2.127577E-17	1.121201E-18
6.409393E+03	2.138205E-17	1.115187E-18
6.449393E+03	2.149363E-17	1.109657E-18
6.489393E+03	2.161217E-17	1.104704E-18
6.529393E+03	2.173841E-17	1.100355E-18
6.569393E+03	2.187293E-17	1.096620E-18
6.609393E+03	2.201647E-17	1.093514E-18
6.649393E+03	2.216984E-17	1.091054E-18
6.689393E+03	2.233390E-17	1.089260E-18
6.729393E+03	2.250948E-17	1.088151E-18
6.769393E+03	2.269740E-17	1.087740E-18
6.809393E+03	2.289828E-17	1.088035E-18
6.849393E+03	2.311248E-17	1.089028E-18
6.889393E+03	2.333988E-17	1.090692E-18
6.929393E+03	2.357977E-17	1.092970E-18
6.969393E+03	2.383087E-17	1.095784E-18
7.009393E+03	2.409145E-17	1.099038E-18
7.049393E+03	2.435954E-17	1.102626E-18
7.089393E+03	2.463322E-17	1.106450E-18
7.129393E+03	2.491092E-17	1.110431E-18
7.169393E+03	2.519166E-17	1.114519E-18
7.209393E+03	2.547526E-17	1.118701E-18
7.249393E+03	2.576251E-17	1.123008E-18
7.289393E+03	2.605527E-17	1.127515E-18
7.329393E+03	2.635650E-17	1.132348E-18
7.369393E+03	2.667032E-17	1.137676E-18
7.409393E+03	2.700191E-17	1.143711E-18
7.449393E+03	2.735742E-17	1.150700E-18
7.489393E+03	2.774345E-17	1.158907E-18
7.529393E+03	2.816626E-17	1.168573E-18
7.569393E+03	2.863064E-17	1.179876E-18
7.609393E+03	2.913844E-17	1.192871E-18
7.649393E+03	2.968713E-17	1.207436E-18
7.689393E+03	3.026829E-17	1.223216E-18
7.729393E+03	3.086668E-17	1.239597E-18
7.769393E+03	3.146139E-17	1.255753E-18
7.809393E+03	3.202802E-17	1.270746E-18
7.849393E+03	3.254169E-17	1.283639E-18
7.889393E+03	3.298220E-17	1.293704E-18
7.929393E+03	3.333604E-17	1.300464E-18
7.969393E+03	3.359543E-17	1.303655E-18
8.009393E+03	3.375826E-17	1.303236E-18
8.049393E+03	3.382784E-17	1.299372E-18
8.089393E+03	3.381214E-17	1.292398E-18
8.129393E+03	3.372277E-17	1.282785E-18
8.169393E+03	3.357383E-17	1.271086E-18
8.209393E+03	3.338078E-17	1.257899E-18
8.249393E+03	3.315959E-17	1.243828E-18
8.289393E+03	3.292582E-17	1.229455E-18
8.329393E+03	3.269384E-17	1.215310E-18
8.369393E+03	3.247632E-17	1.201849E-18
8.409393E+03	3.228374E-17	1.189448E-18
8.449393E+03	3.212430E-17	1.178391E-18
8.489393E+03	3.200383E-17	1.168874E-18
8.529393E+03	3.192589E-17	1.161012E-18
8.569393E+03	3.189215E-17	1.154851E-18
8.609393E+03	3.190259E-17	1.150378E-18
8.649393E+03	3.195591E-17	1.147539E-18
8.689393E+03	3.204980E-17	1.146247E-18
8.729393E+03	3.218130E-17	1.146400E-18
8.769393E+03	3.234701E-17	1.147883E-18
8.809393E+03	3.254334E-17	1.150582E-18
8.849393E+03	3.276651E-17	1.154384E-18
8.889393E+03	3.301245E-17	1.159171E-18
8.929393E+03	3.327649E-17	1.164811E-18
8.969393E+03	3.355301E-17	1.171145E-18
9.009393E+03	3.383516E-17	1.177980E-18
9.049393E+03	3.411460E-17	1.185076E-18
9.089393E+03	3.438136E-17	1.192143E-18
9.129393E+03	3.462398E-17	1.198845E-18
9.169393E+03	3.483032E-17	1.204826E-18
9.209393E+03	3.499094E-17	1.209824E-18
9.249393E+03	3.510611E-17	1.213894E-18
9.289393E+03	3.518268E-17	1.217286E-18
9.329393E+03	3.522836E-17	1.220274E-18
9.369393E+03	3.525027E-17	1.223109E-18
9.409393E+03	3.525450E-17	1.226006E-18
9.449393E+03	3.524621E-17	1.229150E-18
9.489393E+03	3.522994E-17	1.232701E-18
9.529393E+03	3.520988E-17	1.236813E-18
9.569393E+03	3.519036E-17	1.241645E-18
9.609393E+03	3.517600E-17	1.247369E-18
9.649393E+03	3.517178E-17	1.254176E-18
9.689393E+03	3.518291E-17	1.262269E-18
9.729393E+03	3.521476E-17	1.271864E-18
9.769393E+03	3.527264E-17	1.283183E-18
9.809393E+03	3.536175E-17	1.296452E-18
9.849393E+03	3.548682E-17	1.311890E-18
9.889393E+03	3.565182E-17	1.329696E-18
9.929393E+03	3.585980E-17	1.350046E-18
9.969393E+03	3.611297E-17	1.373064E-18
1.000939E+04	3.641226E-17	1.398800E-18
1.004939E+04	3.675693E-17	1.427248E-18
1.008939E+04	3.714461E-17	1.458338E-18
1.012939E+04	3.757135E-17	1.491934E-18
1.016939E+04	3.803176E-17	1.527841E-18
1.020939E+04	3.851913E-17	1.565801E-18
1.024939E+04	3.902575E-17	1.605506E-18
1.028939E+04	3.954329E-17	1.646604E-18
1.032939E+04	4.006337E-17	1.688729E-18
1.036939E+04	4.057859E-17	1.731535E-18
1.040939E+04	4.108365E-17	1.774756E-18
1.044939E+04	4.157653E-17	1.818256E-18
1.048939E+04	4.205875E-17	1.862050E-18
1.052939E+04	4.253427E-17	1.906270E-18
1.056939E+04	4.300801E-17	1.951098E-18
1.060939E+04	4.348474E-17	1.996720E-18
1.064939E+04	4.396844E-17	2.043299E-18
1.068939E+04	4.446220E-17	2.090966E-18
1.072939E+04	4.496827E-17	2.139820E-18
1.076939E+04	4.548828E-17	2.189936E-18
1.080939E+04	4.602342E-17	2.241374E-18
1.084939E+04	4.657435E-17	2.294170E-18
1.088939E+04	4.714126E-17	2.348342E-18
1.092939E+04	4.772377E-17	2.403878E-18
1.096939E+04	4.832095E-17	2.460742E-18
1.100939E+04	4.893094E-17	2.518846E-18
1.104939E+04	4.955045E-17	2.578028E-18
1.108939E+04	5.017431E-17	2.638019E-18
1.112939E+04	5.079527E-17	2.698432E-18
1.116939E+04	5.140419E-17	2.758761E-18
1.120939E+04	5.199038E-17	2.818403E-18
1.124939E+04	5.254199E-17	2.876664E-18
1.128939E+04	5.304639E-17	2.932789E-18
1.132939E+04	5.349040E-17	2.985965E-18
1.136939E+04	5.386064E-17	3.035342E-18
1.140939E+04	5.414365E-17	3.080039E-18
1.144939E+04	5.432613E-17	3.119159E-18
1.148939E+04	5.439512E-17	3.151800E-18
1.152939E+04	5.433831E-17	3.177073E-18
1.156939E+04	5.414485E-17	3.194149E-18
1.160939E+04	5.380682E-17	3.202355E-18
1.164939E+04	5.332306E-17	3.201394E-18
1.168939E+04	5.270605E-17	3.191796E-18
1.172939E+04	5.197907E-17	3.174775E-18
1.176939E+04	5.116848E-17	3.151786E-18
1.180939E+04	5.030047E-17	3.124330E-18
1.184939E+04	4.939913E-17	3.093831E-18
1.188939E+04	4.848551E-17	3.061574E-18
1.192939E+04	4.757698E-17	3.028649E-18
1.196939E+04	4.668720E-17	2.995947E-18
1.200939E+04	4.582625E-17	2.964158E-18
1.204939E+04	4.500088E-17	2.933771E-18
1.208939E+04	4.421470E-17	2.905084E-18
1.212939E+04	4.346839E-17	2.878210E-18
1.216939E+04	4.276001E-17	2.853087E-18
1.220939E+04	4.208551E-17	2.829507E-18
1.224939E+04	4.143919E-17	2.807143E-18
1.228939E+04	4.081436E-17	2.785587E-18
1.232939E+04	4.020394E-17	2.764393E-18
1.236939E+04	3.960122E-17	2.743119E-18
1.240939E+04	3.900021E-17	2.721354E-18
1.244939E+04	3.839653E-17	2.698780E-18
1.248939E+04	3.778822E-17	2.675244E-18
1.252939E+04	3.717734E-17	2.650877E-18
1.256939E+04	3.656888E-17	2.626026E-18
1.260939E+04	3.596918E-17	2.601144E-18
1.264939E+04	3.538493E-17	2.576726E-18
1.268939E+04	3.482268E-17	2.553270E-18
1.272939E+04	3.428848E-17	2.531252E-18
1.276939E+04	3.378783E-17	2.511117E-18
1.280939E+04	3.332568E-17	2.493283E-18
1.284939E+04	3.290646E-17	2.478137E-18
1.288939E+04	3.253410E-17	2.466039E-18
1.292939E+04	3.221208E-17	2.457319E-18
1.296939E+04	3.194324E-17	2.452267E-18
1.300939E+04	3.172985E-17	2.451133E-18
1.304939E+04	3.157357E-17	2.454125E-18
1.308939E+04	3.147544E-17	2.461402E-18
1.312939E+04	3.143585E-17	2.473076E-18
1.316939E+04	3.145448E-17	2.489200E-18
1.320939E+04	3.153011E-17	2.509756E-18
1.324939E+04	3.166055E-17	2.534643E-18
1.328939E+04	3.184264E-17	2.563681E-18
1.332939E+04	3.207233E-17	2.596605E-18
1.336939E+04	3.234471E-17	2.633077E-18
1.340939E+04	3.265413E-17	2.672687E-18
1.344939E+04	3.299410E-17	2.714945E-18
1.348939E+04	3.335736E-17	2.759286E-18
1.352939E+04	3.373591E-17	2.805071E-18
1.356939E+04	3.412127E-17	2.851607E-18
1.360939E+04	3.450475E-17	2.898167E-18
1.364939E+04	3.487783E-17	2.944028E-18
1.368939E+04	3.523247E-17	2.988490E-18
1.372939E+04	3.556122E-17	3.030895E-18
1.376939E+04	3.585737E-17	3.070634E-18
1.380939E+04	3.611501E-17	3.107158E-18
1.384939E+04	3.632902E-17	3.139980E-18
1.388939E+04	3.649511E-17	3.168676E-18
1.392939E+04	3.660993E-17	3.192900E-18
1.396939E+04	3.667109E-17	3.212386E-18
1.400939E+04	3.667742E-17	3.226974E-18
1.404939E+04	3.662904E-17	3.236615E-18
1.408939E+04	3.652725E-17	3.241371E-18
1.412939E+04	3.637445E-17	3.241402E-18
1.416939E+04	3.617384E-17	3.236943E-18
1.420939E+04	3.592929E-17	3.228300E-18
1.424939E+04	3.564516E-17	3.215825E-18
1.428939E+04	3.532625E-17	3.199918E-18
1.432939E+04	3.497769E-17	3.181019E-18
1.436939E+04	3.460490E-17	3.159598E-18
1.440939E+04	3.421353E-17	3.136159E-18
1.444939E+04	3.380938E-17	3.111225E-18
1.448939E+04	3.339831E-17	3.085333E-18
1.452939E+04	3.298623E-17	3.059035E-18
1.456939E+04	3.257904E-17	3.032887E-18
1.460939E+04	3.218248E-17	3.007440E-18
1.464939E+04	3.180193E-17	2.983221E-18
1.468939E+04	3.144228E-17	2.960716E-18
1.472939E+04	3.110779E-17	2.940358E-18
1.476939E+04	3.080203E-17	2.922523E-18
1.480939E+04	3.052791E-17	2.907527E-18
1.484939E+04	3.028761E-17	2.895621E-18
1.488939E+04	3.008263E-17	2.886996E-18
1.492939E+04	2.991378E-17	2.881774E-18
1.496939E+04	2.978116E-17	2.880018E-18
1.500939E+04	2.968427E-17	2.881725E-18
1.504939E+04	2.962209E-17	2.886847E-18
1.508939E+04	2.959338E-17	2.895311E-18
1.512939E+04	2.959678E-17	2.907033E-18
1.516939E+04	2.963110E-17	2.921942E-18
1.520939E+04	2.969534E-17	2.939987E-18
1.524939E+04	2.978873E-17	2.961140E-18
1.528939E+04	2.991072E-17	2.985391E-18
1.532939E+04	3.006095E-17	3.012753E-18
1.536939E+04	3.023900E-17	3.043230E-18
1.540939E+04	3.044374E-17	3.076748E-18
1.544939E+04	3.067170E-17	3.112993E-18
1.548939E+04	3.091668E-17	3.151365E-18
1.552939E+04	3.117128E-17	3.191137E-18
1.556939E+04	3.142759E-17	3.231510E-18
1.560939E+04	3.167753E-17	3.271657E-18
1.564939E+04	3.191299E-17	3.310734E-18
1.568939E+04	3.212608E-17	3.347902E-18
1.572939E+04	3.230926E-17	3.382346E-18
1.576939E+04	3.245567E-17	3.413304E-18
1.580939E+04	3.255936E-17	3.440096E-18
1.584939E+04	3.261542E-17	3.462144E-18
1.588939E+04	3.262014E-17	3.478980E-18
1.592939E+04	3.257090E-17	3.490247E-18
1.596939E+04	3.246612E-17	3.495693E-18
1.600939E+04	3.230528E-17	3.495173E-18
1.604939E+04	3.208892E-17	3.488658E-18
1.608939E+04	3.181880E-17	3.476249E-18
1.612939E+04	3.149795E-17	3.458185E-18
1.616939E+04	3.113047E-17	3.434829E-18
1.620939E+04	3.072153E-17	3.406663E-18
1.624939E+04	3.027692E-17	3.374247E-18
1.628939E+04	2.980276E-17	3.338192E-18
1.632939E+04	2.930501E-17	3.299104E-18
1.636939E+04	2.878955E-17	3.257593E-18
1.640939E+04	2.826192E-17	3.214243E-18
1.644939E+04	2.772729E-17	3.169609E-18
1.648939E+04	2.719032E-17	3.124201E-18
1.652939E+04	2.665525E-17	3.078490E-18
1.656939E+04	2.612584E-17	3.032905E-18
1.660939E+04	2.560542E-17	2.987832E-18
1.664939E+04	2.509677E-17	2.943599E-18
1.668939E+04	2.460210E-17	2.900482E-18
1.672939E+04	2.412309E-17	2.858691E-18
1.676939E+04	2.366087E-17	2.818382E-18
1.680939E+04	2.321618E-17	2.779666E-18
1.684939E+04	2.278944E-17	2.742616E-18
1.688939E+04	2.238086E-17	2.707283E-18
1.692939E+04	2.199045E-17	2.673699E-18
1.696939E+04	2.161822E-17	2.641887E-18
1.700939E+04	2.126410E-17	2.611870E-18
1.704939E+04	2.092807E-17	2.583672E-18
1.708939E+04	2.061018E-17	2.557328E-18
1.712939E+04	2.031056E-17	2.532886E-18
1.716939E+04	2.002953E-17	2.510414E-18
1.720939E+04	1.976753E-17	2.489999E-18
1.724939E+04	1.952517E-17	2.471750E-18
1.728939E+04	1.930321E-17	2.455797E-18
1.732939E+04	1.910244E-17	2.442279E-18
1.736939E+04	1.892381E-17	2.431351E-18
1.740939E+04	1.876825E-17	2.423176E-18
1.744939E+04	1.863684E-17	2.417932E-18
1.748939E+04	1.853075E-17	2.415817E-18
1.752939E+04	1.845125E-17	2.417042E-18
1.756939E+04	1.839983E-17	2.421850E-18
1.760939E+04	1.837803E-17	2.430496E-18
1.764939E+04	1.838753E-17	2.443257E-18
1.768939E+04	1.843004E-17	2.460419E-18
1.772939E+04	1.850731E-17	2.482274E-18
1.776939E+04	1.862103E-17	2.509113E-18
1.780939E+04	1.877276E-17	2.541214E-18
1.784939E+04	1.896385E-17	2.578828E-18
1.788939E+04	1.919536E-17	2.622172E-18
1.792939E+04	1.946794E-17	2.671403E-18
1.796939E+04	1.978165E-17	2.726606E-18
1.800939E+04	2.013585E-17	2.787764E-18
1.804939E+04	2.052904E-17	2.854737E-18
1.808939E+04	2.095873E-17	2.927248E-18
1.812939E+04	2.142138E-17	3.004860E-18
1.816939E+04	2.191239E-17	3.086981E-18
1.820939E+04	2.242595E-17	3.172837E-18
1.824939E+04	2.295520E-17	3.261489E-18
1.828939E+04	2.349221E-17	3.351827E-18
1.832939E+04	2.402819E-17	3.442601E-18
1.836939E+04	2.455378E-17	3.532458E-18
1.840939E+04	2.505955E-17	3.620011E-18
1.844939E+04	2.553633E-17	3.703890E-18
1.848939E+04	2.597565E-17	3.782805E-18
1.852939E+04	2.636994E-17	3.855580E-18
1.856939E+04	2.671263E-17	3.921166E-18
1.860939E+04	2.699830E-17	3.978671E-18
1.864939E+04	2.722280E-17	4.027378E-18
1.868939E+04	2.738337E-17	4.066771E-18
1.872939E+04	2.747879E-17	4.096555E-18
1.876939E+04	2.750932E-17	4.116656E-18
1.880939E+04	2.747665E-17	4.127217E-18
1.884939E+04	2.738382E-17	4.128588E-18
1.888939E+04	2.723485E-17	4.121278E-18
1.892939E+04	2.703443E-17	4.105905E-18
1.896939E+04	2.678765E-17	4.083161E-18
1.900939E+04	2.649980E-17	4.053783E-18
1.904939E+04	2.617629E-17	4.018531E-18
1.908939E+04	2.582250E-17	3.978184E-18
1.912939E+04	2.544379E-17	3.933519E-18
1.916939E+04	2.504541E-17	3.885318E-18
1.920939E+04	2.463260E-17	3.834367E-18
1.924939E+04	2.421057E-17	3.781459E-18
1.928939E+04	2.378442E-17	3.727382E-18
1.932939E+04	2.335908E-17	3.672913E-18
1.936939E+04	2.293919E-17	3.618785E-18
1.940939E+04	2.252883E-17	3.565659E-18
1.944939E+04	2.213147E-17	3.514102E-18
1.948939E+04	2.174978E-17	3.464564E-18
1.952939E+04	2.138573E-17	3.417388E-18
1.956939E+04	2.104071E-17	3.372827E-18
1.960939E+04	2.071555E-17	3.331047E-18
1.964939E+04	2.041068E-17	3.292148E-18
1.968939E+04	2.012613E-17	3.256172E-18
1.972939E+04	1.986167E-17	3.223110E-18
1.976939E+04	1.961675E-17	3.192908E-18
1.980939E+04	1.939057E-17	3.165467E-18
1.984939E+04	1.918213E-17	3.140648E-18
1.988939E+04	1.899009E-17	3.118265E-18
1.992939E+04	1.881295E-17	3.098093E-18
1.996939E+04	1.864899E-17	3.079870E-18
2.000939E+04	1.849635E-17	3.063312E-18
2.004939E+04	1.835310E-17	3.048112E-18
2.008939E+04	1.821729E-17	3.033965E-18
2.012939E+04	1.808701E-17	3.020559E-18
2.016939E+04	1.796038E-17	3.007589E-18
2.020939E+04	1.783557E-17	2.994757E-18
2.024939E+04	1.771089E-17	2.981782E-18
2.028939E+04	1.758478E-17	2.968400E-18
2.032939E+04	1.745581E-17	2.954370E-18
2.036939E+04	1.732270E-17	2.939473E-18
2.040939E+04	1.718433E-17	2.923514E-18
2.044939E+04	1.703978E-17	2.906331E-18
2.048939E+04	1.688835E-17	2.887797E-18
2.052939E+04	1.672953E-17	2.867818E-18
2.056939E+04	1.656304E-17	2.846339E-18
2.060939E+04	1.638878E-17	2.823335E-18
2.064939E+04	1.620684E-17	2.798812E-18
2.068939E+04	1.601748E-17	2.772807E-18
2.072939E+04	1.582109E-17	2.745384E-18
2.076939E+04	1.561824E-17	2.716631E-18
2.080939E+04	1.540959E-17	2.686660E-18
2.084939E+04	1.519597E-17	2.655609E-18
2.088939E+04	1.497828E-17	2.623634E-18
2.092939E+04	1.475757E-17	2.590914E-18
2.096939E+04	1.453492E-17	2.557640E-18
2.100939E+04	1.431157E-17	2.524028E-18
2.104939E+04	1.408882E-17	2.490312E-18
2.108939E+04	1.386815E-17	2.456754E-18
2.112939E+04	1.365108E-17	2.423632E-18
2.116939E+04	1.343920E-17	2.391230E-18
2.120939E+04	1.323401E-17	2.359829E-18
2.124939E+04	1.303698E-17	2.329696E-18
2.128939E+04	1.284943E-17	2.301084E-18
2.132939E+04	1.267262E-17	2.274227E-18
2.136939E+04	1.250772E-17	2.249350E-18
2.140939E+04	1.235576E-17	2.226653E-18
2.144939E+04	1.221756E-17	2.206300E-18
2.148939E+04	1.209361E-17	2.188395E-18
2.152939E+04	1.198360E-17	2.172900E-18
2.156939E+04	1.188626E-17	2.159599E-18
2.160939E+04	1.179985E-17	2.148191E-18
2.164939E+04	1.172250E-17	2.138346E-18
2.168939E+04	1.165231E-17	2.129726E-18
2.172939E+04	1.158746E-17	2.122009E-18
2.176939E+04	1.152626E-17	2.114889E-18
2.180939E+04	1.146718E-17	2.108089E-18
2.184939E+04	1.140882E-17	2.101355E-18
2.188939E+04	1.135001E-17	2.094470E-18
2.192939E+04	1.128970E-17	2.087242E-18
2.196939E+04	1.122701E-17	2.079505E-18
2.200939E+04	1.116124E-17	2.071129E-18
2.204939E+04	1.109183E-17	2.062006E-18
2.208939E+04	1.101841E-17	2.052063E-18
2.212939E+04	1.094077E-17	2.041260E-18
2.216939E+04	1.085891E-17	2.029591E-18
2.220939E+04	1.077299E-17	2.017082E-18
2.224939E+04	1.068330E-17	2.003785E-18
2.228939E+04	1.059023E-17	1.989771E-18
2.232939E+04	1.049432E-17	1.975136E-18
2.236939E+04	1.039613E-17	1.959987E-18
2.240939E+04	1.029631E-17	1.944444E-18
2.244939E+04	1.019556E-17	1.928637E-18
2.248939E+04	1.009455E-17	1.912695E-18
2.252939E+04	9.993955E-18	1.896746E-18
2.256939E+04	9.894401E-18	1.880909E-18
2.260939E+04	9.796437E-18	1.865291E-18
2.264939E+04	9.700517E-18	1.849981E-18
2.268939E+04	9.607042E-18	1.835058E-18
2.272939E+04	9.516356E-18	1.820590E-18
2.276939E+04	9.428743E-18	1.806635E-18
2.280939E+04	9.344478E-18	1.793249E-18
2.284939E+04	9.263798E-18	1.780482E-18
2.288939E+04	9.186932E-18	1.768381E-18
2.292939E+04	9.114056E-18	1.756984E-18
2.296939E+04	9.045360E-18	1.746332E-18
2.300939E+04	8.981011E-18	1.736460E-18
2.304939E+04	8.921193E-18	1.727410E-18
2.308939E+04	8.866095E-18	1.719221E-18
2.312939E+04	8.815921E-18	1.711938E-18
2.316939E+04	8.770862E-18	1.705603E-18
2.320939E+04	8.731083E-18	1.700251E-18
2.324939E+04	8.696759E-18	1.695923E-18
2.328939E+04	8.668011E-18	1.692645E-18
2.332939E+04	8.644931E-18	1.690442E-18
2.336939E+04	8.627611E-18	1.689335E-18
2.340939E+04	8.616104E-18	1.689341E-18
2.344939E+04	8.610466E-18	1.690473E-18
2.348939E+04	8.610728E-18	1.692744E-18
2.352939E+04	8.616954E-18	1.696171E-18
2.356939E+04	8.629175E-18	1.700764E-18
2.360939E+04	8.647449E-18	1.706539E-18
2.364939E+04	8.671815E-18	1.713508E-18
2.368939E+04	8.702337E-18	1.721690E-18
2.372939E+04	8.739057E-18	1.731095E-18
2.376939E+04	8.782023E-18	1.741739E-18
2.380939E+04	8.831240E-18	1.753627E-18
2.384939E+04	8.886690E-18	1.766759E-18
2.388939E+04	8.948336E-18	1.781131E-18
2.392939E+04	9.016099E-18	1.796734E-18
2.396939E+04	9.089875E-18	1.813549E-18
2.400939E+04	9.169544E-18	1.831557E-18
2.404939E+04	9.254965E-18	1.850734E-18
2.408939E+04	9.345960E-18	1.871045E-18
2.412939E+04	9.442366E-18	1.892464E-18
2.416939E+04	9.544000E-18	1.914956E-18
2.420939E+04	9.650669E-18	1.938485E-18
2.424939E+04	9.762183E-18	1.963015E-18
2.428939E+04	9.878324E-18	1.988507E-18
2.432939E+04	9.998856E-18	2.014913E-18
2.436939E+04	1.012351E-17	2.042184E-18
2.440939E+04	1.025201E-17	2.070263E-18
2.444939E+04	1.038403E-17	2.099088E-18
2.448939E+04	1.051921E-17	2.128589E-18
