#wls	flux	fluxerr
3.289393E+03	1.832715E-18	8.094363E-20
3.329393E+03	1.922185E-18	8.359654E-20
3.369393E+03	2.018787E-18	8.646001E-20
3.409393E+03	2.123090E-18	8.954921E-20
3.449393E+03	2.235659E-18	9.287873E-20
3.489393E+03	2.357024E-18	9.646137E-20
3.529393E+03	2.487696E-18	1.003090E-19
3.569393E+03	2.628185E-18	1.044336E-19
3.609393E+03	2.778930E-18	1.088445E-19
3.649393E+03	2.940268E-18	1.135479E-19
3.689393E+03	3.112411E-18	1.185455E-19
3.729393E+03	3.295424E-18	1.238334E-19
3.769393E+03	3.489204E-18	1.294029E-19
3.809393E+03	3.693424E-18	1.352388E-19
3.849393E+03	3.907634E-18	1.413232E-19
3.889393E+03	4.132118E-18	1.476658E-19
3.929393E+03	4.367575E-18	1.542894E-19
3.969393E+03	4.614753E-18	1.612178E-19
4.009393E+03	4.874448E-18	1.684759E-19
4.049393E+03	5.147506E-18	1.760898E-19
4.089393E+03	5.434850E-18	1.840878E-19
4.129393E+03	5.737477E-18	1.925002E-19
4.169393E+03	6.056457E-18	2.013591E-19
4.209393E+03	6.392937E-18	2.106988E-19
4.249393E+03	6.748158E-18	2.205562E-19
4.289393E+03	7.123442E-18	2.309703E-19
4.329393E+03	7.520190E-18	2.419822E-19
4.369393E+03	7.939888E-18	2.536357E-19
4.409393E+03	8.384089E-18	2.659762E-19
4.449393E+03	8.854319E-18	2.790480E-19
4.489393E+03	9.352048E-18	2.928938E-19
4.529393E+03	9.878616E-18	3.075525E-19
4.569393E+03	1.043511E-17	3.230557E-19
4.609393E+03	1.102223E-17	3.394230E-19
4.649393E+03	1.164021E-17	3.566624E-19
4.689393E+03	1.228867E-17	3.747631E-19
4.729393E+03	1.296638E-17	3.936912E-19
4.769393E+03	1.367120E-17	4.133870E-19
4.809393E+03	1.439997E-17	4.337630E-19
4.849393E+03	1.514866E-17	4.547087E-19
4.889393E+03	1.591345E-17	4.761223E-19
4.929393E+03	1.669072E-17	4.979107E-19
4.969393E+03	1.747609E-17	5.199606E-19
5.009393E+03	1.826425E-17	5.421328E-19
5.049393E+03	1.904899E-17	5.642573E-19
5.089393E+03	1.982311E-17	5.861243E-19
5.129393E+03	2.057877E-17	6.075022E-19
5.169393E+03	2.130788E-17	6.281499E-19
5.209393E+03	2.200230E-17	6.478236E-19
5.249393E+03	2.265387E-17	6.662777E-19
5.289393E+03	2.325481E-17	6.832759E-19
5.329393E+03	2.379837E-17	6.986114E-19
5.369393E+03	2.427963E-17	7.121304E-19
5.409393E+03	2.469621E-17	7.237525E-19
5.449393E+03	2.504844E-17	7.334769E-19
5.489393E+03	2.533948E-17	7.413862E-19
5.529393E+03	2.557541E-17	7.476478E-19
5.569393E+03	2.576489E-17	7.525058E-19
5.609393E+03	2.591841E-17	7.562576E-19
5.649393E+03	2.604762E-17	7.592345E-19
5.689393E+03	2.616442E-17	7.617763E-19
5.729393E+03	2.628030E-17	7.642093E-19
5.769393E+03	2.640576E-17	7.668321E-19
5.809393E+03	2.655031E-17	7.699133E-19
5.849393E+03	2.672223E-17	7.736854E-19
5.889393E+03	2.692855E-17	7.783444E-19
5.929393E+03	2.717478E-17	7.840414E-19
5.969393E+03	2.746472E-17	7.908774E-19
6.009393E+03	2.780008E-17	7.988938E-19
6.049393E+03	2.818032E-17	8.080665E-19
6.089393E+03	2.860252E-17	8.183050E-19
6.129393E+03	2.906123E-17	8.294472E-19
6.169393E+03	2.954815E-17	8.412532E-19
6.209393E+03	3.005168E-17	8.533917E-19
6.249393E+03	3.055676E-17	8.654397E-19
6.289393E+03	3.104524E-17	8.768914E-19
6.329393E+03	3.149676E-17	8.871873E-19
6.369393E+03	3.189001E-17	8.957491E-19
6.409393E+03	3.220449E-17	9.020296E-19
6.449393E+03	3.242422E-17	9.056154E-19
6.489393E+03	3.254456E-17	9.064129E-19
6.529393E+03	3.257374E-17	9.046667E-19
6.569393E+03	3.252623E-17	9.007834E-19
6.609393E+03	3.241928E-17	8.952429E-19
6.649393E+03	3.227080E-17	8.885383E-19
6.689393E+03	3.209742E-17	8.811237E-19
6.729393E+03	3.191374E-17	8.733933E-19
6.769393E+03	3.173258E-17	8.656897E-19
6.809393E+03	3.156445E-17	8.582893E-19
6.849393E+03	3.141661E-17	8.513777E-19
6.889393E+03	3.129299E-17	8.450497E-19
6.929393E+03	3.119517E-17	8.393358E-19
6.969393E+03	3.112269E-17	8.342124E-19
7.009393E+03	3.107285E-17	8.295969E-19
7.049393E+03	3.104134E-17	8.253663E-19
7.089393E+03	3.102319E-17	8.213832E-19
7.129393E+03	3.101352E-17	8.175155E-19
7.169393E+03	3.100838E-17	8.136594E-19
7.209393E+03	3.100567E-17	8.097625E-19
7.249393E+03	3.100591E-17	8.058432E-19
7.289393E+03	3.101245E-17	8.019944E-19
7.329393E+03	3.103091E-17	7.983671E-19
7.369393E+03	3.107002E-17	7.951898E-19
7.409393E+03	3.114505E-17	7.928544E-19
7.449393E+03	3.127970E-17	7.919595E-19
7.489393E+03	3.150662E-17	7.933161E-19
7.529393E+03	3.186755E-17	7.979469E-19
7.569393E+03	3.241365E-17	8.070863E-19
7.609393E+03	3.320709E-17	8.222155E-19
7.649393E+03	3.431455E-17	8.448952E-19
7.689393E+03	3.576970E-17	8.758467E-19
7.729393E+03	3.748606E-17	9.128539E-19
7.769393E+03	3.931135E-17	9.521571E-19
7.809393E+03	4.106114E-17	9.893029E-19
7.849393E+03	4.254518E-17	1.019795E-18
7.889393E+03	4.365900E-17	1.041275E-18
7.929393E+03	4.439664E-17	1.053748E-18
7.969393E+03	4.479015E-17	1.058078E-18
8.009393E+03	4.489091E-17	1.055556E-18
8.049393E+03	4.476017E-17	1.047677E-18
8.089393E+03	4.446074E-17	1.035946E-18
8.129393E+03	4.405016E-17	1.021717E-18
8.169393E+03	4.357752E-17	1.006130E-18
8.209393E+03	4.308271E-17	9.900945E-19
8.249393E+03	4.259752E-17	9.743211E-19
8.289393E+03	4.214742E-17	9.593674E-19
8.329393E+03	4.175377E-17	9.456893E-19
8.369393E+03	4.143335E-17	9.336328E-19
8.409393E+03	4.119609E-17	9.233854E-19
8.449393E+03	4.104506E-17	9.149783E-19
8.489393E+03	4.097769E-17	9.083187E-19
8.529393E+03	4.098748E-17	9.032295E-19
8.569393E+03	4.106604E-17	8.994980E-19
8.609393E+03	4.120447E-17	8.969073E-19
8.649393E+03	4.139376E-17	8.952445E-19
8.689393E+03	4.162513E-17	8.943111E-19
8.729393E+03	4.188990E-17	8.939185E-19
8.769393E+03	4.218001E-17	8.939004E-19
8.809393E+03	4.248778E-17	8.941085E-19
8.849393E+03	4.280553E-17	8.944033E-19
8.889393E+03	4.312671E-17	8.946788E-19
8.929393E+03	4.344737E-17	8.948921E-19
8.969393E+03	4.376447E-17	8.950276E-19
9.009393E+03	4.407221E-17	8.950201E-19
9.049393E+03	4.436122E-17	8.947419E-19
9.089393E+03	4.462104E-17	8.940539E-19
9.129393E+03	4.484158E-17	8.928341E-19
9.169393E+03	4.501419E-17	8.909972E-19
9.209393E+03	4.513454E-17	8.885484E-19
9.249393E+03	4.520950E-17	8.856880E-19
9.289393E+03	4.525179E-17	8.826877E-19
9.329393E+03	4.527040E-17	8.797405E-19
9.369393E+03	4.527068E-17	8.769662E-19
9.409393E+03	4.525651E-17	8.744576E-19
9.449393E+03	4.523086E-17	8.722904E-19
9.489393E+03	4.519561E-17	8.705223E-19
9.529393E+03	4.515248E-17	8.692099E-19
9.569393E+03	4.510439E-17	8.684357E-19
9.609393E+03	4.505584E-17	8.683159E-19
9.649393E+03	4.501261E-17	8.689937E-19
9.689393E+03	4.498197E-17	8.706457E-19
9.729393E+03	4.497311E-17	8.734901E-19
9.769393E+03	4.500181E-17	8.778797E-19
9.809393E+03	4.509218E-17	8.843413E-19
9.849393E+03	4.527754E-17	8.935996E-19
9.889393E+03	4.559949E-17	9.065714E-19
9.929393E+03	4.609546E-17	9.241290E-19
9.969393E+03	4.677266E-17	9.465598E-19
1.000939E+04	4.761892E-17	9.737283E-19
1.004939E+04	4.862017E-17	1.005460E-18
1.008939E+04	4.976419E-17	1.041621E-18
1.012939E+04	5.104118E-17	1.082128E-18
1.016939E+04	5.244290E-17	1.126936E-18
1.020939E+04	5.395970E-17	1.175966E-18
1.024939E+04	5.557543E-17	1.228996E-18
1.028939E+04	5.726152E-17	1.285509E-18
1.032939E+04	5.896634E-17	1.344432E-18
1.036939E+04	6.061336E-17	1.404041E-18
1.040939E+04	6.211162E-17	1.462160E-18
1.044939E+04	6.338837E-17	1.516901E-18
1.048939E+04	6.445070E-17	1.568191E-18
1.052939E+04	6.533308E-17	1.616608E-18
1.056939E+04	6.607185E-17	1.662796E-18
1.060939E+04	6.669845E-17	1.707322E-18
1.064939E+04	6.723588E-17	1.750584E-18
1.068939E+04	6.770076E-17	1.792847E-18
1.072939E+04	6.810761E-17	1.834349E-18
1.076939E+04	6.847035E-17	1.875338E-18
1.080939E+04	6.880200E-17	1.916066E-18
1.084939E+04	6.911377E-17	1.956758E-18
1.088939E+04	6.941464E-17	1.997599E-18
1.092939E+04	6.971137E-17	2.038730E-18
1.096939E+04	7.000854E-17	2.080241E-18
1.100939E+04	7.030843E-17	2.122167E-18
1.104939E+04	7.061125E-17	2.164486E-18
1.108939E+04	7.091512E-17	2.207113E-18
1.112939E+04	7.121620E-17	2.249904E-18
1.116939E+04	7.150875E-17	2.292645E-18
1.120939E+04	7.178528E-17	2.335062E-18
1.124939E+04	7.203669E-17	2.376813E-18
1.128939E+04	7.225239E-17	2.417494E-18
1.132939E+04	7.242048E-17	2.456638E-18
1.136939E+04	7.252844E-17	2.493741E-18
1.140939E+04	7.256385E-17	2.528277E-18
1.144939E+04	7.251535E-17	2.559742E-18
1.148939E+04	7.237352E-17	2.587681E-18
1.152939E+04	7.213211E-17	2.611739E-18
1.156939E+04	7.178921E-17	2.631698E-18
1.160939E+04	7.134690E-17	2.647485E-18
1.164939E+04	7.080912E-17	2.659104E-18
1.168939E+04	7.017523E-17	2.666395E-18
1.172939E+04	6.944224E-17	2.669111E-18
1.176939E+04	6.861065E-17	2.667136E-18
1.180939E+04	6.768545E-17	2.660538E-18
1.184939E+04	6.667635E-17	2.649582E-18
1.188939E+04	6.559771E-17	2.634742E-18
1.192939E+04	6.446687E-17	2.616640E-18
1.196939E+04	6.330113E-17	2.595926E-18
1.200939E+04	6.211602E-17	2.573209E-18
1.204939E+04	6.092444E-17	2.549017E-18
1.208939E+04	5.973556E-17	2.523741E-18
1.212939E+04	5.855455E-17	2.497616E-18
1.216939E+04	5.738352E-17	2.470757E-18
1.220939E+04	5.622286E-17	2.443207E-18
1.224939E+04	5.507168E-17	2.414952E-18
1.228939E+04	5.392842E-17	2.385950E-18
1.232939E+04	5.279167E-17	2.356158E-18
1.236939E+04	5.166098E-17	2.325569E-18
1.240939E+04	5.053673E-17	2.294204E-18
1.244939E+04	4.941970E-17	2.262110E-18
1.248939E+04	4.831172E-17	2.229380E-18
1.252939E+04	4.721576E-17	2.196167E-18
1.256939E+04	4.613633E-17	2.162701E-18
1.260939E+04	4.507931E-17	2.129283E-18
1.264939E+04	4.405161E-17	2.096275E-18
1.268939E+04	4.306072E-17	2.064074E-18
1.272939E+04	4.211419E-17	2.033091E-18
1.276939E+04	4.121931E-17	2.003737E-18
1.280939E+04	4.038268E-17	1.976395E-18
1.284939E+04	3.961011E-17	1.951418E-18
1.288939E+04	3.890636E-17	1.929114E-18
1.292939E+04	3.827510E-17	1.909740E-18
1.296939E+04	3.771885E-17	1.893499E-18
1.300939E+04	3.723910E-17	1.880541E-18
1.304939E+04	3.683631E-17	1.870965E-18
1.308939E+04	3.650992E-17	1.864815E-18
1.312939E+04	3.625849E-17	1.862087E-18
1.316939E+04	3.607974E-17	1.862730E-18
1.320939E+04	3.597059E-17	1.866645E-18
1.324939E+04	3.592725E-17	1.873693E-18
1.328939E+04	3.594520E-17	1.883688E-18
1.332939E+04	3.601927E-17	1.896405E-18
1.336939E+04	3.614367E-17	1.911577E-18
1.340939E+04	3.631203E-17	1.928901E-18
1.344939E+04	3.651743E-17	1.948037E-18
1.348939E+04	3.675255E-17	1.968616E-18
1.352939E+04	3.700966E-17	1.990241E-18
1.356939E+04	3.728082E-17	2.012493E-18
1.360939E+04	3.755792E-17	2.034943E-18
1.364939E+04	3.783293E-17	2.057155E-18
1.368939E+04	3.809807E-17	2.078705E-18
1.372939E+04	3.834604E-17	2.099186E-18
1.376939E+04	3.857003E-17	2.118218E-18
1.380939E+04	3.876398E-17	2.135457E-18
1.384939E+04	3.892261E-17	2.150600E-18
1.388939E+04	3.904167E-17	2.163399E-18
1.392939E+04	3.911783E-17	2.173657E-18
1.396939E+04	3.914876E-17	2.181232E-18
1.400939E+04	3.913310E-17	2.186037E-18
1.404939E+04	3.907059E-17	2.188047E-18
1.408939E+04	3.896207E-17	2.187301E-18
1.412939E+04	3.880934E-17	2.183894E-18
1.416939E+04	3.861503E-17	2.177970E-18
1.420939E+04	3.838254E-17	2.169718E-18
1.424939E+04	3.811588E-17	2.159368E-18
1.428939E+04	3.781962E-17	2.147179E-18
1.432939E+04	3.749876E-17	2.133442E-18
1.436939E+04	3.715862E-17	2.118468E-18
1.440939E+04	3.680468E-17	2.102578E-18
1.444939E+04	3.644257E-17	2.086106E-18
1.448939E+04	3.607786E-17	2.069384E-18
1.452939E+04	3.571606E-17	2.052744E-18
1.456939E+04	3.536243E-17	2.036507E-18
1.460939E+04	3.502195E-17	2.020976E-18
1.464939E+04	3.469917E-17	2.006436E-18
1.468939E+04	3.439822E-17	1.993147E-18
1.472939E+04	3.412282E-17	1.981349E-18
1.476939E+04	3.387617E-17	1.971251E-18
1.480939E+04	3.366106E-17	1.963043E-18
1.484939E+04	3.347978E-17	1.956885E-18
1.488939E+04	3.333416E-17	1.952915E-18
1.492939E+04	3.322564E-17	1.951246E-18
1.496939E+04	3.315525E-17	1.951973E-18
1.500939E+04	3.312367E-17	1.955167E-18
1.504939E+04	3.313117E-17	1.960882E-18
1.508939E+04	3.317769E-17	1.969151E-18
1.512939E+04	3.326270E-17	1.979982E-18
1.516939E+04	3.338522E-17	1.993357E-18
1.520939E+04	3.354369E-17	2.009224E-18
1.524939E+04	3.373572E-17	2.027484E-18
1.528939E+04	3.395821E-17	2.047993E-18
1.532939E+04	3.420723E-17	2.070560E-18
1.536939E+04	3.447894E-17	2.094994E-18
1.540939E+04	3.477182E-17	2.121242E-18
1.544939E+04	3.508560E-17	2.149311E-18
1.548939E+04	3.541883E-17	2.179138E-18
1.552939E+04	3.576869E-17	2.210572E-18
1.556939E+04	3.613094E-17	2.243373E-18
1.560939E+04	3.649978E-17	2.277199E-18
1.564939E+04	3.686815E-17	2.311622E-18
1.568939E+04	3.722820E-17	2.346158E-18
1.572939E+04	3.757150E-17	2.380271E-18
1.576939E+04	3.788933E-17	2.413397E-18
1.580939E+04	3.817283E-17	2.444950E-18
1.584939E+04	3.841325E-17	2.474334E-18
1.588939E+04	3.860205E-17	2.500954E-18
1.592939E+04	3.873112E-17	2.524226E-18
1.596939E+04	3.879293E-17	2.543585E-18
1.600939E+04	3.878059E-17	2.558499E-18
1.604939E+04	3.868837E-17	2.568491E-18
1.608939E+04	3.851206E-17	2.573173E-18
1.612939E+04	3.824948E-17	2.572285E-18
1.616939E+04	3.790085E-17	2.565713E-18
1.620939E+04	3.746989E-17	2.553573E-18
1.624939E+04	3.696358E-17	2.536204E-18
1.628939E+04	3.639106E-17	2.514105E-18
1.632939E+04	3.576268E-17	2.487875E-18
1.636939E+04	3.508966E-17	2.458189E-18
1.640939E+04	3.438355E-17	2.425769E-18
1.644939E+04	3.365558E-17	2.391335E-18
1.648939E+04	3.291613E-17	2.355570E-18
1.652939E+04	3.217456E-17	2.319105E-18
1.656939E+04	3.143889E-17	2.282492E-18
1.660939E+04	3.071578E-17	2.246206E-18
1.664939E+04	3.001059E-17	2.210637E-18
1.668939E+04	2.932741E-17	2.176098E-18
1.672939E+04	2.866926E-17	2.142829E-18
1.676939E+04	2.803823E-17	2.111011E-18
1.680939E+04	2.743567E-17	2.080775E-18
1.684939E+04	2.686234E-17	2.052210E-18
1.688939E+04	2.631850E-17	2.025370E-18
1.692939E+04	2.580412E-17	2.000289E-18
1.696939E+04	2.531885E-17	1.976979E-18
1.700939E+04	2.486225E-17	1.955443E-18
1.704939E+04	2.443375E-17	1.935676E-18
1.708939E+04	2.403282E-17	1.917671E-18
1.712939E+04	2.365892E-17	1.901428E-18
1.716939E+04	2.331165E-17	1.886950E-18
1.720939E+04	2.299070E-17	1.874253E-18
1.724939E+04	2.269589E-17	1.863360E-18
1.728939E+04	2.242718E-17	1.854309E-18
1.732939E+04	2.218471E-17	1.847150E-18
1.736939E+04	2.196870E-17	1.841943E-18
1.740939E+04	2.177955E-17	1.838763E-18
1.744939E+04	2.161777E-17	1.837696E-18
1.748939E+04	2.148397E-17	1.838840E-18
1.752939E+04	2.137888E-17	1.842299E-18
1.756939E+04	2.130326E-17	1.848190E-18
1.760939E+04	2.125794E-17	1.856631E-18
1.764939E+04	2.124376E-17	1.867746E-18
1.768939E+04	2.126151E-17	1.881657E-18
1.772939E+04	2.131192E-17	1.898481E-18
1.776939E+04	2.139558E-17	1.918324E-18
1.780939E+04	2.151289E-17	1.941279E-18
1.784939E+04	2.166406E-17	1.967419E-18
1.788939E+04	2.184901E-17	1.996792E-18
1.792939E+04	2.206729E-17	2.029411E-18
1.796939E+04	2.231812E-17	2.065260E-18
1.800939E+04	2.260023E-17	2.104271E-18
1.804939E+04	2.291189E-17	2.146333E-18
1.808939E+04	2.325082E-17	2.191279E-18
1.812939E+04	2.361421E-17	2.238882E-18
1.816939E+04	2.399861E-17	2.288852E-18
1.820939E+04	2.440006E-17	2.340840E-18
1.824939E+04	2.481404E-17	2.394435E-18
1.828939E+04	2.523551E-17	2.449163E-18
1.832939E+04	2.565905E-17	2.504503E-18
1.836939E+04	2.607895E-17	2.559894E-18
1.840939E+04	2.648935E-17	2.614746E-18
1.844939E+04	2.688437E-17	2.668455E-18
1.848939E+04	2.725838E-17	2.720431E-18
1.852939E+04	2.760608E-17	2.770100E-18
1.856939E+04	2.792257E-17	2.816924E-18
1.860939E+04	2.820348E-17	2.860403E-18
1.864939E+04	2.844507E-17	2.900097E-18
1.868939E+04	2.864424E-17	2.935621E-18
1.872939E+04	2.879869E-17	2.966666E-18
1.876939E+04	2.890706E-17	2.993021E-18
1.880939E+04	2.896899E-17	3.014572E-18
1.884939E+04	2.898490E-17	3.031288E-18
1.888939E+04	2.895589E-17	3.043213E-18
1.892939E+04	2.888375E-17	3.050466E-18
1.896939E+04	2.877089E-17	3.053234E-18
1.900939E+04	2.862025E-17	3.051772E-18
1.904939E+04	2.843534E-17	3.046397E-18
1.908939E+04	2.822016E-17	3.037489E-18
1.912939E+04	2.797906E-17	3.025476E-18
1.916939E+04	2.771658E-17	3.010812E-18
1.920939E+04	2.743727E-17	2.993965E-18
1.924939E+04	2.714561E-17	2.975404E-18
1.928939E+04	2.684589E-17	2.955585E-18
1.932939E+04	2.654211E-17	2.934940E-18
1.936939E+04	2.623794E-17	2.913876E-18
1.940939E+04	2.593668E-17	2.892762E-18
1.944939E+04	2.564126E-17	2.871932E-18
1.948939E+04	2.535411E-17	2.851673E-18
1.952939E+04	2.507724E-17	2.832224E-18
1.956939E+04	2.481218E-17	2.813776E-18
1.960939E+04	2.455994E-17	2.796464E-18
1.964939E+04	2.432119E-17	2.780385E-18
1.968939E+04	2.409613E-17	2.765580E-18
1.972939E+04	2.388456E-17	2.752051E-18
1.976939E+04	2.368594E-17	2.739753E-18
1.980939E+04	2.349946E-17	2.728613E-18
1.984939E+04	2.332401E-17	2.718518E-18
1.988939E+04	2.315829E-17	2.709335E-18
1.992939E+04	2.300084E-17	2.700904E-18
1.996939E+04	2.285004E-17	2.693049E-18
2.000939E+04	2.270419E-17	2.685579E-18
2.004939E+04	2.256152E-17	2.678291E-18
2.008939E+04	2.242022E-17	2.670977E-18
2.012939E+04	2.227840E-17	2.663412E-18
2.016939E+04	2.213417E-17	2.655371E-18
2.020939E+04	2.198566E-17	2.646628E-18
2.024939E+04	2.183115E-17	2.636972E-18
2.028939E+04	2.166903E-17	2.626201E-18
2.032939E+04	2.149792E-17	2.614143E-18
2.036939E+04	2.131667E-17	2.600645E-18
2.040939E+04	2.112437E-17	2.585588E-18
2.044939E+04	2.092040E-17	2.568884E-18
2.048939E+04	2.070442E-17	2.550479E-18
2.052939E+04	2.047634E-17	2.530352E-18
2.056939E+04	2.023634E-17	2.508511E-18
2.060939E+04	1.998481E-17	2.484995E-18
2.064939E+04	1.972238E-17	2.459872E-18
2.068939E+04	1.944990E-17	2.433238E-18
2.072939E+04	1.916840E-17	2.405213E-18
2.076939E+04	1.887905E-17	2.375939E-18
2.080939E+04	1.858321E-17	2.345580E-18
2.084939E+04	1.828236E-17	2.314319E-18
2.088939E+04	1.797814E-17	2.282363E-18
2.092939E+04	1.767232E-17	2.249934E-18
2.096939E+04	1.736674E-17	2.217272E-18
2.100939E+04	1.706338E-17	2.184630E-18
2.104939E+04	1.676425E-17	2.152272E-18
2.108939E+04	1.647142E-17	2.120473E-18
2.112939E+04	1.618697E-17	2.089512E-18
2.116939E+04	1.591303E-17	2.059671E-18
2.120939E+04	1.565159E-17	2.031227E-18
2.124939E+04	1.540463E-17	2.004450E-18
2.128939E+04	1.517401E-17	1.979602E-18
2.132939E+04	1.496142E-17	1.956918E-18
2.136939E+04	1.476830E-17	1.936612E-18
2.140939E+04	1.459587E-17	1.918863E-18
2.144939E+04	1.444500E-17	1.903806E-18
2.148939E+04	1.431604E-17	1.891512E-18
2.152939E+04	1.420843E-17	1.881929E-18
2.156939E+04	1.412047E-17	1.874852E-18
2.160939E+04	1.404983E-17	1.869991E-18
2.164939E+04	1.399392E-17	1.867017E-18
2.168939E+04	1.395000E-17	1.865580E-18
2.172939E+04	1.391534E-17	1.865325E-18
2.176939E+04	1.388727E-17	1.865899E-18
2.180939E+04	1.386322E-17	1.866968E-18
2.184939E+04	1.384080E-17	1.868210E-18
2.188939E+04	1.381787E-17	1.869337E-18
2.192939E+04	1.379249E-17	1.870087E-18
2.196939E+04	1.376301E-17	1.870233E-18
2.200939E+04	1.372809E-17	1.869587E-18
2.204939E+04	1.368661E-17	1.867997E-18
2.208939E+04	1.363780E-17	1.865347E-18
2.212939E+04	1.358111E-17	1.861559E-18
2.216939E+04	1.351631E-17	1.856593E-18
2.220939E+04	1.344344E-17	1.850448E-18
2.224939E+04	1.336281E-17	1.843161E-18
2.228939E+04	1.327493E-17	1.834796E-18
2.232939E+04	1.318048E-17	1.825443E-18
2.236939E+04	1.308038E-17	1.815223E-18
2.240939E+04	1.297560E-17	1.804267E-18
2.244939E+04	1.286723E-17	1.792726E-18
2.248939E+04	1.275643E-17	1.780756E-18
2.252939E+04	1.264439E-17	1.768526E-18
2.256939E+04	1.253229E-17	1.756199E-18
2.260939E+04	1.242134E-17	1.743947E-18
2.264939E+04	1.231265E-17	1.731927E-18
2.268939E+04	1.220731E-17	1.720295E-18
2.272939E+04	1.210632E-17	1.709196E-18
2.276939E+04	1.201058E-17	1.698763E-18
2.280939E+04	1.192092E-17	1.689114E-18
2.284939E+04	1.183801E-17	1.680354E-18
2.288939E+04	1.176248E-17	1.672576E-18
2.292939E+04	1.169484E-17	1.665859E-18
2.296939E+04	1.163553E-17	1.660273E-18
2.300939E+04	1.158489E-17	1.655872E-18
2.304939E+04	1.154318E-17	1.652701E-18
2.308939E+04	1.151058E-17	1.650793E-18
2.312939E+04	1.148721E-17	1.650171E-18
2.316939E+04	1.147315E-17	1.650853E-18
2.320939E+04	1.146841E-17	1.652848E-18
2.324939E+04	1.147296E-17	1.656159E-18
2.328939E+04	1.148673E-17	1.660781E-18
2.332939E+04	1.150963E-17	1.666708E-18
2.336939E+04	1.154153E-17	1.673927E-18
2.340939E+04	1.158228E-17	1.682424E-18
2.344939E+04	1.163175E-17	1.692183E-18
2.348939E+04	1.168977E-17	1.703187E-18
2.352939E+04	1.175615E-17	1.715414E-18
2.356939E+04	1.183067E-17	1.728835E-18
2.360939E+04	1.191308E-17	1.743419E-18
2.364939E+04	1.200311E-17	1.759132E-18
2.368939E+04	1.210050E-17	1.775939E-18
2.372939E+04	1.220498E-17	1.793807E-18
2.376939E+04	1.231625E-17	1.812693E-18
2.380939E+04	1.243394E-17	1.832547E-18
2.384939E+04	1.255768E-17	1.853317E-18
2.388939E+04	1.268705E-17	1.874946E-18
2.392939E+04	1.282164E-17	1.897375E-18
2.396939E+04	1.296106E-17	1.920550E-18
2.400939E+04	1.310490E-17	1.944410E-18
2.404939E+04	1.325281E-17	1.968906E-18
2.408939E+04	1.340440E-17	1.993982E-18
2.412939E+04	1.355931E-17	2.019585E-18
2.416939E+04	1.371713E-17	2.045656E-18
2.420939E+04	1.387745E-17	2.072136E-18
2.424939E+04	1.403987E-17	2.098962E-18
2.428939E+04	1.420397E-17	2.126074E-18
2.432939E+04	1.436928E-17	2.153402E-18
2.436939E+04	1.453535E-17	2.180878E-18
2.440939E+04	1.470171E-17	2.208432E-18
2.444939E+04	1.486789E-17	2.235991E-18
2.448939E+04	1.503344E-17	2.263487E-18
