#wls	flux	fluxerr
3.289393E+03	5.369869E-19	3.298627E-20
3.329393E+03	5.625559E-19	3.407312E-20
3.369393E+03	5.898580E-19	3.522528E-20
3.409393E+03	6.189977E-19	3.644569E-20
3.449393E+03	6.500763E-19	3.773693E-20
3.489393E+03	6.831896E-19	3.910118E-20
3.529393E+03	7.184363E-19	4.054066E-20
3.569393E+03	7.559211E-19	4.205790E-20
3.609393E+03	7.957452E-19	4.365517E-20
3.649393E+03	8.380054E-19	4.533451E-20
3.689393E+03	8.827951E-19	4.709758E-20
3.729393E+03	9.301986E-19	4.894542E-20
3.769393E+03	9.802893E-19	5.087850E-20
3.809393E+03	1.033122E-18	5.289645E-20
3.849393E+03	1.088743E-18	5.499855E-20
3.889393E+03	1.147176E-18	5.718308E-20
3.929393E+03	1.208428E-18	5.944719E-20
3.969393E+03	1.272485E-18	6.178709E-20
4.009393E+03	1.339303E-18	6.419796E-20
4.049393E+03	1.408817E-18	6.667411E-20
4.089393E+03	1.480948E-18	6.920961E-20
4.129393E+03	1.555606E-18	7.179831E-20
4.169393E+03	1.632684E-18	7.443379E-20
4.209393E+03	1.712064E-18	7.710941E-20
4.249393E+03	1.793613E-18	7.981832E-20
4.289393E+03	1.877198E-18	8.255406E-20
4.329393E+03	1.962680E-18	8.531046E-20
4.369393E+03	2.049923E-18	8.808175E-20
4.409393E+03	2.138781E-18	9.086229E-20
4.449393E+03	2.229109E-18	9.364680E-20
4.489393E+03	2.320762E-18	9.643051E-20
4.529393E+03	2.413597E-18	9.920910E-20
4.569393E+03	2.507471E-18	1.019787E-19
4.609393E+03	2.602251E-18	1.047362E-19
4.649393E+03	2.697820E-18	1.074796E-19
4.689393E+03	2.794070E-18	1.102074E-19
4.729393E+03	2.890905E-18	1.129193E-19
4.769393E+03	2.988239E-18	1.156152E-19
4.809393E+03	3.085982E-18	1.182955E-19
4.849393E+03	3.184051E-18	1.209611E-19
4.889393E+03	3.282324E-18	1.236115E-19
4.929393E+03	3.380633E-18	1.262450E-19
4.969393E+03	3.478804E-18	1.288600E-19
5.009393E+03	3.576656E-18	1.314526E-19
5.049393E+03	3.673999E-18	1.340167E-19
5.089393E+03	3.770634E-18	1.365449E-19
5.129393E+03	3.866357E-18	1.390300E-19
5.169393E+03	3.960962E-18	1.414640E-19
5.209393E+03	4.054226E-18	1.438388E-19
5.249393E+03	4.145926E-18	1.461459E-19
5.289393E+03	4.235795E-18	1.483751E-19
5.329393E+03	4.323520E-18	1.505150E-19
5.369393E+03	4.408737E-18	1.525522E-19
5.409393E+03	4.491027E-18	1.544719E-19
5.449393E+03	4.569941E-18	1.562586E-19
5.489393E+03	4.645028E-18	1.578970E-19
5.529393E+03	4.715828E-18	1.593717E-19
5.569393E+03	4.781873E-18	1.606680E-19
5.609393E+03	4.842721E-18	1.617722E-19
5.649393E+03	4.897988E-18	1.626732E-19
5.689393E+03	4.947331E-18	1.633620E-19
5.729393E+03	4.990494E-18	1.638327E-19
5.769393E+03	5.027337E-18	1.640839E-19
5.809393E+03	5.057818E-18	1.641178E-19
5.849393E+03	5.081994E-18	1.639402E-19
5.889393E+03	5.100034E-18	1.635607E-19
5.929393E+03	5.112213E-18	1.629928E-19
5.969393E+03	5.118895E-18	1.622526E-19
6.009393E+03	5.120499E-18	1.613584E-19
6.049393E+03	5.117514E-18	1.603302E-19
6.089393E+03	5.110509E-18	1.591910E-19
6.129393E+03	5.100134E-18	1.579658E-19
6.169393E+03	5.087081E-18	1.566806E-19
6.209393E+03	5.072074E-18	1.553622E-19
6.249393E+03	5.055872E-18	1.540383E-19
6.289393E+03	5.039258E-18	1.527366E-19
6.329393E+03	5.023019E-18	1.514847E-19
6.369393E+03	5.007897E-18	1.503086E-19
6.409393E+03	4.994566E-18	1.492316E-19
6.449393E+03	4.983629E-18	1.482749E-19
6.489393E+03	4.975599E-18	1.474530E-19
6.529393E+03	4.970913E-18	1.467731E-19
6.569393E+03	4.969968E-18	1.462402E-19
6.609393E+03	4.973103E-18	1.458579E-19
6.649393E+03	4.980596E-18	1.456281E-19
6.689393E+03	4.992646E-18	1.455503E-19
6.729393E+03	5.009380E-18	1.456226E-19
6.769393E+03	5.030876E-18	1.458414E-19
6.809393E+03	5.057180E-18	1.462027E-19
6.849393E+03	5.088288E-18	1.467014E-19
6.889393E+03	5.124096E-18	1.473294E-19
6.929393E+03	5.164410E-18	1.480768E-19
6.969393E+03	5.208957E-18	1.489314E-19
7.009393E+03	5.257410E-18	1.498800E-19
7.049393E+03	5.309403E-18	1.509087E-19
7.089393E+03	5.364550E-18	1.520034E-19
7.129393E+03	5.422432E-18	1.531494E-19
7.169393E+03	5.482605E-18	1.543321E-19
7.209393E+03	5.544589E-18	1.555363E-19
7.249393E+03	5.607867E-18	1.567465E-19
7.289393E+03	5.671885E-18	1.579465E-19
7.329393E+03	5.736106E-18	1.591217E-19
7.369393E+03	5.800052E-18	1.602598E-19
7.409393E+03	5.863265E-18	1.613496E-19
7.449393E+03	5.925308E-18	1.623815E-19
7.489393E+03	5.985797E-18	1.633480E-19
7.529393E+03	6.044418E-18	1.642445E-19
7.569393E+03	6.100915E-18	1.650683E-19
7.609393E+03	6.155089E-18	1.658192E-19
7.649393E+03	6.206778E-18	1.664987E-19
7.689393E+03	6.255852E-18	1.671094E-19
7.729393E+03	6.302191E-18	1.676549E-19
7.769393E+03	6.345615E-18	1.681375E-19
7.809393E+03	6.385813E-18	1.685564E-19
7.849393E+03	6.422339E-18	1.689076E-19
7.889393E+03	6.454918E-18	1.691895E-19
7.929393E+03	6.483412E-18	1.693950E-19
7.969393E+03	6.507635E-18	1.695133E-19
8.009393E+03	6.527446E-18	1.695342E-19
8.049393E+03	6.542744E-18	1.694491E-19
8.089393E+03	6.553501E-18	1.692511E-19
8.129393E+03	6.559788E-18	1.689364E-19
8.169393E+03	6.561771E-18	1.685038E-19
8.209393E+03	6.559736E-18	1.679558E-19
8.249393E+03	6.554123E-18	1.672992E-19
8.289393E+03	6.545602E-18	1.665474E-19
8.329393E+03	6.535041E-18	1.657192E-19
8.369393E+03	6.523372E-18	1.648355E-19
8.409393E+03	6.511529E-18	1.639179E-19
8.449393E+03	6.500411E-18	1.629873E-19
8.489393E+03	6.490818E-18	1.620628E-19
8.529393E+03	6.483446E-18	1.611614E-19
8.569393E+03	6.478845E-18	1.602969E-19
8.609393E+03	6.477420E-18	1.594803E-19
8.649393E+03	6.479458E-18	1.587202E-19
8.689393E+03	6.485128E-18	1.580233E-19
8.729393E+03	6.494465E-18	1.573936E-19
8.769393E+03	6.507339E-18	1.568324E-19
8.809393E+03	6.523485E-18	1.563388E-19
8.849393E+03	6.542576E-18	1.559117E-19
8.889393E+03	6.564294E-18	1.555517E-19
8.929393E+03	6.588296E-18	1.552600E-19
8.969393E+03	6.614190E-18	1.550383E-19
9.009393E+03	6.641600E-18	1.548902E-19
9.049393E+03	6.670189E-18	1.548215E-19
9.089393E+03	6.699673E-18	1.548408E-19
9.129393E+03	6.729951E-18	1.549623E-19
9.169393E+03	6.761207E-18	1.552075E-19
9.209393E+03	6.793797E-18	1.556031E-19
9.249393E+03	6.827505E-18	1.561585E-19
9.289393E+03	6.861840E-18	1.568699E-19
9.329393E+03	6.896380E-18	1.577349E-19
9.369393E+03	6.930714E-18	1.587518E-19
9.409393E+03	6.964453E-18	1.599198E-19
9.449393E+03	6.997245E-18	1.612390E-19
9.489393E+03	7.028758E-18	1.627107E-19
9.529393E+03	7.058705E-18	1.643370E-19
9.569393E+03	7.086789E-18	1.661196E-19
9.609393E+03	7.112655E-18	1.680590E-19
9.649393E+03	7.135913E-18	1.701542E-19
9.689393E+03	7.156172E-18	1.724037E-19
9.729393E+03	7.173035E-18	1.748047E-19
9.769393E+03	7.186133E-18	1.773539E-19
9.809393E+03	7.195158E-18	1.800482E-19
9.849393E+03	7.199907E-18	1.828855E-19
9.889393E+03	7.200367E-18	1.858667E-19
9.929393E+03	7.196733E-18	1.889954E-19
9.969393E+03	7.189302E-18	1.922632E-19
1.000939E+04	7.178453E-18	1.956575E-19
1.004939E+04	7.164690E-18	1.991698E-19
1.008939E+04	7.148615E-18	2.027940E-19
1.012939E+04	7.130889E-18	2.065275E-19
1.016939E+04	7.112207E-18	2.103706E-19
1.020939E+04	7.093279E-18	2.143259E-19
1.024939E+04	7.074819E-18	2.183990E-19
1.028939E+04	7.057540E-18	2.225978E-19
1.032939E+04	7.042174E-18	2.269339E-19
1.036939E+04	7.029464E-18	2.314220E-19
1.040939E+04	7.020183E-18	2.360810E-19
1.044939E+04	7.015101E-18	2.409328E-19
1.048939E+04	7.014912E-18	2.459998E-19
1.052939E+04	7.020175E-18	2.513023E-19
1.056939E+04	7.031310E-18	2.568582E-19
1.060939E+04	7.048625E-18	2.626828E-19
1.064939E+04	7.072350E-18	2.687903E-19
1.068939E+04	7.102672E-18	2.751942E-19
1.072939E+04	7.139707E-18	2.819062E-19
1.076939E+04	7.183493E-18	2.889357E-19
1.080939E+04	7.233990E-18	2.962890E-19
1.084939E+04	7.291062E-18	3.039686E-19
1.088939E+04	7.354556E-18	3.119760E-19
1.092939E+04	7.424339E-18	3.203130E-19
1.096939E+04	7.500209E-18	3.289782E-19
1.100939E+04	7.581820E-18	3.379628E-19
1.104939E+04	7.668623E-18	3.472480E-19
1.108939E+04	7.759930E-18	3.568067E-19
1.112939E+04	7.854931E-18	3.666043E-19
1.116939E+04	7.952639E-18	3.765953E-19
1.120939E+04	8.051873E-18	3.867221E-19
1.124939E+04	8.151302E-18	3.969165E-19
1.128939E+04	8.249496E-18	4.071019E-19
1.132939E+04	8.344936E-18	4.171937E-19
1.136939E+04	8.436026E-18	4.270995E-19
1.140939E+04	8.521131E-18	4.367211E-19
1.144939E+04	8.598559E-18	4.459541E-19
1.148939E+04	8.666593E-18	4.546886E-19
1.152939E+04	8.723626E-18	4.628173E-19
1.156939E+04	8.768189E-18	4.702377E-19
1.160939E+04	8.799060E-18	4.768576E-19
1.164939E+04	8.815575E-18	4.826141E-19
1.168939E+04	8.818099E-18	4.875006E-19
1.172939E+04	8.807854E-18	4.915600E-19
1.176939E+04	8.786517E-18	4.948643E-19
1.180939E+04	8.755992E-18	4.975034E-19
1.184939E+04	8.718204E-18	4.995725E-19
1.188939E+04	8.674918E-18	5.011624E-19
1.192939E+04	8.627663E-18	5.023542E-19
1.196939E+04	8.577719E-18	5.032177E-19
1.200939E+04	8.526061E-18	5.038070E-19
1.204939E+04	8.473392E-18	5.041623E-19
1.208939E+04	8.420195E-18	5.043121E-19
1.212939E+04	8.366726E-18	5.042716E-19
1.216939E+04	8.313020E-18	5.040439E-19
1.220939E+04	8.258959E-18	5.036223E-19
1.224939E+04	8.204323E-18	5.029942E-19
1.228939E+04	8.148786E-18	5.021402E-19
1.232939E+04	8.091953E-18	5.010363E-19
1.236939E+04	8.033369E-18	4.996548E-19
1.240939E+04	7.972555E-18	4.979659E-19
1.244939E+04	7.909043E-18	4.959406E-19
1.248939E+04	7.842404E-18	4.935520E-19
1.252939E+04	7.772303E-18	4.907793E-19
1.256939E+04	7.698541E-18	4.876104E-19
1.260939E+04	7.621123E-18	4.840465E-19
1.264939E+04	7.540386E-18	4.801104E-19
1.268939E+04	7.456960E-18	4.758442E-19
1.272939E+04	7.371708E-18	4.713058E-19
1.276939E+04	7.285667E-18	4.665649E-19
1.280939E+04	7.200043E-18	4.617026E-19
1.284939E+04	7.116177E-18	4.568091E-19
1.288939E+04	7.035454E-18	4.519781E-19
1.292939E+04	6.959210E-18	4.472997E-19
1.296939E+04	6.888691E-18	4.428585E-19
1.300939E+04	6.825031E-18	4.387309E-19
1.304939E+04	6.769205E-18	4.349830E-19
1.308939E+04	6.722036E-18	4.316699E-19
1.312939E+04	6.684179E-18	4.288350E-19
1.316939E+04	6.656089E-18	4.265077E-19
1.320939E+04	6.637938E-18	4.246984E-19
1.324939E+04	6.629613E-18	4.233980E-19
1.328939E+04	6.630757E-18	4.225808E-19
1.332939E+04	6.640775E-18	4.222053E-19
1.336939E+04	6.658870E-18	4.222167E-19
1.340939E+04	6.684058E-18	4.225479E-19
1.344939E+04	6.715191E-18	4.231214E-19
1.348939E+04	6.750981E-18	4.238516E-19
1.352939E+04	6.790001E-18	4.246444E-19
1.356939E+04	6.830707E-18	4.254001E-19
1.360939E+04	6.871500E-18	4.260165E-19
1.364939E+04	6.910840E-18	4.263972E-19
1.368939E+04	6.947355E-18	4.264582E-19
1.372939E+04	6.979930E-18	4.261329E-19
1.376939E+04	7.007722E-18	4.253738E-19
1.380939E+04	7.030077E-18	4.241462E-19
1.384939E+04	7.046466E-18	4.224244E-19
1.388939E+04	7.056499E-18	4.201928E-19
1.392939E+04	7.059963E-18	4.174476E-19
1.396939E+04	7.056842E-18	4.141977E-19
1.400939E+04	7.047285E-18	4.104625E-19
1.404939E+04	7.031558E-18	4.062685E-19
1.408939E+04	7.010054E-18	4.016498E-19
1.412939E+04	6.983316E-18	3.966490E-19
1.416939E+04	6.951999E-18	3.913145E-19
1.420939E+04	6.916772E-18	3.856948E-19
1.424939E+04	6.878340E-18	3.798394E-19
1.428939E+04	6.837503E-18	3.738020E-19
1.432939E+04	6.795133E-18	3.676387E-19
1.436939E+04	6.752105E-18	3.614043E-19
1.440939E+04	6.709258E-18	3.551496E-19
1.444939E+04	6.667407E-18	3.489227E-19
1.448939E+04	6.627359E-18	3.427691E-19
1.452939E+04	6.589947E-18	3.367340E-19
1.456939E+04	6.555980E-18	3.308594E-19
1.460939E+04	6.526189E-18	3.251814E-19
1.464939E+04	6.501264E-18	3.197322E-19
1.468939E+04	6.481898E-18	3.145426E-19
1.472939E+04	6.468819E-18	3.096432E-19
1.476939E+04	6.462792E-18	3.050650E-19
1.480939E+04	6.464562E-18	3.008359E-19
1.484939E+04	6.474810E-18	2.969795E-19
1.488939E+04	6.494227E-18	2.935182E-19
1.492939E+04	6.523533E-18	2.904749E-19
1.496939E+04	6.563392E-18	2.878685E-19
1.500939E+04	6.614377E-18	2.857134E-19
1.504939E+04	6.676968E-18	2.840198E-19
1.508939E+04	6.751546E-18	2.827938E-19
1.512939E+04	6.838437E-18	2.820401E-19
1.516939E+04	6.937962E-18	2.817644E-19
1.520939E+04	7.050403E-18	2.819726E-19
1.524939E+04	7.175906E-18	2.826670E-19
1.528939E+04	7.314367E-18	2.838434E-19
1.532939E+04	7.465260E-18	2.854847E-19
1.536939E+04	7.627529E-18	2.875591E-19
1.540939E+04	7.799638E-18	2.900231E-19
1.544939E+04	7.981060E-18	2.928775E-19
1.548939E+04	8.172711E-18	2.961802E-19
1.552939E+04	8.375078E-18	2.999768E-19
1.556939E+04	8.587920E-18	3.042903E-19
1.560939E+04	8.810407E-18	3.091260E-19
1.564939E+04	9.041228E-18	3.144671E-19
1.568939E+04	9.278604E-18	3.202824E-19
1.572939E+04	9.520280E-18	3.265278E-19
1.576939E+04	9.763745E-18	3.331543E-19
1.580939E+04	1.000641E-17	3.401126E-19
1.584939E+04	1.024553E-17	3.473487E-19
1.588939E+04	1.047824E-17	3.548058E-19
1.592939E+04	1.070177E-17	3.624272E-19
1.596939E+04	1.091327E-17	3.701513E-19
1.600939E+04	1.110984E-17	3.779098E-19
1.604939E+04	1.128869E-17	3.856325E-19
1.608939E+04	1.144763E-17	3.932625E-19
1.612939E+04	1.158555E-17	4.007717E-19
1.616939E+04	1.170273E-17	4.081726E-19
1.620939E+04	1.180085E-17	4.155203E-19
1.624939E+04	1.188247E-17	4.228966E-19
1.628939E+04	1.194879E-17	4.303329E-19
1.632939E+04	1.199798E-17	4.377466E-19
1.636939E+04	1.202867E-17	4.450619E-19
1.640939E+04	1.204052E-17	4.522203E-19
1.644939E+04	1.203439E-17	4.591940E-19
1.648939E+04	1.201176E-17	4.659782E-19
1.652939E+04	1.197450E-17	4.725821E-19
1.656939E+04	1.192452E-17	4.790213E-19
1.660939E+04	1.186381E-17	4.853170E-19
1.664939E+04	1.179445E-17	4.914999E-19
1.668939E+04	1.171843E-17	4.976032E-19
1.672939E+04	1.163737E-17	5.036521E-19
1.676939E+04	1.155270E-17	5.096678E-19
1.680939E+04	1.146568E-17	5.156714E-19
1.684939E+04	1.137735E-17	5.216789E-19
1.688939E+04	1.128858E-17	5.277047E-19
1.692939E+04	1.120015E-17	5.337625E-19
1.696939E+04	1.111270E-17	5.398641E-19
1.700939E+04	1.102674E-17	5.460189E-19
1.704939E+04	1.094270E-17	5.522359E-19
1.708939E+04	1.086103E-17	5.585276E-19
1.712939E+04	1.078220E-17	5.649107E-19
1.716939E+04	1.070666E-17	5.714052E-19
1.720939E+04	1.063486E-17	5.780324E-19
1.724939E+04	1.056723E-17	5.848167E-19
1.728939E+04	1.050427E-17	5.917885E-19
1.732939E+04	1.044657E-17	5.989864E-19
1.736939E+04	1.039474E-17	6.064539E-19
1.740939E+04	1.034940E-17	6.142365E-19
1.744939E+04	1.031105E-17	6.223788E-19
1.748939E+04	1.028021E-17	6.309270E-19
1.752939E+04	1.025740E-17	6.399305E-19
1.756939E+04	1.024308E-17	6.494376E-19
1.760939E+04	1.023763E-17	6.594940E-19
1.764939E+04	1.024140E-17	6.701453E-19
1.768939E+04	1.025475E-17	6.814391E-19
1.772939E+04	1.027802E-17	6.934234E-19
1.776939E+04	1.031152E-17	7.061461E-19
1.780939E+04	1.035551E-17	7.196534E-19
1.784939E+04	1.041018E-17	7.339869E-19
1.788939E+04	1.047558E-17	7.491789E-19
1.792939E+04	1.055152E-17	7.652460E-19
1.796939E+04	1.063759E-17	7.821854E-19
1.800939E+04	1.073315E-17	7.999780E-19
1.804939E+04	1.083741E-17	8.185890E-19
1.808939E+04	1.094940E-17	8.379675E-19
1.812939E+04	1.106801E-17	8.580479E-19
1.816939E+04	1.119197E-17	8.787453E-19
1.820939E+04	1.131970E-17	8.999486E-19
1.824939E+04	1.144947E-17	9.215262E-19
1.828939E+04	1.157949E-17	9.433350E-19
1.832939E+04	1.170797E-17	9.652254E-19
1.836939E+04	1.183318E-17	9.870456E-19
1.840939E+04	1.195344E-17	1.008640E-18
1.844939E+04	1.206695E-17	1.029840E-18
1.848939E+04	1.217194E-17	1.050469E-18
1.852939E+04	1.226681E-17	1.070361E-18
1.856939E+04	1.235032E-17	1.089375E-18
1.860939E+04	1.242145E-17	1.107386E-18
1.864939E+04	1.247927E-17	1.124272E-18
1.868939E+04	1.252302E-17	1.139927E-18
1.872939E+04	1.255222E-17	1.154264E-18
1.876939E+04	1.256683E-17	1.167237E-18
1.880939E+04	1.256742E-17	1.178860E-18
1.884939E+04	1.255496E-17	1.189185E-18
1.888939E+04	1.253063E-17	1.198287E-18
1.892939E+04	1.249588E-17	1.206274E-18
1.896939E+04	1.245229E-17	1.213273E-18
1.900939E+04	1.240141E-17	1.219412E-18
1.904939E+04	1.234479E-17	1.224826E-18
1.908939E+04	1.228403E-17	1.229660E-18
1.912939E+04	1.222071E-17	1.234063E-18
1.916939E+04	1.215631E-17	1.238180E-18
1.920939E+04	1.209219E-17	1.242148E-18
1.924939E+04	1.202973E-17	1.246113E-18
1.928939E+04	1.197027E-17	1.250220E-18
1.932939E+04	1.191512E-17	1.254613E-18
1.936939E+04	1.186541E-17	1.259427E-18
1.940939E+04	1.182208E-17	1.264774E-18
1.944939E+04	1.178582E-17	1.270748E-18
1.948939E+04	1.175713E-17	1.277419E-18
1.952939E+04	1.173626E-17	1.284836E-18
1.956939E+04	1.172332E-17	1.293029E-18
1.960939E+04	1.171829E-17	1.302016E-18
1.964939E+04	1.172113E-17	1.311813E-18
1.968939E+04	1.173174E-17	1.322427E-18
1.972939E+04	1.174993E-17	1.333855E-18
1.976939E+04	1.177538E-17	1.346077E-18
1.980939E+04	1.180765E-17	1.359063E-18
1.984939E+04	1.184625E-17	1.372768E-18
1.988939E+04	1.189060E-17	1.387142E-18
1.992939E+04	1.194007E-17	1.402120E-18
1.996939E+04	1.199397E-17	1.417635E-18
2.000939E+04	1.205156E-17	1.433607E-18
2.004939E+04	1.211208E-17	1.449954E-18
2.008939E+04	1.217476E-17	1.466587E-18
2.012939E+04	1.223888E-17	1.483424E-18
2.016939E+04	1.230374E-17	1.500382E-18
2.020939E+04	1.236873E-17	1.517387E-18
2.024939E+04	1.243325E-17	1.534365E-18
2.028939E+04	1.249665E-17	1.551232E-18
2.032939E+04	1.255827E-17	1.567904E-18
2.036939E+04	1.261753E-17	1.584302E-18
2.040939E+04	1.267389E-17	1.600354E-18
2.044939E+04	1.272684E-17	1.615987E-18
2.048939E+04	1.277588E-17	1.631131E-18
2.052939E+04	1.282056E-17	1.645718E-18
2.056939E+04	1.286055E-17	1.659697E-18
2.060939E+04	1.289558E-17	1.673022E-18
2.064939E+04	1.292543E-17	1.685655E-18
2.068939E+04	1.294980E-17	1.697546E-18
2.072939E+04	1.296844E-17	1.708650E-18
2.076939E+04	1.298106E-17	1.718918E-18
2.080939E+04	1.298738E-17	1.728301E-18
2.084939E+04	1.298712E-17	1.736748E-18
2.088939E+04	1.297996E-17	1.744205E-18
2.092939E+04	1.296557E-17	1.750614E-18
2.096939E+04	1.294364E-17	1.755920E-18
2.100939E+04	1.291382E-17	1.760061E-18
2.104939E+04	1.287581E-17	1.762981E-18
2.108939E+04	1.282939E-17	1.764636E-18
2.112939E+04	1.277451E-17	1.765004E-18
2.116939E+04	1.271136E-17	1.764099E-18
2.120939E+04	1.264031E-17	1.761955E-18
2.124939E+04	1.256185E-17	1.758629E-18
2.128939E+04	1.247658E-17	1.754193E-18
2.132939E+04	1.238518E-17	1.748734E-18
2.136939E+04	1.228844E-17	1.742352E-18
2.140939E+04	1.218718E-17	1.735158E-18
2.144939E+04	1.208223E-17	1.727262E-18
2.148939E+04	1.197432E-17	1.718767E-18
2.152939E+04	1.186407E-17	1.709756E-18
2.156939E+04	1.175180E-17	1.700274E-18
2.160939E+04	1.163773E-17	1.690352E-18
2.164939E+04	1.152205E-17	1.680015E-18
2.168939E+04	1.140487E-17	1.669280E-18
2.172939E+04	1.128635E-17	1.658166E-18
2.176939E+04	1.116663E-17	1.646697E-18
2.180939E+04	1.104589E-17	1.634899E-18
2.184939E+04	1.092436E-17	1.622803E-18
2.188939E+04	1.080226E-17	1.610446E-18
2.192939E+04	1.067985E-17	1.597866E-18
2.196939E+04	1.055736E-17	1.585099E-18
2.200939E+04	1.043502E-17	1.572181E-18
2.204939E+04	1.031306E-17	1.559150E-18
2.208939E+04	1.019174E-17	1.546047E-18
2.212939E+04	1.007136E-17	1.532920E-18
2.216939E+04	9.952217E-18	1.519817E-18
2.220939E+04	9.834597E-18	1.506787E-18
2.224939E+04	9.718767E-18	1.493873E-18
2.228939E+04	9.605002E-18	1.481124E-18
2.232939E+04	9.493615E-18	1.468591E-18
2.236939E+04	9.384937E-18	1.456332E-18
2.240939E+04	9.279289E-18	1.444401E-18
2.244939E+04	9.176936E-18	1.432847E-18
2.248939E+04	9.078101E-18	1.421709E-18
2.252939E+04	8.982955E-18	1.411022E-18
2.256939E+04	8.891678E-18	1.400819E-18
2.260939E+04	8.804469E-18	1.391140E-18
2.264939E+04	8.721488E-18	1.382016E-18
2.268939E+04	8.642834E-18	1.373470E-18
2.272939E+04	8.568554E-18	1.365516E-18
2.276939E+04	8.498671E-18	1.358166E-18
2.280939E+04	8.433258E-18	1.351438E-18
2.284939E+04	8.372441E-18	1.345358E-18
2.288939E+04	8.316352E-18	1.339955E-18
2.292939E+04	8.265115E-18	1.335256E-18
2.296939E+04	8.218850E-18	1.331288E-18
2.300939E+04	8.177692E-18	1.328079E-18
2.304939E+04	8.141774E-18	1.325658E-18
2.308939E+04	8.111216E-18	1.324053E-18
2.312939E+04	8.086132E-18	1.323288E-18
2.316939E+04	8.066634E-18	1.323389E-18
2.320939E+04	8.052826E-18	1.324381E-18
2.324939E+04	8.044800E-18	1.326287E-18
2.328939E+04	8.042628E-18	1.329124E-18
2.332939E+04	8.046354E-18	1.332908E-18
2.336939E+04	8.056015E-18	1.337653E-18
2.340939E+04	8.071663E-18	1.343373E-18
2.344939E+04	8.093363E-18	1.350086E-18
2.348939E+04	8.121190E-18	1.357812E-18
2.352939E+04	8.155225E-18	1.366572E-18
2.356939E+04	8.195556E-18	1.376386E-18
2.360939E+04	8.242283E-18	1.387279E-18
2.364939E+04	8.295518E-18	1.399277E-18
2.368939E+04	8.355364E-18	1.412403E-18
2.372939E+04	8.421877E-18	1.426673E-18
2.376939E+04	8.495049E-18	1.442094E-18
2.380939E+04	8.574835E-18	1.458664E-18
2.384939E+04	8.661159E-18	1.476377E-18
2.388939E+04	8.753927E-18	1.495222E-18
2.392939E+04	8.853019E-18	1.515185E-18
2.396939E+04	8.958289E-18	1.536247E-18
2.400939E+04	9.069544E-18	1.558380E-18
2.404939E+04	9.186542E-18	1.581548E-18
2.408939E+04	9.309016E-18	1.605709E-18
2.412939E+04	9.436668E-18	1.630817E-18
2.416939E+04	9.569169E-18	1.656819E-18
2.420939E+04	9.706210E-18	1.683664E-18
2.424939E+04	9.847565E-18	1.711317E-18
2.428939E+04	9.993071E-18	1.739752E-18
2.432939E+04	1.014254E-17	1.768940E-18
2.436939E+04	1.029574E-17	1.798842E-18
2.440939E+04	1.045245E-17	1.829424E-18
2.444939E+04	1.061249E-17	1.860652E-18
2.448939E+04	1.077564E-17	1.892493E-18
