#wls	flux	fluxerr
3.289393E+03	8.612756E-19	1.228541E-19
3.329393E+03	9.005676E-19	1.281653E-19
3.369393E+03	9.422585E-19	1.337889E-19
3.409393E+03	9.864665E-19	1.397389E-19
3.449393E+03	1.033311E-18	1.460292E-19
3.489393E+03	1.082906E-18	1.526729E-19
3.529393E+03	1.135367E-18	1.596829E-19
3.569393E+03	1.190793E-18	1.670700E-19
3.609393E+03	1.249280E-18	1.748438E-19
3.649393E+03	1.310903E-18	1.830110E-19
3.689393E+03	1.375723E-18	1.915766E-19
3.729393E+03	1.443782E-18	2.005423E-19
3.769393E+03	1.515111E-18	2.099082E-19
3.809393E+03	1.589736E-18	2.196740E-19
3.849393E+03	1.667693E-18	2.298403E-19
3.889393E+03	1.749043E-18	2.404113E-19
3.929393E+03	1.833877E-18	2.513948E-19
3.969393E+03	1.922309E-18	2.628019E-19
4.009393E+03	2.014468E-18	2.746453E-19
4.049393E+03	2.110493E-18	2.869389E-19
4.089393E+03	2.210526E-18	2.996965E-19
4.129393E+03	2.314709E-18	3.129322E-19
4.169393E+03	2.423189E-18	3.266599E-19
4.209393E+03	2.536110E-18	3.408929E-19
4.249393E+03	2.653613E-18	3.556438E-19
4.289393E+03	2.775835E-18	3.709247E-19
4.329393E+03	2.902904E-18	3.867457E-19
4.369393E+03	3.034928E-18	4.031144E-19
4.409393E+03	3.171999E-18	4.200358E-19
4.449393E+03	3.314184E-18	4.375110E-19
4.489393E+03	3.461516E-18	4.555373E-19
4.529393E+03	3.614003E-18	4.741078E-19
4.569393E+03	3.771622E-18	4.932117E-19
4.609393E+03	3.934319E-18	5.128342E-19
4.649393E+03	4.102002E-18	5.329555E-19
4.689393E+03	4.274543E-18	5.535512E-19
4.729393E+03	4.451767E-18	5.745908E-19
4.769393E+03	4.633456E-18	5.960389E-19
4.809393E+03	4.819349E-18	6.178546E-19
4.849393E+03	5.009145E-18	6.399922E-19
4.889393E+03	5.202485E-18	6.623993E-19
4.929393E+03	5.398948E-18	6.850160E-19
4.969393E+03	5.598061E-18	7.077769E-19
5.009393E+03	5.799288E-18	7.306090E-19
5.049393E+03	6.002020E-18	7.534313E-19
5.089393E+03	6.205572E-18	7.761542E-19
5.129393E+03	6.409179E-18	7.986798E-19
5.169393E+03	6.612008E-18	8.209028E-19
5.209393E+03	6.813178E-18	8.427135E-19
5.249393E+03	7.011763E-18	8.639986E-19
5.289393E+03	7.206818E-18	8.846439E-19
5.329393E+03	7.397377E-18	9.045347E-19
5.369393E+03	7.582475E-18	9.235585E-19
5.409393E+03	7.761160E-18	9.416060E-19
5.449393E+03	7.932515E-18	9.585742E-19
5.489393E+03	8.095684E-18	9.743695E-19
5.529393E+03	8.249896E-18	9.889100E-19
5.569393E+03	8.394491E-18	1.002129E-18
5.609393E+03	8.528922E-18	1.013975E-18
5.649393E+03	8.652778E-18	1.024412E-18
5.689393E+03	8.765780E-18	1.033424E-18
5.729393E+03	8.867779E-18	1.041008E-18
5.769393E+03	8.958761E-18	1.047179E-18
5.809393E+03	9.038838E-18	1.051965E-18
5.849393E+03	9.108251E-18	1.055411E-18
5.889393E+03	9.167370E-18	1.057576E-18
5.929393E+03	9.216683E-18	1.058531E-18
5.969393E+03	9.256794E-18	1.058360E-18
6.009393E+03	9.288394E-18	1.057157E-18
6.049393E+03	9.312251E-18	1.055022E-18
6.089393E+03	9.329187E-18	1.052060E-18
6.129393E+03	9.340069E-18	1.048379E-18
6.169393E+03	9.345797E-18	1.044089E-18
6.209393E+03	9.347293E-18	1.039303E-18
6.249393E+03	9.345500E-18	1.034131E-18
6.289393E+03	9.341372E-18	1.028685E-18
6.329393E+03	9.335873E-18	1.023073E-18
6.369393E+03	9.329982E-18	1.017406E-18
6.409393E+03	9.324728E-18	1.011797E-18
6.449393E+03	9.321276E-18	1.006370E-18
6.489393E+03	9.321079E-18	1.001281E-18
6.529393E+03	9.325889E-18	9.967097E-19
6.569393E+03	9.337586E-18	9.928496E-19
6.609393E+03	9.358051E-18	9.898882E-19
6.649393E+03	9.389066E-18	9.879989E-19
6.689393E+03	9.432240E-18	9.873328E-19
6.729393E+03	9.488902E-18	9.880084E-19
6.769393E+03	9.560030E-18	9.901045E-19
6.809393E+03	9.646164E-18	9.936531E-19
6.849393E+03	9.747370E-18	9.986357E-19
6.889393E+03	9.863209E-18	1.004983E-18
6.929393E+03	9.992745E-18	1.012574E-18
6.969393E+03	1.013462E-17	1.021251E-18
7.009393E+03	1.028712E-17	1.030820E-18
7.049393E+03	1.044834E-17	1.041074E-18
7.089393E+03	1.061622E-17	1.051795E-18
7.129393E+03	1.078875E-17	1.062772E-18
7.169393E+03	1.096398E-17	1.073808E-18
7.209393E+03	1.114014E-17	1.084726E-18
7.249393E+03	1.131557E-17	1.095365E-18
7.289393E+03	1.148876E-17	1.105580E-18
7.329393E+03	1.165833E-17	1.115245E-18
7.369393E+03	1.182316E-17	1.124259E-18
7.409393E+03	1.198252E-17	1.132563E-18
7.449393E+03	1.213621E-17	1.140150E-18
7.489393E+03	1.228478E-17	1.147080E-18
7.529393E+03	1.242942E-17	1.153475E-18
7.569393E+03	1.257200E-17	1.159514E-18
7.609393E+03	1.271483E-17	1.165416E-18
7.649393E+03	1.286029E-17	1.171398E-18
7.689393E+03	1.301049E-17	1.177649E-18
7.729393E+03	1.316688E-17	1.184292E-18
7.769393E+03	1.333008E-17	1.191375E-18
7.809393E+03	1.349962E-17	1.198846E-18
7.849393E+03	1.367361E-17	1.206532E-18
7.889393E+03	1.384831E-17	1.214098E-18
7.929393E+03	1.401839E-17	1.221081E-18
7.969393E+03	1.417794E-17	1.226979E-18
8.009393E+03	1.432145E-17	1.231339E-18
8.049393E+03	1.444458E-17	1.233817E-18
8.089393E+03	1.454457E-17	1.234216E-18
8.129393E+03	1.462037E-17	1.232486E-18
8.169393E+03	1.467263E-17	1.228727E-18
8.209393E+03	1.470352E-17	1.223157E-18
8.249393E+03	1.471646E-17	1.216097E-18
8.289393E+03	1.471578E-17	1.207934E-18
8.329393E+03	1.470631E-17	1.199087E-18
8.369393E+03	1.469299E-17	1.189970E-18
8.409393E+03	1.468040E-17	1.180960E-18
8.449393E+03	1.467259E-17	1.172382E-18
8.489393E+03	1.467282E-17	1.164489E-18
8.529393E+03	1.468357E-17	1.157465E-18
8.569393E+03	1.470651E-17	1.151426E-18
8.609393E+03	1.474260E-17	1.146431E-18
8.649393E+03	1.479218E-17	1.142486E-18
8.689393E+03	1.485506E-17	1.139559E-18
8.729393E+03	1.493059E-17	1.137585E-18
8.769393E+03	1.501781E-17	1.136471E-18
8.809393E+03	1.511553E-17	1.136117E-18
8.849393E+03	1.522252E-17	1.136418E-18
8.889393E+03	1.533773E-17	1.137286E-18
8.929393E+03	1.546026E-17	1.138649E-18
8.969393E+03	1.558946E-17	1.140451E-18
9.009393E+03	1.572483E-17	1.142654E-18
9.049393E+03	1.586599E-17	1.145224E-18
9.089393E+03	1.601253E-17	1.148133E-18
9.129393E+03	1.616403E-17	1.151348E-18
9.169393E+03	1.632001E-17	1.154835E-18
9.209393E+03	1.647991E-17	1.158555E-18
9.249393E+03	1.664302E-17	1.162461E-18
9.289393E+03	1.680837E-17	1.166485E-18
9.329393E+03	1.697462E-17	1.170535E-18
9.369393E+03	1.713989E-17	1.174485E-18
9.409393E+03	1.730174E-17	1.178175E-18
9.449393E+03	1.745724E-17	1.181413E-18
9.489393E+03	1.760304E-17	1.183985E-18
9.529393E+03	1.773555E-17	1.185670E-18
9.569393E+03	1.785126E-17	1.186252E-18
9.609393E+03	1.794715E-17	1.185556E-18
9.649393E+03	1.802112E-17	1.183470E-18
9.689393E+03	1.807231E-17	1.179968E-18
9.729393E+03	1.810124E-17	1.175109E-18
9.769393E+03	1.810984E-17	1.169048E-18
9.809393E+03	1.810151E-17	1.162025E-18
9.849393E+03	1.808083E-17	1.154353E-18
9.889393E+03	1.805318E-17	1.146388E-18
9.929393E+03	1.802375E-17	1.138465E-18
9.969393E+03	1.799626E-17	1.130818E-18
1.000939E+04	1.797322E-17	1.123596E-18
1.004939E+04	1.795666E-17	1.116915E-18
1.008939E+04	1.794847E-17	1.110882E-18
1.012939E+04	1.795055E-17	1.105602E-18
1.016939E+04	1.796489E-17	1.101184E-18
1.020939E+04	1.799350E-17	1.097735E-18
1.024939E+04	1.803841E-17	1.095364E-18
1.028939E+04	1.810171E-17	1.094180E-18
1.032939E+04	1.818549E-17	1.094291E-18
1.036939E+04	1.829178E-17	1.095802E-18
1.040939E+04	1.842243E-17	1.098803E-18
1.044939E+04	1.857895E-17	1.103364E-18
1.048939E+04	1.876229E-17	1.109522E-18
1.052939E+04	1.897263E-17	1.117268E-18
1.056939E+04	1.920934E-17	1.126547E-18
1.060939E+04	1.947097E-17	1.137258E-18
1.064939E+04	1.975540E-17	1.149261E-18
1.068939E+04	2.005992E-17	1.162388E-18
1.072939E+04	2.038153E-17	1.176456E-18
1.076939E+04	2.071712E-17	1.191281E-18
1.080939E+04	2.106377E-17	1.206691E-18
1.084939E+04	2.141892E-17	1.222539E-18
1.088939E+04	2.178040E-17	1.238705E-18
1.092939E+04	2.214636E-17	1.255088E-18
1.096939E+04	2.251513E-17	1.271599E-18
1.100939E+04	2.288502E-17	1.288153E-18
1.104939E+04	2.325419E-17	1.304654E-18
1.108939E+04	2.362061E-17	1.321003E-18
1.112939E+04	2.398194E-17	1.337082E-18
1.116939E+04	2.433549E-17	1.352757E-18
1.120939E+04	2.467820E-17	1.367878E-18
1.124939E+04	2.500653E-17	1.382268E-18
1.128939E+04	2.531642E-17	1.395727E-18
1.132939E+04	2.560329E-17	1.408027E-18
1.136939E+04	2.586200E-17	1.418913E-18
1.140939E+04	2.608698E-17	1.428107E-18
1.144939E+04	2.627230E-17	1.435317E-18
1.148939E+04	2.641195E-17	1.440244E-18
1.152939E+04	2.650018E-17	1.442608E-18
1.156939E+04	2.653214E-17	1.442175E-18
1.160939E+04	2.650462E-17	1.438800E-18
1.164939E+04	2.641744E-17	1.432500E-18
1.168939E+04	2.627554E-17	1.423564E-18
1.172939E+04	2.608814E-17	1.412507E-18
1.176939E+04	2.586623E-17	1.399934E-18
1.180939E+04	2.562121E-17	1.386468E-18
1.184939E+04	2.536391E-17	1.372699E-18
1.188939E+04	2.510392E-17	1.359150E-18
1.192939E+04	2.484926E-17	1.346255E-18
1.196939E+04	2.460605E-17	1.334348E-18
1.200939E+04	2.437843E-17	1.323660E-18
1.204939E+04	2.416853E-17	1.314309E-18
1.208939E+04	2.397654E-17	1.306314E-18
1.212939E+04	2.380077E-17	1.299590E-18
1.216939E+04	2.363788E-17	1.293964E-18
1.220939E+04	2.348307E-17	1.289180E-18
1.224939E+04	2.333052E-17	1.284926E-18
1.228939E+04	2.317392E-17	1.280855E-18
1.232939E+04	2.300695E-17	1.276617E-18
1.236939E+04	2.282390E-17	1.271887E-18
1.240939E+04	2.262024E-17	1.266390E-18
1.244939E+04	2.239296E-17	1.259917E-18
1.248939E+04	2.214055E-17	1.252333E-18
1.252939E+04	2.186244E-17	1.243555E-18
1.256939E+04	2.155931E-17	1.233566E-18
1.260939E+04	2.123354E-17	1.222447E-18
1.264939E+04	2.088901E-17	1.210367E-18
1.268939E+04	2.053068E-17	1.197562E-18
1.272939E+04	2.016414E-17	1.184313E-18
1.276939E+04	1.979531E-17	1.170929E-18
1.280939E+04	1.943011E-17	1.157732E-18
1.284939E+04	1.907435E-17	1.145044E-18
1.288939E+04	1.873354E-17	1.133186E-18
1.292939E+04	1.841280E-17	1.122464E-18
1.296939E+04	1.811675E-17	1.113168E-18
1.300939E+04	1.784940E-17	1.105559E-18
1.304939E+04	1.761401E-17	1.099864E-18
1.308939E+04	1.741300E-17	1.096268E-18
1.312939E+04	1.724802E-17	1.094909E-18
1.316939E+04	1.711982E-17	1.095879E-18
1.320939E+04	1.702846E-17	1.099229E-18
1.324939E+04	1.697322E-17	1.104958E-18
1.328939E+04	1.695280E-17	1.113033E-18
1.332939E+04	1.696529E-17	1.123374E-18
1.336939E+04	1.700824E-17	1.135866E-18
1.340939E+04	1.707870E-17	1.150355E-18
1.344939E+04	1.717329E-17	1.166652E-18
1.348939E+04	1.728829E-17	1.184538E-18
1.352939E+04	1.741963E-17	1.203762E-18
1.356939E+04	1.756309E-17	1.224053E-18
1.360939E+04	1.771431E-17	1.245121E-18
1.364939E+04	1.786894E-17	1.266669E-18
1.368939E+04	1.802282E-17	1.288397E-18
1.372939E+04	1.817207E-17	1.310022E-18
1.376939E+04	1.831315E-17	1.331274E-18
1.380939E+04	1.844301E-17	1.351910E-18
1.384939E+04	1.855911E-17	1.371716E-18
1.388939E+04	1.865937E-17	1.390508E-18
1.392939E+04	1.874229E-17	1.408140E-18
1.396939E+04	1.880692E-17	1.424504E-18
1.400939E+04	1.885282E-17	1.439531E-18
1.404939E+04	1.888009E-17	1.453187E-18
1.408939E+04	1.888923E-17	1.465474E-18
1.412939E+04	1.888109E-17	1.476423E-18
1.416939E+04	1.885676E-17	1.486083E-18
1.420939E+04	1.881756E-17	1.494528E-18
1.424939E+04	1.876499E-17	1.501845E-18
1.428939E+04	1.870069E-17	1.508142E-18
1.432939E+04	1.862646E-17	1.513540E-18
1.436939E+04	1.854422E-17	1.518176E-18
1.440939E+04	1.845601E-17	1.522202E-18
1.444939E+04	1.836396E-17	1.525782E-18
1.448939E+04	1.827024E-17	1.529089E-18
1.452939E+04	1.817701E-17	1.532302E-18
1.456939E+04	1.808641E-17	1.535601E-18
1.460939E+04	1.800053E-17	1.539171E-18
1.464939E+04	1.792133E-17	1.543185E-18
1.468939E+04	1.785067E-17	1.547819E-18
1.472939E+04	1.779027E-17	1.553237E-18
1.476939E+04	1.774166E-17	1.559590E-18
1.480939E+04	1.770618E-17	1.567019E-18
1.484939E+04	1.768488E-17	1.575641E-18
1.488939E+04	1.767853E-17	1.585549E-18
1.492939E+04	1.768760E-17	1.596812E-18
1.496939E+04	1.771222E-17	1.609469E-18
1.500939E+04	1.775224E-17	1.623533E-18
1.504939E+04	1.780727E-17	1.638997E-18
1.508939E+04	1.787670E-17	1.655829E-18
1.512939E+04	1.795969E-17	1.673976E-18
1.516939E+04	1.805524E-17	1.693367E-18
1.520939E+04	1.816209E-17	1.713907E-18
1.524939E+04	1.827883E-17	1.735479E-18
1.528939E+04	1.840375E-17	1.757939E-18
1.532939E+04	1.853500E-17	1.781123E-18
1.536939E+04	1.867052E-17	1.804842E-18
1.540939E+04	1.880807E-17	1.828885E-18
1.544939E+04	1.894533E-17	1.853028E-18
1.548939E+04	1.907986E-17	1.877031E-18
1.552939E+04	1.920923E-17	1.900645E-18
1.556939E+04	1.933097E-17	1.923614E-18
1.560939E+04	1.944257E-17	1.945675E-18
1.564939E+04	1.954158E-17	1.966562E-18
1.568939E+04	1.962560E-17	1.986010E-18
1.572939E+04	1.969233E-17	2.003759E-18
1.576939E+04	1.973965E-17	2.019563E-18
1.580939E+04	1.976574E-17	2.033200E-18
1.584939E+04	1.976909E-17	2.044480E-18
1.588939E+04	1.974858E-17	2.053247E-18
1.592939E+04	1.970351E-17	2.059391E-18
1.596939E+04	1.963367E-17	2.062845E-18
1.600939E+04	1.953924E-17	2.063592E-18
1.604939E+04	1.942094E-17	2.061666E-18
1.608939E+04	1.927992E-17	2.057153E-18
1.612939E+04	1.911774E-17	2.050183E-18
1.616939E+04	1.893629E-17	2.040925E-18
1.620939E+04	1.873765E-17	2.029577E-18
1.624939E+04	1.852412E-17	2.016358E-18
1.628939E+04	1.829799E-17	2.001497E-18
1.632939E+04	1.806160E-17	1.985232E-18
1.636939E+04	1.781726E-17	1.967801E-18
1.640939E+04	1.756721E-17	1.949440E-18
1.644939E+04	1.731356E-17	1.930377E-18
1.648939E+04	1.705829E-17	1.910829E-18
1.652939E+04	1.680316E-17	1.890992E-18
1.656939E+04	1.654975E-17	1.871045E-18
1.660939E+04	1.629940E-17	1.851147E-18
1.664939E+04	1.605324E-17	1.831430E-18
1.668939E+04	1.581222E-17	1.812011E-18
1.672939E+04	1.557707E-17	1.792983E-18
1.676939E+04	1.534839E-17	1.774426E-18
1.680939E+04	1.512662E-17	1.756402E-18
1.684939E+04	1.491212E-17	1.738964E-18
1.688939E+04	1.470513E-17	1.722154E-18
1.692939E+04	1.450589E-17	1.706009E-18
1.696939E+04	1.431456E-17	1.690564E-18
1.700939E+04	1.413132E-17	1.675852E-18
1.704939E+04	1.395634E-17	1.661905E-18
1.708939E+04	1.378983E-17	1.648764E-18
1.712939E+04	1.363204E-17	1.636471E-18
1.716939E+04	1.348330E-17	1.625078E-18
1.720939E+04	1.334402E-17	1.614650E-18
1.724939E+04	1.321468E-17	1.605259E-18
1.728939E+04	1.309585E-17	1.596990E-18
1.732939E+04	1.298816E-17	1.589937E-18
1.736939E+04	1.289233E-17	1.584202E-18
1.740939E+04	1.280908E-17	1.579894E-18
1.744939E+04	1.273922E-17	1.577129E-18
1.748939E+04	1.268353E-17	1.576023E-18
1.752939E+04	1.264285E-17	1.576702E-18
1.756939E+04	1.261800E-17	1.579286E-18
1.760939E+04	1.260979E-17	1.583902E-18
1.764939E+04	1.261905E-17	1.590676E-18
1.768939E+04	1.264659E-17	1.599732E-18
1.772939E+04	1.269317E-17	1.611191E-18
1.776939E+04	1.275950E-17	1.625169E-18
1.780939E+04	1.284618E-17	1.641767E-18
1.784939E+04	1.295365E-17	1.661066E-18
1.788939E+04	1.308212E-17	1.683121E-18
1.792939E+04	1.323155E-17	1.707950E-18
1.796939E+04	1.340148E-17	1.735522E-18
1.800939E+04	1.359110E-17	1.765751E-18
1.804939E+04	1.379904E-17	1.798487E-18
1.808939E+04	1.402346E-17	1.833506E-18
1.812939E+04	1.426191E-17	1.870508E-18
1.816939E+04	1.451140E-17	1.909111E-18
1.820939E+04	1.476832E-17	1.948854E-18
1.824939E+04	1.502854E-17	1.989194E-18
1.828939E+04	1.528746E-17	2.029523E-18
1.832939E+04	1.554014E-17	2.069181E-18
1.836939E+04	1.578157E-17	2.107486E-18
1.840939E+04	1.600678E-17	2.143759E-18
1.844939E+04	1.621115E-17	2.177359E-18
1.848939E+04	1.639059E-17	2.207708E-18
1.852939E+04	1.654166E-17	2.234313E-18
1.856939E+04	1.666169E-17	2.256778E-18
1.860939E+04	1.674884E-17	2.274817E-18
1.864939E+04	1.680209E-17	2.288255E-18
1.868939E+04	1.682133E-17	2.297036E-18
1.872939E+04	1.680724E-17	2.301219E-18
1.876939E+04	1.676131E-17	2.300971E-18
1.880939E+04	1.668575E-17	2.296563E-18
1.884939E+04	1.658333E-17	2.288345E-18
1.888939E+04	1.645721E-17	2.276728E-18
1.892939E+04	1.631083E-17	2.262165E-18
1.896939E+04	1.614770E-17	2.245124E-18
1.900939E+04	1.597140E-17	2.226089E-18
1.904939E+04	1.578548E-17	2.205542E-18
1.908939E+04	1.559338E-17	2.183960E-18
1.912939E+04	1.539844E-17	2.161805E-18
1.916939E+04	1.520373E-17	2.139509E-18
1.920939E+04	1.501209E-17	2.117476E-18
1.924939E+04	1.482608E-17	2.096069E-18
1.928939E+04	1.464795E-17	2.075617E-18
1.932939E+04	1.447963E-17	2.056405E-18
1.936939E+04	1.432277E-17	2.038675E-18
1.940939E+04	1.417863E-17	2.022621E-18
1.944939E+04	1.404813E-17	2.008389E-18
1.948939E+04	1.393190E-17	1.996082E-18
1.952939E+04	1.383027E-17	1.985762E-18
1.956939E+04	1.374334E-17	1.977458E-18
1.960939E+04	1.367100E-17	1.971168E-18
1.964939E+04	1.361298E-17	1.966869E-18
1.968939E+04	1.356886E-17	1.964510E-18
1.972939E+04	1.353804E-17	1.964020E-18
1.976939E+04	1.351981E-17	1.965307E-18
1.980939E+04	1.351332E-17	1.968260E-18
1.984939E+04	1.351763E-17	1.972748E-18
1.988939E+04	1.353167E-17	1.978630E-18
1.992939E+04	1.355431E-17	1.985744E-18
1.996939E+04	1.358433E-17	1.993920E-18
2.000939E+04	1.362050E-17	2.002983E-18
2.004939E+04	1.366152E-17	2.012748E-18
2.008939E+04	1.370612E-17	2.023030E-18
2.012939E+04	1.375300E-17	2.033640E-18
2.016939E+04	1.380088E-17	2.044390E-18
2.020939E+04	1.384847E-17	2.055091E-18
2.024939E+04	1.389453E-17	2.065554E-18
2.028939E+04	1.393784E-17	2.075602E-18
2.032939E+04	1.397728E-17	2.085061E-18
2.036939E+04	1.401179E-17	2.093771E-18
2.040939E+04	1.404044E-17	2.101591E-18
2.044939E+04	1.406242E-17	2.108392E-18
2.048939E+04	1.407703E-17	2.114067E-18
2.052939E+04	1.408369E-17	2.118523E-18
2.056939E+04	1.408194E-17	2.121683E-18
2.060939E+04	1.407141E-17	2.123486E-18
2.064939E+04	1.405184E-17	2.123889E-18
2.068939E+04	1.402304E-17	2.122855E-18
2.072939E+04	1.398494E-17	2.120367E-18
2.076939E+04	1.393754E-17	2.116422E-18
2.080939E+04	1.388095E-17	2.111027E-18
2.084939E+04	1.381534E-17	2.104204E-18
2.088939E+04	1.374102E-17	2.095995E-18
2.092939E+04	1.365835E-17	2.086450E-18
2.096939E+04	1.356780E-17	2.075636E-18
2.100939E+04	1.346995E-17	2.063636E-18
2.104939E+04	1.336542E-17	2.050544E-18
2.108939E+04	1.325497E-17	2.036471E-18
2.112939E+04	1.313944E-17	2.021542E-18
2.116939E+04	1.301973E-17	2.005897E-18
2.120939E+04	1.289688E-17	1.989692E-18
2.124939E+04	1.277198E-17	1.973095E-18
2.128939E+04	1.264619E-17	1.956286E-18
2.132939E+04	1.252072E-17	1.939453E-18
2.136939E+04	1.239682E-17	1.922788E-18
2.140939E+04	1.227565E-17	1.906477E-18
2.144939E+04	1.215829E-17	1.890687E-18
2.148939E+04	1.204555E-17	1.875549E-18
2.152939E+04	1.193776E-17	1.861118E-18
2.156939E+04	1.183462E-17	1.847349E-18
2.160939E+04	1.173548E-17	1.834147E-18
2.164939E+04	1.163957E-17	1.821390E-18
2.168939E+04	1.154601E-17	1.808947E-18
2.172939E+04	1.145398E-17	1.796688E-18
2.176939E+04	1.136270E-17	1.784493E-18
2.180939E+04	1.127145E-17	1.772251E-18
2.184939E+04	1.117968E-17	1.759873E-18
2.188939E+04	1.108689E-17	1.747284E-18
2.192939E+04	1.099274E-17	1.734429E-18
2.196939E+04	1.089699E-17	1.721268E-18
2.200939E+04	1.079948E-17	1.707778E-18
2.204939E+04	1.070013E-17	1.693946E-18
2.208939E+04	1.059893E-17	1.679768E-18
2.212939E+04	1.049594E-17	1.665255E-18
2.216939E+04	1.039131E-17	1.650428E-18
2.220939E+04	1.028523E-17	1.635319E-18
2.224939E+04	1.017793E-17	1.619964E-18
2.228939E+04	1.006973E-17	1.604416E-18
2.232939E+04	9.961006E-18	1.588731E-18
2.236939E+04	9.852114E-18	1.572969E-18
2.240939E+04	9.743510E-18	1.557203E-18
2.244939E+04	9.635607E-18	1.541499E-18
2.248939E+04	9.528846E-18	1.525929E-18
2.252939E+04	9.423660E-18	1.510564E-18
2.256939E+04	9.320463E-18	1.495470E-18
2.260939E+04	9.219625E-18	1.480710E-18
2.264939E+04	9.121509E-18	1.466344E-18
2.268939E+04	9.026418E-18	1.452420E-18
2.272939E+04	8.934602E-18	1.438983E-18
2.276939E+04	8.846269E-18	1.426066E-18
2.280939E+04	8.761577E-18	1.413699E-18
2.284939E+04	8.680638E-18	1.401900E-18
2.288939E+04	8.603534E-18	1.390685E-18
2.292939E+04	8.530342E-18	1.380070E-18
2.296939E+04	8.461128E-18	1.370065E-18
2.300939E+04	8.395952E-18	1.360684E-18
2.304939E+04	8.334869E-18	1.351937E-18
2.308939E+04	8.277936E-18	1.343835E-18
2.312939E+04	8.225218E-18	1.336392E-18
2.316939E+04	8.176789E-18	1.329620E-18
2.320939E+04	8.132741E-18	1.323538E-18
2.324939E+04	8.093178E-18	1.318163E-18
2.328939E+04	8.058220E-18	1.313518E-18
2.332939E+04	8.028009E-18	1.309628E-18
2.336939E+04	8.002705E-18	1.306521E-18
2.340939E+04	7.982492E-18	1.304228E-18
2.344939E+04	7.967563E-18	1.302784E-18
2.348939E+04	7.958116E-18	1.302223E-18
2.352939E+04	7.954336E-18	1.302578E-18
2.356939E+04	7.956398E-18	1.303879E-18
2.360939E+04	7.964450E-18	1.306153E-18
2.364939E+04	7.978622E-18	1.309423E-18
2.368939E+04	7.999025E-18	1.313711E-18
2.372939E+04	8.025751E-18	1.319032E-18
2.376939E+04	8.058865E-18	1.325400E-18
2.380939E+04	8.098408E-18	1.332824E-18
2.384939E+04	8.144398E-18	1.341309E-18
2.388939E+04	8.196839E-18	1.350858E-18
2.392939E+04	8.255716E-18	1.361470E-18
2.396939E+04	8.320996E-18	1.373141E-18
2.400939E+04	8.392624E-18	1.385866E-18
2.404939E+04	8.470523E-18	1.399632E-18
2.408939E+04	8.554594E-18	1.414426E-18
2.412939E+04	8.644727E-18	1.430230E-18
2.416939E+04	8.740813E-18	1.447028E-18
2.420939E+04	8.842736E-18	1.464804E-18
2.424939E+04	8.950393E-18	1.483541E-18
2.428939E+04	9.063710E-18	1.503228E-18
2.432939E+04	9.182578E-18	1.523849E-18
2.436939E+04	9.306904E-18	1.545389E-18
2.440939E+04	9.436580E-18	1.567833E-18
2.444939E+04	9.571470E-18	1.591158E-18
2.448939E+04	9.711440E-18	1.615343E-18
