#wls	flux	fluxerr
3.289393E+03	2.751502E-19	3.513143E-20
3.329393E+03	2.818324E-19	3.598377E-20
3.369393E+03	2.889257E-19	3.688854E-20
3.409393E+03	2.964528E-19	3.784864E-20
3.449393E+03	3.044364E-19	3.886698E-20
3.489393E+03	3.129003E-19	3.994657E-20
3.529393E+03	3.218676E-19	4.109037E-20
3.569393E+03	3.313612E-19	4.230130E-20
3.609393E+03	3.414039E-19	4.358225E-20
3.649393E+03	3.520175E-19	4.493601E-20
3.689393E+03	3.632237E-19	4.636534E-20
3.729393E+03	3.750433E-19	4.787289E-20
3.769393E+03	3.874962E-19	4.946119E-20
3.809393E+03	4.006009E-19	5.113261E-20
3.849393E+03	4.143743E-19	5.288928E-20
3.889393E+03	4.288311E-19	5.473308E-20
3.929393E+03	4.439834E-19	5.666554E-20
3.969393E+03	4.598405E-19	5.868784E-20
4.009393E+03	4.764088E-19	6.080080E-20
4.049393E+03	4.936913E-19	6.300478E-20
4.089393E+03	5.116879E-19	6.529976E-20
4.129393E+03	5.303944E-19	6.768522E-20
4.169393E+03	5.498033E-19	7.016016E-20
4.209393E+03	5.699024E-19	7.272303E-20
4.249393E+03	5.906749E-19	7.537170E-20
4.289393E+03	6.120996E-19	7.810342E-20
4.329393E+03	6.341496E-19	8.091477E-20
4.369393E+03	6.567926E-19	8.380162E-20
4.409393E+03	6.799905E-19	8.675910E-20
4.449393E+03	7.036990E-19	8.978156E-20
4.489393E+03	7.278679E-19	9.286258E-20
4.529393E+03	7.524404E-19	9.599490E-20
4.569393E+03	7.773536E-19	9.917050E-20
4.609393E+03	8.025386E-19	1.023806E-19
4.649393E+03	8.279214E-19	1.056157E-19
4.689393E+03	8.534232E-19	1.088658E-19
4.729393E+03	8.789623E-19	1.121205E-19
4.769393E+03	9.044559E-19	1.153692E-19
4.809393E+03	9.298217E-19	1.186014E-19
4.849393E+03	9.549797E-19	1.218069E-19
4.889393E+03	9.798574E-19	1.249764E-19
4.929393E+03	1.004387E-18	1.281014E-19
4.969393E+03	1.028506E-18	1.311738E-19
5.009393E+03	1.052162E-18	1.341869E-19
5.049393E+03	1.075307E-18	1.371348E-19
5.089393E+03	1.097899E-18	1.400119E-19
5.129393E+03	1.119902E-18	1.428137E-19
5.169393E+03	1.141283E-18	1.455360E-19
5.209393E+03	1.162015E-18	1.481754E-19
5.249393E+03	1.182074E-18	1.507289E-19
5.289393E+03	1.201442E-18	1.531940E-19
5.329393E+03	1.220103E-18	1.555688E-19
5.369393E+03	1.238044E-18	1.578518E-19
5.409393E+03	1.255261E-18	1.600422E-19
5.449393E+03	1.271746E-18	1.621392E-19
5.489393E+03	1.287501E-18	1.641430E-19
5.529393E+03	1.302527E-18	1.660537E-19
5.569393E+03	1.316832E-18	1.678725E-19
5.609393E+03	1.330425E-18	1.696003E-19
5.649393E+03	1.343318E-18	1.712388E-19
5.689393E+03	1.355526E-18	1.727899E-19
5.729393E+03	1.367068E-18	1.742560E-19
5.769393E+03	1.377964E-18	1.756397E-19
5.809393E+03	1.388238E-18	1.769440E-19
5.849393E+03	1.397915E-18	1.781721E-19
5.889393E+03	1.407021E-18	1.793274E-19
5.929393E+03	1.415587E-18	1.804138E-19
5.969393E+03	1.423642E-18	1.814349E-19
6.009393E+03	1.431218E-18	1.823952E-19
6.049393E+03	1.438351E-18	1.832987E-19
6.089393E+03	1.445072E-18	1.841498E-19
6.129393E+03	1.451419E-18	1.849532E-19
6.169393E+03	1.457426E-18	1.857132E-19
6.209393E+03	1.463128E-18	1.864343E-19
6.249393E+03	1.468562E-18	1.871212E-19
6.289393E+03	1.473762E-18	1.877783E-19
6.329393E+03	1.478761E-18	1.884097E-19
6.369393E+03	1.483589E-18	1.890194E-19
6.409393E+03	1.488275E-18	1.896109E-19
6.449393E+03	1.492840E-18	1.901870E-19
6.489393E+03	1.497306E-18	1.907505E-19
6.529393E+03	1.501685E-18	1.913029E-19
6.569393E+03	1.505989E-18	1.918457E-19
6.609393E+03	1.510223E-18	1.923795E-19
6.649393E+03	1.514390E-18	1.929049E-19
6.689393E+03	1.518491E-18	1.934219E-19
6.729393E+03	1.522527E-18	1.939304E-19
6.769393E+03	1.526492E-18	1.944302E-19
6.809393E+03	1.530385E-18	1.949206E-19
6.849393E+03	1.534202E-18	1.954013E-19
6.889393E+03	1.537938E-18	1.958717E-19
6.929393E+03	1.541586E-18	1.963310E-19
6.969393E+03	1.545143E-18	1.967786E-19
7.009393E+03	1.548600E-18	1.972136E-19
7.049393E+03	1.551951E-18	1.976351E-19
7.089393E+03	1.555191E-18	1.980424E-19
7.129393E+03	1.558311E-18	1.984344E-19
7.169393E+03	1.561304E-18	1.988103E-19
7.209393E+03	1.564163E-18	1.991693E-19
7.249393E+03	1.566881E-18	1.995101E-19
7.289393E+03	1.569449E-18	1.998320E-19
7.329393E+03	1.571860E-18	2.001339E-19
7.369393E+03	1.574106E-18	2.004148E-19
7.409393E+03	1.576179E-18	2.006738E-19
7.449393E+03	1.578073E-18	2.009100E-19
7.489393E+03	1.579778E-18	2.011222E-19
7.529393E+03	1.581290E-18	2.013098E-19
7.569393E+03	1.582598E-18	2.014716E-19
7.609393E+03	1.583699E-18	2.016069E-19
7.649393E+03	1.584585E-18	2.017150E-19
7.689393E+03	1.585250E-18	2.017951E-19
7.729393E+03	1.585693E-18	2.018468E-19
7.769393E+03	1.585906E-18	2.018695E-19
7.809393E+03	1.585891E-18	2.018631E-19
7.849393E+03	1.585645E-18	2.018274E-19
7.889393E+03	1.585173E-18	2.017631E-19
7.929393E+03	1.584476E-18	2.016701E-19
7.969393E+03	1.583560E-18	2.015494E-19
8.009393E+03	1.582433E-18	2.014019E-19
8.049393E+03	1.581103E-18	2.012286E-19
8.089393E+03	1.579577E-18	2.010304E-19
8.129393E+03	1.577867E-18	2.008089E-19
8.169393E+03	1.575982E-18	2.005653E-19
8.209393E+03	1.573934E-18	2.003009E-19
8.249393E+03	1.571732E-18	2.000171E-19
8.289393E+03	1.569390E-18	1.997155E-19
8.329393E+03	1.566918E-18	1.993976E-19
8.369393E+03	1.564331E-18	1.990649E-19
8.409393E+03	1.561637E-18	1.987190E-19
8.449393E+03	1.558853E-18	1.983614E-19
8.489393E+03	1.555987E-18	1.979937E-19
8.529393E+03	1.553054E-18	1.976175E-19
8.569393E+03	1.550068E-18	1.972347E-19
8.609393E+03	1.547040E-18	1.968465E-19
8.649393E+03	1.543983E-18	1.964549E-19
8.689393E+03	1.540911E-18	1.960614E-19
8.729393E+03	1.537836E-18	1.956676E-19
8.769393E+03	1.534772E-18	1.952753E-19
8.809393E+03	1.531730E-18	1.948860E-19
8.849393E+03	1.528725E-18	1.945014E-19
8.889393E+03	1.525769E-18	1.941231E-19
8.929393E+03	1.522874E-18	1.937528E-19
8.969393E+03	1.520052E-18	1.933919E-19
9.009393E+03	1.517317E-18	1.930421E-19
9.049393E+03	1.514679E-18	1.927048E-19
9.089393E+03	1.512152E-18	1.923816E-19
9.129393E+03	1.509745E-18	1.920739E-19
9.169393E+03	1.507469E-18	1.917830E-19
9.209393E+03	1.505334E-18	1.915101E-19
9.249393E+03	1.503351E-18	1.912566E-19
9.289393E+03	1.501526E-18	1.910234E-19
9.329393E+03	1.499869E-18	1.908116E-19
9.369393E+03	1.498387E-18	1.906223E-19
9.409393E+03	1.497087E-18	1.904561E-19
9.449393E+03	1.495977E-18	1.903142E-19
9.489393E+03	1.495062E-18	1.901973E-19
9.529393E+03	1.494350E-18	1.901063E-19
9.569393E+03	1.493845E-18	1.900418E-19
9.609393E+03	1.493556E-18	1.900047E-19
9.649393E+03	1.493487E-18	1.899958E-19
9.689393E+03	1.493642E-18	1.900156E-19
9.729393E+03	1.494027E-18	1.900647E-19
9.769393E+03	1.494648E-18	1.901438E-19
9.809393E+03	1.495507E-18	1.902534E-19
9.849393E+03	1.496606E-18	1.903937E-19
9.889393E+03	1.497949E-18	1.905650E-19
9.929393E+03	1.499535E-18	1.907674E-19
9.969393E+03	1.501362E-18	1.910006E-19
1.000939E+04	1.503430E-18	1.912645E-19
1.004939E+04	1.505735E-18	1.915586E-19
1.008939E+04	1.508271E-18	1.918822E-19
1.012939E+04	1.511033E-18	1.922347E-19
1.016939E+04	1.514014E-18	1.926152E-19
1.020939E+04	1.517210E-18	1.930230E-19
1.024939E+04	1.520612E-18	1.934572E-19
1.028939E+04	1.524213E-18	1.939169E-19
1.032939E+04	1.528006E-18	1.944009E-19
1.036939E+04	1.531984E-18	1.949086E-19
1.040939E+04	1.536139E-18	1.954389E-19
1.044939E+04	1.540462E-18	1.959907E-19
1.048939E+04	1.544946E-18	1.965630E-19
1.052939E+04	1.549583E-18	1.971548E-19
1.056939E+04	1.554364E-18	1.977651E-19
1.060939E+04	1.559281E-18	1.983928E-19
1.064939E+04	1.564327E-18	1.990368E-19
1.068939E+04	1.569492E-18	1.996961E-19
1.072939E+04	1.574769E-18	2.003697E-19
1.076939E+04	1.580148E-18	2.010564E-19
1.080939E+04	1.585622E-18	2.017552E-19
1.084939E+04	1.591181E-18	2.024649E-19
1.088939E+04	1.596816E-18	2.031845E-19
1.092939E+04	1.602522E-18	2.039129E-19
1.096939E+04	1.608287E-18	2.046490E-19
1.100939E+04	1.614102E-18	2.053916E-19
1.104939E+04	1.619961E-18	2.061397E-19
1.108939E+04	1.625853E-18	2.068921E-19
1.112939E+04	1.631772E-18	2.076479E-19
1.116939E+04	1.637707E-18	2.084058E-19
1.120939E+04	1.643650E-18	2.091649E-19
1.124939E+04	1.649593E-18	2.099240E-19
1.128939E+04	1.655526E-18	2.106818E-19
1.132939E+04	1.661443E-18	2.114377E-19
1.136939E+04	1.667334E-18	2.121902E-19
1.140939E+04	1.673191E-18	2.129384E-19
1.144939E+04	1.679005E-18	2.136813E-19
1.148939E+04	1.684770E-18	2.144178E-19
1.152939E+04	1.690476E-18	2.151469E-19
1.156939E+04	1.696115E-18	2.158676E-19
1.160939E+04	1.701681E-18	2.165788E-19
1.164939E+04	1.707164E-18	2.172797E-19
1.168939E+04	1.712559E-18	2.179692E-19
1.172939E+04	1.717857E-18	2.186464E-19
1.176939E+04	1.723050E-18	2.193104E-19
1.180939E+04	1.728133E-18	2.199603E-19
1.184939E+04	1.733098E-18	2.205952E-19
1.188939E+04	1.737938E-18	2.212143E-19
1.192939E+04	1.742648E-18	2.218167E-19
1.196939E+04	1.747220E-18	2.224016E-19
1.200939E+04	1.751650E-18	2.229683E-19
1.204939E+04	1.755930E-18	2.235159E-19
1.208939E+04	1.760055E-18	2.240440E-19
1.212939E+04	1.764021E-18	2.245516E-19
1.216939E+04	1.767820E-18	2.250381E-19
1.220939E+04	1.771450E-18	2.255029E-19
1.224939E+04	1.774903E-18	2.259453E-19
1.228939E+04	1.778178E-18	2.263650E-19
1.232939E+04	1.781270E-18	2.267612E-19
1.236939E+04	1.784173E-18	2.271335E-19
1.240939E+04	1.786885E-18	2.274814E-19
1.244939E+04	1.789402E-18	2.278044E-19
1.248939E+04	1.791721E-18	2.281021E-19
1.252939E+04	1.793839E-18	2.283744E-19
1.256939E+04	1.795753E-18	2.286205E-19
1.260939E+04	1.797462E-18	2.288405E-19
1.264939E+04	1.798962E-18	2.290339E-19
1.268939E+04	1.800252E-18	2.292004E-19
1.272939E+04	1.801331E-18	2.293400E-19
1.276939E+04	1.802197E-18	2.294525E-19
1.280939E+04	1.802849E-18	2.295378E-19
1.284939E+04	1.803287E-18	2.295956E-19
1.288939E+04	1.803510E-18	2.296260E-19
1.292939E+04	1.803518E-18	2.296291E-19
1.296939E+04	1.803313E-18	2.296049E-19
1.300939E+04	1.802892E-18	2.295532E-19
1.304939E+04	1.802260E-18	2.294745E-19
1.308939E+04	1.801415E-18	2.293686E-19
1.312939E+04	1.800359E-18	2.292359E-19
1.316939E+04	1.799096E-18	2.290766E-19
1.320939E+04	1.797625E-18	2.288909E-19
1.324939E+04	1.795951E-18	2.286793E-19
1.328939E+04	1.794077E-18	2.284420E-19
1.332939E+04	1.792004E-18	2.281794E-19
1.336939E+04	1.789738E-18	2.278921E-19
1.340939E+04	1.787280E-18	2.275803E-19
1.344939E+04	1.784637E-18	2.272449E-19
1.348939E+04	1.781812E-18	2.268861E-19
1.352939E+04	1.778810E-18	2.265048E-19
1.356939E+04	1.775636E-18	2.261015E-19
1.360939E+04	1.772296E-18	2.256770E-19
1.364939E+04	1.768795E-18	2.252319E-19
1.368939E+04	1.765140E-18	2.247671E-19
1.372939E+04	1.761337E-18	2.242834E-19
1.376939E+04	1.757392E-18	2.237814E-19
1.380939E+04	1.753313E-18	2.232625E-19
1.384939E+04	1.749106E-18	2.227270E-19
1.388939E+04	1.744779E-18	2.221763E-19
1.392939E+04	1.740340E-18	2.216112E-19
1.396939E+04	1.735797E-18	2.210327E-19
1.400939E+04	1.731157E-18	2.204419E-19
1.404939E+04	1.726430E-18	2.198397E-19
1.408939E+04	1.721622E-18	2.192273E-19
1.412939E+04	1.716744E-18	2.186058E-19
1.416939E+04	1.711804E-18	2.179765E-19
1.420939E+04	1.706810E-18	2.173400E-19
1.424939E+04	1.701772E-18	2.166980E-19
1.428939E+04	1.696699E-18	2.160514E-19
1.432939E+04	1.691599E-18	2.154013E-19
1.436939E+04	1.686482E-18	2.147489E-19
1.440939E+04	1.681357E-18	2.140955E-19
1.444939E+04	1.676234E-18	2.134422E-19
1.448939E+04	1.671122E-18	2.127901E-19
1.452939E+04	1.666029E-18	2.121404E-19
1.456939E+04	1.660964E-18	2.114944E-19
1.460939E+04	1.655937E-18	2.108529E-19
1.464939E+04	1.650957E-18	2.102174E-19
1.468939E+04	1.646032E-18	2.095888E-19
1.472939E+04	1.641170E-18	2.089683E-19
1.476939E+04	1.636383E-18	2.083571E-19
1.480939E+04	1.631675E-18	2.077560E-19
1.484939E+04	1.627058E-18	2.071663E-19
1.488939E+04	1.622538E-18	2.065888E-19
1.492939E+04	1.618123E-18	2.060248E-19
1.496939E+04	1.613822E-18	2.054751E-19
1.500939E+04	1.609641E-18	2.049407E-19
1.504939E+04	1.605589E-18	2.044225E-19
1.508939E+04	1.601673E-18	2.039216E-19
1.512939E+04	1.597899E-18	2.034387E-19
1.516939E+04	1.594275E-18	2.029749E-19
1.520939E+04	1.590806E-18	2.025307E-19
1.524939E+04	1.587500E-18	2.021071E-19
1.528939E+04	1.584362E-18	2.017050E-19
1.532939E+04	1.581400E-18	2.013251E-19
1.536939E+04	1.578619E-18	2.009681E-19
1.540939E+04	1.576023E-18	2.006347E-19
1.544939E+04	1.573620E-18	2.003257E-19
1.548939E+04	1.571414E-18	2.000418E-19
1.552939E+04	1.569412E-18	1.997837E-19
1.556939E+04	1.567617E-18	1.995519E-19
1.560939E+04	1.566035E-18	1.993472E-19
1.564939E+04	1.564670E-18	1.991701E-19
1.568939E+04	1.563529E-18	1.990213E-19
1.572939E+04	1.562615E-18	1.989012E-19
1.576939E+04	1.561933E-18	1.988108E-19
1.580939E+04	1.561488E-18	1.987503E-19
1.584939E+04	1.561284E-18	1.987205E-19
1.588939E+04	1.561325E-18	1.987218E-19
1.592939E+04	1.561617E-18	1.987549E-19
1.596939E+04	1.562163E-18	1.988203E-19
1.600939E+04	1.562968E-18	1.989185E-19
1.604939E+04	1.564036E-18	1.990502E-19
1.608939E+04	1.565373E-18	1.992159E-19
1.612939E+04	1.566981E-18	1.994162E-19
1.616939E+04	1.568866E-18	1.996515E-19
1.620939E+04	1.571033E-18	1.999226E-19
1.624939E+04	1.573485E-18	2.002299E-19
1.628939E+04	1.576229E-18	2.005742E-19
1.632939E+04	1.579267E-18	2.009559E-19
1.636939E+04	1.582605E-18	2.013756E-19
1.640939E+04	1.586248E-18	2.018341E-19
1.644939E+04	1.590201E-18	2.023319E-19
1.648939E+04	1.594468E-18	2.028695E-19
1.652939E+04	1.599055E-18	2.034477E-19
1.656939E+04	1.603966E-18	2.040671E-19
1.660939E+04	1.609207E-18	2.047283E-19
1.664939E+04	1.614784E-18	2.054322E-19
1.668939E+04	1.620699E-18	2.061790E-19
1.672939E+04	1.626961E-18	2.069697E-19
1.676939E+04	1.633573E-18	2.078049E-19
1.680939E+04	1.640542E-18	2.086853E-19
1.684939E+04	1.647871E-18	2.096114E-19
1.688939E+04	1.655567E-18	2.105841E-19
1.692939E+04	1.663636E-18	2.116041E-19
1.696939E+04	1.672081E-18	2.126717E-19
1.700939E+04	1.680909E-18	2.137880E-19
1.704939E+04	1.690125E-18	2.149533E-19
1.708939E+04	1.699733E-18	2.161686E-19
1.712939E+04	1.709739E-18	2.174342E-19
1.716939E+04	1.720147E-18	2.187507E-19
1.720939E+04	1.730963E-18	2.201190E-19
1.724939E+04	1.742190E-18	2.215395E-19
1.728939E+04	1.753834E-18	2.230127E-19
1.732939E+04	1.765898E-18	2.245392E-19
1.736939E+04	1.778385E-18	2.261194E-19
1.740939E+04	1.791300E-18	2.277538E-19
1.744939E+04	1.804646E-18	2.294428E-19
1.748939E+04	1.818425E-18	2.311868E-19
1.752939E+04	1.832641E-18	2.329860E-19
1.756939E+04	1.847294E-18	2.348406E-19
1.760939E+04	1.862388E-18	2.367510E-19
1.764939E+04	1.877922E-18	2.387172E-19
1.768939E+04	1.893897E-18	2.407394E-19
1.772939E+04	1.910314E-18	2.428174E-19
1.776939E+04	1.927170E-18	2.449511E-19
1.780939E+04	1.944466E-18	2.471406E-19
1.784939E+04	1.962199E-18	2.493852E-19
1.788939E+04	1.980366E-18	2.516848E-19
1.792939E+04	1.998963E-18	2.540389E-19
1.796939E+04	2.017984E-18	2.564467E-19
1.800939E+04	2.037426E-18	2.589077E-19
1.804939E+04	2.057280E-18	2.614209E-19
1.808939E+04	2.077541E-18	2.639855E-19
1.812939E+04	2.098197E-18	2.666001E-19
1.816939E+04	2.119240E-18	2.692636E-19
1.820939E+04	2.140657E-18	2.719745E-19
1.824939E+04	2.162436E-18	2.747311E-19
1.828939E+04	2.184564E-18	2.775317E-19
1.832939E+04	2.207024E-18	2.803744E-19
1.836939E+04	2.229801E-18	2.832569E-19
1.840939E+04	2.252874E-18	2.861770E-19
1.844939E+04	2.276224E-18	2.891320E-19
1.848939E+04	2.299830E-18	2.921192E-19
1.852939E+04	2.323667E-18	2.951355E-19
1.856939E+04	2.347710E-18	2.981777E-19
1.860939E+04	2.371931E-18	3.012424E-19
1.864939E+04	2.396302E-18	3.043258E-19
1.868939E+04	2.420791E-18	3.074241E-19
1.872939E+04	2.445365E-18	3.105329E-19
1.876939E+04	2.469990E-18	3.136479E-19
1.880939E+04	2.494628E-18	3.167643E-19
1.884939E+04	2.519240E-18	3.198773E-19
1.888939E+04	2.543784E-18	3.229814E-19
1.892939E+04	2.568217E-18	3.260713E-19
1.896939E+04	2.592495E-18	3.291412E-19
1.900939E+04	2.616568E-18	3.321850E-19
1.904939E+04	2.640389E-18	3.351966E-19
1.908939E+04	2.663906E-18	3.381694E-19
1.912939E+04	2.687066E-18	3.410967E-19
1.916939E+04	2.709814E-18	3.439717E-19
1.920939E+04	2.732093E-18	3.467869E-19
1.924939E+04	2.753844E-18	3.495351E-19
1.928939E+04	2.775011E-18	3.522089E-19
1.932939E+04	2.795528E-18	3.548003E-19
1.936939E+04	2.815337E-18	3.573016E-19
1.940939E+04	2.834374E-18	3.597048E-19
1.944939E+04	2.852574E-18	3.620020E-19
1.948939E+04	2.869874E-18	3.641848E-19
1.952939E+04	2.886209E-18	3.662452E-19
1.956939E+04	2.901516E-18	3.681751E-19
1.960939E+04	2.915730E-18	3.699664E-19
1.964939E+04	2.928788E-18	3.716110E-19
1.968939E+04	2.940626E-18	3.731009E-19
1.972939E+04	2.951185E-18	3.744286E-19
1.976939E+04	2.960404E-18	3.755864E-19
1.980939E+04	2.968227E-18	3.765673E-19
1.984939E+04	2.974598E-18	3.773641E-19
1.988939E+04	2.979465E-18	3.779703E-19
1.992939E+04	2.982780E-18	3.783797E-19
1.996939E+04	2.984497E-18	3.785867E-19
2.000939E+04	2.984574E-18	3.785859E-19
2.004939E+04	2.982977E-18	3.783729E-19
2.008939E+04	2.979671E-18	3.779435E-19
2.012939E+04	2.974630E-18	3.772944E-19
2.016939E+04	2.967834E-18	3.764230E-19
2.020939E+04	2.959268E-18	3.753272E-19
2.024939E+04	2.948922E-18	3.740062E-19
2.028939E+04	2.936792E-18	3.724594E-19
2.032939E+04	2.922887E-18	3.706877E-19
2.036939E+04	2.907216E-18	3.686924E-19
2.040939E+04	2.889797E-18	3.664760E-19
2.044939E+04	2.870656E-18	3.640416E-19
2.048939E+04	2.849829E-18	3.613938E-19
2.052939E+04	2.827357E-18	3.585377E-19
2.056939E+04	2.803285E-18	3.554794E-19
2.060939E+04	2.777673E-18	3.522262E-19
2.064939E+04	2.750583E-18	3.487859E-19
2.068939E+04	2.722084E-18	3.451676E-19
2.072939E+04	2.692255E-18	3.413811E-19
2.076939E+04	2.661180E-18	3.374370E-19
2.080939E+04	2.628946E-18	3.333465E-19
2.084939E+04	2.595652E-18	3.291220E-19
2.088939E+04	2.561397E-18	3.247762E-19
2.092939E+04	2.526286E-18	3.203223E-19
2.096939E+04	2.490429E-18	3.157742E-19
2.100939E+04	2.453941E-18	3.111466E-19
2.104939E+04	2.416935E-18	3.064537E-19
2.108939E+04	2.379531E-18	3.017108E-19
2.112939E+04	2.341848E-18	2.969329E-19
2.116939E+04	2.304005E-18	2.921352E-19
2.120939E+04	2.266124E-18	2.873331E-19
2.124939E+04	2.228322E-18	2.825414E-19
2.128939E+04	2.190718E-18	2.777751E-19
2.132939E+04	2.153426E-18	2.730488E-19
2.136939E+04	2.116558E-18	2.683764E-19
2.140939E+04	2.080220E-18	2.637716E-19
2.144939E+04	2.044512E-18	2.592470E-19
2.148939E+04	2.009529E-18	2.548146E-19
2.152939E+04	1.975358E-18	2.504852E-19
2.156939E+04	1.942076E-18	2.462688E-19
2.160939E+04	1.909752E-18	2.421741E-19
2.164939E+04	1.878451E-18	2.382092E-19
2.168939E+04	1.848229E-18	2.343814E-19
2.172939E+04	1.819137E-18	2.306969E-19
2.176939E+04	1.791222E-18	2.271618E-19
2.180939E+04	1.764523E-18	2.237811E-19
2.184939E+04	1.739077E-18	2.205594E-19
2.188939E+04	1.714915E-18	2.175006E-19
2.192939E+04	1.692062E-18	2.146078E-19
2.196939E+04	1.670541E-18	2.118840E-19
2.200939E+04	1.650369E-18	2.093315E-19
2.204939E+04	1.631561E-18	2.069521E-19
2.208939E+04	1.614128E-18	2.047470E-19
2.212939E+04	1.598075E-18	2.027171E-19
2.216939E+04	1.583408E-18	2.008630E-19
2.220939E+04	1.570129E-18	1.991852E-19
2.224939E+04	1.558238E-18	1.976834E-19
2.228939E+04	1.547731E-18	1.963572E-19
2.232939E+04	1.538605E-18	1.952065E-19
2.236939E+04	1.530857E-18	1.942305E-19
2.240939E+04	1.524478E-18	1.934283E-19
2.244939E+04	1.519463E-18	1.927994E-19
2.248939E+04	1.515805E-18	1.923426E-19
2.252939E+04	1.513495E-18	1.920572E-19
2.256939E+04	1.512529E-18	1.919422E-19
2.260939E+04	1.512896E-18	1.919966E-19
2.264939E+04	1.514591E-18	1.922196E-19
2.268939E+04	1.517608E-18	1.926106E-19
2.272939E+04	1.521940E-18	1.931686E-19
2.276939E+04	1.527582E-18	1.938930E-19
2.280939E+04	1.534529E-18	1.947833E-19
2.284939E+04	1.542780E-18	1.958392E-19
2.288939E+04	1.552329E-18	1.970601E-19
2.292939E+04	1.563174E-18	1.984459E-19
2.296939E+04	1.575317E-18	1.999965E-19
2.300939E+04	1.588756E-18	2.017119E-19
2.304939E+04	1.603491E-18	2.035922E-19
2.308939E+04	1.619526E-18	2.056378E-19
2.312939E+04	1.636862E-18	2.078489E-19
2.316939E+04	1.655504E-18	2.102260E-19
2.320939E+04	1.675455E-18	2.127697E-19
2.324939E+04	1.696721E-18	2.154807E-19
2.328939E+04	1.719308E-18	2.183599E-19
2.332939E+04	1.743223E-18	2.214080E-19
2.336939E+04	1.768475E-18	2.246262E-19
2.340939E+04	1.795069E-18	2.280154E-19
2.344939E+04	1.823017E-18	2.315770E-19
2.348939E+04	1.852327E-18	2.353120E-19
2.352939E+04	1.883009E-18	2.392217E-19
2.356939E+04	1.915075E-18	2.433077E-19
2.360939E+04	1.948534E-18	2.475712E-19
2.364939E+04	1.983399E-18	2.520138E-19
2.368939E+04	2.019680E-18	2.566368E-19
2.372939E+04	2.057392E-18	2.614420E-19
2.376939E+04	2.096543E-18	2.664308E-19
2.380939E+04	2.137148E-18	2.716048E-19
2.384939E+04	2.179218E-18	2.769657E-19
2.388939E+04	2.222767E-18	2.825151E-19
2.392939E+04	2.267806E-18	2.882545E-19
2.396939E+04	2.314349E-18	2.941856E-19
2.400939E+04	2.362407E-18	3.003100E-19
2.404939E+04	2.411992E-18	3.066292E-19
2.408939E+04	2.463118E-18	3.131449E-19
2.412939E+04	2.515794E-18	3.198584E-19
2.416939E+04	2.570034E-18	3.267714E-19
2.420939E+04	2.625848E-18	3.338854E-19
2.424939E+04	2.683246E-18	3.412015E-19
2.428939E+04	2.742240E-18	3.487213E-19
2.432939E+04	2.802839E-18	3.564459E-19
2.436939E+04	2.865052E-18	3.643767E-19
2.440939E+04	2.928889E-18	3.725148E-19
2.444939E+04	2.994358E-18	3.808613E-19
2.448939E+04	3.061466E-18	3.894171E-19
