#wls	flux	fluxerr
3.289393E+03	4.765220E-19	2.326789E-20
3.329393E+03	4.994444E-19	2.400645E-20
3.369393E+03	5.239712E-19	2.479711E-20
3.409393E+03	5.502066E-19	2.564337E-20
3.449393E+03	5.782577E-19	2.654893E-20
3.489393E+03	6.082343E-19	2.751772E-20
3.529393E+03	6.402464E-19	2.855379E-20
3.569393E+03	6.743998E-19	2.966117E-20
3.609393E+03	7.108007E-19	3.084416E-20
3.649393E+03	7.495542E-19	3.210727E-20
3.689393E+03	7.907577E-19	3.345461E-20
3.729393E+03	8.344976E-19	3.488963E-20
3.769393E+03	8.808508E-19	3.641561E-20
3.809393E+03	9.298827E-19	3.803559E-20
3.849393E+03	9.816440E-19	3.975232E-20
3.889393E+03	1.036158E-18	4.156744E-20
3.929393E+03	1.093429E-18	4.348147E-20
3.969393E+03	1.153441E-18	4.549416E-20
4.009393E+03	1.216154E-18	4.760457E-20
4.049393E+03	1.281509E-18	4.981097E-20
4.089393E+03	1.349428E-18	5.211106E-20
4.129393E+03	1.419815E-18	5.450188E-20
4.169393E+03	1.492554E-18	5.697987E-20
4.209393E+03	1.567521E-18	5.954099E-20
4.249393E+03	1.644578E-18	6.218078E-20
4.289393E+03	1.723579E-18	6.489447E-20
4.329393E+03	1.804371E-18	6.767689E-20
4.369393E+03	1.886798E-18	7.052280E-20
4.409393E+03	1.970705E-18	7.342676E-20
4.449393E+03	2.055931E-18	7.638323E-20
4.489393E+03	2.142324E-18	7.938672E-20
4.529393E+03	2.229733E-18	8.243179E-20
4.569393E+03	2.318018E-18	8.551331E-20
4.609393E+03	2.407049E-18	8.862641E-20
4.649393E+03	2.496711E-18	9.176672E-20
4.689393E+03	2.586904E-18	9.493035E-20
4.729393E+03	2.677543E-18	9.811394E-20
4.769393E+03	2.768553E-18	1.013145E-19
4.809393E+03	2.859867E-18	1.045292E-19
4.849393E+03	2.951418E-18	1.077553E-19
4.889393E+03	3.043099E-18	1.109886E-19
4.929393E+03	3.134770E-18	1.142238E-19
4.969393E+03	3.226273E-18	1.174551E-19
5.009393E+03	3.317441E-18	1.206751E-19
5.049393E+03	3.408099E-18	1.238750E-19
5.089393E+03	3.498067E-18	1.270458E-19
5.129393E+03	3.587152E-18	1.301776E-19
5.169393E+03	3.675152E-18	1.332602E-19
5.209393E+03	3.761846E-18	1.362828E-19
5.249393E+03	3.846993E-18	1.392339E-19
5.289393E+03	3.930325E-18	1.421008E-19
5.329393E+03	4.011536E-18	1.448701E-19
5.369393E+03	4.090288E-18	1.475269E-19
5.409393E+03	4.166209E-18	1.500555E-19
5.449393E+03	4.238898E-18	1.524396E-19
5.489393E+03	4.307940E-18	1.546625E-19
5.529393E+03	4.372912E-18	1.567078E-19
5.569393E+03	4.433399E-18	1.585598E-19
5.609393E+03	4.489010E-18	1.602040E-19
5.649393E+03	4.539395E-18	1.616281E-19
5.689393E+03	4.584261E-18	1.628222E-19
5.729393E+03	4.623385E-18	1.637797E-19
5.769393E+03	4.656632E-18	1.644974E-19
5.809393E+03	4.683957E-18	1.649759E-19
5.849393E+03	4.705412E-18	1.652198E-19
5.889393E+03	4.721143E-18	1.652374E-19
5.929393E+03	4.731385E-18	1.650403E-19
5.969393E+03	4.736462E-18	1.646436E-19
6.009393E+03	4.736767E-18	1.640652E-19
6.049393E+03	4.732772E-18	1.633255E-19
6.089393E+03	4.725003E-18	1.624471E-19
6.129393E+03	4.714049E-18	1.614547E-19
6.169393E+03	4.700542E-18	1.603742E-19
6.209393E+03	4.685149E-18	1.592326E-19
6.249393E+03	4.668565E-18	1.580577E-19
6.289393E+03	4.651489E-18	1.568771E-19
6.329393E+03	4.634623E-18	1.557181E-19
6.369393E+03	4.618641E-18	1.546069E-19
6.409393E+03	4.604182E-18	1.535681E-19
6.449393E+03	4.591814E-18	1.526236E-19
6.489393E+03	4.581983E-18	1.517882E-19
6.529393E+03	4.574994E-18	1.510681E-19
6.569393E+03	4.571083E-18	1.504670E-19
6.609393E+03	4.570436E-18	1.499869E-19
6.649393E+03	4.573195E-18	1.496285E-19
6.689393E+03	4.579462E-18	1.493912E-19
6.729393E+03	4.589296E-18	1.492732E-19
6.769393E+03	4.602715E-18	1.492715E-19
6.809393E+03	4.619700E-18	1.493819E-19
6.849393E+03	4.640189E-18	1.495992E-19
6.889393E+03	4.664071E-18	1.499166E-19
6.929393E+03	4.691190E-18	1.503262E-19
6.969393E+03	4.721347E-18	1.508190E-19
7.009393E+03	4.754308E-18	1.513849E-19
7.049393E+03	4.789808E-18	1.520135E-19
7.089393E+03	4.827560E-18	1.526937E-19
7.129393E+03	4.867254E-18	1.534142E-19
7.169393E+03	4.908566E-18	1.541635E-19
7.209393E+03	4.951149E-18	1.549301E-19
7.249393E+03	4.994646E-18	1.557022E-19
7.289393E+03	5.038693E-18	1.564686E-19
7.329393E+03	5.082929E-18	1.572186E-19
7.369393E+03	5.127006E-18	1.579425E-19
7.409393E+03	5.170592E-18	1.586314E-19
7.449393E+03	5.213378E-18	1.592779E-19
7.489393E+03	5.255086E-18	1.598760E-19
7.529393E+03	5.295463E-18	1.604208E-19
7.569393E+03	5.334294E-18	1.609095E-19
7.609393E+03	5.371396E-18	1.613402E-19
7.649393E+03	5.406612E-18	1.617125E-19
7.689393E+03	5.439813E-18	1.620271E-19
7.729393E+03	5.470896E-18	1.622860E-19
7.769393E+03	5.499778E-18	1.624918E-19
7.809393E+03	5.526414E-18	1.626486E-19
7.849393E+03	5.550783E-18	1.627613E-19
7.889393E+03	5.572647E-18	1.628262E-19
7.929393E+03	5.591623E-18	1.628295E-19
7.969393E+03	5.607401E-18	1.627581E-19
8.009393E+03	5.619763E-18	1.626019E-19
8.049393E+03	5.628578E-18	1.623534E-19
8.089393E+03	5.633814E-18	1.620081E-19
8.129393E+03	5.635533E-18	1.615643E-19
8.169393E+03	5.633905E-18	1.610238E-19
8.209393E+03	5.629214E-18	1.603918E-19
8.249393E+03	5.621859E-18	1.596770E-19
8.289393E+03	5.612356E-18	1.588919E-19
8.329393E+03	5.601315E-18	1.580518E-19
8.369393E+03	5.589407E-18	1.571739E-19
8.409393E+03	5.577330E-18	1.562765E-19
8.449393E+03	5.565767E-18	1.553777E-19
8.489393E+03	5.555360E-18	1.544946E-19
8.529393E+03	5.546683E-18	1.536428E-19
8.569393E+03	5.540222E-18	1.528356E-19
8.609393E+03	5.536373E-18	1.520842E-19
8.649393E+03	5.535432E-18	1.513971E-19
8.689393E+03	5.537598E-18	1.507809E-19
8.729393E+03	5.542971E-18	1.502398E-19
8.769393E+03	5.551561E-18	1.497761E-19
8.809393E+03	5.563305E-18	1.493905E-19
8.849393E+03	5.578076E-18	1.490828E-19
8.889393E+03	5.595707E-18	1.488525E-19
8.929393E+03	5.615999E-18	1.486986E-19
8.969393E+03	5.638729E-18	1.486204E-19
9.009393E+03	5.663662E-18	1.486178E-19
9.049393E+03	5.690554E-18	1.486910E-19
9.089393E+03	5.719152E-18	1.488406E-19
9.129393E+03	5.749182E-18	1.490676E-19
9.169393E+03	5.780319E-18	1.493722E-19
9.209393E+03	5.812220E-18	1.497546E-19
9.249393E+03	5.844889E-18	1.502219E-19
9.289393E+03	5.878443E-18	1.507780E-19
9.329393E+03	5.912889E-18	1.514229E-19
9.369393E+03	5.948146E-18	1.521548E-19
9.409393E+03	5.984078E-18	1.529705E-19
9.449393E+03	6.020518E-18	1.538667E-19
9.489393E+03	6.057289E-18	1.548396E-19
9.529393E+03	6.094207E-18	1.558859E-19
9.569393E+03	6.131084E-18	1.570024E-19
9.609393E+03	6.167718E-18	1.581858E-19
9.649393E+03	6.203896E-18	1.594329E-19
9.689393E+03	6.239387E-18	1.607399E-19
9.729393E+03	6.273945E-18	1.621034E-19
9.769393E+03	6.307308E-18	1.635191E-19
9.809393E+03	6.339193E-18	1.649825E-19
9.849393E+03	6.369307E-18	1.664889E-19
9.889393E+03	6.397352E-18	1.680330E-19
9.929393E+03	6.423126E-18	1.696116E-19
9.969393E+03	6.446930E-18	1.712280E-19
1.000939E+04	6.469354E-18	1.728880E-19
1.004939E+04	6.491006E-18	1.745981E-19
1.008939E+04	6.512475E-18	1.763646E-19
1.012939E+04	6.534339E-18	1.781941E-19
1.016939E+04	6.557168E-18	1.800938E-19
1.020939E+04	6.581538E-18	1.820716E-19
1.024939E+04	6.608035E-18	1.841368E-19
1.028939E+04	6.637260E-18	1.863000E-19
1.032939E+04	6.669830E-18	1.885732E-19
1.036939E+04	6.706384E-18	1.909700E-19
1.040939E+04	6.747556E-18	1.935049E-19
1.044939E+04	6.793975E-18	1.961933E-19
1.048939E+04	6.846228E-18	1.990502E-19
1.052939E+04	6.904847E-18	2.020900E-19
1.056939E+04	6.970288E-18	2.053257E-19
1.060939E+04	7.042938E-18	2.087690E-19
1.064939E+04	7.123107E-18	2.124298E-19
1.068939E+04	7.211038E-18	2.163168E-19
1.072939E+04	7.306909E-18	2.204373E-19
1.076939E+04	7.410828E-18	2.247968E-19
1.080939E+04	7.522841E-18	2.293996E-19
1.084939E+04	7.642923E-18	2.342481E-19
1.088939E+04	7.770986E-18	2.393434E-19
1.092939E+04	7.906861E-18	2.446845E-19
1.096939E+04	8.050276E-18	2.502679E-19
1.100939E+04	8.200826E-18	2.560861E-19
1.104939E+04	8.357936E-18	2.621273E-19
1.108939E+04	8.520846E-18	2.683741E-19
1.112939E+04	8.688590E-18	2.748031E-19
1.116939E+04	8.859982E-18	2.813845E-19
1.120939E+04	9.033606E-18	2.880817E-19
1.124939E+04	9.207824E-18	2.948511E-19
1.128939E+04	9.380783E-18	3.016428E-19
1.132939E+04	9.550419E-18	3.084000E-19
1.136939E+04	9.714489E-18	3.150600E-19
1.140939E+04	9.870580E-18	3.215545E-19
1.144939E+04	1.001614E-17	3.278100E-19
1.148939E+04	1.014854E-17	3.337488E-19
1.152939E+04	1.026507E-17	3.392908E-19
1.156939E+04	1.036312E-17	3.443553E-19
1.160939E+04	1.044019E-17	3.488643E-19
1.164939E+04	1.049429E-17	3.527541E-19
1.168939E+04	1.052563E-17	3.560311E-19
1.172939E+04	1.053607E-17	3.587580E-19
1.176939E+04	1.052796E-17	3.610108E-19
1.180939E+04	1.050382E-17	3.628592E-19
1.184939E+04	1.046621E-17	3.643664E-19
1.188939E+04	1.041756E-17	3.655926E-19
1.192939E+04	1.036008E-17	3.665924E-19
1.196939E+04	1.029574E-17	3.674134E-19
1.200939E+04	1.022620E-17	3.680949E-19
1.204939E+04	1.015285E-17	3.686681E-19
1.208939E+04	1.007679E-17	3.691561E-19
1.212939E+04	9.998887E-18	3.695741E-19
1.216939E+04	9.919741E-18	3.699303E-19
1.220939E+04	9.839765E-18	3.702267E-19
1.224939E+04	9.759184E-18	3.704592E-19
1.228939E+04	9.678066E-18	3.706190E-19
1.232939E+04	9.596345E-18	3.706926E-19
1.236939E+04	9.513837E-18	3.706627E-19
1.240939E+04	9.430267E-18	3.705087E-19
1.244939E+04	9.345308E-18	3.702084E-19
1.248939E+04	9.258616E-18	3.697392E-19
1.252939E+04	9.169882E-18	3.690800E-19
1.256939E+04	9.078892E-18	3.682140E-19
1.260939E+04	8.985582E-18	3.671311E-19
1.264939E+04	8.890085E-18	3.658297E-19
1.268939E+04	8.792754E-18	3.643183E-19
1.272939E+04	8.694164E-18	3.626158E-19
1.276939E+04	8.595083E-18	3.607505E-19
1.280939E+04	8.496454E-18	3.587594E-19
1.284939E+04	8.399336E-18	3.566858E-19
1.288939E+04	8.304858E-18	3.545777E-19
1.292939E+04	8.214151E-18	3.524845E-19
1.296939E+04	8.128302E-18	3.504545E-19
1.300939E+04	8.048304E-18	3.485334E-19
1.304939E+04	7.975020E-18	3.467615E-19
1.308939E+04	7.909150E-18	3.451728E-19
1.312939E+04	7.851202E-18	3.437927E-19
1.316939E+04	7.801470E-18	3.426374E-19
1.320939E+04	7.760004E-18	3.417121E-19
1.324939E+04	7.726616E-18	3.410106E-19
1.328939E+04	7.700870E-18	3.405156E-19
1.332939E+04	7.682097E-18	3.401986E-19
1.336939E+04	7.669418E-18	3.400213E-19
1.340939E+04	7.661763E-18	3.399360E-19
1.344939E+04	7.657896E-18	3.398876E-19
1.348939E+04	7.656454E-18	3.398147E-19
1.352939E+04	7.655977E-18	3.396518E-19
1.356939E+04	7.654961E-18	3.393316E-19
1.360939E+04	7.651924E-18	3.387879E-19
1.364939E+04	7.645472E-18	3.379597E-19
1.368939E+04	7.634366E-18	3.367932E-19
1.372939E+04	7.617563E-18	3.352447E-19
1.376939E+04	7.594244E-18	3.332816E-19
1.380939E+04	7.563809E-18	3.308820E-19
1.384939E+04	7.525874E-18	3.280349E-19
1.388939E+04	7.480249E-18	3.247389E-19
1.392939E+04	7.426937E-18	3.210024E-19
1.396939E+04	7.366118E-18	3.168421E-19
1.400939E+04	7.298133E-18	3.122826E-19
1.404939E+04	7.223461E-18	3.073552E-19
1.408939E+04	7.142701E-18	3.020965E-19
1.412939E+04	7.056544E-18	2.965473E-19
1.416939E+04	6.965751E-18	2.907514E-19
1.420939E+04	6.871134E-18	2.847544E-19
1.424939E+04	6.773532E-18	2.786027E-19
1.428939E+04	6.673801E-18	2.723427E-19
1.432939E+04	6.572800E-18	2.660205E-19
1.436939E+04	6.471372E-18	2.596804E-19
1.440939E+04	6.370335E-18	2.533648E-19
1.444939E+04	6.270468E-18	2.471139E-19
1.448939E+04	6.172518E-18	2.409654E-19
1.452939E+04	6.077185E-18	2.349542E-19
1.456939E+04	5.985129E-18	2.291128E-19
1.460939E+04	5.896965E-18	2.234709E-19
1.464939E+04	5.813265E-18	2.180561E-19
1.468939E+04	5.734570E-18	2.128938E-19
1.472939E+04	5.661390E-18	2.080078E-19
1.476939E+04	5.594208E-18	2.034204E-19
1.480939E+04	5.533472E-18	1.991523E-19
1.484939E+04	5.479597E-18	1.952228E-19
1.488939E+04	5.432964E-18	1.916502E-19
1.492939E+04	5.393919E-18	1.884517E-19
1.496939E+04	5.362772E-18	1.856437E-19
1.500939E+04	5.339802E-18	1.832423E-19
1.504939E+04	5.325260E-18	1.812638E-19
1.508939E+04	5.319390E-18	1.797252E-19
1.512939E+04	5.322448E-18	1.786455E-19
1.516939E+04	5.334727E-18	1.780464E-19
1.520939E+04	5.356573E-18	1.779533E-19
1.524939E+04	5.388414E-18	1.783962E-19
1.528939E+04	5.430790E-18	1.794110E-19
1.532939E+04	5.484419E-18	1.810420E-19
1.536939E+04	5.550279E-18	1.833446E-19
1.540939E+04	5.629594E-18	1.863858E-19
1.544939E+04	5.722588E-18	1.902029E-19
1.548939E+04	5.828130E-18	1.947903E-19
1.552939E+04	5.945047E-18	2.001318E-19
1.556939E+04	6.072216E-18	2.062083E-19
1.560939E+04	6.208502E-18	2.130001E-19
1.564939E+04	6.352688E-18	2.204840E-19
1.568939E+04	6.503432E-18	2.286304E-19
1.572939E+04	6.659232E-18	2.374018E-19
1.576939E+04	6.818416E-18	2.467511E-19
1.580939E+04	6.979138E-18	2.566204E-19
1.584939E+04	7.139380E-18	2.669399E-19
1.588939E+04	7.296947E-18	2.776268E-19
1.592939E+04	7.449464E-18	2.885839E-19
1.596939E+04	7.594396E-18	2.996992E-19
1.600939E+04	7.729088E-18	3.108466E-19
1.604939E+04	7.850861E-18	3.218885E-19
1.608939E+04	7.957152E-18	3.326819E-19
1.612939E+04	8.045675E-18	3.430846E-19
1.616939E+04	8.114565E-18	3.529628E-19
1.620939E+04	8.162474E-18	3.621974E-19
1.624939E+04	8.188643E-18	3.706888E-19
1.628939E+04	8.193076E-18	3.783683E-19
1.632939E+04	8.176722E-18	3.852095E-19
1.636939E+04	8.141200E-18	3.912193E-19
1.640939E+04	8.088594E-18	3.964328E-19
1.644939E+04	8.021313E-18	4.009089E-19
1.648939E+04	7.941924E-18	4.047233E-19
1.652939E+04	7.852988E-18	4.079621E-19
1.656939E+04	7.756941E-18	4.107150E-19
1.660939E+04	7.655999E-18	4.130703E-19
1.664939E+04	7.552127E-18	4.151117E-19
1.668939E+04	7.447002E-18	4.169157E-19
1.672939E+04	7.342019E-18	4.185503E-19
1.676939E+04	7.238302E-18	4.200741E-19
1.680939E+04	7.136739E-18	4.215370E-19
1.684939E+04	7.038010E-18	4.229809E-19
1.688939E+04	6.942624E-18	4.244405E-19
1.692939E+04	6.850949E-18	4.259446E-19
1.696939E+04	6.763242E-18	4.275169E-19
1.700939E+04	6.679674E-18	4.291771E-19
1.704939E+04	6.600359E-18	4.309422E-19
1.708939E+04	6.525371E-18	4.328277E-19
1.712939E+04	6.454765E-18	4.348479E-19
1.716939E+04	6.388586E-18	4.370175E-19
1.720939E+04	6.326878E-18	4.393513E-19
1.724939E+04	6.269697E-18	4.418651E-19
1.728939E+04	6.217111E-18	4.445763E-19
1.732939E+04	6.169204E-18	4.475037E-19
1.736939E+04	6.126073E-18	4.506677E-19
1.740939E+04	6.087824E-18	4.540895E-19
1.744939E+04	6.054559E-18	4.577908E-19
1.748939E+04	6.026382E-18	4.617937E-19
1.752939E+04	6.003388E-18	4.661203E-19
1.756939E+04	5.985666E-18	4.707924E-19
1.760939E+04	5.973298E-18	4.758315E-19
1.764939E+04	5.966353E-18	4.812585E-19
1.768939E+04	5.964898E-18	4.870943E-19
1.772939E+04	5.968986E-18	4.933590E-19
1.776939E+04	5.978656E-18	5.000712E-19
1.780939E+04	5.993921E-18	5.072479E-19
1.784939E+04	6.014755E-18	5.149023E-19
1.788939E+04	6.041081E-18	5.230431E-19
1.792939E+04	6.072754E-18	5.316727E-19
1.796939E+04	6.109562E-18	5.407868E-19
1.800939E+04	6.151223E-18	5.503738E-19
1.804939E+04	6.197385E-18	5.604147E-19
1.808939E+04	6.247635E-18	5.708834E-19
1.812939E+04	6.301494E-18	5.817460E-19
1.816939E+04	6.358420E-18	5.929609E-19
1.820939E+04	6.417810E-18	6.044785E-19
1.824939E+04	6.479013E-18	6.162425E-19
1.828939E+04	6.541339E-18	6.281900E-19
1.832939E+04	6.604078E-18	6.402542E-19
1.836939E+04	6.666506E-18	6.523640E-19
1.840939E+04	6.727895E-18	6.644450E-19
1.844939E+04	6.787515E-18	6.764205E-19
1.848939E+04	6.844650E-18	6.882124E-19
1.852939E+04	6.898623E-18	6.997442E-19
1.856939E+04	6.948802E-18	7.109417E-19
1.860939E+04	6.994629E-18	7.217362E-19
1.864939E+04	7.035619E-18	7.320649E-19
1.868939E+04	7.071383E-18	7.418735E-19
1.872939E+04	7.101660E-18	7.511202E-19
1.876939E+04	7.126343E-18	7.597788E-19
1.880939E+04	7.145485E-18	7.678403E-19
1.884939E+04	7.159304E-18	7.753139E-19
1.888939E+04	7.168152E-18	7.822244E-19
1.892939E+04	7.172494E-18	7.886101E-19
1.896939E+04	7.172874E-18	7.945204E-19
1.900939E+04	7.169896E-18	8.000126E-19
1.904939E+04	7.164199E-18	8.051508E-19
1.908939E+04	7.156448E-18	8.100034E-19
1.912939E+04	7.147318E-18	8.146429E-19
1.916939E+04	7.137487E-18	8.191439E-19
1.920939E+04	7.127627E-18	8.235827E-19
1.924939E+04	7.118401E-18	8.280366E-19
1.928939E+04	7.110454E-18	8.325827E-19
1.932939E+04	7.104392E-18	8.372959E-19
1.936939E+04	7.100769E-18	8.422462E-19
1.940939E+04	7.100067E-18	8.474969E-19
1.944939E+04	7.102681E-18	8.531023E-19
1.948939E+04	7.108920E-18	8.591071E-19
1.952939E+04	7.119007E-18	8.655465E-19
1.956939E+04	7.133090E-18	8.724469E-19
1.960939E+04	7.151250E-18	8.798272E-19
1.964939E+04	7.173516E-18	8.876993E-19
1.968939E+04	7.199865E-18	8.960693E-19
1.972939E+04	7.230223E-18	9.049359E-19
1.976939E+04	7.264464E-18	9.142916E-19
1.980939E+04	7.302409E-18	9.241214E-19
1.984939E+04	7.343833E-18	9.344040E-19
1.988939E+04	7.388464E-18	9.451112E-19
1.992939E+04	7.435997E-18	9.562097E-19
1.996939E+04	7.486094E-18	9.676610E-19
2.000939E+04	7.538394E-18	9.794229E-19
2.004939E+04	7.592526E-18	9.914505E-19
2.008939E+04	7.648112E-18	1.003697E-18
2.012939E+04	7.704784E-18	1.016117E-18
2.016939E+04	7.762181E-18	1.028663E-18
2.020939E+04	7.819952E-18	1.041288E-18
2.024939E+04	7.877747E-18	1.053948E-18
2.028939E+04	7.935224E-18	1.066594E-18
2.032939E+04	7.992033E-18	1.079178E-18
2.036939E+04	8.047836E-18	1.091653E-18
2.040939E+04	8.102297E-18	1.103970E-18
2.044939E+04	8.155089E-18	1.116082E-18
2.048939E+04	8.205897E-18	1.127941E-18
2.052939E+04	8.254424E-18	1.139502E-18
2.056939E+04	8.300392E-18	1.150723E-18
2.060939E+04	8.343538E-18	1.161562E-18
2.064939E+04	8.383611E-18	1.171978E-18
2.068939E+04	8.420363E-18	1.181931E-18
2.072939E+04	8.453548E-18	1.191381E-18
2.076939E+04	8.482917E-18	1.200285E-18
2.080939E+04	8.508218E-18	1.208602E-18
2.084939E+04	8.529199E-18	1.216288E-18
2.088939E+04	8.545606E-18	1.223301E-18
2.092939E+04	8.557200E-18	1.229599E-18
2.096939E+04	8.563743E-18	1.235138E-18
2.100939E+04	8.565029E-18	1.239883E-18
2.104939E+04	8.560897E-18	1.243800E-18
2.108939E+04	8.551232E-18	1.246866E-18
2.112939E+04	8.536028E-18	1.249071E-18
2.116939E+04	8.515353E-18	1.250417E-18
2.120939E+04	8.489374E-18	1.250921E-18
2.124939E+04	8.458347E-18	1.250613E-18
2.128939E+04	8.422603E-18	1.249535E-18
2.132939E+04	8.382538E-18	1.247741E-18
2.136939E+04	8.338597E-18	1.245290E-18
2.140939E+04	8.291256E-18	1.242251E-18
2.144939E+04	8.240991E-18	1.238689E-18
2.148939E+04	8.188252E-18	1.234670E-18
2.152939E+04	8.133398E-18	1.230245E-18
2.156939E+04	8.076669E-18	1.225449E-18
2.160939E+04	8.018238E-18	1.220306E-18
2.164939E+04	7.958249E-18	1.214837E-18
2.168939E+04	7.896825E-18	1.209059E-18
2.172939E+04	7.834091E-18	1.202991E-18
2.176939E+04	7.770177E-18	1.196653E-18
2.180939E+04	7.705226E-18	1.190064E-18
2.184939E+04	7.639388E-18	1.183249E-18
2.188939E+04	7.572828E-18	1.176233E-18
2.192939E+04	7.505720E-18	1.169043E-18
2.196939E+04	7.438244E-18	1.161708E-18
2.200939E+04	7.370589E-18	1.154257E-18
2.204939E+04	7.302948E-18	1.146722E-18
2.208939E+04	7.235526E-18	1.139136E-18
2.212939E+04	7.168539E-18	1.131535E-18
2.216939E+04	7.102205E-18	1.123954E-18
2.220939E+04	7.036752E-18	1.116431E-18
2.224939E+04	6.972410E-18	1.109005E-18
2.228939E+04	6.909411E-18	1.101716E-18
2.232939E+04	6.847996E-18	1.094604E-18
2.236939E+04	6.788399E-18	1.087709E-18
2.240939E+04	6.730855E-18	1.081072E-18
2.244939E+04	6.675574E-18	1.074731E-18
2.248939E+04	6.622758E-18	1.068721E-18
2.252939E+04	6.572584E-18	1.063075E-18
2.256939E+04	6.525213E-18	1.057821E-18
2.260939E+04	6.480785E-18	1.052987E-18
2.264939E+04	6.439419E-18	1.048597E-18
2.268939E+04	6.401216E-18	1.044669E-18
2.272939E+04	6.366254E-18	1.041222E-18
2.276939E+04	6.334605E-18	1.038271E-18
2.280939E+04	6.306339E-18	1.035831E-18
2.284939E+04	6.281529E-18	1.033919E-18
2.288939E+04	6.260254E-18	1.032551E-18
2.292939E+04	6.242599E-18	1.031745E-18
2.296939E+04	6.228648E-18	1.031520E-18
2.300939E+04	6.218486E-18	1.031894E-18
2.304939E+04	6.212204E-18	1.032885E-18
2.308939E+04	6.209887E-18	1.034512E-18
2.312939E+04	6.211620E-18	1.036793E-18
2.316939E+04	6.217486E-18	1.039746E-18
2.320939E+04	6.227563E-18	1.043389E-18
2.324939E+04	6.241927E-18	1.047737E-18
2.328939E+04	6.260645E-18	1.052806E-18
2.332939E+04	6.283786E-18	1.058613E-18
2.336939E+04	6.311416E-18	1.065171E-18
2.340939E+04	6.343608E-18	1.072498E-18
2.344939E+04	6.380440E-18	1.080610E-18
2.348939E+04	6.422001E-18	1.089527E-18
2.352939E+04	6.468388E-18	1.099268E-18
2.356939E+04	6.519704E-18	1.109856E-18
2.360939E+04	6.576056E-18	1.121312E-18
2.364939E+04	6.637550E-18	1.133659E-18
2.368939E+04	6.704277E-18	1.146916E-18
2.372939E+04	6.776309E-18	1.161100E-18
2.376939E+04	6.853696E-18	1.176222E-18
2.380939E+04	6.936452E-18	1.192289E-18
2.384939E+04	7.024563E-18	1.209303E-18
2.388939E+04	7.117984E-18	1.227260E-18
2.392939E+04	7.216638E-18	1.246149E-18
2.396939E+04	7.320414E-18	1.265955E-18
2.400939E+04	7.429168E-18	1.286657E-18
2.404939E+04	7.542723E-18	1.308226E-18
2.408939E+04	7.660872E-18	1.330630E-18
2.412939E+04	7.783388E-18	1.353832E-18
2.416939E+04	7.910035E-18	1.377793E-18
2.420939E+04	8.040580E-18	1.402474E-18
2.424939E+04	8.174800E-18	1.427840E-18
2.428939E+04	8.312488E-18	1.453855E-18
2.432939E+04	8.453450E-18	1.480487E-18
2.436939E+04	8.597505E-18	1.507705E-18
2.440939E+04	8.744481E-18	1.535481E-18
2.444939E+04	8.894219E-18	1.563789E-18
2.448939E+04	9.046572E-18	1.592602E-18
