#wls	flux	fluxerr
3.289393E+03	8.918608E-19	1.249951E-19
3.329393E+03	9.325079E-19	1.303500E-19
3.369393E+03	9.756295E-19	1.360172E-19
3.409393E+03	1.021347E-18	1.420103E-19
3.449393E+03	1.069784E-18	1.483432E-19
3.489393E+03	1.121064E-18	1.550293E-19
3.529393E+03	1.175306E-18	1.620814E-19
3.569393E+03	1.232621E-18	1.695107E-19
3.609393E+03	1.293107E-18	1.773269E-19
3.649393E+03	1.356848E-18	1.855369E-19
3.689393E+03	1.423908E-18	1.941450E-19
3.729393E+03	1.494323E-18	2.031518E-19
3.769393E+03	1.568113E-18	2.125550E-19
3.809393E+03	1.645282E-18	2.223506E-19
3.849393E+03	1.725853E-18	2.325367E-19
3.889393E+03	1.809895E-18	2.431178E-19
3.929393E+03	1.897527E-18	2.541047E-19
3.969393E+03	1.988896E-18	2.655116E-19
4.009393E+03	2.084164E-18	2.773547E-19
4.049393E+03	2.183495E-18	2.896498E-19
4.089393E+03	2.287053E-18	3.024126E-19
4.129393E+03	2.395007E-18	3.156588E-19
4.169393E+03	2.507521E-18	3.294033E-19
4.209393E+03	2.624764E-18	3.436615E-19
4.249393E+03	2.746905E-18	3.584477E-19
4.289393E+03	2.874111E-18	3.737761E-19
4.329393E+03	3.006537E-18	3.896591E-19
4.369393E+03	3.144325E-18	4.061066E-19
4.409393E+03	3.287594E-18	4.231254E-19
4.449393E+03	3.436429E-18	4.407178E-19
4.489393E+03	3.590887E-18	4.588818E-19
4.529393E+03	3.750988E-18	4.776109E-19
4.569393E+03	3.916725E-18	4.968949E-19
4.609393E+03	4.088063E-18	5.167200E-19
4.649393E+03	4.264933E-18	5.370680E-19
4.689393E+03	4.447218E-18	5.579148E-19
4.729393E+03	4.634749E-18	5.792299E-19
4.769393E+03	4.827299E-18	6.009759E-19
4.809393E+03	5.024595E-18	6.231097E-19
4.849393E+03	5.226320E-18	6.455837E-19
4.889393E+03	5.432098E-18	6.683435E-19
4.929393E+03	5.641495E-18	6.913277E-19
4.969393E+03	5.854020E-18	7.144696E-19
5.009393E+03	6.069112E-18	7.376943E-19
5.049393E+03	6.286115E-18	7.609168E-19
5.089393E+03	6.504274E-18	7.840413E-19
5.129393E+03	6.722734E-18	8.069614E-19
5.169393E+03	6.940558E-18	8.295627E-19
5.209393E+03	7.156754E-18	8.517265E-19
5.249393E+03	7.370297E-18	8.733320E-19
5.289393E+03	7.580143E-18	8.942582E-19
5.329393E+03	7.785230E-18	9.143845E-19
5.369393E+03	7.984487E-18	9.335917E-19
5.409393E+03	8.176859E-18	9.517643E-19
5.449393E+03	8.361320E-18	9.687930E-19
5.489393E+03	8.536916E-18	9.845792E-19
5.529393E+03	8.702802E-18	9.990386E-19
5.569393E+03	8.858263E-18	1.012104E-18
5.609393E+03	9.002724E-18	1.023726E-18
5.649393E+03	9.135762E-18	1.033874E-18
5.689393E+03	9.257102E-18	1.042534E-18
5.729393E+03	9.366615E-18	1.049711E-18
5.769393E+03	9.464316E-18	1.055426E-18
5.809393E+03	9.550348E-18	1.059713E-18
5.849393E+03	9.624990E-18	1.062623E-18
5.889393E+03	9.688664E-18	1.064220E-18
5.929393E+03	9.741928E-18	1.064585E-18
5.969393E+03	9.785473E-18	1.063809E-18
6.009393E+03	9.820072E-18	1.061994E-18
6.049393E+03	9.846582E-18	1.059247E-18
6.089393E+03	9.865914E-18	1.055679E-18
6.129393E+03	9.879005E-18	1.051404E-18
6.169393E+03	9.886806E-18	1.046532E-18
6.209393E+03	9.890306E-18	1.041179E-18
6.249393E+03	9.890497E-18	1.035455E-18
6.289393E+03	9.888353E-18	1.029469E-18
6.329393E+03	9.884867E-18	1.023328E-18
6.369393E+03	9.880938E-18	1.017128E-18
6.409393E+03	9.877506E-18	1.010967E-18
6.449393E+03	9.875597E-18	1.004948E-18
6.489393E+03	9.876696E-18	9.992211E-19
6.529393E+03	9.882777E-18	9.939786E-19
6.569393E+03	9.895962E-18	9.894244E-19
6.609393E+03	9.918365E-18	9.857564E-19
6.649393E+03	9.952000E-18	9.831571E-19
6.689393E+03	9.998676E-18	9.817846E-19
6.729393E+03	1.005992E-17	9.817641E-19
6.769393E+03	1.013681E-17	9.831752E-19
6.809393E+03	1.022990E-17	9.860433E-19
6.849393E+03	1.033922E-17	9.903411E-19
6.889393E+03	1.046417E-17	9.959830E-19
6.929393E+03	1.060358E-17	1.002831E-18
6.969393E+03	1.075577E-17	1.010699E-18
7.009393E+03	1.091867E-17	1.019374E-18
7.049393E+03	1.109008E-17	1.028630E-18
7.089393E+03	1.126770E-17	1.038242E-18
7.129393E+03	1.144931E-17	1.047994E-18
7.169393E+03	1.163291E-17	1.057700E-18
7.209393E+03	1.181687E-17	1.067207E-18
7.249393E+03	1.199969E-17	1.076384E-18
7.289393E+03	1.217995E-17	1.085105E-18
7.329393E+03	1.235620E-17	1.093250E-18
7.369393E+03	1.252720E-17	1.100716E-18
7.409393E+03	1.269211E-17	1.107443E-18
7.449393E+03	1.285079E-17	1.113430E-18
7.489393E+03	1.300391E-17	1.118749E-18
7.529393E+03	1.315308E-17	1.123549E-18
7.569393E+03	1.330081E-17	1.128053E-18
7.609393E+03	1.345028E-17	1.132533E-18
7.649393E+03	1.360483E-17	1.137267E-18
7.689393E+03	1.376713E-17	1.142471E-18
7.729393E+03	1.393870E-17	1.148258E-18
7.769393E+03	1.411991E-17	1.154644E-18
7.809393E+03	1.431012E-17	1.161565E-18
7.849393E+03	1.450717E-17	1.168831E-18
7.889393E+03	1.470627E-17	1.176052E-18
7.929393E+03	1.490025E-17	1.182659E-18
7.969393E+03	1.508129E-17	1.188046E-18
8.009393E+03	1.524249E-17	1.191698E-18
8.049393E+03	1.537874E-17	1.193256E-18
8.089393E+03	1.548703E-17	1.192535E-18
8.129393E+03	1.556641E-17	1.189514E-18
8.169393E+03	1.561798E-17	1.184327E-18
8.209393E+03	1.564450E-17	1.177234E-18
8.249393E+03	1.565019E-17	1.168596E-18
8.289393E+03	1.564034E-17	1.158840E-18
8.329393E+03	1.562081E-17	1.148428E-18
8.369393E+03	1.559749E-17	1.137807E-18
8.409393E+03	1.557577E-17	1.127375E-18
8.449393E+03	1.556023E-17	1.117461E-18
8.489393E+03	1.555443E-17	1.108309E-18
8.529393E+03	1.556094E-17	1.100088E-18
8.569393E+03	1.558143E-17	1.092896E-18
8.609393E+03	1.561678E-17	1.086774E-18
8.649393E+03	1.566724E-17	1.081719E-18
8.689393E+03	1.573253E-17	1.077688E-18
8.729393E+03	1.581188E-17	1.074611E-18
8.769393E+03	1.590400E-17	1.072383E-18
8.809393E+03	1.600737E-17	1.070884E-18
8.849393E+03	1.612042E-17	1.069999E-18
8.889393E+03	1.624192E-17	1.069636E-18
8.929393E+03	1.637095E-17	1.069729E-18
8.969393E+03	1.650699E-17	1.070238E-18
9.009393E+03	1.664974E-17	1.071139E-18
9.049393E+03	1.679899E-17	1.072417E-18
9.089393E+03	1.695449E-17	1.074054E-18
9.129393E+03	1.711581E-17	1.076020E-18
9.169393E+03	1.728231E-17	1.078276E-18
9.209393E+03	1.745332E-17	1.080782E-18
9.249393E+03	1.762816E-17	1.083498E-18
9.289393E+03	1.780596E-17	1.086370E-18
9.329393E+03	1.798534E-17	1.089314E-18
9.369393E+03	1.816419E-17	1.092205E-18
9.409393E+03	1.833971E-17	1.094879E-18
9.449393E+03	1.850849E-17	1.097142E-18
9.489393E+03	1.866669E-17	1.098782E-18
9.529393E+03	1.881011E-17	1.099567E-18
9.569393E+03	1.893445E-17	1.099271E-18
9.609393E+03	1.903595E-17	1.097702E-18
9.649393E+03	1.911213E-17	1.094747E-18
9.689393E+03	1.916217E-17	1.090392E-18
9.729393E+03	1.918682E-17	1.084710E-18
9.769393E+03	1.918832E-17	1.077855E-18
9.809393E+03	1.917045E-17	1.070065E-18
9.849393E+03	1.913865E-17	1.061663E-18
9.889393E+03	1.909936E-17	1.053018E-18
9.929393E+03	1.905891E-17	1.044484E-18
9.969393E+03	1.902170E-17	1.036297E-18
1.000939E+04	1.899049E-17	1.028594E-18
1.004939E+04	1.896757E-17	1.021484E-18
1.008939E+04	1.895500E-17	1.015062E-18
1.012939E+04	1.895487E-17	1.009421E-18
1.016939E+04	1.896927E-17	1.004656E-18
1.020939E+04	1.900030E-17	1.000856E-18
1.024939E+04	1.905007E-17	9.981122E-19
1.028939E+04	1.912071E-17	9.965147E-19
1.032939E+04	1.921448E-17	9.961580E-19
1.036939E+04	1.933366E-17	9.971363E-19
1.040939E+04	1.948047E-17	9.995390E-19
1.044939E+04	1.965685E-17	1.003441E-18
1.048939E+04	1.986407E-17	1.008880E-18
1.052939E+04	2.010233E-17	1.015841E-18
1.056939E+04	2.037077E-17	1.024256E-18
1.060939E+04	2.066749E-17	1.034006E-18
1.064939E+04	2.098976E-17	1.044935E-18
1.068939E+04	2.133416E-17	1.056854E-18
1.072939E+04	2.169681E-17	1.069560E-18
1.076939E+04	2.207377E-17	1.082847E-18
1.080939E+04	2.246143E-17	1.096532E-18
1.084939E+04	2.285686E-17	1.110471E-18
1.088939E+04	2.325779E-17	1.124553E-18
1.092939E+04	2.366245E-17	1.138695E-18
1.096939E+04	2.406919E-17	1.152824E-18
1.100939E+04	2.447623E-17	1.166863E-18
1.104939E+04	2.488158E-17	1.180726E-18
1.108939E+04	2.528289E-17	1.194317E-18
1.112939E+04	2.567750E-17	1.207526E-18
1.116939E+04	2.606235E-17	1.220229E-18
1.120939E+04	2.643401E-17	1.232287E-18
1.124939E+04	2.678845E-17	1.243540E-18
1.128939E+04	2.712102E-17	1.253803E-18
1.132939E+04	2.742646E-17	1.262866E-18
1.136939E+04	2.769884E-17	1.270496E-18
1.140939E+04	2.793170E-17	1.276438E-18
1.144939E+04	2.811807E-17	1.280419E-18
1.148939E+04	2.825082E-17	1.282162E-18
1.152939E+04	2.832305E-17	1.281406E-18
1.156939E+04	2.832882E-17	1.277932E-18
1.160939E+04	2.826416E-17	1.271612E-18
1.164939E+04	2.812868E-17	1.262476E-18
1.168939E+04	2.792823E-17	1.250827E-18
1.172939E+04	2.767379E-17	1.237188E-18
1.176939E+04	2.737838E-17	1.222163E-18
1.180939E+04	2.705533E-17	1.206367E-18
1.184939E+04	2.671730E-17	1.190373E-18
1.188939E+04	2.637546E-17	1.174689E-18
1.192939E+04	2.603909E-17	1.159732E-18
1.196939E+04	2.571525E-17	1.145822E-18
1.200939E+04	2.540877E-17	1.133179E-18
1.204939E+04	2.512229E-17	1.121928E-18
1.208939E+04	2.485641E-17	1.112102E-18
1.212939E+04	2.460970E-17	1.103648E-18
1.216939E+04	2.437893E-17	1.096430E-18
1.220939E+04	2.415945E-17	1.090248E-18
1.224939E+04	2.394570E-17	1.084859E-18
1.228939E+04	2.373187E-17	1.080005E-18
1.232939E+04	2.351251E-17	1.075436E-18
1.236939E+04	2.328314E-17	1.070942E-18
1.240939E+04	2.304071E-17	1.066353E-18
1.244939E+04	2.278383E-17	1.061557E-18
1.248939E+04	2.251207E-17	1.056478E-18
1.252939E+04	2.222413E-17	1.051001E-18
1.256939E+04	2.191893E-17	1.045013E-18
1.260939E+04	2.159701E-17	1.038478E-18
1.264939E+04	2.126057E-17	1.031440E-18
1.268939E+04	2.091313E-17	1.024010E-18
1.272939E+04	2.055913E-17	1.016350E-18
1.276939E+04	2.020352E-17	1.008657E-18
1.280939E+04	1.985150E-17	1.001153E-18
1.284939E+04	1.950839E-17	9.940754E-19
1.288939E+04	1.917943E-17	9.876726E-19
1.292939E+04	1.886971E-17	9.822002E-19
1.296939E+04	1.858399E-17	9.779096E-19
1.300939E+04	1.832655E-17	9.750407E-19
1.304939E+04	1.810094E-17	9.738090E-19
1.308939E+04	1.790985E-17	9.743945E-19
1.312939E+04	1.775504E-17	9.769349E-19
1.316939E+04	1.763740E-17	9.815298E-19
1.320939E+04	1.755701E-17	9.882363E-19
1.324939E+04	1.751325E-17	9.970755E-19
1.328939E+04	1.750481E-17	1.008029E-18
1.332939E+04	1.752978E-17	1.021046E-18
1.336939E+04	1.758570E-17	1.036034E-18
1.340939E+04	1.766960E-17	1.052870E-18
1.344939E+04	1.777797E-17	1.071391E-18
1.348939E+04	1.790693E-17	1.091400E-18
1.352939E+04	1.805229E-17	1.112677E-18
1.356939E+04	1.820961E-17	1.134969E-18
1.360939E+04	1.837431E-17	1.158007E-18
1.364939E+04	1.854177E-17	1.181505E-18
1.368939E+04	1.870753E-17	1.205175E-18
1.372939E+04	1.886748E-17	1.228741E-18
1.376939E+04	1.901799E-17	1.251943E-18
1.380939E+04	1.915589E-17	1.274546E-18
1.384939E+04	1.927853E-17	1.296340E-18
1.388939E+04	1.938379E-17	1.317141E-18
1.392939E+04	1.947008E-17	1.336799E-18
1.396939E+04	1.953645E-17	1.355202E-18
1.400939E+04	1.958251E-17	1.372275E-18
1.404939E+04	1.960846E-17	1.387984E-18
1.408939E+04	1.961491E-17	1.402326E-18
1.412939E+04	1.960280E-17	1.415323E-18
1.416939E+04	1.957332E-17	1.427019E-18
1.420939E+04	1.952781E-17	1.437473E-18
1.424939E+04	1.946779E-17	1.446759E-18
1.428939E+04	1.939490E-17	1.454967E-18
1.432939E+04	1.931097E-17	1.462208E-18
1.436939E+04	1.921798E-17	1.468605E-18
1.440939E+04	1.911806E-17	1.474303E-18
1.444939E+04	1.901341E-17	1.479458E-18
1.448939E+04	1.890633E-17	1.484237E-18
1.452939E+04	1.879910E-17	1.488817E-18
1.456939E+04	1.869398E-17	1.493376E-18
1.460939E+04	1.859314E-17	1.498093E-18
1.464939E+04	1.849867E-17	1.503146E-18
1.468939E+04	1.841255E-17	1.508710E-18
1.472939E+04	1.833665E-17	1.514956E-18
1.476939E+04	1.827268E-17	1.522047E-18
1.480939E+04	1.822215E-17	1.530135E-18
1.484939E+04	1.818626E-17	1.539348E-18
1.488939E+04	1.816593E-17	1.549794E-18
1.492939E+04	1.816169E-17	1.561550E-18
1.496939E+04	1.817370E-17	1.574661E-18
1.500939E+04	1.820182E-17	1.589149E-18
1.504939E+04	1.824565E-17	1.605008E-18
1.508939E+04	1.830460E-17	1.622220E-18
1.512939E+04	1.837797E-17	1.640749E-18
1.516939E+04	1.846485E-17	1.660543E-18
1.520939E+04	1.856415E-17	1.681529E-18
1.524939E+04	1.867459E-17	1.703614E-18
1.528939E+04	1.879465E-17	1.726680E-18
1.532939E+04	1.892259E-17	1.750586E-18
1.536939E+04	1.905648E-17	1.775165E-18
1.540939E+04	1.919411E-17	1.800221E-18
1.544939E+04	1.933303E-17	1.825529E-18
1.548939E+04	1.947059E-17	1.850839E-18
1.552939E+04	1.960405E-17	1.875884E-18
1.556939E+04	1.973063E-17	1.900387E-18
1.560939E+04	1.984757E-17	1.924065E-18
1.564939E+04	1.995211E-17	1.946631E-18
1.568939E+04	2.004155E-17	1.967794E-18
1.572939E+04	2.011331E-17	1.987272E-18
1.576939E+04	2.016499E-17	2.004792E-18
1.580939E+04	2.019455E-17	2.020112E-18
1.584939E+04	2.020033E-17	2.033025E-18
1.588939E+04	2.018111E-17	2.043362E-18
1.592939E+04	2.013610E-17	2.050999E-18
1.596939E+04	2.006501E-17	2.055858E-18
1.600939E+04	1.996800E-17	2.057910E-18
1.604939E+04	1.984581E-17	2.057186E-18
1.608939E+04	1.969971E-17	2.053774E-18
1.612939E+04	1.953142E-17	2.047811E-18
1.616939E+04	1.934300E-17	2.039479E-18
1.620939E+04	1.913674E-17	2.028985E-18
1.624939E+04	1.891505E-17	2.016555E-18
1.628939E+04	1.868038E-17	2.002426E-18
1.632939E+04	1.843514E-17	1.986835E-18
1.636939E+04	1.818179E-17	1.970031E-18
1.640939E+04	1.792266E-17	1.952256E-18
1.644939E+04	1.766001E-17	1.933749E-18
1.648939E+04	1.739591E-17	1.914733E-18
1.652939E+04	1.713226E-17	1.895417E-18
1.656939E+04	1.687068E-17	1.875984E-18
1.660939E+04	1.661260E-17	1.856599E-18
1.664939E+04	1.635918E-17	1.837399E-18
1.668939E+04	1.611136E-17	1.818502E-18
1.672939E+04	1.586991E-17	1.800003E-18
1.676939E+04	1.563538E-17	1.781979E-18
1.680939E+04	1.540818E-17	1.764490E-18
1.684939E+04	1.518860E-17	1.747584E-18
1.688939E+04	1.497691E-17	1.731305E-18
1.692939E+04	1.477328E-17	1.715686E-18
1.696939E+04	1.457787E-17	1.700762E-18
1.700939E+04	1.439086E-17	1.686567E-18
1.704939E+04	1.421240E-17	1.673136E-18
1.708939E+04	1.404269E-17	1.660506E-18
1.712939E+04	1.388198E-17	1.648723E-18
1.716939E+04	1.373060E-17	1.637840E-18
1.720939E+04	1.358894E-17	1.627921E-18
1.724939E+04	1.345751E-17	1.619043E-18
1.728939E+04	1.333688E-17	1.611290E-18
1.732939E+04	1.322771E-17	1.604763E-18
1.736939E+04	1.313074E-17	1.599568E-18
1.740939E+04	1.304672E-17	1.595816E-18
1.744939E+04	1.297649E-17	1.593630E-18
1.748939E+04	1.292087E-17	1.593134E-18
1.752939E+04	1.288075E-17	1.594458E-18
1.756939E+04	1.285698E-17	1.597731E-18
1.760939E+04	1.285044E-17	1.603088E-18
1.764939E+04	1.286199E-17	1.610660E-18
1.768939E+04	1.289249E-17	1.620582E-18
1.772939E+04	1.294281E-17	1.632988E-18
1.776939E+04	1.301369E-17	1.648003E-18
1.780939E+04	1.310585E-17	1.665743E-18
1.784939E+04	1.321979E-17	1.686301E-18
1.788939E+04	1.335577E-17	1.709741E-18
1.792939E+04	1.351378E-17	1.736089E-18
1.796939E+04	1.369343E-17	1.765324E-18
1.800939E+04	1.389386E-17	1.797360E-18
1.804939E+04	1.411369E-17	1.832048E-18
1.808939E+04	1.435102E-17	1.869159E-18
1.812939E+04	1.460338E-17	1.908394E-18
1.816939E+04	1.486770E-17	1.949366E-18
1.820939E+04	1.514028E-17	1.991604E-18
1.824939E+04	1.541683E-17	2.034546E-18
1.828939E+04	1.569252E-17	2.077560E-18
1.832939E+04	1.596218E-17	2.119949E-18
1.836939E+04	1.622042E-17	2.160989E-18
1.840939E+04	1.646198E-17	2.199961E-18
1.844939E+04	1.668201E-17	2.236191E-18
1.848939E+04	1.687623E-17	2.269073E-18
1.852939E+04	1.704109E-17	2.298098E-18
1.856939E+04	1.717382E-17	2.322852E-18
1.860939E+04	1.727246E-17	2.343030E-18
1.864939E+04	1.733592E-17	2.358445E-18
1.868939E+04	1.736393E-17	2.369016E-18
1.872939E+04	1.735709E-17	2.374784E-18
1.876939E+04	1.731684E-17	2.375906E-18
1.880939E+04	1.724538E-17	2.372649E-18
1.884939E+04	1.714559E-17	2.365373E-18
1.888939E+04	1.702070E-17	2.354496E-18
1.892939E+04	1.687416E-17	2.340469E-18
1.896939E+04	1.670949E-17	2.323758E-18
1.900939E+04	1.653024E-17	2.304842E-18
1.904939E+04	1.633994E-17	2.284200E-18
1.908939E+04	1.614211E-17	2.262316E-18
1.912939E+04	1.594016E-17	2.239661E-18
1.916939E+04	1.573731E-17	2.216686E-18
1.920939E+04	1.553643E-17	2.193802E-18
1.924939E+04	1.534022E-17	2.171390E-18
1.928939E+04	1.515107E-17	2.149800E-18
1.932939E+04	1.497112E-17	2.129344E-18
1.936939E+04	1.480222E-17	2.110295E-18
1.940939E+04	1.464580E-17	2.092874E-18
1.944939E+04	1.450296E-17	2.077251E-18
1.948939E+04	1.437442E-17	2.063544E-18
1.952939E+04	1.426057E-17	2.051825E-18
1.956939E+04	1.416157E-17	2.042132E-18
1.960939E+04	1.407739E-17	2.034476E-18
1.964939E+04	1.400780E-17	2.028842E-18
1.968939E+04	1.395243E-17	2.025187E-18
1.972939E+04	1.391071E-17	2.023443E-18
1.976939E+04	1.388196E-17	2.023527E-18
1.980939E+04	1.386533E-17	2.025324E-18
1.984939E+04	1.385989E-17	2.028710E-18
1.988939E+04	1.386458E-17	2.033543E-18
1.992939E+04	1.387825E-17	2.039659E-18
1.996939E+04	1.389967E-17	2.046887E-18
2.000939E+04	1.392755E-17	2.055045E-18
2.004939E+04	1.396062E-17	2.063948E-18
2.008939E+04	1.399758E-17	2.073410E-18
2.012939E+04	1.403712E-17	2.083241E-18
2.016939E+04	1.407796E-17	2.093250E-18
2.020939E+04	1.411877E-17	2.103242E-18
2.024939E+04	1.415825E-17	2.113022E-18
2.028939E+04	1.419512E-17	2.122399E-18
2.032939E+04	1.422821E-17	2.131193E-18
2.036939E+04	1.425638E-17	2.139233E-18
2.040939E+04	1.427867E-17	2.146368E-18
2.044939E+04	1.429422E-17	2.152468E-18
2.048939E+04	1.430229E-17	2.157412E-18
2.052939E+04	1.430228E-17	2.161105E-18
2.056939E+04	1.429370E-17	2.163468E-18
2.060939E+04	1.427617E-17	2.164436E-18
2.064939E+04	1.424941E-17	2.163961E-18
2.068939E+04	1.421324E-17	2.162010E-18
2.072939E+04	1.416761E-17	2.158567E-18
2.076939E+04	1.411253E-17	2.153628E-18
2.080939E+04	1.404814E-17	2.147208E-18
2.084939E+04	1.397467E-17	2.139336E-18
2.088939E+04	1.389245E-17	2.130059E-18
2.092939E+04	1.380194E-17	2.119440E-18
2.096939E+04	1.370369E-17	2.107557E-18
2.100939E+04	1.359831E-17	2.094504E-18
2.104939E+04	1.348654E-17	2.080388E-18
2.108939E+04	1.336917E-17	2.065329E-18
2.112939E+04	1.324712E-17	2.049465E-18
2.116939E+04	1.312139E-17	2.032950E-18
2.120939E+04	1.299302E-17	2.015945E-18
2.124939E+04	1.286319E-17	1.998630E-18
2.128939E+04	1.273311E-17	1.981194E-18
2.132939E+04	1.260402E-17	1.963833E-18
2.136939E+04	1.247722E-17	1.946749E-18
2.140939E+04	1.235391E-17	1.930135E-18
2.144939E+04	1.223521E-17	1.914166E-18
2.148939E+04	1.212196E-17	1.898979E-18
2.152939E+04	1.201445E-17	1.884623E-18
2.156939E+04	1.191230E-17	1.871043E-18
2.160939E+04	1.181477E-17	1.858128E-18
2.164939E+04	1.172097E-17	1.845738E-18
2.168939E+04	1.162994E-17	1.833725E-18
2.172939E+04	1.154069E-17	1.821938E-18
2.176939E+04	1.145235E-17	1.810238E-18
2.180939E+04	1.136409E-17	1.798497E-18
2.184939E+04	1.127525E-17	1.786611E-18
2.188939E+04	1.118530E-17	1.774493E-18
2.192939E+04	1.109383E-17	1.762082E-18
2.196939E+04	1.100056E-17	1.749331E-18
2.200939E+04	1.090528E-17	1.736206E-18
2.204939E+04	1.080788E-17	1.722689E-18
2.208939E+04	1.070832E-17	1.708773E-18
2.212939E+04	1.060663E-17	1.694464E-18
2.216939E+04	1.050296E-17	1.679783E-18
2.220939E+04	1.039751E-17	1.664762E-18
2.224939E+04	1.029054E-17	1.649445E-18
2.228939E+04	1.018241E-17	1.633886E-18
2.232939E+04	1.007348E-17	1.618146E-18
2.236939E+04	9.964193E-18	1.602293E-18
2.240939E+04	9.855019E-18	1.586406E-18
2.244939E+04	9.746425E-18	1.570559E-18
2.248939E+04	9.638872E-18	1.554829E-18
2.252939E+04	9.532822E-18	1.539291E-18
2.256939E+04	9.428694E-18	1.524013E-18
2.260939E+04	9.326889E-18	1.509063E-18
2.264939E+04	9.227793E-18	1.494505E-18
2.268939E+04	9.131731E-18	1.480393E-18
2.272939E+04	9.038951E-18	1.466769E-18
2.276939E+04	8.949661E-18	1.453669E-18
2.280939E+04	8.863999E-18	1.441117E-18
2.284939E+04	8.782070E-18	1.429134E-18
2.288939E+04	8.703947E-18	1.417733E-18
2.292939E+04	8.629700E-18	1.406927E-18
2.296939E+04	8.559385E-18	1.396728E-18
2.300939E+04	8.493082E-18	1.387151E-18
2.304939E+04	8.430838E-18	1.378206E-18
2.308939E+04	8.372701E-18	1.369903E-18
2.312939E+04	8.318721E-18	1.362252E-18
2.316939E+04	8.268967E-18	1.355267E-18
2.320939E+04	8.223527E-18	1.348963E-18
2.324939E+04	8.182498E-18	1.343359E-18
2.328939E+04	8.145987E-18	1.338476E-18
2.332939E+04	8.114129E-18	1.334336E-18
2.336939E+04	8.087092E-18	1.330970E-18
2.340939E+04	8.065076E-18	1.328412E-18
2.344939E+04	8.048299E-18	1.326701E-18
2.348939E+04	8.036987E-18	1.325877E-18
2.352939E+04	8.031353E-18	1.325977E-18
2.356939E+04	8.031582E-18	1.327033E-18
2.360939E+04	8.037833E-18	1.329074E-18
2.364939E+04	8.050238E-18	1.332124E-18
2.368939E+04	8.068918E-18	1.336207E-18
2.372939E+04	8.093977E-18	1.341340E-18
2.376939E+04	8.125489E-18	1.347540E-18
2.380939E+04	8.163492E-18	1.354813E-18
2.384939E+04	8.208004E-18	1.363167E-18
2.388939E+04	8.259032E-18	1.372604E-18
2.392939E+04	8.316573E-18	1.383125E-18
2.396939E+04	8.380611E-18	1.394730E-18
2.400939E+04	8.451102E-18	1.407415E-18
2.404939E+04	8.527970E-18	1.421167E-18
2.408939E+04	8.611114E-18	1.435973E-18
2.412939E+04	8.700422E-18	1.451815E-18
2.416939E+04	8.795745E-18	1.468671E-18
2.420939E+04	8.896999E-18	1.486528E-18
2.424939E+04	9.004068E-18	1.505368E-18
2.428939E+04	9.116888E-18	1.525182E-18
2.432939E+04	9.235376E-18	1.545958E-18
2.436939E+04	9.359451E-18	1.567684E-18
2.440939E+04	9.489005E-18	1.590342E-18
2.444939E+04	9.623896E-18	1.613911E-18
2.448939E+04	9.763958E-18	1.638364E-18
