#wls	flux	fluxerr
3.289393E+03	5.018579E-18	0.000000E+00
3.329393E+03	4.900932E-18	0.000000E+00
3.369393E+03	4.786034E-18	0.000000E+00
3.409393E+03	4.673825E-18	0.000000E+00
3.449393E+03	4.564245E-18	0.000000E+00
3.489393E+03	4.457238E-18	0.000000E+00
3.529393E+03	4.352746E-18	0.000000E+00
3.569393E+03	4.250714E-18	0.000000E+00
3.609393E+03	4.151086E-18	0.000000E+00
3.649393E+03	4.053808E-18	0.000000E+00
3.689393E+03	3.958828E-18	0.000000E+00
3.729393E+03	3.866092E-18	0.000000E+00
3.769393E+03	3.775551E-18	0.000000E+00
3.809393E+03	3.687154E-18	0.000000E+00
3.849393E+03	3.600851E-18	0.000000E+00
3.889393E+03	3.516596E-18	0.000000E+00
3.929393E+03	3.434340E-18	0.000000E+00
3.969393E+03	3.354037E-18	0.000000E+00
4.009393E+03	3.275644E-18	0.000000E+00
4.049393E+03	3.199114E-18	0.000000E+00
4.089393E+03	3.124405E-18	0.000000E+00
4.129393E+03	3.051475E-18	0.000000E+00
4.169393E+03	2.980280E-18	0.000000E+00
4.209393E+03	2.910782E-18	0.000000E+00
4.249393E+03	2.842942E-18	0.000000E+00
4.289393E+03	2.776720E-18	0.000000E+00
4.329393E+03	2.712078E-18	0.000000E+00
4.369393E+03	2.648979E-18	0.000000E+00
4.409393E+03	2.587387E-18	0.000000E+00
4.449393E+03	2.527267E-18	0.000000E+00
4.489393E+03	2.468584E-18	0.000000E+00
4.529393E+03	2.411304E-18	0.000000E+00
4.569393E+03	2.355397E-18	0.000000E+00
4.609393E+03	2.300827E-18	0.000000E+00
4.649393E+03	2.247565E-18	0.000000E+00
4.689393E+03	2.195580E-18	0.000000E+00
4.729393E+03	2.144842E-18	0.000000E+00
4.769393E+03	2.095322E-18	0.000000E+00
4.809393E+03	2.046992E-18	0.000000E+00
4.849393E+03	1.999823E-18	0.000000E+00
4.889393E+03	1.953789E-18	0.000000E+00
4.929393E+03	1.908865E-18	0.000000E+00
4.969393E+03	1.865022E-18	0.000000E+00
5.009393E+03	1.822237E-18	0.000000E+00
5.049393E+03	1.780485E-18	0.000000E+00
5.089393E+03	1.739741E-18	0.000000E+00
5.129393E+03	1.699983E-18	0.000000E+00
5.169393E+03	1.661189E-18	0.000000E+00
5.209393E+03	1.623333E-18	0.000000E+00
5.249393E+03	1.586398E-18	0.000000E+00
5.289393E+03	1.550359E-18	0.000000E+00
5.329393E+03	1.515196E-18	0.000000E+00
5.369393E+03	1.480891E-18	0.000000E+00
5.409393E+03	1.447421E-18	0.000000E+00
5.449393E+03	1.414770E-18	0.000000E+00
5.489393E+03	1.382916E-18	0.000000E+00
5.529393E+03	1.351841E-18	0.000000E+00
5.569393E+03	1.321529E-18	0.000000E+00
5.609393E+03	1.291960E-18	0.000000E+00
5.649393E+03	1.263119E-18	0.000000E+00
5.689393E+03	1.234987E-18	0.000000E+00
5.729393E+03	1.207548E-18	0.000000E+00
5.769393E+03	1.180787E-18	0.000000E+00
5.809393E+03	1.154687E-18	0.000000E+00
5.849393E+03	1.129233E-18	0.000000E+00
5.889393E+03	1.104409E-18	0.000000E+00
5.929393E+03	1.080201E-18	0.000000E+00
5.969393E+03	1.056595E-18	0.000000E+00
6.009393E+03	1.033575E-18	0.000000E+00
6.049393E+03	1.011129E-18	0.000000E+00
6.089393E+03	9.892425E-19	0.000000E+00
6.129393E+03	9.679020E-19	0.000000E+00
6.169393E+03	9.470948E-19	0.000000E+00
6.209393E+03	9.268078E-19	0.000000E+00
6.249393E+03	9.070286E-19	0.000000E+00
6.289393E+03	8.877448E-19	0.000000E+00
6.329393E+03	8.689445E-19	0.000000E+00
6.369393E+03	8.506159E-19	0.000000E+00
6.409393E+03	8.327473E-19	0.000000E+00
6.449393E+03	8.153274E-19	0.000000E+00
6.489393E+03	7.983452E-19	0.000000E+00
6.529393E+03	7.817899E-19	0.000000E+00
6.569393E+03	7.656505E-19	0.000000E+00
6.609393E+03	7.499169E-19	0.000000E+00
6.649393E+03	7.345787E-19	0.000000E+00
6.689393E+03	7.196260E-19	0.000000E+00
6.729393E+03	7.050489E-19	0.000000E+00
6.769393E+03	6.908379E-19	0.000000E+00
6.809393E+03	6.769835E-19	0.000000E+00
6.849393E+03	6.634765E-19	0.000000E+00
6.889393E+03	6.503079E-19	0.000000E+00
6.929393E+03	6.374688E-19	0.000000E+00
6.969393E+03	6.249506E-19	0.000000E+00
7.009393E+03	6.127450E-19	0.000000E+00
7.049393E+03	6.008434E-19	0.000000E+00
7.089393E+03	5.892379E-19	0.000000E+00
7.129393E+03	5.779206E-19	0.000000E+00
7.169393E+03	5.668837E-19	0.000000E+00
7.209393E+03	5.561195E-19	0.000000E+00
7.249393E+03	5.456209E-19	0.000000E+00
7.289393E+03	5.353803E-19	0.000000E+00
7.329393E+03	5.253908E-19	0.000000E+00
7.369393E+03	5.156455E-19	0.000000E+00
7.409393E+03	5.061376E-19	0.000000E+00
7.449393E+03	4.968605E-19	0.000000E+00
7.489393E+03	4.878076E-19	0.000000E+00
7.529393E+03	4.789729E-19	0.000000E+00
7.569393E+03	4.703501E-19	0.000000E+00
7.609393E+03	4.619332E-19	0.000000E+00
7.649393E+03	4.537164E-19	0.000000E+00
7.689393E+03	4.456939E-19	0.000000E+00
7.729393E+03	4.378602E-19	0.000000E+00
7.769393E+03	4.302100E-19	0.000000E+00
7.809393E+03	4.227377E-19	0.000000E+00
7.849393E+03	4.154384E-19	0.000000E+00
7.889393E+03	4.083071E-19	0.000000E+00
7.929393E+03	4.013387E-19	0.000000E+00
7.969393E+03	3.945288E-19	0.000000E+00
8.009393E+03	3.878724E-19	0.000000E+00
8.049393E+03	3.813653E-19	0.000000E+00
8.089393E+03	3.750028E-19	0.000000E+00
8.129393E+03	3.687811E-19	0.000000E+00
8.169393E+03	3.626957E-19	0.000000E+00
8.209393E+03	3.567426E-19	0.000000E+00
8.249393E+03	3.509181E-19	0.000000E+00
8.289393E+03	3.452183E-19	0.000000E+00
8.329393E+03	3.396395E-19	0.000000E+00
8.369393E+03	3.341782E-19	0.000000E+00
8.409393E+03	3.288311E-19	0.000000E+00
8.449393E+03	3.235945E-19	0.000000E+00
8.489393E+03	3.184654E-19	0.000000E+00
8.529393E+03	3.134407E-19	0.000000E+00
8.569393E+03	3.085173E-19	0.000000E+00
8.609393E+03	3.036922E-19	0.000000E+00
8.649393E+03	2.989626E-19	0.000000E+00
8.689393E+03	2.943258E-19	0.000000E+00
8.729393E+03	2.897791E-19	0.000000E+00
8.769393E+03	2.853200E-19	0.000000E+00
8.809393E+03	2.809461E-19	0.000000E+00
8.849393E+03	2.766548E-19	0.000000E+00
8.889393E+03	2.724440E-19	0.000000E+00
8.929393E+03	2.683115E-19	0.000000E+00
8.969393E+03	2.642552E-19	0.000000E+00
9.009393E+03	2.602728E-19	0.000000E+00
9.049393E+03	2.563626E-19	0.000000E+00
9.089393E+03	2.525226E-19	0.000000E+00
9.129393E+03	2.487511E-19	0.000000E+00
9.169393E+03	2.450462E-19	0.000000E+00
9.209393E+03	2.414063E-19	0.000000E+00
9.249393E+03	2.378299E-19	0.000000E+00
9.289393E+03	2.343153E-19	0.000000E+00
9.329393E+03	2.308611E-19	0.000000E+00
9.369393E+03	2.274659E-19	0.000000E+00
9.409393E+03	2.241283E-19	0.000000E+00
9.449393E+03	2.208470E-19	0.000000E+00
9.489393E+03	2.176208E-19	0.000000E+00
9.529393E+03	2.144485E-19	0.000000E+00
9.569393E+03	2.113290E-19	0.000000E+00
9.609393E+03	2.082613E-19	0.000000E+00
9.649393E+03	2.052440E-19	0.000000E+00
9.689393E+03	2.022766E-19	0.000000E+00
9.729393E+03	1.993577E-19	0.000000E+00
9.769393E+03	1.964868E-19	0.000000E+00
9.809393E+03	1.936626E-19	0.000000E+00
9.849393E+03	1.908845E-19	0.000000E+00
9.889393E+03	1.881517E-19	0.000000E+00
9.929393E+03	1.854635E-19	0.000000E+00
9.969393E+03	1.828189E-19	0.000000E+00
1.000939E+04	1.802174E-19	0.000000E+00
1.004939E+04	1.776583E-19	0.000000E+00
1.008939E+04	1.751408E-19	0.000000E+00
1.012939E+04	1.726644E-19	0.000000E+00
1.016939E+04	1.702284E-19	0.000000E+00
1.020939E+04	1.678322E-19	0.000000E+00
1.024939E+04	1.654755E-19	0.000000E+00
1.028939E+04	1.631572E-19	0.000000E+00
1.032939E+04	1.608772E-19	0.000000E+00
1.036939E+04	1.586348E-19	0.000000E+00
1.040939E+04	1.564294E-19	0.000000E+00
1.044939E+04	1.542608E-19	0.000000E+00
1.048939E+04	1.521282E-19	0.000000E+00
1.052939E+04	1.500313E-19	0.000000E+00
1.056939E+04	1.479694E-19	0.000000E+00
1.060939E+04	1.459423E-19	0.000000E+00
1.064939E+04	1.439495E-19	0.000000E+00
1.068939E+04	1.419903E-19	0.000000E+00
1.072939E+04	1.400646E-19	0.000000E+00
1.076939E+04	1.381717E-19	0.000000E+00
1.080939E+04	1.363113E-19	0.000000E+00
1.084939E+04	1.344830E-19	0.000000E+00
1.088939E+04	1.326862E-19	0.000000E+00
1.092939E+04	1.309206E-19	0.000000E+00
1.096939E+04	1.291859E-19	0.000000E+00
1.100939E+04	1.274814E-19	0.000000E+00
1.104939E+04	1.258070E-19	0.000000E+00
1.108939E+04	1.241622E-19	0.000000E+00
1.112939E+04	1.225464E-19	0.000000E+00
1.116939E+04	1.209595E-19	0.000000E+00
1.120939E+04	1.194009E-19	0.000000E+00
1.124939E+04	1.178702E-19	0.000000E+00
1.128939E+04	1.163672E-19	0.000000E+00
1.132939E+04	1.148913E-19	0.000000E+00
1.136939E+04	1.134423E-19	0.000000E+00
1.140939E+04	1.120197E-19	0.000000E+00
1.144939E+04	1.106231E-19	0.000000E+00
1.148939E+04	1.092522E-19	0.000000E+00
1.152939E+04	1.079066E-19	0.000000E+00
1.156939E+04	1.065859E-19	0.000000E+00
1.160939E+04	1.052898E-19	0.000000E+00
1.164939E+04	1.040179E-19	0.000000E+00
1.168939E+04	1.027699E-19	0.000000E+00
1.172939E+04	1.015453E-19	0.000000E+00
1.176939E+04	1.003439E-19	0.000000E+00
1.180939E+04	9.916535E-20	0.000000E+00
1.184939E+04	9.800922E-20	0.000000E+00
1.188939E+04	9.687522E-20	0.000000E+00
1.192939E+04	9.576301E-20	0.000000E+00
1.196939E+04	9.467227E-20	0.000000E+00
1.200939E+04	9.360268E-20	0.000000E+00
1.204939E+04	9.255391E-20	0.000000E+00
1.208939E+04	9.152565E-20	0.000000E+00
1.212939E+04	9.051761E-20	0.000000E+00
1.216939E+04	8.952946E-20	0.000000E+00
1.220939E+04	8.856093E-20	0.000000E+00
1.224939E+04	8.761170E-20	0.000000E+00
1.228939E+04	8.668152E-20	0.000000E+00
1.232939E+04	8.577008E-20	0.000000E+00
1.236939E+04	8.487714E-20	0.000000E+00
1.240939E+04	8.400241E-20	0.000000E+00
1.244939E+04	8.314563E-20	0.000000E+00
1.248939E+04	8.230655E-20	0.000000E+00
1.252939E+04	8.148493E-20	0.000000E+00
1.256939E+04	8.068054E-20	0.000000E+00
1.260939E+04	7.989311E-20	0.000000E+00
1.264939E+04	7.912245E-20	0.000000E+00
1.268939E+04	7.836833E-20	0.000000E+00
1.272939E+04	7.763054E-20	0.000000E+00
1.276939E+04	7.690887E-20	0.000000E+00
1.280939E+04	7.620313E-20	0.000000E+00
1.284939E+04	7.551314E-20	0.000000E+00
1.288939E+04	7.483870E-20	0.000000E+00
1.292939E+04	7.417965E-20	0.000000E+00
1.296939E+04	7.353584E-20	0.000000E+00
1.300939E+04	7.290709E-20	0.000000E+00
1.304939E+04	7.229327E-20	0.000000E+00
1.308939E+04	7.169422E-20	0.000000E+00
1.312939E+04	7.110984E-20	0.000000E+00
1.316939E+04	7.054001E-20	0.000000E+00
1.320939E+04	6.998459E-20	0.000000E+00
1.324939E+04	6.944349E-20	0.000000E+00
1.328939E+04	6.891662E-20	0.000000E+00
1.332939E+04	6.840390E-20	0.000000E+00
1.336939E+04	6.790524E-20	0.000000E+00
1.340939E+04	6.742060E-20	0.000000E+00
1.344939E+04	6.694992E-20	0.000000E+00
1.348939E+04	6.649313E-20	0.000000E+00
1.352939E+04	6.605022E-20	0.000000E+00
1.356939E+04	6.562114E-20	0.000000E+00
1.360939E+04	6.520591E-20	0.000000E+00
1.364939E+04	6.480450E-20	0.000000E+00
1.368939E+04	6.441691E-20	0.000000E+00
1.372939E+04	6.404317E-20	0.000000E+00
1.376939E+04	6.368331E-20	0.000000E+00
1.380939E+04	6.333734E-20	0.000000E+00
1.384939E+04	6.300533E-20	0.000000E+00
1.388939E+04	6.268734E-20	0.000000E+00
1.392939E+04	6.238341E-20	0.000000E+00
1.396939E+04	6.209364E-20	0.000000E+00
1.400939E+04	6.181813E-20	0.000000E+00
1.404939E+04	6.155695E-20	0.000000E+00
1.408939E+04	6.131023E-20	0.000000E+00
1.412939E+04	6.107810E-20	0.000000E+00
1.416939E+04	6.086068E-20	0.000000E+00
1.420939E+04	6.065812E-20	0.000000E+00
1.424939E+04	6.047059E-20	0.000000E+00
1.428939E+04	6.029824E-20	0.000000E+00
1.432939E+04	6.014128E-20	0.000000E+00
1.436939E+04	5.999986E-20	0.000000E+00
1.440939E+04	5.987423E-20	0.000000E+00
1.444939E+04	5.976459E-20	0.000000E+00
1.448939E+04	5.967118E-20	0.000000E+00
1.452939E+04	5.959425E-20	0.000000E+00
1.456939E+04	5.953405E-20	0.000000E+00
1.460939E+04	5.949085E-20	0.000000E+00
1.464939E+04	5.946496E-20	0.000000E+00
1.468939E+04	5.945668E-20	0.000000E+00
1.472939E+04	5.946631E-20	0.000000E+00
1.476939E+04	5.949422E-20	0.000000E+00
1.480939E+04	5.954074E-20	0.000000E+00
1.484939E+04	5.960625E-20	0.000000E+00
1.488939E+04	5.969115E-20	0.000000E+00
1.492939E+04	5.979583E-20	0.000000E+00
1.496939E+04	5.992073E-20	0.000000E+00
1.500939E+04	6.006630E-20	0.000000E+00
1.504939E+04	6.023301E-20	0.000000E+00
1.508939E+04	6.042135E-20	0.000000E+00
1.512939E+04	6.063185E-20	0.000000E+00
1.516939E+04	6.086503E-20	0.000000E+00
1.520939E+04	6.112148E-20	0.000000E+00
1.524939E+04	6.140178E-20	0.000000E+00
1.528939E+04	6.170658E-20	0.000000E+00
1.532939E+04	6.203650E-20	0.000000E+00
1.536939E+04	6.239225E-20	0.000000E+00
1.540939E+04	6.277454E-20	0.000000E+00
1.544939E+04	6.318413E-20	0.000000E+00
1.548939E+04	6.362179E-20	0.000000E+00
1.552939E+04	6.408837E-20	0.000000E+00
1.556939E+04	6.458473E-20	0.000000E+00
1.560939E+04	6.511179E-20	0.000000E+00
1.564939E+04	6.567048E-20	0.000000E+00
1.568939E+04	6.626184E-20	0.000000E+00
1.572939E+04	6.688690E-20	0.000000E+00
1.576939E+04	6.754675E-20	0.000000E+00
1.580939E+04	6.824258E-20	0.000000E+00
1.584939E+04	6.897557E-20	0.000000E+00
1.588939E+04	6.974704E-20	0.000000E+00
1.592939E+04	7.055828E-20	0.000000E+00
1.596939E+04	7.141073E-20	0.000000E+00
1.600939E+04	7.230584E-20	0.000000E+00
1.604939E+04	7.324518E-20	0.000000E+00
1.608939E+04	7.423036E-20	0.000000E+00
1.612939E+04	7.526309E-20	0.000000E+00
1.616939E+04	7.634516E-20	0.000000E+00
1.620939E+04	7.747845E-20	0.000000E+00
1.624939E+04	7.866494E-20	0.000000E+00
1.628939E+04	7.990669E-20	0.000000E+00
1.632939E+04	8.120588E-20	0.000000E+00
1.636939E+04	8.256480E-20	0.000000E+00
1.640939E+04	8.398583E-20	0.000000E+00
1.644939E+04	8.547149E-20	0.000000E+00
1.648939E+04	8.702444E-20	0.000000E+00
1.652939E+04	8.864743E-20	0.000000E+00
1.656939E+04	9.034337E-20	0.000000E+00
1.660939E+04	9.211533E-20	0.000000E+00
1.664939E+04	9.396648E-20	0.000000E+00
1.668939E+04	9.590020E-20	0.000000E+00
1.672939E+04	9.792003E-20	0.000000E+00
1.676939E+04	1.000296E-19	0.000000E+00
1.680939E+04	1.022329E-19	0.000000E+00
1.684939E+04	1.045339E-19	0.000000E+00
1.688939E+04	1.069370E-19	0.000000E+00
1.692939E+04	1.094465E-19	0.000000E+00
1.696939E+04	1.120671E-19	0.000000E+00
1.700939E+04	1.148039E-19	0.000000E+00
1.704939E+04	1.176618E-19	0.000000E+00
1.708939E+04	1.206464E-19	0.000000E+00
1.712939E+04	1.237633E-19	0.000000E+00
1.716939E+04	1.270182E-19	0.000000E+00
1.720939E+04	1.304177E-19	0.000000E+00
1.724939E+04	1.339680E-19	0.000000E+00
1.728939E+04	1.376760E-19	0.000000E+00
1.732939E+04	1.415486E-19	0.000000E+00
1.736939E+04	1.455935E-19	0.000000E+00
1.740939E+04	1.498182E-19	0.000000E+00
1.744939E+04	1.542310E-19	0.000000E+00
1.748939E+04	1.588403E-19	0.000000E+00
1.752939E+04	1.636549E-19	0.000000E+00
1.756939E+04	1.686841E-19	0.000000E+00
1.760939E+04	1.739375E-19	0.000000E+00
1.764939E+04	1.794250E-19	0.000000E+00
1.768939E+04	1.851572E-19	0.000000E+00
1.772939E+04	1.911449E-19	0.000000E+00
1.776939E+04	1.973995E-19	0.000000E+00
1.780939E+04	2.039328E-19	0.000000E+00
1.784939E+04	2.107569E-19	0.000000E+00
1.788939E+04	2.178845E-19	0.000000E+00
1.792939E+04	2.253290E-19	0.000000E+00
1.796939E+04	2.331038E-19	0.000000E+00
1.800939E+04	2.412231E-19	0.000000E+00
1.804939E+04	2.497016E-19	0.000000E+00
1.808939E+04	2.585544E-19	0.000000E+00
1.812939E+04	2.677971E-19	0.000000E+00
1.816939E+04	2.774457E-19	0.000000E+00
1.820939E+04	2.875167E-19	0.000000E+00
1.824939E+04	2.980273E-19	0.000000E+00
1.828939E+04	3.089948E-19	0.000000E+00
1.832939E+04	3.204371E-19	0.000000E+00
1.836939E+04	3.323725E-19	0.000000E+00
1.840939E+04	3.448195E-19	0.000000E+00
1.844939E+04	3.577970E-19	0.000000E+00
1.848939E+04	3.713246E-19	0.000000E+00
1.852939E+04	3.854216E-19	0.000000E+00
1.856939E+04	4.001077E-19	0.000000E+00
1.860939E+04	4.154026E-19	0.000000E+00
1.864939E+04	4.313265E-19	0.000000E+00
1.868939E+04	4.478990E-19	0.000000E+00
1.872939E+04	4.651401E-19	0.000000E+00
1.876939E+04	4.830691E-19	0.000000E+00
1.880939E+04	5.017057E-19	0.000000E+00
1.884939E+04	5.210684E-19	0.000000E+00
1.888939E+04	5.411755E-19	0.000000E+00
1.892939E+04	5.620449E-19	0.000000E+00
1.896939E+04	5.836931E-19	0.000000E+00
1.900939E+04	6.061360E-19	0.000000E+00
1.904939E+04	6.293884E-19	0.000000E+00
1.908939E+04	6.534632E-19	0.000000E+00
1.912939E+04	6.783724E-19	0.000000E+00
1.916939E+04	7.041259E-19	0.000000E+00
1.920939E+04	7.307316E-19	0.000000E+00
1.924939E+04	7.581954E-19	0.000000E+00
1.928939E+04	7.865207E-19	0.000000E+00
1.932939E+04	8.157082E-19	0.000000E+00
1.936939E+04	8.457556E-19	0.000000E+00
1.940939E+04	8.766575E-19	0.000000E+00
1.944939E+04	9.084052E-19	0.000000E+00
1.948939E+04	9.409863E-19	0.000000E+00
1.952939E+04	9.743843E-19	0.000000E+00
1.956939E+04	1.008579E-18	0.000000E+00
1.960939E+04	1.043544E-18	0.000000E+00
1.964939E+04	1.079252E-18	0.000000E+00
1.968939E+04	1.115668E-18	0.000000E+00
1.972939E+04	1.152752E-18	0.000000E+00
1.976939E+04	1.190459E-18	0.000000E+00
1.980939E+04	1.228741E-18	0.000000E+00
1.984939E+04	1.267542E-18	0.000000E+00
1.988939E+04	1.306802E-18	0.000000E+00
1.992939E+04	1.346455E-18	0.000000E+00
1.996939E+04	1.386431E-18	0.000000E+00
2.000939E+04	1.426651E-18	0.000000E+00
2.004939E+04	1.467036E-18	0.000000E+00
2.008939E+04	1.507501E-18	0.000000E+00
2.012939E+04	1.547953E-18	0.000000E+00
2.016939E+04	1.588297E-18	0.000000E+00
2.020939E+04	1.628437E-18	0.000000E+00
2.024939E+04	1.668269E-18	0.000000E+00
2.028939E+04	1.707688E-18	0.000000E+00
2.032939E+04	1.746591E-18	0.000000E+00
2.036939E+04	1.784868E-18	0.000000E+00
2.040939E+04	1.822411E-18	0.000000E+00
2.044939E+04	1.859112E-18	0.000000E+00
2.048939E+04	1.894864E-18	0.000000E+00
2.052939E+04	1.929563E-18	0.000000E+00
2.056939E+04	1.963106E-18	0.000000E+00
2.060939E+04	1.995397E-18	0.000000E+00
2.064939E+04	2.026339E-18	0.000000E+00
2.068939E+04	2.055848E-18	0.000000E+00
2.072939E+04	2.083842E-18	0.000000E+00
2.076939E+04	2.110246E-18	0.000000E+00
2.080939E+04	2.134996E-18	0.000000E+00
2.084939E+04	2.158035E-18	0.000000E+00
2.088939E+04	2.179319E-18	0.000000E+00
2.092939E+04	2.198808E-18	0.000000E+00
2.096939E+04	2.216477E-18	0.000000E+00
2.100939E+04	2.232312E-18	0.000000E+00
2.104939E+04	2.246308E-18	0.000000E+00
2.108939E+04	2.258472E-18	0.000000E+00
2.112939E+04	2.268822E-18	0.000000E+00
2.116939E+04	2.277384E-18	0.000000E+00
2.120939E+04	2.284200E-18	0.000000E+00
2.124939E+04	2.289315E-18	0.000000E+00
2.128939E+04	2.292788E-18	0.000000E+00
2.132939E+04	2.294682E-18	0.000000E+00
2.136939E+04	2.295071E-18	0.000000E+00
2.140939E+04	2.294031E-18	0.000000E+00
2.144939E+04	2.291650E-18	0.000000E+00
2.148939E+04	2.288011E-18	0.000000E+00
2.152939E+04	2.283208E-18	0.000000E+00
2.156939E+04	2.277332E-18	0.000000E+00
2.160939E+04	2.270481E-18	0.000000E+00
2.164939E+04	2.262750E-18	0.000000E+00
2.168939E+04	2.254235E-18	0.000000E+00
2.172939E+04	2.245031E-18	0.000000E+00
2.176939E+04	2.235235E-18	0.000000E+00
2.180939E+04	2.224939E-18	0.000000E+00
2.184939E+04	2.214236E-18	0.000000E+00
2.188939E+04	2.203216E-18	0.000000E+00
2.192939E+04	2.191967E-18	0.000000E+00
2.196939E+04	2.180573E-18	0.000000E+00
2.200939E+04	2.169117E-18	0.000000E+00
2.204939E+04	2.157675E-18	0.000000E+00
2.208939E+04	2.146324E-18	0.000000E+00
2.212939E+04	2.135133E-18	0.000000E+00
2.216939E+04	2.124171E-18	0.000000E+00
2.220939E+04	2.113503E-18	0.000000E+00
2.224939E+04	2.103185E-18	0.000000E+00
2.228939E+04	2.093274E-18	0.000000E+00
2.232939E+04	2.083822E-18	0.000000E+00
2.236939E+04	2.074879E-18	0.000000E+00
2.240939E+04	2.066487E-18	0.000000E+00
2.244939E+04	2.058690E-18	0.000000E+00
2.248939E+04	2.051523E-18	0.000000E+00
2.252939E+04	2.045024E-18	0.000000E+00
2.256939E+04	2.039223E-18	0.000000E+00
2.260939E+04	2.034149E-18	0.000000E+00
2.264939E+04	2.029831E-18	0.000000E+00
2.268939E+04	2.026288E-18	0.000000E+00
2.272939E+04	2.023547E-18	0.000000E+00
2.276939E+04	2.021627E-18	0.000000E+00
2.280939E+04	2.020542E-18	0.000000E+00
2.284939E+04	2.020313E-18	0.000000E+00
2.288939E+04	2.020954E-18	0.000000E+00
2.292939E+04	2.022478E-18	0.000000E+00
2.296939E+04	2.024897E-18	0.000000E+00
2.300939E+04	2.028222E-18	0.000000E+00
2.304939E+04	2.032466E-18	0.000000E+00
2.308939E+04	2.037636E-18	0.000000E+00
2.312939E+04	2.043743E-18	0.000000E+00
2.316939E+04	2.050794E-18	0.000000E+00
2.320939E+04	2.058798E-18	0.000000E+00
2.324939E+04	2.067764E-18	0.000000E+00
2.328939E+04	2.077697E-18	0.000000E+00
2.332939E+04	2.088606E-18	0.000000E+00
2.336939E+04	2.100499E-18	0.000000E+00
2.340939E+04	2.113381E-18	0.000000E+00
2.344939E+04	2.127260E-18	0.000000E+00
2.348939E+04	2.142144E-18	0.000000E+00
2.352939E+04	2.158039E-18	0.000000E+00
2.356939E+04	2.174952E-18	0.000000E+00
2.360939E+04	2.192892E-18	0.000000E+00
2.364939E+04	2.211866E-18	0.000000E+00
2.368939E+04	2.231882E-18	0.000000E+00
2.372939E+04	2.252947E-18	0.000000E+00
2.376939E+04	2.275070E-18	0.000000E+00
2.380939E+04	2.298260E-18	0.000000E+00
2.384939E+04	2.322523E-18	0.000000E+00
2.388939E+04	2.347872E-18	0.000000E+00
2.392939E+04	2.374313E-18	0.000000E+00
2.396939E+04	2.401855E-18	0.000000E+00
2.400939E+04	2.430510E-18	0.000000E+00
2.404939E+04	2.460286E-18	0.000000E+00
2.408939E+04	2.491193E-18	0.000000E+00
2.412939E+04	2.523241E-18	0.000000E+00
2.416939E+04	2.556442E-18	0.000000E+00
2.420939E+04	2.590805E-18	0.000000E+00
2.424939E+04	2.626341E-18	0.000000E+00
2.428939E+04	2.663062E-18	0.000000E+00
2.432939E+04	2.700977E-18	0.000000E+00
2.436939E+04	2.740097E-18	0.000000E+00
2.440939E+04	2.780436E-18	0.000000E+00
2.444939E+04	2.822003E-18	0.000000E+00
2.448939E+04	2.864808E-18	0.000000E+00
