#wls	flux	fluxerr
3.289393E+03	8.284333E-18	1.540207E-18
3.329393E+03	8.019705E-18	1.489841E-18
3.369393E+03	7.770848E-18	1.442470E-18
3.409393E+03	7.537031E-18	1.397954E-18
3.449393E+03	7.317570E-18	1.356158E-18
3.489393E+03	7.111823E-18	1.316960E-18
3.529393E+03	6.919194E-18	1.280242E-18
3.569393E+03	6.739118E-18	1.245896E-18
3.609393E+03	6.571073E-18	1.213819E-18
3.649393E+03	6.414565E-18	1.183916E-18
3.689393E+03	6.269133E-18	1.156097E-18
3.729393E+03	6.134343E-18	1.130277E-18
3.769393E+03	6.009789E-18	1.106376E-18
3.809393E+03	5.895091E-18	1.084321E-18
3.849393E+03	5.789889E-18	1.064041E-18
3.889393E+03	5.693847E-18	1.045471E-18
3.929393E+03	5.606650E-18	1.028547E-18
3.969393E+03	5.528001E-18	1.013212E-18
4.009393E+03	5.457622E-18	9.994108E-19
4.049393E+03	5.395252E-18	9.870920E-19
4.089393E+03	5.340647E-18	9.762071E-19
4.129393E+03	5.293576E-18	9.667104E-19
4.169393E+03	5.253827E-18	9.585592E-19
4.209393E+03	5.221196E-18	9.517130E-19
4.249393E+03	5.195494E-18	9.461338E-19
4.289393E+03	5.176541E-18	9.417856E-19
4.329393E+03	5.164172E-18	9.386344E-19
4.369393E+03	5.158223E-18	9.366475E-19
4.409393E+03	5.158542E-18	9.357939E-19
4.449393E+03	5.164980E-18	9.360432E-19
4.489393E+03	5.177390E-18	9.373656E-19
4.529393E+03	5.195629E-18	9.397321E-19
4.569393E+03	5.219550E-18	9.431126E-19
4.609393E+03	5.249004E-18	9.474774E-19
4.649393E+03	5.283835E-18	9.527951E-19
4.689393E+03	5.323877E-18	9.590330E-19
4.729393E+03	5.368956E-18	9.661564E-19
4.769393E+03	5.418879E-18	9.741281E-19
4.809393E+03	5.473440E-18	9.829079E-19
4.849393E+03	5.532412E-18	9.924525E-19
4.889393E+03	5.595544E-18	1.002714E-18
4.929393E+03	5.662562E-18	1.013642E-18
4.969393E+03	5.733168E-18	1.025179E-18
5.009393E+03	5.807032E-18	1.037265E-18
5.049393E+03	5.883798E-18	1.049834E-18
5.089393E+03	5.963079E-18	1.062815E-18
5.129393E+03	6.044457E-18	1.076133E-18
5.169393E+03	6.127488E-18	1.089706E-18
5.209393E+03	6.211692E-18	1.103449E-18
5.249393E+03	6.296567E-18	1.117271E-18
5.289393E+03	6.381581E-18	1.131078E-18
5.329393E+03	6.466181E-18	1.144771E-18
5.369393E+03	6.549790E-18	1.158248E-18
5.409393E+03	6.631812E-18	1.171405E-18
5.449393E+03	6.711643E-18	1.184137E-18
5.489393E+03	6.788666E-18	1.196334E-18
5.529393E+03	6.862265E-18	1.207891E-18
5.569393E+03	6.931833E-18	1.218703E-18
5.609393E+03	6.996775E-18	1.228668E-18
5.649393E+03	7.056532E-18	1.237690E-18
5.689393E+03	7.110585E-18	1.245682E-18
5.729393E+03	7.158471E-18	1.252567E-18
5.769393E+03	7.199802E-18	1.258281E-18
5.809393E+03	7.234272E-18	1.262773E-18
5.849393E+03	7.261667E-18	1.266013E-18
5.889393E+03	7.281877E-18	1.267984E-18
5.929393E+03	7.294895E-18	1.268690E-18
5.969393E+03	7.300829E-18	1.268156E-18
6.009393E+03	7.299893E-18	1.266422E-18
6.049393E+03	7.292412E-18	1.263550E-18
6.089393E+03	7.278824E-18	1.259620E-18
6.129393E+03	7.259665E-18	1.254728E-18
6.169393E+03	7.235573E-18	1.248990E-18
6.209393E+03	7.207272E-18	1.242532E-18
6.249393E+03	7.175561E-18	1.235496E-18
6.289393E+03	7.141303E-18	1.228032E-18
6.329393E+03	7.105402E-18	1.220297E-18
6.369393E+03	7.068785E-18	1.212453E-18
6.409393E+03	7.032385E-18	1.204659E-18
6.449393E+03	6.997117E-18	1.197073E-18
6.489393E+03	6.963871E-18	1.189845E-18
6.529393E+03	6.933514E-18	1.183123E-18
6.569393E+03	6.906891E-18	1.177048E-18
6.609393E+03	6.884846E-18	1.171763E-18
6.649393E+03	6.868224E-18	1.167409E-18
6.689393E+03	6.857880E-18	1.164126E-18
6.729393E+03	6.854671E-18	1.162057E-18
6.769393E+03	6.859446E-18	1.161340E-18
6.809393E+03	6.873015E-18	1.162107E-18
6.849393E+03	6.896127E-18	1.164480E-18
6.889393E+03	6.929434E-18	1.168563E-18
6.929393E+03	6.973460E-18	1.174436E-18
6.969393E+03	7.028580E-18	1.182156E-18
7.009393E+03	7.095003E-18	1.191752E-18
7.049393E+03	7.172764E-18	1.203221E-18
7.089393E+03	7.261716E-18	1.216533E-18
7.129393E+03	7.361532E-18	1.231625E-18
7.169393E+03	7.471708E-18	1.248406E-18
7.209393E+03	7.591563E-18	1.266757E-18
7.249393E+03	7.720253E-18	1.286530E-18
7.289393E+03	7.856773E-18	1.307554E-18
7.329393E+03	7.999964E-18	1.329631E-18
7.369393E+03	8.148521E-18	1.352540E-18
7.409393E+03	8.300995E-18	1.376040E-18
7.449393E+03	8.455798E-18	1.399864E-18
7.489393E+03	8.611214E-18	1.423729E-18
7.529393E+03	8.765405E-18	1.447332E-18
7.569393E+03	8.916431E-18	1.470354E-18
7.609393E+03	9.062270E-18	1.492465E-18
7.649393E+03	9.200853E-18	1.513329E-18
7.689393E+03	9.330104E-18	1.532612E-18
7.729393E+03	9.448008E-18	1.549988E-18
7.769393E+03	9.552684E-18	1.565159E-18
7.809393E+03	9.642477E-18	1.577862E-18
7.849393E+03	9.716058E-18	1.587891E-18
7.889393E+03	9.772517E-18	1.595108E-18
7.929393E+03	9.811418E-18	1.599453E-18
7.969393E+03	9.832805E-18	1.600945E-18
8.009393E+03	9.837118E-18	1.599666E-18
8.049393E+03	9.825237E-18	1.595769E-18
8.089393E+03	9.798356E-18	1.589458E-18
8.129393E+03	9.757948E-18	1.580982E-18
8.169393E+03	9.705691E-18	1.570619E-18
8.209393E+03	9.643408E-18	1.558671E-18
8.249393E+03	9.572988E-18	1.545450E-18
8.289393E+03	9.496357E-18	1.531269E-18
8.329393E+03	9.415353E-18	1.516430E-18
8.369393E+03	9.331729E-18	1.501216E-18
8.409393E+03	9.247084E-18	1.485885E-18
8.449393E+03	9.162816E-18	1.470663E-18
8.489393E+03	9.080102E-18	1.455738E-18
8.529393E+03	8.999880E-18	1.441259E-18
8.569393E+03	8.922853E-18	1.427337E-18
8.609393E+03	8.849499E-18	1.414047E-18
8.649393E+03	8.780105E-18	1.401432E-18
8.689393E+03	8.714801E-18	1.389511E-18
8.729393E+03	8.653610E-18	1.378286E-18
8.769393E+03	8.596492E-18	1.367748E-18
8.809393E+03	8.543398E-18	1.357888E-18
8.849393E+03	8.494309E-18	1.348700E-18
8.889393E+03	8.449270E-18	1.340190E-18
8.929393E+03	8.408414E-18	1.332376E-18
8.969393E+03	8.371977E-18	1.325295E-18
9.009393E+03	8.340297E-18	1.318998E-18
9.049393E+03	8.313809E-18	1.313552E-18
9.089393E+03	8.293024E-18	1.309035E-18
9.129393E+03	8.278483E-18	1.305530E-18
9.169393E+03	8.270705E-18	1.303116E-18
9.209393E+03	8.270114E-18	1.301859E-18
9.249393E+03	8.276967E-18	1.301794E-18
9.289393E+03	8.291318E-18	1.302928E-18
9.329393E+03	8.312996E-18	1.305230E-18
9.369393E+03	8.341601E-18	1.308636E-18
9.409393E+03	8.376514E-18	1.313044E-18
9.449393E+03	8.416909E-18	1.318324E-18
9.489393E+03	8.461801E-18	1.324319E-18
9.529393E+03	8.510082E-18	1.330854E-18
9.569393E+03	8.560581E-18	1.337747E-18
9.609393E+03	8.612101E-18	1.344808E-18
9.649393E+03	8.663474E-18	1.351856E-18
9.689393E+03	8.713590E-18	1.358718E-18
9.729393E+03	8.761430E-18	1.365237E-18
9.769393E+03	8.806088E-18	1.371270E-18
9.809393E+03	8.846796E-18	1.376702E-18
9.849393E+03	8.882927E-18	1.381434E-18
9.889393E+03	8.914006E-18	1.385395E-18
9.929393E+03	8.939709E-18	1.388537E-18
9.969393E+03	8.959852E-18	1.390831E-18
1.000939E+04	8.974378E-18	1.392271E-18
1.004939E+04	8.983353E-18	1.392865E-18
1.008939E+04	8.986949E-18	1.392643E-18
1.012939E+04	8.985441E-18	1.391647E-18
1.016939E+04	8.979210E-18	1.389937E-18
1.020939E+04	8.968732E-18	1.387586E-18
1.024939E+04	8.954568E-18	1.384681E-18
1.028939E+04	8.937350E-18	1.381321E-18
1.032939E+04	8.917753E-18	1.377609E-18
1.036939E+04	8.896476E-18	1.373652E-18
1.040939E+04	8.874212E-18	1.369558E-18
1.044939E+04	8.851608E-18	1.365425E-18
1.048939E+04	8.829254E-18	1.361344E-18
1.052939E+04	8.807647E-18	1.357390E-18
1.056939E+04	8.787175E-18	1.353622E-18
1.060939E+04	8.768117E-18	1.350082E-18
1.064939E+04	8.750633E-18	1.346794E-18
1.068939E+04	8.734782E-18	1.343765E-18
1.072939E+04	8.720531E-18	1.340990E-18
1.076939E+04	8.707784E-18	1.338452E-18
1.080939E+04	8.696395E-18	1.336129E-18
1.084939E+04	8.686203E-18	1.333994E-18
1.088939E+04	8.677046E-18	1.332022E-18
1.092939E+04	8.668778E-18	1.330190E-18
1.096939E+04	8.661282E-18	1.328479E-18
1.100939E+04	8.654477E-18	1.326875E-18
1.104939E+04	8.648316E-18	1.325371E-18
1.108939E+04	8.642797E-18	1.323966E-18
1.112939E+04	8.637961E-18	1.322666E-18
1.116939E+04	8.633900E-18	1.321483E-18
1.120939E+04	8.630763E-18	1.320440E-18
1.124939E+04	8.628766E-18	1.319569E-18
1.128939E+04	8.628196E-18	1.318914E-18
1.132939E+04	8.629421E-18	1.318529E-18
1.136939E+04	8.632883E-18	1.318482E-18
1.140939E+04	8.639098E-18	1.318851E-18
1.144939E+04	8.648641E-18	1.319721E-18
1.148939E+04	8.662126E-18	1.321187E-18
1.152939E+04	8.680193E-18	1.323343E-18
1.156939E+04	8.703479E-18	1.326286E-18
1.160939E+04	8.732599E-18	1.330107E-18
1.164939E+04	8.768126E-18	1.334893E-18
1.168939E+04	8.810572E-18	1.340720E-18
1.172939E+04	8.860364E-18	1.347650E-18
1.176939E+04	8.917828E-18	1.355731E-18
1.180939E+04	8.983157E-18	1.364990E-18
1.184939E+04	9.056387E-18	1.375430E-18
1.188939E+04	9.137370E-18	1.387027E-18
1.192939E+04	9.225738E-18	1.399723E-18
1.196939E+04	9.320876E-18	1.413420E-18
1.200939E+04	9.421894E-18	1.427984E-18
1.204939E+04	9.527601E-18	1.443232E-18
1.208939E+04	9.636487E-18	1.458932E-18
1.212939E+04	9.746702E-18	1.474804E-18
1.216939E+04	9.856060E-18	1.490517E-18
1.220939E+04	9.962050E-18	1.505689E-18
1.224939E+04	1.006189E-17	1.519902E-18
1.228939E+04	1.015259E-17	1.532706E-18
1.232939E+04	1.023109E-17	1.543641E-18
1.236939E+04	1.029446E-17	1.552265E-18
1.240939E+04	1.034007E-17	1.558191E-18
1.244939E+04	1.036589E-17	1.561114E-18
1.248939E+04	1.037070E-17	1.560856E-18
1.252939E+04	1.035419E-17	1.557377E-18
1.256939E+04	1.031707E-17	1.550790E-18
1.260939E+04	1.026094E-17	1.541342E-18
1.264939E+04	1.018816E-17	1.529392E-18
1.268939E+04	1.010165E-17	1.515385E-18
1.272939E+04	1.000469E-17	1.499817E-18
1.276939E+04	9.900761E-18	1.483211E-18
1.280939E+04	9.793362E-18	1.466095E-18
1.284939E+04	9.685916E-18	1.448983E-18
1.288939E+04	9.581661E-18	1.432359E-18
1.292939E+04	9.483586E-18	1.416669E-18
1.296939E+04	9.394370E-18	1.402312E-18
1.300939E+04	9.316360E-18	1.389635E-18
1.304939E+04	9.251533E-18	1.378929E-18
1.308939E+04	9.201488E-18	1.370430E-18
1.312939E+04	9.167440E-18	1.364313E-18
1.316939E+04	9.150206E-18	1.360695E-18
1.320939E+04	9.150212E-18	1.359633E-18
1.324939E+04	9.167489E-18	1.361126E-18
1.328939E+04	9.201686E-18	1.365116E-18
1.332939E+04	9.252073E-18	1.371490E-18
1.336939E+04	9.317563E-18	1.380082E-18
1.340939E+04	9.396733E-18	1.390674E-18
1.344939E+04	9.487852E-18	1.403006E-18
1.348939E+04	9.588925E-18	1.416781E-18
1.352939E+04	9.697736E-18	1.431666E-18
1.356939E+04	9.811922E-18	1.447311E-18
1.360939E+04	9.929040E-18	1.463355E-18
1.364939E+04	1.004665E-17	1.479436E-18
1.368939E+04	1.016238E-17	1.495208E-18
1.372939E+04	1.027403E-17	1.510346E-18
1.376939E+04	1.037960E-17	1.524559E-18
1.380939E+04	1.047732E-17	1.537592E-18
1.384939E+04	1.056574E-17	1.549234E-18
1.388939E+04	1.064370E-17	1.559319E-18
1.392939E+04	1.071033E-17	1.567727E-18
1.396939E+04	1.076516E-17	1.574392E-18
1.400939E+04	1.080797E-17	1.579287E-18
1.404939E+04	1.083889E-17	1.582437E-18
1.408939E+04	1.085829E-17	1.583903E-18
1.412939E+04	1.086683E-17	1.583785E-18
1.416939E+04	1.086535E-17	1.582210E-18
1.420939E+04	1.085486E-17	1.579330E-18
1.424939E+04	1.083650E-17	1.575315E-18
1.428939E+04	1.081151E-17	1.570350E-18
1.432939E+04	1.078121E-17	1.564628E-18
1.436939E+04	1.074696E-17	1.558353E-18
1.440939E+04	1.071014E-17	1.551723E-18
1.444939E+04	1.067210E-17	1.544938E-18
1.448939E+04	1.063416E-17	1.538188E-18
1.452939E+04	1.059757E-17	1.531659E-18
1.456939E+04	1.056350E-17	1.525516E-18
1.460939E+04	1.053303E-17	1.519917E-18
1.464939E+04	1.050711E-17	1.514999E-18
1.468939E+04	1.048663E-17	1.510888E-18
1.472939E+04	1.047233E-17	1.507694E-18
1.476939E+04	1.046490E-17	1.505512E-18
1.480939E+04	1.046496E-17	1.504431E-18
1.484939E+04	1.047304E-17	1.504526E-18
1.488939E+04	1.048963E-17	1.505868E-18
1.492939E+04	1.051517E-17	1.508516E-18
1.496939E+04	1.055002E-17	1.512524E-18
1.500939E+04	1.059448E-17	1.517932E-18
1.504939E+04	1.064877E-17	1.524771E-18
1.508939E+04	1.071300E-17	1.533058E-18
1.512939E+04	1.078723E-17	1.542798E-18
1.516939E+04	1.087136E-17	1.553980E-18
1.520939E+04	1.096521E-17	1.566577E-18
1.524939E+04	1.106848E-17	1.580546E-18
1.528939E+04	1.118074E-17	1.595827E-18
1.532939E+04	1.130142E-17	1.612340E-18
1.536939E+04	1.142980E-17	1.629984E-18
1.540939E+04	1.156499E-17	1.648636E-18
1.544939E+04	1.170598E-17	1.668150E-18
1.548939E+04	1.185152E-17	1.688356E-18
1.552939E+04	1.200019E-17	1.709054E-18
1.556939E+04	1.215039E-17	1.730017E-18
1.560939E+04	1.230026E-17	1.750989E-18
1.564939E+04	1.244777E-17	1.771681E-18
1.568939E+04	1.259071E-17	1.791786E-18
1.572939E+04	1.272676E-17	1.810979E-18
1.576939E+04	1.285354E-17	1.828924E-18
1.580939E+04	1.296867E-17	1.845290E-18
1.584939E+04	1.306992E-17	1.859760E-18
1.588939E+04	1.315522E-17	1.872048E-18
1.592939E+04	1.322280E-17	1.881903E-18
1.596939E+04	1.327126E-17	1.889129E-18
1.600939E+04	1.329968E-17	1.893596E-18
1.604939E+04	1.330766E-17	1.895250E-18
1.608939E+04	1.329544E-17	1.894123E-18
1.612939E+04	1.326384E-17	1.890333E-18
1.616939E+04	1.321425E-17	1.884076E-18
1.620939E+04	1.314845E-17	1.875604E-18
1.624939E+04	1.306830E-17	1.865178E-18
1.628939E+04	1.297548E-17	1.853031E-18
1.632939E+04	1.287116E-17	1.839326E-18
1.636939E+04	1.275640E-17	1.824204E-18
1.640939E+04	1.263224E-17	1.807806E-18
1.644939E+04	1.249986E-17	1.790295E-18
1.648939E+04	1.236064E-17	1.771860E-18
1.652939E+04	1.221602E-17	1.752699E-18
1.656939E+04	1.206752E-17	1.733027E-18
1.660939E+04	1.191667E-17	1.713053E-18
1.664939E+04	1.176487E-17	1.692976E-18
1.668939E+04	1.161342E-17	1.672977E-18
1.672939E+04	1.146345E-17	1.653215E-18
1.676939E+04	1.131596E-17	1.633828E-18
1.680939E+04	1.117170E-17	1.614925E-18
1.684939E+04	1.103133E-17	1.596596E-18
1.688939E+04	1.089529E-17	1.578904E-18
1.692939E+04	1.076389E-17	1.561894E-18
1.696939E+04	1.063737E-17	1.545596E-18
1.700939E+04	1.051582E-17	1.530025E-18
1.704939E+04	1.039928E-17	1.515188E-18
1.708939E+04	1.028782E-17	1.501091E-18
1.712939E+04	1.018145E-17	1.487737E-18
1.716939E+04	1.008023E-17	1.475138E-18
1.720939E+04	9.984272E-18	1.463308E-18
1.724939E+04	9.893743E-18	1.452272E-18
1.728939E+04	9.808872E-18	1.442067E-18
1.732939E+04	9.729958E-18	1.432737E-18
1.736939E+04	9.657354E-18	1.424337E-18
1.740939E+04	9.591466E-18	1.416929E-18
1.744939E+04	9.532736E-18	1.410581E-18
1.748939E+04	9.481631E-18	1.405365E-18
1.752939E+04	9.438630E-18	1.401357E-18
1.756939E+04	9.404214E-18	1.398634E-18
1.760939E+04	9.378859E-18	1.397270E-18
1.764939E+04	9.363019E-18	1.397339E-18
1.768939E+04	9.357125E-18	1.398912E-18
1.772939E+04	9.361560E-18	1.402053E-18
1.776939E+04	9.376651E-18	1.406818E-18
1.780939E+04	9.402636E-18	1.413250E-18
1.784939E+04	9.439645E-18	1.421378E-18
1.788939E+04	9.487662E-18	1.431205E-18
1.792939E+04	9.546491E-18	1.442712E-18
1.796939E+04	9.615726E-18	1.455845E-18
1.800939E+04	9.694724E-18	1.470515E-18
1.804939E+04	9.782579E-18	1.486591E-18
1.808939E+04	9.878113E-18	1.503902E-18
1.812939E+04	9.979875E-18	1.522231E-18
1.816939E+04	1.008615E-17	1.541322E-18
1.820939E+04	1.019495E-17	1.560874E-18
1.824939E+04	1.030414E-17	1.580560E-18
1.828939E+04	1.041141E-17	1.600026E-18
1.832939E+04	1.051437E-17	1.618901E-18
1.836939E+04	1.061068E-17	1.636819E-18
1.840939E+04	1.069805E-17	1.653422E-18
1.844939E+04	1.077440E-17	1.668378E-18
1.848939E+04	1.083791E-17	1.681394E-18
1.852939E+04	1.088707E-17	1.692224E-18
1.856939E+04	1.092074E-17	1.700677E-18
1.860939E+04	1.093819E-17	1.706624E-18
1.864939E+04	1.093909E-17	1.709999E-18
1.868939E+04	1.092354E-17	1.710800E-18
1.872939E+04	1.089200E-17	1.709089E-18
1.876939E+04	1.084536E-17	1.704985E-18
1.880939E+04	1.078480E-17	1.698664E-18
1.884939E+04	1.071181E-17	1.690345E-18
1.888939E+04	1.062806E-17	1.680283E-18
1.892939E+04	1.053539E-17	1.668759E-18
1.896939E+04	1.043575E-17	1.656071E-18
1.900939E+04	1.033108E-17	1.642523E-18
1.904939E+04	1.022332E-17	1.628418E-18
1.908939E+04	1.011433E-17	1.614051E-18
1.912939E+04	1.000589E-17	1.599705E-18
1.916939E+04	9.899626E-18	1.585639E-18
1.920939E+04	9.797000E-18	1.572090E-18
1.924939E+04	9.699282E-18	1.559266E-18
1.928939E+04	9.607528E-18	1.547339E-18
1.932939E+04	9.522569E-18	1.536450E-18
1.936939E+04	9.445027E-18	1.526705E-18
1.940939E+04	9.375319E-18	1.518177E-18
1.944939E+04	9.313677E-18	1.510910E-18
1.948939E+04	9.260184E-18	1.504926E-18
1.952939E+04	9.214798E-18	1.500223E-18
1.956939E+04	9.177377E-18	1.496787E-18
1.960939E+04	9.147709E-18	1.494588E-18
1.964939E+04	9.125515E-18	1.493587E-18
1.968939E+04	9.110472E-18	1.493739E-18
1.972939E+04	9.102207E-18	1.494987E-18
1.976939E+04	9.100307E-18	1.497269E-18
1.980939E+04	9.104325E-18	1.500516E-18
1.984939E+04	9.113780E-18	1.504655E-18
1.988939E+04	9.128171E-18	1.509606E-18
1.992939E+04	9.146975E-18	1.515288E-18
1.996939E+04	9.169664E-18	1.521614E-18
2.000939E+04	9.195695E-18	1.528500E-18
2.004939E+04	9.224533E-18	1.535857E-18
2.008939E+04	9.255637E-18	1.543598E-18
2.012939E+04	9.288479E-18	1.551636E-18
2.016939E+04	9.322535E-18	1.559884E-18
2.020939E+04	9.357310E-18	1.568261E-18
2.024939E+04	9.392309E-18	1.576684E-18
2.028939E+04	9.427058E-18	1.585072E-18
2.032939E+04	9.461154E-18	1.593358E-18
2.036939E+04	9.494194E-18	1.601472E-18
2.040939E+04	9.525827E-18	1.609355E-18
2.044939E+04	9.555746E-18	1.616953E-18
2.048939E+04	9.583666E-18	1.624216E-18
2.052939E+04	9.609351E-18	1.631102E-18
2.056939E+04	9.632527E-18	1.637564E-18
2.060939E+04	9.652979E-18	1.643561E-18
2.064939E+04	9.670427E-18	1.649044E-18
2.068939E+04	9.684621E-18	1.653968E-18
2.072939E+04	9.695250E-18	1.658277E-18
2.076939E+04	9.701982E-18	1.661911E-18
2.080939E+04	9.704492E-18	1.664812E-18
2.084939E+04	9.702398E-18	1.666910E-18
2.088939E+04	9.695322E-18	1.668137E-18
2.092939E+04	9.682906E-18	1.668428E-18
2.096939E+04	9.664793E-18	1.667716E-18
2.100939E+04	9.640646E-18	1.665941E-18
2.104939E+04	9.610212E-18	1.663052E-18
2.108939E+04	9.573282E-18	1.659010E-18
2.112939E+04	9.529749E-18	1.653791E-18
2.116939E+04	9.479613E-18	1.647391E-18
2.120939E+04	9.422974E-18	1.639823E-18
2.124939E+04	9.360055E-18	1.631120E-18
2.128939E+04	9.291178E-18	1.621335E-18
2.132939E+04	9.216742E-18	1.610534E-18
2.136939E+04	9.137261E-18	1.598802E-18
2.140939E+04	9.053279E-18	1.586232E-18
2.144939E+04	8.965372E-18	1.572922E-18
2.148939E+04	8.874122E-18	1.558972E-18
2.152939E+04	8.780022E-18	1.544467E-18
2.156939E+04	8.683464E-18	1.529473E-18
2.160939E+04	8.584771E-18	1.514046E-18
2.164939E+04	8.484238E-18	1.498238E-18
2.168939E+04	8.382140E-18	1.482096E-18
2.172939E+04	8.278742E-18	1.465667E-18
2.176939E+04	8.174310E-18	1.448997E-18
2.180939E+04	8.069114E-18	1.432133E-18
2.184939E+04	7.963428E-18	1.415124E-18
2.188939E+04	7.857529E-18	1.398021E-18
2.192939E+04	7.751693E-18	1.380871E-18
2.196939E+04	7.646193E-18	1.363724E-18
2.200939E+04	7.541286E-18	1.346628E-18
2.204939E+04	7.437218E-18	1.329625E-18
2.208939E+04	7.334212E-18	1.312759E-18
2.212939E+04	7.232478E-18	1.296066E-18
2.216939E+04	7.132208E-18	1.279583E-18
2.220939E+04	7.033583E-18	1.263344E-18
2.224939E+04	6.936774E-18	1.247381E-18
2.228939E+04	6.841953E-18	1.231726E-18
2.232939E+04	6.749285E-18	1.216411E-18
2.236939E+04	6.658938E-18	1.201467E-18
2.240939E+04	6.571076E-18	1.186927E-18
2.244939E+04	6.485855E-18	1.172819E-18
2.248939E+04	6.403428E-18	1.159175E-18
2.252939E+04	6.323931E-18	1.146020E-18
2.256939E+04	6.247492E-18	1.133380E-18
2.260939E+04	6.174223E-18	1.121277E-18
2.264939E+04	6.104215E-18	1.109730E-18
2.268939E+04	6.037551E-18	1.098756E-18
2.272939E+04	5.974287E-18	1.088367E-18
2.276939E+04	5.914469E-18	1.078575E-18
2.280939E+04	5.858129E-18	1.069387E-18
2.284939E+04	5.805292E-18	1.060811E-18
2.288939E+04	5.755980E-18	1.052851E-18
2.292939E+04	5.710209E-18	1.045513E-18
2.296939E+04	5.668003E-18	1.038805E-18
2.300939E+04	5.629382E-18	1.032731E-18
2.304939E+04	5.594379E-18	1.027299E-18
2.308939E+04	5.563027E-18	1.022519E-18
2.312939E+04	5.535363E-18	1.018398E-18
2.316939E+04	5.511432E-18	1.014947E-18
2.320939E+04	5.491276E-18	1.012176E-18
2.324939E+04	5.474935E-18	1.010095E-18
2.328939E+04	5.462447E-18	1.008712E-18
2.332939E+04	5.453849E-18	1.008037E-18
2.336939E+04	5.449167E-18	1.008075E-18
2.340939E+04	5.448426E-18	1.008834E-18
2.344939E+04	5.451649E-18	1.010320E-18
2.348939E+04	5.458852E-18	1.012538E-18
2.352939E+04	5.470051E-18	1.015493E-18
2.356939E+04	5.485258E-18	1.019188E-18
2.360939E+04	5.504480E-18	1.023628E-18
2.364939E+04	5.527719E-18	1.028814E-18
2.368939E+04	5.554968E-18	1.034746E-18
2.372939E+04	5.586205E-18	1.041424E-18
2.376939E+04	5.621398E-18	1.048841E-18
2.380939E+04	5.660495E-18	1.056991E-18
2.384939E+04	5.703424E-18	1.065861E-18
2.388939E+04	5.750099E-18	1.075438E-18
2.392939E+04	5.800412E-18	1.085701E-18
2.396939E+04	5.854238E-18	1.096630E-18
2.400939E+04	5.911434E-18	1.108199E-18
2.404939E+04	5.971845E-18	1.120379E-18
2.408939E+04	6.035306E-18	1.133142E-18
2.412939E+04	6.101649E-18	1.146457E-18
2.416939E+04	6.170708E-18	1.160293E-18
2.420939E+04	6.242322E-18	1.174622E-18
2.424939E+04	6.316344E-18	1.189416E-18
2.428939E+04	6.392638E-18	1.204650E-18
2.432939E+04	6.471083E-18	1.220303E-18
2.436939E+04	6.551574E-18	1.236355E-18
2.440939E+04	6.634019E-18	1.252789E-18
2.444939E+04	6.718342E-18	1.269592E-18
2.448939E+04	6.804479E-18	1.286751E-18
