#wls	flux	fluxerr
3.289393E+03	2.115521E-18	0.000000E+00
3.329393E+03	2.245827E-18	0.000000E+00
3.369393E+03	2.386685E-18	0.000000E+00
3.409393E+03	2.537283E-18	0.000000E+00
3.449393E+03	2.696000E-18	0.000000E+00
3.489393E+03	2.859977E-18	0.000000E+00
3.529393E+03	3.025090E-18	0.000000E+00
3.569393E+03	3.185676E-18	0.000000E+00
3.609393E+03	3.335551E-18	0.000000E+00
3.649393E+03	3.469333E-18	0.000000E+00
3.689393E+03	3.583297E-18	0.000000E+00
3.729393E+03	3.676150E-18	0.000000E+00
3.769393E+03	3.748350E-18	0.000000E+00
3.809393E+03	3.801502E-18	0.000000E+00
3.849393E+03	3.837791E-18	0.000000E+00
3.889393E+03	3.859465E-18	0.000000E+00
3.929393E+03	3.868536E-18	0.000000E+00
3.969393E+03	3.866929E-18	0.000000E+00
4.009393E+03	3.856037E-18	0.000000E+00
4.049393E+03	3.837127E-18	0.000000E+00
4.089393E+03	3.810981E-18	0.000000E+00
4.129393E+03	3.778280E-18	0.000000E+00
4.169393E+03	3.739436E-18	0.000000E+00
4.209393E+03	3.694896E-18	0.000000E+00
4.249393E+03	3.645350E-18	0.000000E+00
4.289393E+03	3.591929E-18	0.000000E+00
4.329393E+03	3.537043E-18	0.000000E+00
4.369393E+03	3.484932E-18	0.000000E+00
4.409393E+03	3.435957E-18	0.000000E+00
4.449393E+03	3.386720E-18	0.000000E+00
4.489393E+03	3.335976E-18	0.000000E+00
4.529393E+03	3.283714E-18	0.000000E+00
4.569393E+03	3.230604E-18	0.000000E+00
4.609393E+03	3.177486E-18	0.000000E+00
4.649393E+03	3.125303E-18	0.000000E+00
4.689393E+03	3.075054E-18	0.000000E+00
4.729393E+03	3.027170E-18	0.000000E+00
4.769393E+03	2.981198E-18	0.000000E+00
4.809393E+03	2.937040E-18	0.000000E+00
4.849393E+03	2.894576E-18	0.000000E+00
4.889393E+03	2.853816E-18	0.000000E+00
4.929393E+03	2.814774E-18	0.000000E+00
4.969393E+03	2.777592E-18	0.000000E+00
5.009393E+03	2.742329E-18	0.000000E+00
5.049393E+03	2.709024E-18	0.000000E+00
5.089393E+03	2.677635E-18	0.000000E+00
5.129393E+03	2.648100E-18	0.000000E+00
5.169393E+03	2.620283E-18	0.000000E+00
5.209393E+03	2.594002E-18	0.000000E+00
5.249393E+03	2.569103E-18	0.000000E+00
5.289393E+03	2.545337E-18	0.000000E+00
5.329393E+03	2.522456E-18	0.000000E+00
5.369393E+03	2.500193E-18	0.000000E+00
5.409393E+03	2.478207E-18	0.000000E+00
5.449393E+03	2.455970E-18	0.000000E+00
5.489393E+03	2.432630E-18	0.000000E+00
5.529393E+03	2.408129E-18	0.000000E+00
5.569393E+03	2.382330E-18	0.000000E+00
5.609393E+03	2.354999E-18	0.000000E+00
5.649393E+03	2.325991E-18	0.000000E+00
5.689393E+03	2.295142E-18	0.000000E+00
5.729393E+03	2.262448E-18	0.000000E+00
5.769393E+03	2.227859E-18	0.000000E+00
5.809393E+03	2.191439E-18	0.000000E+00
5.849393E+03	2.153297E-18	0.000000E+00
5.889393E+03	2.113616E-18	0.000000E+00
5.929393E+03	2.072646E-18	0.000000E+00
5.969393E+03	2.030736E-18	0.000000E+00
6.009393E+03	1.988379E-18	0.000000E+00
6.049393E+03	1.946218E-18	0.000000E+00
6.089393E+03	1.905070E-18	0.000000E+00
6.129393E+03	1.866078E-18	0.000000E+00
6.169393E+03	1.831009E-18	0.000000E+00
6.209393E+03	1.800394E-18	0.000000E+00
6.249393E+03	1.772968E-18	0.000000E+00
6.289393E+03	1.748033E-18	0.000000E+00
6.329393E+03	1.725202E-18	0.000000E+00
6.369393E+03	1.703821E-18	0.000000E+00
6.409393E+03	1.682652E-18	0.000000E+00
6.449393E+03	1.661594E-18	0.000000E+00
6.489393E+03	1.641551E-18	0.000000E+00
6.529393E+03	1.622536E-18	0.000000E+00
6.569393E+03	1.604278E-18	0.000000E+00
6.609393E+03	1.586385E-18	0.000000E+00
6.649393E+03	1.568581E-18	0.000000E+00
6.689393E+03	1.550639E-18	0.000000E+00
6.729393E+03	1.532460E-18	0.000000E+00
6.769393E+03	1.513917E-18	0.000000E+00
6.809393E+03	1.495036E-18	0.000000E+00
6.849393E+03	1.475821E-18	0.000000E+00
6.889393E+03	1.456274E-18	0.000000E+00
6.929393E+03	1.436426E-18	0.000000E+00
6.969393E+03	1.416334E-18	0.000000E+00
7.009393E+03	1.396035E-18	0.000000E+00
7.049393E+03	1.375612E-18	0.000000E+00
7.089393E+03	1.355160E-18	0.000000E+00
7.129393E+03	1.334746E-18	0.000000E+00
7.169393E+03	1.314517E-18	0.000000E+00
7.209393E+03	1.294626E-18	0.000000E+00
7.249393E+03	1.275257E-18	0.000000E+00
7.289393E+03	1.256541E-18	0.000000E+00
7.329393E+03	1.238531E-18	0.000000E+00
7.369393E+03	1.220901E-18	0.000000E+00
7.409393E+03	1.202855E-18	0.000000E+00
7.449393E+03	1.183182E-18	0.000000E+00
7.489393E+03	1.162606E-18	0.000000E+00
7.529393E+03	1.142409E-18	0.000000E+00
7.569393E+03	1.123119E-18	0.000000E+00
7.609393E+03	1.104879E-18	0.000000E+00
7.649393E+03	1.087613E-18	0.000000E+00
7.689393E+03	1.071214E-18	0.000000E+00
7.729393E+03	1.055633E-18	0.000000E+00
7.769393E+03	1.040984E-18	0.000000E+00
7.809393E+03	1.027381E-18	0.000000E+00
7.849393E+03	1.014967E-18	0.000000E+00
7.889393E+03	1.003827E-18	0.000000E+00
7.929393E+03	9.938221E-19	0.000000E+00
7.969393E+03	9.844229E-19	0.000000E+00
8.009393E+03	9.755168E-19	0.000000E+00
8.049393E+03	9.678223E-19	0.000000E+00
8.089393E+03	9.614996E-19	0.000000E+00
8.129393E+03	9.562357E-19	0.000000E+00
8.169393E+03	9.516349E-19	0.000000E+00
8.209393E+03	9.472766E-19	0.000000E+00
8.249393E+03	9.427438E-19	0.000000E+00
8.289393E+03	9.376521E-19	0.000000E+00
8.329393E+03	9.317323E-19	0.000000E+00
8.369393E+03	9.247486E-19	0.000000E+00
8.409393E+03	9.165254E-19	0.000000E+00
8.449393E+03	9.068937E-19	0.000000E+00
8.489393E+03	8.958251E-19	0.000000E+00
8.529393E+03	8.832960E-19	0.000000E+00
8.569393E+03	8.693398E-19	0.000000E+00
8.609393E+03	8.540462E-19	0.000000E+00
8.649393E+03	8.375327E-19	0.000000E+00
8.689393E+03	8.200464E-19	0.000000E+00
8.729393E+03	8.017541E-19	0.000000E+00
8.769393E+03	7.828709E-19	0.000000E+00
8.809393E+03	7.635573E-19	0.000000E+00
8.849393E+03	7.437206E-19	0.000000E+00
8.889393E+03	7.228286E-19	0.000000E+00
8.929393E+03	7.007882E-19	0.000000E+00
8.969393E+03	6.780955E-19	0.000000E+00
9.009393E+03	6.550620E-19	0.000000E+00
9.049393E+03	6.318459E-19	0.000000E+00
9.089393E+03	6.085295E-19	0.000000E+00
9.129393E+03	5.852156E-19	0.000000E+00
9.169393E+03	5.620038E-19	0.000000E+00
9.209393E+03	5.389883E-19	0.000000E+00
9.249393E+03	5.162600E-19	0.000000E+00
9.289393E+03	4.939046E-19	0.000000E+00
9.329393E+03	4.720463E-19	0.000000E+00
9.369393E+03	4.507382E-19	0.000000E+00
9.409393E+03	4.300716E-19	0.000000E+00
9.449393E+03	4.100688E-19	0.000000E+00
9.489393E+03	3.907908E-19	0.000000E+00
9.529393E+03	3.722529E-19	0.000000E+00
9.569393E+03	3.545078E-19	0.000000E+00
9.609393E+03	3.375247E-19	0.000000E+00
9.649393E+03	3.213308E-19	0.000000E+00
9.689393E+03	3.059306E-19	0.000000E+00
9.729393E+03	2.912704E-19	0.000000E+00
9.769393E+03	2.773718E-19	0.000000E+00
9.809393E+03	2.641984E-19	0.000000E+00
9.849393E+03	2.517330E-19	0.000000E+00
9.889393E+03	2.399393E-19	0.000000E+00
9.929393E+03	2.287825E-19	0.000000E+00
9.969393E+03	2.182619E-19	0.000000E+00
1.000939E+04	2.083259E-19	0.000000E+00
1.004939E+04	1.989574E-19	0.000000E+00
1.008939E+04	1.901229E-19	0.000000E+00
1.012939E+04	1.817901E-19	0.000000E+00
1.016939E+04	1.739434E-19	0.000000E+00
1.020939E+04	1.665364E-19	0.000000E+00
1.024939E+04	1.595701E-19	0.000000E+00
1.028939E+04	1.529852E-19	0.000000E+00
1.032939E+04	1.467984E-19	0.000000E+00
1.036939E+04	1.409530E-19	0.000000E+00
1.040939E+04	1.354376E-19	0.000000E+00
1.044939E+04	1.302548E-19	0.000000E+00
1.048939E+04	1.253518E-19	0.000000E+00
1.052939E+04	1.232636E-19	0.000000E+00
1.056939E+04	1.212204E-19	0.000000E+00
1.060939E+04	1.192220E-19	0.000000E+00
1.064939E+04	1.172686E-19	0.000000E+00
1.068939E+04	1.153600E-19	0.000000E+00
1.072939E+04	1.134960E-19	0.000000E+00
1.076939E+04	1.116764E-19	0.000000E+00
1.080939E+04	1.099007E-19	0.000000E+00
1.084939E+04	1.081686E-19	0.000000E+00
1.088939E+04	1.064796E-19	0.000000E+00
1.092939E+04	1.048331E-19	0.000000E+00
1.096939E+04	1.032286E-19	0.000000E+00
1.100939E+04	1.016655E-19	0.000000E+00
1.104939E+04	1.001432E-19	0.000000E+00
1.108939E+04	9.866082E-20	0.000000E+00
1.112939E+04	9.721781E-20	0.000000E+00
1.116939E+04	9.581338E-20	0.000000E+00
1.120939E+04	9.444680E-20	0.000000E+00
1.124939E+04	9.311729E-20	0.000000E+00
1.128939E+04	9.182406E-20	0.000000E+00
1.132939E+04	9.056635E-20	0.000000E+00
1.136939E+04	8.934338E-20	0.000000E+00
1.140939E+04	8.815433E-20	0.000000E+00
1.144939E+04	8.699844E-20	0.000000E+00
1.148939E+04	8.587491E-20	0.000000E+00
1.152939E+04	8.478297E-20	0.000000E+00
1.156939E+04	8.372186E-20	0.000000E+00
1.160939E+04	8.269079E-20	0.000000E+00
1.164939E+04	8.168904E-20	0.000000E+00
1.168939E+04	8.071585E-20	0.000000E+00
1.172939E+04	7.977050E-20	0.000000E+00
1.176939E+04	7.885228E-20	0.000000E+00
1.180939E+04	7.796049E-20	0.000000E+00
1.184939E+04	7.709445E-20	0.000000E+00
1.188939E+04	7.625348E-20	0.000000E+00
1.192939E+04	7.543692E-20	0.000000E+00
1.196939E+04	7.464418E-20	0.000000E+00
1.200939E+04	7.387459E-20	0.000000E+00
1.204939E+04	7.312756E-20	0.000000E+00
1.208939E+04	7.240252E-20	0.000000E+00
1.212939E+04	7.169888E-20	0.000000E+00
1.216939E+04	7.101609E-20	0.000000E+00
1.220939E+04	7.035359E-20	0.000000E+00
1.224939E+04	6.971089E-20	0.000000E+00
1.228939E+04	6.908746E-20	0.000000E+00
1.232939E+04	6.848281E-20	0.000000E+00
1.236939E+04	6.789646E-20	0.000000E+00
1.240939E+04	6.732796E-20	0.000000E+00
1.244939E+04	6.677683E-20	0.000000E+00
1.248939E+04	6.624265E-20	0.000000E+00
1.252939E+04	6.572501E-20	0.000000E+00
1.256939E+04	6.522350E-20	0.000000E+00
1.260939E+04	6.473772E-20	0.000000E+00
1.264939E+04	6.426728E-20	0.000000E+00
1.268939E+04	6.381183E-20	0.000000E+00
1.272939E+04	6.337101E-20	0.000000E+00
1.276939E+04	6.294448E-20	0.000000E+00
1.280939E+04	6.253191E-20	0.000000E+00
1.284939E+04	6.213299E-20	0.000000E+00
1.288939E+04	6.174742E-20	0.000000E+00
1.292939E+04	6.137491E-20	0.000000E+00
1.296939E+04	6.101518E-20	0.000000E+00
1.300939E+04	6.066798E-20	0.000000E+00
1.304939E+04	6.033306E-20	0.000000E+00
1.308939E+04	6.001018E-20	0.000000E+00
1.312939E+04	5.969914E-20	0.000000E+00
1.316939E+04	5.939970E-20	0.000000E+00
1.320939E+04	5.911171E-20	0.000000E+00
1.324939E+04	5.883497E-20	0.000000E+00
1.328939E+04	5.856932E-20	0.000000E+00
1.332939E+04	5.831462E-20	0.000000E+00
1.336939E+04	5.807074E-20	0.000000E+00
1.340939E+04	5.783758E-20	0.000000E+00
1.344939E+04	5.761501E-20	0.000000E+00
1.348939E+04	5.740299E-20	0.000000E+00
1.352939E+04	5.720142E-20	0.000000E+00
1.356939E+04	5.701029E-20	0.000000E+00
1.360939E+04	5.682956E-20	0.000000E+00
1.364939E+04	5.665920E-20	0.000000E+00
1.368939E+04	5.649925E-20	0.000000E+00
1.372939E+04	5.634972E-20	0.000000E+00
1.376939E+04	5.621066E-20	0.000000E+00
1.380939E+04	5.608214E-20	0.000000E+00
1.384939E+04	5.596422E-20	0.000000E+00
1.388939E+04	5.585703E-20	0.000000E+00
1.392939E+04	5.576068E-20	0.000000E+00
1.396939E+04	5.567531E-20	0.000000E+00
1.400939E+04	5.560106E-20	0.000000E+00
1.404939E+04	5.553815E-20	0.000000E+00
1.408939E+04	5.548672E-20	0.000000E+00
1.412939E+04	5.544702E-20	0.000000E+00
1.416939E+04	5.541926E-20	0.000000E+00
1.420939E+04	5.540370E-20	0.000000E+00
1.424939E+04	5.540059E-20	0.000000E+00
1.428939E+04	5.541022E-20	0.000000E+00
1.432939E+04	5.543289E-20	0.000000E+00
1.436939E+04	5.546889E-20	0.000000E+00
1.440939E+04	5.551854E-20	0.000000E+00
1.444939E+04	5.558221E-20	0.000000E+00
1.448939E+04	5.566024E-20	0.000000E+00
1.452939E+04	5.575298E-20	0.000000E+00
1.456939E+04	5.586084E-20	0.000000E+00
1.460939E+04	5.598419E-20	0.000000E+00
1.464939E+04	5.612343E-20	0.000000E+00
1.468939E+04	5.627897E-20	0.000000E+00
1.472939E+04	5.645127E-20	0.000000E+00
1.476939E+04	5.664073E-20	0.000000E+00
1.480939E+04	5.684782E-20	0.000000E+00
1.484939E+04	5.707298E-20	0.000000E+00
1.488939E+04	5.731669E-20	0.000000E+00
1.492939E+04	5.757942E-20	0.000000E+00
1.496939E+04	5.786167E-20	0.000000E+00
1.500939E+04	5.816393E-20	0.000000E+00
1.504939E+04	5.848671E-20	0.000000E+00
1.508939E+04	5.883054E-20	0.000000E+00
1.512939E+04	5.919595E-20	0.000000E+00
1.516939E+04	5.958349E-20	0.000000E+00
1.520939E+04	5.999370E-20	0.000000E+00
1.524939E+04	6.042721E-20	0.000000E+00
1.528939E+04	6.088456E-20	0.000000E+00
1.532939E+04	6.136638E-20	0.000000E+00
1.536939E+04	6.187331E-20	0.000000E+00
1.540939E+04	6.240599E-20	0.000000E+00
1.544939E+04	6.296511E-20	0.000000E+00
1.548939E+04	6.355135E-20	0.000000E+00
1.552939E+04	6.416547E-20	0.000000E+00
1.556939E+04	6.480820E-20	0.000000E+00
1.560939E+04	6.548037E-20	0.000000E+00
1.564939E+04	6.618280E-20	0.000000E+00
1.568939E+04	6.691635E-20	0.000000E+00
1.572939E+04	6.768197E-20	0.000000E+00
1.576939E+04	6.848059E-20	0.000000E+00
1.580939E+04	6.931328E-20	0.000000E+00
1.584939E+04	7.018109E-20	0.000000E+00
1.588939E+04	7.108516E-20	0.000000E+00
1.592939E+04	7.202671E-20	0.000000E+00
1.596939E+04	7.300701E-20	0.000000E+00
1.600939E+04	7.402743E-20	0.000000E+00
1.604939E+04	7.508940E-20	0.000000E+00
1.608939E+04	7.619446E-20	0.000000E+00
1.612939E+04	7.734422E-20	0.000000E+00
1.616939E+04	7.854041E-20	0.000000E+00
1.620939E+04	7.978488E-20	0.000000E+00
1.624939E+04	8.107955E-20	0.000000E+00
1.628939E+04	8.242650E-20	0.000000E+00
1.632939E+04	8.382792E-20	0.000000E+00
1.636939E+04	8.528614E-20	0.000000E+00
1.640939E+04	8.680361E-20	0.000000E+00
1.644939E+04	8.838298E-20	0.000000E+00
1.648939E+04	9.002701E-20	0.000000E+00
1.652939E+04	9.173864E-20	0.000000E+00
1.656939E+04	9.352100E-20	0.000000E+00
1.660939E+04	9.537737E-20	0.000000E+00
1.664939E+04	9.731127E-20	0.000000E+00
1.668939E+04	9.932637E-20	0.000000E+00
1.672939E+04	1.014266E-19	0.000000E+00
1.676939E+04	1.036160E-19	0.000000E+00
1.680939E+04	1.058991E-19	0.000000E+00
1.684939E+04	1.082804E-19	0.000000E+00
1.688939E+04	1.107648E-19	0.000000E+00
1.692939E+04	1.133573E-19	0.000000E+00
1.696939E+04	1.160635E-19	0.000000E+00
1.700939E+04	1.188891E-19	0.000000E+00
1.704939E+04	1.218400E-19	0.000000E+00
1.708939E+04	1.249226E-19	0.000000E+00
1.712939E+04	1.281437E-19	0.000000E+00
1.716939E+04	1.315102E-19	0.000000E+00
1.720939E+04	1.350297E-19	0.000000E+00
1.724939E+04	1.387099E-19	0.000000E+00
1.728939E+04	1.425592E-19	0.000000E+00
1.732939E+04	1.465862E-19	0.000000E+00
1.736939E+04	1.508000E-19	0.000000E+00
1.740939E+04	1.552104E-19	0.000000E+00
1.744939E+04	1.598277E-19	0.000000E+00
1.748939E+04	1.646622E-19	0.000000E+00
1.752939E+04	1.697257E-19	0.000000E+00
1.756939E+04	1.750298E-19	0.000000E+00
1.760939E+04	1.805870E-19	0.000000E+00
1.764939E+04	1.864104E-19	0.000000E+00
1.768939E+04	1.925141E-19	0.000000E+00
1.772939E+04	1.989126E-19	0.000000E+00
1.776939E+04	2.056214E-19	0.000000E+00
1.780939E+04	2.126566E-19	0.000000E+00
1.784939E+04	2.200351E-19	0.000000E+00
1.788939E+04	2.277750E-19	0.000000E+00
1.792939E+04	2.358951E-19	0.000000E+00
1.796939E+04	2.444151E-19	0.000000E+00
1.800939E+04	2.533560E-19	0.000000E+00
1.804939E+04	2.627396E-19	0.000000E+00
1.808939E+04	2.725889E-19	0.000000E+00
1.812939E+04	2.829279E-19	0.000000E+00
1.816939E+04	2.937822E-19	0.000000E+00
1.820939E+04	3.051782E-19	0.000000E+00
1.824939E+04	3.171439E-19	0.000000E+00
1.828939E+04	3.297082E-19	0.000000E+00
1.832939E+04	3.429019E-19	0.000000E+00
1.836939E+04	3.567569E-19	0.000000E+00
1.840939E+04	3.713064E-19	0.000000E+00
1.844939E+04	3.865855E-19	0.000000E+00
1.848939E+04	4.026307E-19	0.000000E+00
1.852939E+04	4.194796E-19	0.000000E+00
1.856939E+04	4.371717E-19	0.000000E+00
1.860939E+04	4.557480E-19	0.000000E+00
1.864939E+04	4.752511E-19	0.000000E+00
1.868939E+04	4.957251E-19	0.000000E+00
1.872939E+04	5.172154E-19	0.000000E+00
1.876939E+04	5.397692E-19	0.000000E+00
1.880939E+04	5.634347E-19	0.000000E+00
1.884939E+04	5.882619E-19	0.000000E+00
1.888939E+04	6.143016E-19	0.000000E+00
1.892939E+04	6.416059E-19	0.000000E+00
1.896939E+04	6.702279E-19	0.000000E+00
1.900939E+04	7.002216E-19	0.000000E+00
1.904939E+04	7.316411E-19	0.000000E+00
1.908939E+04	7.645412E-19	0.000000E+00
1.912939E+04	7.989767E-19	0.000000E+00
1.916939E+04	8.350019E-19	0.000000E+00
1.920939E+04	8.726707E-19	0.000000E+00
1.924939E+04	9.120355E-19	0.000000E+00
1.928939E+04	9.531477E-19	0.000000E+00
1.932939E+04	9.960560E-19	0.000000E+00
1.936939E+04	1.040807E-18	0.000000E+00
1.940939E+04	1.087443E-18	0.000000E+00
1.944939E+04	1.136002E-18	0.000000E+00
1.948939E+04	1.186520E-18	0.000000E+00
1.952939E+04	1.239023E-18	0.000000E+00
1.956939E+04	1.293534E-18	0.000000E+00
1.960939E+04	1.350065E-18	0.000000E+00
1.964939E+04	1.408622E-18	0.000000E+00
1.968939E+04	1.469202E-18	0.000000E+00
1.972939E+04	1.531787E-18	0.000000E+00
1.976939E+04	1.596350E-18	0.000000E+00
1.980939E+04	1.662851E-18	0.000000E+00
1.984939E+04	1.731232E-18	0.000000E+00
1.988939E+04	1.801426E-18	0.000000E+00
1.992939E+04	1.873340E-18	0.000000E+00
1.996939E+04	1.946870E-18	0.000000E+00
2.000939E+04	2.021890E-18	0.000000E+00
2.004939E+04	2.098254E-18	0.000000E+00
2.008939E+04	2.175795E-18	0.000000E+00
2.012939E+04	2.254325E-18	0.000000E+00
2.016939E+04	2.333633E-18	0.000000E+00
2.020939E+04	2.413484E-18	0.000000E+00
2.024939E+04	2.493623E-18	0.000000E+00
2.028939E+04	2.573771E-18	0.000000E+00
2.032939E+04	2.653629E-18	0.000000E+00
2.036939E+04	2.732878E-18	0.000000E+00
2.040939E+04	2.811177E-18	0.000000E+00
2.044939E+04	2.888171E-18	0.000000E+00
2.048939E+04	2.963488E-18	0.000000E+00
2.052939E+04	3.036745E-18	0.000000E+00
2.056939E+04	3.107554E-18	0.000000E+00
2.060939E+04	3.175515E-18	0.000000E+00
2.064939E+04	3.240235E-18	0.000000E+00
2.068939E+04	3.301324E-18	0.000000E+00
2.072939E+04	3.358397E-18	0.000000E+00
2.076939E+04	3.411089E-18	0.000000E+00
2.080939E+04	3.459053E-18	0.000000E+00
2.084939E+04	3.501970E-18	0.000000E+00
2.088939E+04	3.539549E-18	0.000000E+00
2.092939E+04	3.571539E-18	0.000000E+00
2.096939E+04	3.597731E-18	0.000000E+00
2.100939E+04	3.617966E-18	0.000000E+00
2.104939E+04	3.632131E-18	0.000000E+00
2.108939E+04	3.640170E-18	0.000000E+00
2.112939E+04	3.642090E-18	0.000000E+00
2.116939E+04	3.637951E-18	0.000000E+00
2.120939E+04	3.627873E-18	0.000000E+00
2.124939E+04	3.612042E-18	0.000000E+00
2.128939E+04	3.590694E-18	0.000000E+00
2.132939E+04	3.564124E-18	0.000000E+00
2.136939E+04	3.532676E-18	0.000000E+00
2.140939E+04	3.496738E-18	0.000000E+00
2.144939E+04	3.456739E-18	0.000000E+00
2.148939E+04	3.413135E-18	0.000000E+00
2.152939E+04	3.366416E-18	0.000000E+00
2.156939E+04	3.317087E-18	0.000000E+00
2.160939E+04	3.265659E-18	0.000000E+00
2.164939E+04	3.212635E-18	0.000000E+00
2.168939E+04	3.158500E-18	0.000000E+00
2.172939E+04	3.103713E-18	0.000000E+00
2.176939E+04	3.048700E-18	0.000000E+00
2.180939E+04	2.993852E-18	0.000000E+00
2.184939E+04	2.939517E-18	0.000000E+00
2.188939E+04	2.886008E-18	0.000000E+00
2.192939E+04	2.833592E-18	0.000000E+00
2.196939E+04	2.782498E-18	0.000000E+00
2.200939E+04	2.732915E-18	0.000000E+00
2.204939E+04	2.685002E-18	0.000000E+00
2.208939E+04	2.638881E-18	0.000000E+00
2.212939E+04	2.594648E-18	0.000000E+00
2.216939E+04	2.552372E-18	0.000000E+00
2.220939E+04	2.512102E-18	0.000000E+00
2.224939E+04	2.473864E-18	0.000000E+00
2.228939E+04	2.437671E-18	0.000000E+00
2.232939E+04	2.403522E-18	0.000000E+00
2.236939E+04	2.371404E-18	0.000000E+00
2.240939E+04	2.341295E-18	0.000000E+00
2.244939E+04	2.313166E-18	0.000000E+00
2.248939E+04	2.286986E-18	0.000000E+00
2.252939E+04	2.262713E-18	0.000000E+00
2.256939E+04	2.240307E-18	0.000000E+00
2.260939E+04	2.219724E-18	0.000000E+00
2.264939E+04	2.200920E-18	0.000000E+00
2.268939E+04	2.183851E-18	0.000000E+00
2.272939E+04	2.168469E-18	0.000000E+00
2.276939E+04	2.154734E-18	0.000000E+00
2.280939E+04	2.142598E-18	0.000000E+00
2.284939E+04	2.132021E-18	0.000000E+00
2.288939E+04	2.122960E-18	0.000000E+00
2.292939E+04	2.115377E-18	0.000000E+00
2.296939E+04	2.109233E-18	0.000000E+00
2.300939E+04	2.104492E-18	0.000000E+00
2.304939E+04	2.101118E-18	0.000000E+00
2.308939E+04	2.099077E-18	0.000000E+00
2.312939E+04	2.098338E-18	0.000000E+00
2.316939E+04	2.098870E-18	0.000000E+00
2.320939E+04	2.100647E-18	0.000000E+00
2.324939E+04	2.103639E-18	0.000000E+00
2.328939E+04	2.107821E-18	0.000000E+00
2.332939E+04	2.113170E-18	0.000000E+00
2.336939E+04	2.119660E-18	0.000000E+00
2.340939E+04	2.127270E-18	0.000000E+00
2.344939E+04	2.135981E-18	0.000000E+00
2.348939E+04	2.145771E-18	0.000000E+00
2.352939E+04	2.156622E-18	0.000000E+00
2.356939E+04	2.168515E-18	0.000000E+00
2.360939E+04	2.181433E-18	0.000000E+00
2.364939E+04	2.195361E-18	0.000000E+00
2.368939E+04	2.210280E-18	0.000000E+00
2.372939E+04	2.226177E-18	0.000000E+00
2.376939E+04	2.243038E-18	0.000000E+00
2.380939E+04	2.260845E-18	0.000000E+00
2.384939E+04	2.279587E-18	0.000000E+00
2.388939E+04	2.299249E-18	0.000000E+00
2.392939E+04	2.319817E-18	0.000000E+00
2.396939E+04	2.341278E-18	0.000000E+00
2.400939E+04	2.363620E-18	0.000000E+00
2.404939E+04	2.386829E-18	0.000000E+00
2.408939E+04	2.410890E-18	0.000000E+00
2.412939E+04	2.435793E-18	0.000000E+00
2.416939E+04	2.461521E-18	0.000000E+00
2.420939E+04	2.488064E-18	0.000000E+00
2.424939E+04	2.515407E-18	0.000000E+00
2.428939E+04	2.543537E-18	0.000000E+00
2.432939E+04	2.572439E-18	0.000000E+00
2.436939E+04	2.602099E-18	0.000000E+00
2.440939E+04	2.632506E-18	0.000000E+00
2.444939E+04	2.663640E-18	0.000000E+00
2.448939E+04	2.695489E-18	0.000000E+00
