#wls	flux	fluxerr
3.289393E+03	3.814369E-18	0.000000E+00
3.329393E+03	3.734317E-18	0.000000E+00
3.369393E+03	3.655860E-18	0.000000E+00
3.409393E+03	3.578972E-18	0.000000E+00
3.449393E+03	3.503625E-18	0.000000E+00
3.489393E+03	3.429795E-18	0.000000E+00
3.529393E+03	3.357455E-18	0.000000E+00
3.569393E+03	3.286580E-18	0.000000E+00
3.609393E+03	3.217144E-18	0.000000E+00
3.649393E+03	3.149122E-18	0.000000E+00
3.689393E+03	3.082490E-18	0.000000E+00
3.729393E+03	3.017224E-18	0.000000E+00
3.769393E+03	2.953298E-18	0.000000E+00
3.809393E+03	2.890689E-18	0.000000E+00
3.849393E+03	2.829373E-18	0.000000E+00
3.889393E+03	2.769328E-18	0.000000E+00
3.929393E+03	2.710528E-18	0.000000E+00
3.969393E+03	2.652952E-18	0.000000E+00
4.009393E+03	2.596579E-18	0.000000E+00
4.049393E+03	2.541384E-18	0.000000E+00
4.089393E+03	2.487346E-18	0.000000E+00
4.129393E+03	2.434444E-18	0.000000E+00
4.169393E+03	2.382656E-18	0.000000E+00
4.209393E+03	2.331962E-18	0.000000E+00
4.249393E+03	2.282340E-18	0.000000E+00
4.289393E+03	2.233771E-18	0.000000E+00
4.329393E+03	2.186233E-18	0.000000E+00
4.369393E+03	2.139708E-18	0.000000E+00
4.409393E+03	2.094176E-18	0.000000E+00
4.449393E+03	2.049618E-18	0.000000E+00
4.489393E+03	2.006014E-18	0.000000E+00
4.529393E+03	1.963347E-18	0.000000E+00
4.569393E+03	1.921598E-18	0.000000E+00
4.609393E+03	1.880748E-18	0.000000E+00
4.649393E+03	1.840781E-18	0.000000E+00
4.689393E+03	1.801678E-18	0.000000E+00
4.729393E+03	1.763424E-18	0.000000E+00
4.769393E+03	1.726000E-18	0.000000E+00
4.809393E+03	1.689391E-18	0.000000E+00
4.849393E+03	1.653580E-18	0.000000E+00
4.889393E+03	1.618550E-18	0.000000E+00
4.929393E+03	1.584287E-18	0.000000E+00
4.969393E+03	1.550775E-18	0.000000E+00
5.009393E+03	1.517998E-18	0.000000E+00
5.049393E+03	1.485943E-18	0.000000E+00
5.089393E+03	1.454593E-18	0.000000E+00
5.129393E+03	1.423935E-18	0.000000E+00
5.169393E+03	1.393954E-18	0.000000E+00
5.209393E+03	1.364637E-18	0.000000E+00
5.249393E+03	1.335970E-18	0.000000E+00
5.289393E+03	1.307939E-18	0.000000E+00
5.329393E+03	1.280532E-18	0.000000E+00
5.369393E+03	1.253735E-18	0.000000E+00
5.409393E+03	1.227535E-18	0.000000E+00
5.449393E+03	1.201920E-18	0.000000E+00
5.489393E+03	1.176878E-18	0.000000E+00
5.529393E+03	1.152397E-18	0.000000E+00
5.569393E+03	1.128465E-18	0.000000E+00
5.609393E+03	1.105070E-18	0.000000E+00
5.649393E+03	1.082201E-18	0.000000E+00
5.689393E+03	1.059846E-18	0.000000E+00
5.729393E+03	1.037996E-18	0.000000E+00
5.769393E+03	1.016637E-18	0.000000E+00
5.809393E+03	9.957621E-19	0.000000E+00
5.849393E+03	9.753579E-19	0.000000E+00
5.889393E+03	9.554152E-19	0.000000E+00
5.929393E+03	9.359245E-19	0.000000E+00
5.969393E+03	9.168756E-19	0.000000E+00
6.009393E+03	8.982581E-19	0.000000E+00
6.049393E+03	8.800641E-19	0.000000E+00
6.089393E+03	8.622824E-19	0.000000E+00
6.129393E+03	8.449053E-19	0.000000E+00
6.169393E+03	8.279230E-19	0.000000E+00
6.209393E+03	8.113270E-19	0.000000E+00
6.249393E+03	7.951092E-19	0.000000E+00
6.289393E+03	7.792603E-19	0.000000E+00
6.329393E+03	7.637723E-19	0.000000E+00
6.369393E+03	7.486372E-19	0.000000E+00
6.409393E+03	7.338469E-19	0.000000E+00
6.449393E+03	7.193934E-19	0.000000E+00
6.489393E+03	7.052693E-19	0.000000E+00
6.529393E+03	6.914668E-19	0.000000E+00
6.569393E+03	6.779787E-19	0.000000E+00
6.609393E+03	6.647976E-19	0.000000E+00
6.649393E+03	6.519166E-19	0.000000E+00
6.689393E+03	6.393286E-19	0.000000E+00
6.729393E+03	6.270268E-19	0.000000E+00
6.769393E+03	6.150044E-19	0.000000E+00
6.809393E+03	6.032550E-19	0.000000E+00
6.849393E+03	5.917722E-19	0.000000E+00
6.889393E+03	5.805496E-19	0.000000E+00
6.929393E+03	5.695810E-19	0.000000E+00
6.969393E+03	5.588605E-19	0.000000E+00
7.009393E+03	5.483821E-19	0.000000E+00
7.049393E+03	5.381401E-19	0.000000E+00
7.089393E+03	5.281287E-19	0.000000E+00
7.129393E+03	5.183425E-19	0.000000E+00
7.169393E+03	5.087760E-19	0.000000E+00
7.209393E+03	4.994239E-19	0.000000E+00
7.249393E+03	4.902811E-19	0.000000E+00
7.289393E+03	4.813423E-19	0.000000E+00
7.329393E+03	4.726027E-19	0.000000E+00
7.369393E+03	4.640573E-19	0.000000E+00
7.409393E+03	4.557015E-19	0.000000E+00
7.449393E+03	4.475306E-19	0.000000E+00
7.489393E+03	4.395400E-19	0.000000E+00
7.529393E+03	4.317252E-19	0.000000E+00
7.569393E+03	4.240821E-19	0.000000E+00
7.609393E+03	4.166062E-19	0.000000E+00
7.649393E+03	4.092936E-19	0.000000E+00
7.689393E+03	4.021400E-19	0.000000E+00
7.729393E+03	3.951415E-19	0.000000E+00
7.769393E+03	3.882945E-19	0.000000E+00
7.809393E+03	3.815949E-19	0.000000E+00
7.849393E+03	3.750392E-19	0.000000E+00
7.889393E+03	3.686238E-19	0.000000E+00
7.929393E+03	3.623452E-19	0.000000E+00
7.969393E+03	3.562000E-19	0.000000E+00
8.009393E+03	3.501847E-19	0.000000E+00
8.049393E+03	3.442963E-19	0.000000E+00
8.089393E+03	3.385315E-19	0.000000E+00
8.129393E+03	3.328873E-19	0.000000E+00
8.169393E+03	3.273605E-19	0.000000E+00
8.209393E+03	3.219485E-19	0.000000E+00
8.249393E+03	3.166481E-19	0.000000E+00
8.289393E+03	3.114567E-19	0.000000E+00
8.329393E+03	3.063717E-19	0.000000E+00
8.369393E+03	3.013902E-19	0.000000E+00
8.409393E+03	2.965098E-19	0.000000E+00
8.449393E+03	2.917280E-19	0.000000E+00
8.489393E+03	2.870423E-19	0.000000E+00
8.529393E+03	2.824505E-19	0.000000E+00
8.569393E+03	2.779501E-19	0.000000E+00
8.609393E+03	2.735390E-19	0.000000E+00
8.649393E+03	2.692149E-19	0.000000E+00
8.689393E+03	2.649760E-19	0.000000E+00
8.729393E+03	2.608198E-19	0.000000E+00
8.769393E+03	2.567446E-19	0.000000E+00
8.809393E+03	2.527484E-19	0.000000E+00
8.849393E+03	2.488293E-19	0.000000E+00
8.889393E+03	2.449855E-19	0.000000E+00
8.929393E+03	2.412152E-19	0.000000E+00
8.969393E+03	2.375166E-19	0.000000E+00
9.009393E+03	2.338882E-19	0.000000E+00
9.049393E+03	2.303283E-19	0.000000E+00
9.089393E+03	2.268353E-19	0.000000E+00
9.129393E+03	2.234076E-19	0.000000E+00
9.169393E+03	2.200438E-19	0.000000E+00
9.209393E+03	2.167425E-19	0.000000E+00
9.249393E+03	2.135023E-19	0.000000E+00
9.289393E+03	2.103217E-19	0.000000E+00
9.329393E+03	2.071996E-19	0.000000E+00
9.369393E+03	2.041346E-19	0.000000E+00
9.409393E+03	2.011254E-19	0.000000E+00
9.449393E+03	1.981708E-19	0.000000E+00
9.489393E+03	1.952698E-19	0.000000E+00
9.529393E+03	1.924211E-19	0.000000E+00
9.569393E+03	1.896238E-19	0.000000E+00
9.609393E+03	1.868766E-19	0.000000E+00
9.649393E+03	1.841786E-19	0.000000E+00
9.689393E+03	1.815288E-19	0.000000E+00
9.729393E+03	1.789262E-19	0.000000E+00
9.769393E+03	1.763698E-19	0.000000E+00
9.809393E+03	1.738589E-19	0.000000E+00
9.849393E+03	1.713924E-19	0.000000E+00
9.889393E+03	1.689694E-19	0.000000E+00
9.929393E+03	1.665892E-19	0.000000E+00
9.969393E+03	1.642510E-19	0.000000E+00
1.000939E+04	1.619540E-19	0.000000E+00
1.004939E+04	1.596973E-19	0.000000E+00
1.008939E+04	1.574803E-19	0.000000E+00
1.012939E+04	1.553022E-19	0.000000E+00
1.016939E+04	1.531623E-19	0.000000E+00
1.020939E+04	1.510599E-19	0.000000E+00
1.024939E+04	1.489944E-19	0.000000E+00
1.028939E+04	1.469650E-19	0.000000E+00
1.032939E+04	1.449713E-19	0.000000E+00
1.036939E+04	1.430125E-19	0.000000E+00
1.040939E+04	1.410881E-19	0.000000E+00
1.044939E+04	1.391974E-19	0.000000E+00
1.048939E+04	1.373399E-19	0.000000E+00
1.052939E+04	1.355151E-19	0.000000E+00
1.056939E+04	1.337225E-19	0.000000E+00
1.060939E+04	1.319613E-19	0.000000E+00
1.064939E+04	1.302312E-19	0.000000E+00
1.068939E+04	1.285316E-19	0.000000E+00
1.072939E+04	1.268622E-19	0.000000E+00
1.076939E+04	1.252222E-19	0.000000E+00
1.080939E+04	1.236114E-19	0.000000E+00
1.084939E+04	1.220292E-19	0.000000E+00
1.088939E+04	1.204752E-19	0.000000E+00
1.092939E+04	1.189489E-19	0.000000E+00
1.096939E+04	1.174500E-19	0.000000E+00
1.100939E+04	1.159779E-19	0.000000E+00
1.104939E+04	1.145324E-19	0.000000E+00
1.108939E+04	1.131129E-19	0.000000E+00
1.112939E+04	1.117191E-19	0.000000E+00
1.116939E+04	1.103506E-19	0.000000E+00
1.120939E+04	1.090070E-19	0.000000E+00
1.124939E+04	1.076879E-19	0.000000E+00
1.128939E+04	1.063931E-19	0.000000E+00
1.132939E+04	1.051220E-19	0.000000E+00
1.136939E+04	1.038743E-19	0.000000E+00
1.140939E+04	1.026499E-19	0.000000E+00
1.144939E+04	1.014482E-19	0.000000E+00
1.148939E+04	1.002689E-19	0.000000E+00
1.152939E+04	9.911180E-20	0.000000E+00
1.156939E+04	9.797656E-20	0.000000E+00
1.160939E+04	9.686281E-20	0.000000E+00
1.164939E+04	9.577023E-20	0.000000E+00
1.168939E+04	9.469851E-20	0.000000E+00
1.172939E+04	9.364749E-20	0.000000E+00
1.176939E+04	9.261677E-20	0.000000E+00
1.180939E+04	9.160611E-20	0.000000E+00
1.184939E+04	9.061521E-20	0.000000E+00
1.188939E+04	8.964389E-20	0.000000E+00
1.192939E+04	8.869176E-20	0.000000E+00
1.196939E+04	8.775866E-20	0.000000E+00
1.200939E+04	8.684428E-20	0.000000E+00
1.204939E+04	8.594838E-20	0.000000E+00
1.208939E+04	8.507080E-20	0.000000E+00
1.212939E+04	8.421122E-20	0.000000E+00
1.216939E+04	8.336948E-20	0.000000E+00
1.220939E+04	8.254535E-20	0.000000E+00
1.224939E+04	8.173858E-20	0.000000E+00
1.228939E+04	8.094903E-20	0.000000E+00
1.232939E+04	8.017637E-20	0.000000E+00
1.236939E+04	7.942052E-20	0.000000E+00
1.240939E+04	7.868127E-20	0.000000E+00
1.244939E+04	7.795840E-20	0.000000E+00
1.248939E+04	7.725175E-20	0.000000E+00
1.252939E+04	7.656116E-20	0.000000E+00
1.256939E+04	7.588643E-20	0.000000E+00
1.260939E+04	7.522743E-20	0.000000E+00
1.264939E+04	7.458399E-20	0.000000E+00
1.268939E+04	7.395597E-20	0.000000E+00
1.272939E+04	7.334323E-20	0.000000E+00
1.276939E+04	7.274561E-20	0.000000E+00
1.280939E+04	7.216301E-20	0.000000E+00
1.284939E+04	7.159529E-20	0.000000E+00
1.288939E+04	7.104233E-20	0.000000E+00
1.292939E+04	7.050402E-20	0.000000E+00
1.296939E+04	6.998026E-20	0.000000E+00
1.300939E+04	6.947094E-20	0.000000E+00
1.304939E+04	6.897598E-20	0.000000E+00
1.308939E+04	6.849529E-20	0.000000E+00
1.312939E+04	6.802879E-20	0.000000E+00
1.316939E+04	6.757640E-20	0.000000E+00
1.320939E+04	6.713806E-20	0.000000E+00
1.324939E+04	6.671370E-20	0.000000E+00
1.328939E+04	6.630329E-20	0.000000E+00
1.332939E+04	6.590677E-20	0.000000E+00
1.336939E+04	6.552409E-20	0.000000E+00
1.340939E+04	6.515524E-20	0.000000E+00
1.344939E+04	6.480018E-20	0.000000E+00
1.348939E+04	6.445889E-20	0.000000E+00
1.352939E+04	6.413137E-20	0.000000E+00
1.356939E+04	6.381761E-20	0.000000E+00
1.360939E+04	6.351763E-20	0.000000E+00
1.364939E+04	6.323142E-20	0.000000E+00
1.368939E+04	6.295901E-20	0.000000E+00
1.372939E+04	6.270044E-20	0.000000E+00
1.376939E+04	6.245573E-20	0.000000E+00
1.380939E+04	6.222494E-20	0.000000E+00
1.384939E+04	6.200811E-20	0.000000E+00
1.388939E+04	6.180530E-20	0.000000E+00
1.392939E+04	6.161659E-20	0.000000E+00
1.396939E+04	6.144205E-20	0.000000E+00
1.400939E+04	6.128178E-20	0.000000E+00
1.404939E+04	6.113587E-20	0.000000E+00
1.408939E+04	6.100443E-20	0.000000E+00
1.412939E+04	6.088758E-20	0.000000E+00
1.416939E+04	6.078545E-20	0.000000E+00
1.420939E+04	6.069816E-20	0.000000E+00
1.424939E+04	6.062587E-20	0.000000E+00
1.428939E+04	6.056874E-20	0.000000E+00
1.432939E+04	6.052694E-20	0.000000E+00
1.436939E+04	6.050066E-20	0.000000E+00
1.440939E+04	6.049007E-20	0.000000E+00
1.444939E+04	6.049539E-20	0.000000E+00
1.448939E+04	6.051684E-20	0.000000E+00
1.452939E+04	6.055465E-20	0.000000E+00
1.456939E+04	6.060906E-20	0.000000E+00
1.460939E+04	6.068033E-20	0.000000E+00
1.464939E+04	6.076873E-20	0.000000E+00
1.468939E+04	6.087455E-20	0.000000E+00
1.472939E+04	6.099809E-20	0.000000E+00
1.476939E+04	6.113967E-20	0.000000E+00
1.480939E+04	6.129962E-20	0.000000E+00
1.484939E+04	6.147829E-20	0.000000E+00
1.488939E+04	6.167604E-20	0.000000E+00
1.492939E+04	6.189327E-20	0.000000E+00
1.496939E+04	6.213039E-20	0.000000E+00
1.500939E+04	6.238781E-20	0.000000E+00
1.504939E+04	6.266597E-20	0.000000E+00
1.508939E+04	6.296534E-20	0.000000E+00
1.512939E+04	6.328641E-20	0.000000E+00
1.516939E+04	6.362968E-20	0.000000E+00
1.520939E+04	6.399570E-20	0.000000E+00
1.524939E+04	6.438501E-20	0.000000E+00
1.528939E+04	6.479819E-20	0.000000E+00
1.532939E+04	6.523586E-20	0.000000E+00
1.536939E+04	6.569864E-20	0.000000E+00
1.540939E+04	6.618719E-20	0.000000E+00
1.544939E+04	6.670223E-20	0.000000E+00
1.548939E+04	6.724445E-20	0.000000E+00
1.552939E+04	6.781462E-20	0.000000E+00
1.556939E+04	6.841352E-20	0.000000E+00
1.560939E+04	6.904197E-20	0.000000E+00
1.564939E+04	6.970084E-20	0.000000E+00
1.568939E+04	7.039100E-20	0.000000E+00
1.572939E+04	7.111340E-20	0.000000E+00
1.576939E+04	7.186901E-20	0.000000E+00
1.580939E+04	7.265883E-20	0.000000E+00
1.584939E+04	7.348392E-20	0.000000E+00
1.588939E+04	7.434539E-20	0.000000E+00
1.592939E+04	7.524438E-20	0.000000E+00
1.596939E+04	7.618208E-20	0.000000E+00
1.600939E+04	7.715974E-20	0.000000E+00
1.604939E+04	7.817865E-20	0.000000E+00
1.608939E+04	7.924017E-20	0.000000E+00
1.612939E+04	8.034568E-20	0.000000E+00
1.616939E+04	8.149671E-20	0.000000E+00
1.620939E+04	8.269468E-20	0.000000E+00
1.624939E+04	8.394134E-20	0.000000E+00
1.628939E+04	8.523813E-20	0.000000E+00
1.632939E+04	8.658694E-20	0.000000E+00
1.636939E+04	8.798944E-20	0.000000E+00
1.640939E+04	8.944761E-20	0.000000E+00
1.644939E+04	9.096327E-20	0.000000E+00
1.648939E+04	9.253850E-20	0.000000E+00
1.652939E+04	9.417542E-20	0.000000E+00
1.656939E+04	9.587610E-20	0.000000E+00
1.660939E+04	9.764285E-20	0.000000E+00
1.664939E+04	9.947803E-20	0.000000E+00
1.668939E+04	1.013840E-19	0.000000E+00
1.672939E+04	1.033634E-19	0.000000E+00
1.676939E+04	1.054188E-19	0.000000E+00
1.680939E+04	1.075529E-19	0.000000E+00
1.684939E+04	1.097685E-19	0.000000E+00
1.688939E+04	1.120686E-19	0.000000E+00
1.692939E+04	1.144562E-19	0.000000E+00
1.696939E+04	1.169344E-19	0.000000E+00
1.700939E+04	1.195066E-19	0.000000E+00
1.704939E+04	1.221760E-19	0.000000E+00
1.708939E+04	1.249461E-19	0.000000E+00
1.712939E+04	1.278206E-19	0.000000E+00
1.716939E+04	1.308031E-19	0.000000E+00
1.720939E+04	1.338976E-19	0.000000E+00
1.724939E+04	1.371079E-19	0.000000E+00
1.728939E+04	1.404382E-19	0.000000E+00
1.732939E+04	1.438928E-19	0.000000E+00
1.736939E+04	1.474759E-19	0.000000E+00
1.740939E+04	1.511921E-19	0.000000E+00
1.744939E+04	1.550459E-19	0.000000E+00
1.748939E+04	1.590422E-19	0.000000E+00
1.752939E+04	1.631857E-19	0.000000E+00
1.756939E+04	1.674816E-19	0.000000E+00
1.760939E+04	1.719349E-19	0.000000E+00
1.764939E+04	1.765508E-19	0.000000E+00
1.768939E+04	1.813349E-19	0.000000E+00
1.772939E+04	1.862925E-19	0.000000E+00
1.776939E+04	1.914293E-19	0.000000E+00
1.780939E+04	1.967510E-19	0.000000E+00
1.784939E+04	2.022635E-19	0.000000E+00
1.788939E+04	2.079727E-19	0.000000E+00
1.792939E+04	2.138846E-19	0.000000E+00
1.796939E+04	2.200053E-19	0.000000E+00
1.800939E+04	2.263410E-19	0.000000E+00
1.804939E+04	2.328979E-19	0.000000E+00
1.808939E+04	2.396824E-19	0.000000E+00
1.812939E+04	2.467008E-19	0.000000E+00
1.816939E+04	2.539595E-19	0.000000E+00
1.820939E+04	2.614648E-19	0.000000E+00
1.824939E+04	2.692230E-19	0.000000E+00
1.828939E+04	2.772405E-19	0.000000E+00
1.832939E+04	2.855236E-19	0.000000E+00
1.836939E+04	2.940785E-19	0.000000E+00
1.840939E+04	3.029112E-19	0.000000E+00
1.844939E+04	3.120278E-19	0.000000E+00
1.848939E+04	3.214341E-19	0.000000E+00
1.852939E+04	3.311357E-19	0.000000E+00
1.856939E+04	3.411381E-19	0.000000E+00
1.860939E+04	3.514465E-19	0.000000E+00
1.864939E+04	3.620658E-19	0.000000E+00
1.868939E+04	3.730006E-19	0.000000E+00
1.872939E+04	3.842552E-19	0.000000E+00
1.876939E+04	3.958334E-19	0.000000E+00
1.880939E+04	4.077386E-19	0.000000E+00
1.884939E+04	4.199740E-19	0.000000E+00
1.888939E+04	4.325418E-19	0.000000E+00
1.892939E+04	4.454440E-19	0.000000E+00
1.896939E+04	4.586818E-19	0.000000E+00
1.900939E+04	4.722560E-19	0.000000E+00
1.904939E+04	4.861664E-19	0.000000E+00
1.908939E+04	5.004123E-19	0.000000E+00
1.912939E+04	5.149921E-19	0.000000E+00
1.916939E+04	5.299034E-19	0.000000E+00
1.920939E+04	5.451428E-19	0.000000E+00
1.924939E+04	5.607065E-19	0.000000E+00
1.928939E+04	5.765890E-19	0.000000E+00
1.932939E+04	5.927844E-19	0.000000E+00
1.936939E+04	6.092856E-19	0.000000E+00
1.940939E+04	6.260843E-19	0.000000E+00
1.944939E+04	6.431715E-19	0.000000E+00
1.948939E+04	6.605367E-19	0.000000E+00
1.952939E+04	6.781685E-19	0.000000E+00
1.956939E+04	6.960544E-19	0.000000E+00
1.960939E+04	7.141809E-19	0.000000E+00
1.964939E+04	7.325330E-19	0.000000E+00
1.968939E+04	7.510948E-19	0.000000E+00
1.972939E+04	7.698495E-19	0.000000E+00
1.976939E+04	7.887791E-19	0.000000E+00
1.980939E+04	8.078646E-19	0.000000E+00
1.984939E+04	8.270856E-19	0.000000E+00
1.988939E+04	8.464208E-19	0.000000E+00
1.992939E+04	8.658496E-19	0.000000E+00
1.996939E+04	8.853481E-19	0.000000E+00
2.000939E+04	9.048935E-19	0.000000E+00
2.004939E+04	9.244611E-19	0.000000E+00
2.008939E+04	9.440271E-19	0.000000E+00
2.012939E+04	9.635661E-19	0.000000E+00
2.016939E+04	9.830528E-19	0.000000E+00
2.020939E+04	1.002462E-18	0.000000E+00
2.024939E+04	1.021766E-18	0.000000E+00
2.028939E+04	1.040941E-18	0.000000E+00
2.032939E+04	1.059961E-18	0.000000E+00
2.036939E+04	1.078802E-18	0.000000E+00
2.040939E+04	1.097437E-18	0.000000E+00
2.044939E+04	1.115842E-18	0.000000E+00
2.048939E+04	1.133994E-18	0.000000E+00
2.052939E+04	1.151872E-18	0.000000E+00
2.056939E+04	1.169453E-18	0.000000E+00
2.060939E+04	1.186716E-18	0.000000E+00
2.064939E+04	1.203642E-18	0.000000E+00
2.068939E+04	1.220214E-18	0.000000E+00
2.072939E+04	1.236416E-18	0.000000E+00
2.076939E+04	1.252232E-18	0.000000E+00
2.080939E+04	1.267650E-18	0.000000E+00
2.084939E+04	1.282659E-18	0.000000E+00
2.088939E+04	1.297250E-18	0.000000E+00
2.092939E+04	1.311415E-18	0.000000E+00
2.096939E+04	1.325150E-18	0.000000E+00
2.100939E+04	1.338451E-18	0.000000E+00
2.104939E+04	1.351318E-18	0.000000E+00
2.108939E+04	1.363750E-18	0.000000E+00
2.112939E+04	1.375754E-18	0.000000E+00
2.116939E+04	1.387333E-18	0.000000E+00
2.120939E+04	1.398495E-18	0.000000E+00
2.124939E+04	1.409250E-18	0.000000E+00
2.128939E+04	1.419609E-18	0.000000E+00
2.132939E+04	1.429587E-18	0.000000E+00
2.136939E+04	1.439200E-18	0.000000E+00
2.140939E+04	1.448463E-18	0.000000E+00
2.144939E+04	1.457397E-18	0.000000E+00
2.148939E+04	1.466021E-18	0.000000E+00
2.152939E+04	1.474353E-18	0.000000E+00
2.156939E+04	1.482406E-18	0.000000E+00
2.160939E+04	1.490190E-18	0.000000E+00
2.164939E+04	1.497720E-18	0.000000E+00
2.168939E+04	1.505007E-18	0.000000E+00
2.172939E+04	1.512067E-18	0.000000E+00
2.176939E+04	1.518915E-18	0.000000E+00
2.180939E+04	1.525566E-18	0.000000E+00
2.184939E+04	1.532037E-18	0.000000E+00
2.188939E+04	1.538345E-18	0.000000E+00
2.192939E+04	1.544508E-18	0.000000E+00
2.196939E+04	1.550545E-18	0.000000E+00
2.200939E+04	1.556474E-18	0.000000E+00
2.204939E+04	1.562315E-18	0.000000E+00
2.208939E+04	1.568087E-18	0.000000E+00
2.212939E+04	1.573809E-18	0.000000E+00
2.216939E+04	1.579501E-18	0.000000E+00
2.220939E+04	1.585184E-18	0.000000E+00
2.224939E+04	1.590877E-18	0.000000E+00
2.228939E+04	1.596600E-18	0.000000E+00
2.232939E+04	1.602373E-18	0.000000E+00
2.236939E+04	1.608216E-18	0.000000E+00
2.240939E+04	1.614147E-18	0.000000E+00
2.244939E+04	1.620188E-18	0.000000E+00
2.248939E+04	1.626355E-18	0.000000E+00
2.252939E+04	1.632670E-18	0.000000E+00
2.256939E+04	1.639150E-18	0.000000E+00
2.260939E+04	1.645813E-18	0.000000E+00
2.264939E+04	1.652679E-18	0.000000E+00
2.268939E+04	1.659763E-18	0.000000E+00
2.272939E+04	1.667084E-18	0.000000E+00
2.276939E+04	1.674660E-18	0.000000E+00
2.280939E+04	1.682506E-18	0.000000E+00
2.284939E+04	1.690638E-18	0.000000E+00
2.288939E+04	1.699075E-18	0.000000E+00
2.292939E+04	1.707829E-18	0.000000E+00
2.296939E+04	1.716918E-18	0.000000E+00
2.300939E+04	1.726355E-18	0.000000E+00
2.304939E+04	1.736156E-18	0.000000E+00
2.308939E+04	1.746336E-18	0.000000E+00
2.312939E+04	1.756906E-18	0.000000E+00
2.316939E+04	1.767883E-18	0.000000E+00
2.320939E+04	1.779279E-18	0.000000E+00
2.324939E+04	1.791108E-18	0.000000E+00
2.328939E+04	1.803381E-18	0.000000E+00
2.332939E+04	1.816112E-18	0.000000E+00
2.336939E+04	1.829313E-18	0.000000E+00
2.340939E+04	1.842997E-18	0.000000E+00
2.344939E+04	1.857176E-18	0.000000E+00
2.348939E+04	1.871860E-18	0.000000E+00
2.352939E+04	1.887062E-18	0.000000E+00
2.356939E+04	1.902793E-18	0.000000E+00
2.360939E+04	1.919064E-18	0.000000E+00
2.364939E+04	1.935886E-18	0.000000E+00
2.368939E+04	1.953270E-18	0.000000E+00
2.372939E+04	1.971226E-18	0.000000E+00
2.376939E+04	1.989767E-18	0.000000E+00
2.380939E+04	2.008900E-18	0.000000E+00
2.384939E+04	2.028638E-18	0.000000E+00
2.388939E+04	2.048990E-18	0.000000E+00
2.392939E+04	2.069966E-18	0.000000E+00
2.396939E+04	2.091577E-18	0.000000E+00
2.400939E+04	2.113832E-18	0.000000E+00
2.404939E+04	2.136741E-18	0.000000E+00
2.408939E+04	2.160314E-18	0.000000E+00
2.412939E+04	2.184561E-18	0.000000E+00
2.416939E+04	2.209491E-18	0.000000E+00
2.420939E+04	2.235113E-18	0.000000E+00
2.424939E+04	2.261438E-18	0.000000E+00
2.428939E+04	2.288474E-18	0.000000E+00
2.432939E+04	2.316231E-18	0.000000E+00
2.436939E+04	2.344718E-18	0.000000E+00
2.440939E+04	2.373944E-18	0.000000E+00
2.444939E+04	2.403917E-18	0.000000E+00
2.448939E+04	2.434649E-18	0.000000E+00
