#wls	flux	fluxerr
3.257341E+03	1.545616E-04	1.835794E-05
3.332545E+03	1.344288E-04	1.576219E-05
3.409486E+03	1.170047E-04	1.353491E-05
3.488202E+03	1.025662E-04	1.169769E-05
3.568737E+03	9.117209E-05	1.024486E-05
3.651131E+03	8.276015E-05	9.156050E-06
3.735426E+03	7.715297E-05	8.397861E-06
3.821669E+03	7.405109E-05	7.924217E-06
3.909902E+03	7.309825E-05	7.684516E-06
4.000172E+03	7.398018E-05	7.634576E-06
4.092527E+03	7.653247E-05	7.747380E-06
4.187014E+03	8.100623E-05	8.038154E-06
4.283682E+03	8.798913E-05	8.552677E-06
4.382582E+03	9.744109E-05	9.271935E-06
4.483766E+03	1.087043E-04	1.011921E-05
4.587285E+03	1.208718E-04	1.100043E-05
4.693195E+03	1.332488E-04	1.184808E-05
4.801549E+03	1.457569E-04	1.265432E-05
4.912406E+03	1.583636E-04	1.341638E-05
5.025822E+03	1.701545E-04	1.405929E-05
5.141856E+03	1.794974E-04	1.445741E-05
5.260569E+03	1.847019E-04	1.449429E-05
5.382023E+03	1.855614E-04	1.418114E-05
5.506281E+03	1.856162E-04	1.380988E-05
5.633408E+03	1.899299E-04	1.375357E-05
5.763470E+03	2.017444E-04	1.421415E-05
5.896535E+03	2.221323E-04	1.521971E-05
6.032673E+03	2.492192E-04	1.659481E-05
6.171952E+03	2.767809E-04	1.789868E-05
6.314448E+03	2.947055E-04	1.849675E-05
6.460234E+03	2.973815E-04	1.810847E-05
6.609386E+03	2.938942E-04	1.736149E-05
6.761980E+03	2.959846E-04	1.695919E-05
6.918099E+03	3.063997E-04	1.701856E-05
7.077821E+03	3.213080E-04	1.728937E-05
7.241231E+03	3.366331E-04	1.754477E-05
7.408414E+03	3.520029E-04	1.778648E-05
7.579457E+03	3.734198E-04	1.834985E-05
7.754448E+03	4.061562E-04	1.952373E-05
7.933481E+03	4.316265E-04	2.043429E-05
8.116646E+03	4.412953E-04	2.067918E-05
8.304040E+03	4.470349E-04	2.076804E-05
8.495761E+03	4.618012E-04	2.123478E-05
8.691908E+03	4.880799E-04	2.213161E-05
8.892583E+03	5.232680E-04	2.330393E-05
9.097892E+03	5.666244E-04	2.473227E-05
9.307941E+03	6.218587E-04	2.665058E-05
9.522839E+03	6.905426E-04	2.917465E-05
9.742699E+03	7.750478E-04	3.249372E-05
9.967638E+03	8.712476E-04	3.665391E-05
1.019776E+04	9.317095E-04	3.990801E-05
1.043321E+04	9.405358E-04	4.148001E-05
1.067409E+04	9.418208E-04	4.273694E-05
1.092052E+04	9.280920E-04	4.287286E-05
1.117265E+04	8.789286E-04	4.065313E-05
1.143060E+04	8.071437E-04	3.669539E-05
1.169451E+04	7.365285E-04	3.242953E-05
1.196451E+04	6.797303E-04	2.894402E-05
1.224074E+04	6.276010E-04	2.653298E-05
1.252335E+04	5.678238E-04	2.522318E-05
1.281249E+04	5.138638E-04	2.502611E-05
1.310829E+04	4.903000E-04	2.639326E-05
1.341094E+04	4.991648E-04	2.931687E-05
1.372056E+04	5.216674E-04	3.268678E-05
1.403733E+04	5.390464E-04	3.510776E-05
1.436142E+04	5.458503E-04	3.595770E-05
1.469299E+04	5.524755E-04	3.581813E-05
1.503222E+04	5.705840E-04	3.550081E-05
1.537928E+04	5.851384E-04	3.434942E-05
1.573435E+04	5.661309E-04	3.153202E-05
1.609762E+04	5.110792E-04	2.837370E-05
1.646927E+04	4.537128E-04	2.703555E-05
1.684951E+04	4.112353E-04	2.720471E-05
1.723852E+04	3.817449E-04	2.792000E-05
1.763653E+04	3.649106E-04	2.885742E-05
1.804371E+04	3.639686E-04	3.022215E-05
1.846029E+04	3.792924E-04	3.200066E-05
1.888650E+04	4.079887E-04	3.371957E-05
1.932255E+04	4.429204E-04	3.437046E-05
1.976866E+04	4.747512E-04	3.285090E-05
2.022507E+04	4.865025E-04	2.822040E-05
2.069202E+04	4.653439E-04	2.160891E-05
2.116975E+04	4.210932E-04	1.765733E-05
2.165851E+04	3.748613E-04	1.936685E-05
2.215855E+04	3.302318E-04	2.256905E-05
2.267014E+04	2.895002E-04	2.486473E-05
2.319354E+04	2.560000E-04	2.615256E-05
2.372903E+04	2.289859E-04	2.667146E-05
2.427687E+04	2.060051E-04	2.651209E-05
