#wls	flux	fluxerr
3.289393E+03	4.840198E-18	6.960338E-19
3.365337E+03	4.255961E-18	6.057391E-19
3.443035E+03	3.714874E-18	5.229886E-19
3.522526E+03	3.236320E-18	4.503813E-19
3.603853E+03	2.836386E-18	3.899196E-19
3.687058E+03	2.520743E-18	3.420562E-19
3.772183E+03	2.284076E-18	3.056980E-19
3.859274E+03	2.114592E-18	2.789011E-19
3.948375E+03	2.000657E-18	2.597993E-19
4.039534E+03	1.932615E-18	2.468439E-19
4.132797E+03	1.902550E-18	2.387603E-19
4.228214E+03	1.907095E-18	2.348816E-19
4.325833E+03	1.945078E-18	2.348165E-19
4.425707E+03	2.012166E-18	2.377901E-19
4.527886E+03	2.098840E-18	2.424530E-19
4.632424E+03	2.195068E-18	2.474853E-19
4.739376E+03	2.295934E-18	2.522326E-19
4.848796E+03	2.399268E-18	2.563887E-19
4.960744E+03	2.502649E-18	2.596490E-19
5.075276E+03	2.602422E-18	2.616201E-19
5.192452E+03	2.692764E-18	2.617540E-19
5.312333E+03	2.775597E-18	2.603211E-19
5.434982E+03	2.875297E-18	2.596103E-19
5.560463E+03	3.044609E-18	2.640424E-19
5.688841E+03	3.327008E-18	2.765142E-19
5.820183E+03	3.731766E-18	2.965144E-19
5.954557E+03	4.256347E-18	3.224459E-19
6.092034E+03	4.871052E-18	3.507736E-19
6.232684E+03	5.482536E-18	3.740748E-19
6.376582E+03	5.909190E-18	3.807142E-19
6.523803E+03	6.043724E-18	3.664353E-19
6.674422E+03	6.157197E-18	3.501826E-19
6.828518E+03	6.524645E-18	3.468527E-19
6.986173E+03	7.219685E-18	3.570811E-19
7.147467E+03	8.183505E-18	3.743732E-19
7.312485E+03	9.316712E-18	3.916197E-19
7.481313E+03	1.055376E-17	4.051179E-19
7.654039E+03	1.183854E-17	4.137873E-19
7.830752E+03	1.298699E-17	4.153993E-19
8.011546E+03	1.351388E-17	4.022060E-19
8.196514E+03	1.360384E-17	3.828478E-19
8.385752E+03	1.354411E-17	3.618262E-19
8.579359E+03	1.354380E-17	3.408138E-19
8.777436E+03	1.354979E-17	3.181186E-19
8.980086E+03	1.328106E-17	2.935305E-19
9.187415E+03	1.254650E-17	2.745606E-19
9.399531E+03	1.228043E-17	2.825292E-19
9.616544E+03	1.274979E-17	3.168463E-19
9.838567E+03	1.386455E-17	3.757864E-19
1.006572E+04	1.573341E-17	4.712115E-19
1.029811E+04	1.736120E-17	5.802972E-19
1.053587E+04	1.776273E-17	6.607184E-19
1.077912E+04	1.754914E-17	7.131066E-19
1.102798E+04	1.699072E-17	7.346218E-19
1.128259E+04	1.610612E-17	7.199923E-19
1.154308E+04	1.501914E-17	6.753158E-19
1.180958E+04	1.389021E-17	6.147380E-19
1.208224E+04	1.286142E-17	5.566049E-19
1.236119E+04	1.197595E-17	5.186708E-19
1.264658E+04	1.123173E-17	5.138281E-19
1.293856E+04	1.074859E-17	5.414525E-19
1.323728E+04	1.073498E-17	5.990047E-19
1.354290E+04	1.121997E-17	6.825813E-19
1.385557E+04	1.198402E-17	7.747907E-19
1.417546E+04	1.276226E-17	8.511737E-19
1.450274E+04	1.345570E-17	8.965076E-19
1.483757E+04	1.414408E-17	9.096840E-19
1.518014E+04	1.492807E-17	8.943149E-19
1.553061E+04	1.556365E-17	8.414318E-19
1.588918E+04	1.539744E-17	7.466034E-19
1.625602E+04	1.395087E-17	6.505266E-19
1.663133E+04	1.207184E-17	6.200180E-19
1.701531E+04	1.081707E-17	6.504960E-19
1.740815E+04	1.008661E-17	7.018412E-19
1.781007E+04	9.796840E-18	7.606100E-19
1.822126E+04	9.975936E-18	8.292944E-19
1.864194E+04	1.066710E-17	9.100934E-19
1.907234E+04	1.186747E-17	9.931059E-19
1.951268E+04	1.352989E-17	1.052995E-18
1.996318E+04	1.542571E-17	1.040728E-18
2.042408E+04	1.698596E-17	8.929794E-19
2.089563E+04	1.746459E-17	5.977208E-19
2.137806E+04	1.641335E-17	3.601080E-19
2.187163E+04	1.429907E-17	5.287265E-19
2.237659E+04	1.210344E-17	7.310807E-19
2.289321E+04	1.021560E-17	8.469913E-19
2.342176E+04	8.701570E-18	8.966146E-19
2.396252E+04	7.475769E-18	9.008669E-19
2.451575E+04	6.439396E-18	8.715418E-19
