#wls	flux	fluxerr
3.289393E+03	7.883521E-18	2.234221E-19
3.365337E+03	6.906351E-18	1.957173E-19
3.443035E+03	5.989737E-18	1.697312E-19
3.522526E+03	5.165313E-18	1.463600E-19
3.603853E+03	4.456383E-18	1.262637E-19
3.687058E+03	3.870881E-18	1.096666E-19
3.772183E+03	3.401308E-18	9.635566E-20
3.859274E+03	3.031716E-18	8.587851E-20
3.948375E+03	2.743566E-18	7.770950E-20
4.039534E+03	2.518605E-18	7.133116E-20
4.132797E+03	2.341260E-18	6.630206E-20
4.228214E+03	2.200451E-18	6.230812E-20
4.325833E+03	2.088381E-18	5.912834E-20
4.425707E+03	1.998729E-18	5.658351E-20
4.527886E+03	1.925107E-18	5.449264E-20
4.632424E+03	1.862132E-18	5.270325E-20
4.739376E+03	1.806873E-18	5.113223E-20
4.848796E+03	1.758214E-18	4.974800E-20
4.960744E+03	1.716356E-18	4.855610E-20
5.075276E+03	1.683229E-18	4.761110E-20
5.192452E+03	1.662668E-18	4.702130E-20
5.312333E+03	1.662038E-18	4.699478E-20
5.434982E+03	1.692408E-18	4.784408E-20
5.560463E+03	1.764498E-18	4.987164E-20
5.688841E+03	1.878432E-18	5.308010E-20
5.820183E+03	2.019743E-18	5.705986E-20
5.954557E+03	2.165923E-18	6.117440E-20
6.092034E+03	2.288840E-18	6.462910E-20
6.232684E+03	2.359618E-18	6.660916E-20
6.376582E+03	2.366054E-18	6.677133E-20
6.523803E+03	2.333907E-18	6.584386E-20
6.674422E+03	2.315336E-18	6.529885E-20
6.828518E+03	2.343662E-18	6.607542E-20
6.986173E+03	2.425419E-18	6.835636E-20
7.147467E+03	2.549804E-18	7.183571E-20
7.312485E+03	2.696730E-18	7.594641E-20
7.481313E+03	2.843647E-18	8.005299E-20
7.654039E+03	2.969376E-18	8.355958E-20
7.830752E+03	3.060226E-18	8.608205E-20
8.011546E+03	3.118790E-18	8.769486E-20
8.196514E+03	3.148792E-18	8.850437E-20
8.385752E+03	3.142469E-18	8.829409E-20
8.579359E+03	3.098127E-18	8.701842E-20
8.777436E+03	3.013588E-18	8.461818E-20
8.980086E+03	2.894141E-18	8.124367E-20
9.187415E+03	2.791433E-18	7.834570E-20
9.399531E+03	2.778416E-18	7.797028E-20
9.616544E+03	2.855297E-18	8.012099E-20
9.838567E+03	2.994980E-18	8.403592E-20
1.006572E+04	3.175265E-18	8.909071E-20
1.029811E+04	3.332086E-18	9.348617E-20
1.053587E+04	3.405652E-18	9.554310E-20
1.077912E+04	3.400435E-18	9.538531E-20
1.102798E+04	3.345600E-18	9.382968E-20
1.128259E+04	3.260011E-18	9.140411E-20
1.154308E+04	3.152096E-18	8.834420E-20
1.180958E+04	3.032397E-18	8.494488E-20
1.208224E+04	2.915931E-18	8.162638E-20
1.236119E+04	2.824216E-18	7.898985E-20
1.264658E+04	2.787281E-18	7.787173E-20
1.293856E+04	2.818585E-18	7.864094E-20
1.323728E+04	2.908393E-18	8.101561E-20
1.354290E+04	3.039186E-18	8.449618E-20
1.385557E+04	3.177021E-18	8.812870E-20
1.417546E+04	3.289409E-18	9.100685E-20
1.450274E+04	3.370851E-18	9.297937E-20
1.483757E+04	3.438682E-18	9.452712E-20
1.518014E+04	3.507114E-18	9.604143E-20
1.553061E+04	3.565309E-18	9.722704E-20
1.588918E+04	3.580756E-18	9.720844E-20
1.625602E+04	3.543057E-18	9.572843E-20
1.663133E+04	3.511244E-18	9.440218E-20
1.701531E+04	3.537337E-18	9.460045E-20
1.740815E+04	3.631673E-18	9.654171E-20
1.781007E+04	3.800015E-18	1.003093E-19
1.822126E+04	4.050755E-18	1.060409E-19
1.864194E+04	4.384058E-18	1.136424E-19
1.907234E+04	4.786313E-18	1.226621E-19
1.951268E+04	5.229711E-18	1.323214E-19
1.996318E+04	5.656489E-18	1.411863E-19
2.042408E+04	5.965130E-18	1.469366E-19
2.089563E+04	6.056063E-18	1.475851E-19
2.137806E+04	5.933864E-18	1.438757E-19
2.187163E+04	5.742049E-18	1.397817E-19
2.237659E+04	5.569398E-18	1.372006E-19
2.289321E+04	5.409660E-18	1.354809E-19
2.342176E+04	5.250148E-18	1.339165E-19
2.396252E+04	5.073352E-18	1.317813E-19
2.451575E+04	4.862157E-18	1.284393E-19
