#wls	flux	fluxerr
3.289393E+03	4.409860E-18	0.000000E+00
3.365337E+03	3.824575E-18	0.000000E+00
3.443035E+03	3.285886E-18	0.000000E+00
3.522526E+03	2.802370E-18	0.000000E+00
3.603853E+03	2.378373E-18	0.000000E+00
3.687058E+03	2.013931E-18	0.000000E+00
3.772183E+03	1.705514E-18	0.000000E+00
3.859274E+03	1.447255E-18	0.000000E+00
3.948375E+03	1.232243E-18	0.000000E+00
4.039534E+03	1.053555E-18	0.000000E+00
4.132797E+03	9.049118E-19	0.000000E+00
4.228214E+03	7.809726E-19	0.000000E+00
4.325833E+03	6.773717E-19	0.000000E+00
4.425707E+03	5.906089E-19	0.000000E+00
4.527886E+03	5.179032E-19	0.000000E+00
4.632424E+03	4.570530E-19	0.000000E+00
4.739376E+03	4.063181E-19	0.000000E+00
4.848796E+03	3.643170E-19	0.000000E+00
4.960744E+03	3.299379E-19	0.000000E+00
5.075276E+03	3.022588E-19	0.000000E+00
5.192452E+03	2.804711E-19	0.000000E+00
5.312333E+03	2.637978E-19	0.000000E+00
5.434982E+03	2.514096E-19	0.000000E+00
5.560463E+03	2.423569E-19	0.000000E+00
5.688841E+03	2.355541E-19	0.000000E+00
5.820183E+03	2.298547E-19	0.000000E+00
5.954557E+03	2.242170E-19	0.000000E+00
6.092034E+03	2.179094E-19	0.000000E+00
6.232684E+03	2.106671E-19	0.000000E+00
6.376582E+03	2.027050E-19	0.000000E+00
6.523803E+03	1.945555E-19	0.000000E+00
6.674422E+03	1.867958E-19	0.000000E+00
6.828518E+03	1.798058E-19	0.000000E+00
6.986173E+03	1.736600E-19	0.000000E+00
7.147467E+03	1.681641E-19	0.000000E+00
7.312485E+03	1.629765E-19	0.000000E+00
7.481313E+03	1.577470E-19	0.000000E+00
7.654039E+03	1.522194E-19	0.000000E+00
7.830752E+03	1.462723E-19	0.000000E+00
8.011546E+03	1.398997E-19	0.000000E+00
8.196514E+03	1.331730E-19	0.000000E+00
8.385752E+03	1.262309E-19	0.000000E+00
8.579359E+03	1.193006E-19	0.000000E+00
8.777436E+03	1.127152E-19	0.000000E+00
8.980086E+03	1.068851E-19	0.000000E+00
9.187415E+03	1.022184E-19	0.000000E+00
9.399531E+03	9.901756E-20	0.000000E+00
9.616544E+03	9.739429E-20	0.000000E+00
9.838567E+03	9.724942E-20	0.000000E+00
1.006572E+04	9.831378E-20	0.000000E+00
1.029811E+04	1.002265E-19	0.000000E+00
1.053587E+04	1.026295E-19	0.000000E+00
1.077912E+04	1.052538E-19	0.000000E+00
1.102798E+04	1.079690E-19	0.000000E+00
1.128259E+04	1.107904E-19	0.000000E+00
1.154308E+04	1.138658E-19	0.000000E+00
1.180958E+04	1.174576E-19	0.000000E+00
1.208224E+04	1.219157E-19	0.000000E+00
1.236119E+04	1.276248E-19	0.000000E+00
1.264658E+04	1.349197E-19	0.000000E+00
1.293856E+04	1.439847E-19	0.000000E+00
1.323728E+04	1.547723E-19	0.000000E+00
1.354290E+04	1.669835E-19	0.000000E+00
1.385557E+04	1.801289E-19	0.000000E+00
1.417546E+04	1.936646E-19	0.000000E+00
1.450274E+04	2.071452E-19	0.000000E+00
1.483757E+04	2.203213E-19	0.000000E+00
1.518014E+04	2.331569E-19	0.000000E+00
1.553061E+04	2.458073E-19	0.000000E+00
1.588918E+04	2.586106E-19	0.000000E+00
1.625602E+04	2.720712E-19	0.000000E+00
1.663133E+04	2.867623E-19	0.000000E+00
1.701531E+04	3.031371E-19	0.000000E+00
1.740815E+04	3.213430E-19	0.000000E+00
1.781007E+04	3.411224E-19	0.000000E+00
1.822126E+04	3.618124E-19	0.000000E+00
1.864194E+04	3.824304E-19	0.000000E+00
1.907234E+04	4.018619E-19	0.000000E+00
1.951268E+04	4.191818E-19	0.000000E+00
1.996318E+04	4.341186E-19	0.000000E+00
2.042408E+04	4.476038E-19	0.000000E+00
2.089563E+04	4.622285E-19	0.000000E+00
2.137806E+04	4.822542E-19	0.000000E+00
2.187163E+04	5.123818E-19	0.000000E+00
2.237659E+04	5.540845E-19	0.000000E+00
2.289321E+04	6.060548E-19	0.000000E+00
2.342176E+04	6.658020E-19	0.000000E+00
2.396252E+04	7.301209E-19	0.000000E+00
2.451575E+04	7.955406E-19	0.000000E+00
