#wls	flux	fluxerr
1.584409E+03	1.787141E-18	1.134873E-19
1.624020E+03	1.852161E-18	1.175599E-19
1.663630E+03	1.916625E-18	1.215917E-19
1.703240E+03	1.980879E-18	1.256044E-19
1.742850E+03	2.044248E-18	1.295552E-19
1.782461E+03	2.105607E-18	1.333728E-19
1.822071E+03	2.163299E-18	1.369520E-19
1.861681E+03	2.214735E-18	1.401294E-19
1.901291E+03	2.257055E-18	1.427247E-19
1.940902E+03	2.287461E-18	1.445616E-19
1.980512E+03	2.304152E-18	1.455279E-19
2.020122E+03	2.309472E-18	1.457728E-19
2.059732E+03	2.311437E-18	1.458033E-19
2.099342E+03	2.325725E-18	1.466081E-19
2.138953E+03	2.372122E-18	1.494320E-19
2.178563E+03	2.465584E-18	1.552121E-19
2.218173E+03	2.609042E-18	1.641263E-19
2.257783E+03	2.794688E-18	1.756766E-19
2.297394E+03	3.008364E-18	1.889671E-19
2.337004E+03	3.237363E-18	2.031956E-19
2.376614E+03	3.472771E-18	2.177998E-19
2.416224E+03	3.709676E-18	2.324701E-19
2.455835E+03	3.946346E-18	2.470968E-19
2.495445E+03	4.182207E-18	2.616432E-19
2.535055E+03	4.418281E-18	2.761722E-19
2.574665E+03	4.655092E-18	2.907155E-19
2.614276E+03	4.893358E-18	3.053168E-19
2.653886E+03	5.133311E-18	3.199891E-19
2.693496E+03	5.375146E-18	3.347432E-19
2.733106E+03	5.618459E-18	3.495526E-19
2.772716E+03	5.862437E-18	3.643652E-19
2.812327E+03	6.106387E-18	3.791369E-19
2.851937E+03	6.349214E-18	3.937983E-19
2.891547E+03	6.590152E-18	4.083012E-19
2.931157E+03	6.828554E-18	4.226045E-19
2.970768E+03	7.063911E-18	4.366761E-19
2.980670E+03	7.122174E-18	4.401516E-19
2.990573E+03	7.180225E-18	4.436111E-19
3.000475E+03	7.238020E-18	4.470521E-19
3.010378E+03	7.295681E-18	4.504820E-19
3.020280E+03	7.353016E-18	4.538890E-19
3.030183E+03	7.409987E-18	4.572707E-19
3.040086E+03	7.466952E-18	4.606492E-19
3.049988E+03	7.523874E-18	4.640223E-19
3.059891E+03	7.581330E-18	4.674254E-19
3.069793E+03	7.639036E-18	4.708410E-19
3.079696E+03	7.696856E-18	4.742607E-19
3.089598E+03	7.754989E-18	4.776968E-19
3.099501E+03	7.813010E-18	4.811229E-19
3.109403E+03	7.870962E-18	4.845419E-19
3.119306E+03	7.928745E-18	4.879474E-19
3.129209E+03	7.986413E-18	4.913428E-19
3.139111E+03	8.043723E-18	4.947132E-19
3.149014E+03	8.100747E-18	4.980629E-19
3.158916E+03	8.157390E-18	5.013862E-19
3.168819E+03	8.213434E-18	5.046696E-19
3.178721E+03	8.268955E-18	5.079178E-19
3.188624E+03	8.324029E-18	5.111355E-19
3.198526E+03	8.378306E-18	5.143012E-19
3.208429E+03	8.432015E-18	5.174290E-19
3.218332E+03	8.484816E-18	5.204981E-19
3.228234E+03	8.537083E-18	5.235314E-19
3.238137E+03	8.588360E-18	5.265010E-19
3.248039E+03	8.638746E-18	5.294129E-19
3.257942E+03	8.688343E-18	5.322736E-19
3.267844E+03	8.736994E-18	5.350734E-19
3.277747E+03	8.784811E-18	5.378191E-19
3.287650E+03	8.831506E-18	5.404932E-19
3.297552E+03	8.877212E-18	5.431040E-19
3.307455E+03	8.921926E-18	5.456512E-19
3.317357E+03	8.965654E-18	5.481352E-19
3.327260E+03	9.008406E-18	5.505568E-19
3.337162E+03	9.050080E-18	5.529097E-19
3.347065E+03	9.090694E-18	5.551951E-19
3.356967E+03	9.130288E-18	5.574155E-19
3.366870E+03	9.168894E-18	5.595729E-19
3.376773E+03	9.206448E-18	5.616634E-19
3.386675E+03	9.242996E-18	5.636899E-19
3.396578E+03	9.278597E-18	5.656560E-19
3.406480E+03	9.313206E-18	5.675591E-19
3.416383E+03	9.346888E-18	5.694031E-19
3.426285E+03	9.379727E-18	5.711933E-19
3.436188E+03	9.411574E-18	5.729206E-19
3.446090E+03	9.442637E-18	5.745977E-19
3.455993E+03	9.472900E-18	5.762237E-19
3.465896E+03	9.502357E-18	5.777982E-19
3.475798E+03	9.531108E-18	5.793275E-19
3.485701E+03	9.559054E-18	5.808053E-19
3.495603E+03	9.586302E-18	5.822385E-19
3.505506E+03	9.612879E-18	5.836286E-19
3.515408E+03	9.638807E-18	5.849769E-19
3.525311E+03	9.664095E-18	5.862842E-19
3.535213E+03	9.688788E-18	5.875530E-19
3.545116E+03	9.712811E-18	5.887790E-19
3.555019E+03	9.736303E-18	5.899706E-19
3.564921E+03	9.759208E-18	5.911244E-19
3.574824E+03	9.781670E-18	5.922492E-19
3.584726E+03	9.803533E-18	5.933355E-19
3.594629E+03	9.825057E-18	5.943991E-19
3.604531E+03	9.845978E-18	5.954241E-19
3.614434E+03	9.866465E-18	5.964207E-19
3.624337E+03	9.886475E-18	5.973864E-19
3.634239E+03	9.906159E-18	5.983303E-19
3.644142E+03	9.925381E-18	5.992441E-19
3.654044E+03	9.944307E-18	6.001380E-19
3.663947E+03	9.962883E-18	6.010087E-19
3.673849E+03	9.981276E-18	6.018663E-19
3.683752E+03	9.999439E-18	6.027079E-19
3.693654E+03	1.001761E-17	6.035482E-19
3.703557E+03	1.003566E-17	6.043789E-19
3.713460E+03	1.005382E-17	6.052139E-19
3.723362E+03	1.007212E-17	6.060553E-19
3.733265E+03	1.009069E-17	6.069112E-19
3.743167E+03	1.010956E-17	6.077830E-19
3.753070E+03	1.012895E-17	6.086836E-19
3.762972E+03	1.014878E-17	6.096087E-19
3.772875E+03	1.016925E-17	6.105698E-19
3.782777E+03	1.019047E-17	6.115736E-19
3.792680E+03	1.021253E-17	6.126253E-19
3.802583E+03	1.023551E-17	6.137302E-19
3.812485E+03	1.025941E-17	6.148883E-19
3.822388E+03	1.028450E-17	6.161146E-19
3.832290E+03	1.031086E-17	6.174140E-19
3.842193E+03	1.033845E-17	6.187848E-19
3.852095E+03	1.036743E-17	6.202366E-19
3.861998E+03	1.039786E-17	6.217720E-19
3.871900E+03	1.042989E-17	6.233998E-19
3.881803E+03	1.046347E-17	6.251176E-19
3.891706E+03	1.049884E-17	6.269386E-19
3.901608E+03	1.053592E-17	6.288589E-19
3.911511E+03	1.057493E-17	6.308913E-19
3.921413E+03	1.061581E-17	6.330319E-19
3.931316E+03	1.065859E-17	6.352816E-19
3.941218E+03	1.070345E-17	6.376524E-19
3.951121E+03	1.075033E-17	6.401390E-19
3.961024E+03	1.079933E-17	6.427478E-19
3.970926E+03	1.085044E-17	6.454787E-19
3.980829E+03	1.090376E-17	6.483366E-19
3.990731E+03	1.095930E-17	6.513217E-19
4.000634E+03	1.101705E-17	6.544341E-19
4.010536E+03	1.107710E-17	6.576785E-19
4.020439E+03	1.113955E-17	6.610601E-19
4.030341E+03	1.120421E-17	6.645679E-19
4.040244E+03	1.127135E-17	6.682182E-19
4.050147E+03	1.134081E-17	6.719999E-19
4.060049E+03	1.141275E-17	6.759236E-19
4.069952E+03	1.148710E-17	6.799847E-19
4.079854E+03	1.156398E-17	6.841891E-19
4.089757E+03	1.164339E-17	6.885377E-19
4.099659E+03	1.172536E-17	6.930312E-19
4.109562E+03	1.180992E-17	6.976716E-19
4.119464E+03	1.189711E-17	7.024604E-19
4.129367E+03	1.198705E-17	7.074054E-19
4.139270E+03	1.207981E-17	7.125100E-19
4.149172E+03	1.217535E-17	7.177709E-19
4.159075E+03	1.227372E-17	7.231919E-19
4.168977E+03	1.237502E-17	7.287775E-19
4.178880E+03	1.247942E-17	7.345380E-19
4.188782E+03	1.258690E-17	7.404724E-19
4.198685E+03	1.269759E-17	7.465871E-19
4.208587E+03	1.281149E-17	7.528821E-19
4.218490E+03	1.292883E-17	7.593707E-19
4.228393E+03	1.304965E-17	7.660542E-19
4.238295E+03	1.317408E-17	7.729410E-19
4.248198E+03	1.330228E-17	7.800398E-19
4.258100E+03	1.343421E-17	7.873473E-19
4.268003E+03	1.357026E-17	7.948864E-19
4.277905E+03	1.371040E-17	8.026544E-19
4.287808E+03	1.385479E-17	8.106612E-19
4.297711E+03	1.400354E-17	8.189115E-19
4.307613E+03	1.415704E-17	8.274288E-19
4.317516E+03	1.431513E-17	8.362024E-19
4.327418E+03	1.447820E-17	8.452552E-19
4.337321E+03	1.464638E-17	8.545944E-19
4.347223E+03	1.481992E-17	8.642329E-19
4.357126E+03	1.499912E-17	8.741892E-19
4.367028E+03	1.518416E-17	8.844718E-19
4.376931E+03	1.537541E-17	8.951019E-19
4.386834E+03	1.557266E-17	9.060676E-19
4.396736E+03	1.577620E-17	9.173836E-19
4.406639E+03	1.598584E-17	9.290396E-19
4.416541E+03	1.620149E-17	9.410284E-19
4.426444E+03	1.642326E-17	9.533573E-19
4.436346E+03	1.665057E-17	9.659901E-19
4.446249E+03	1.688358E-17	9.789369E-19
4.456151E+03	1.712159E-17	9.921560E-19
4.466054E+03	1.736457E-17	1.005645E-18
4.475957E+03	1.761202E-17	1.019375E-18
4.485859E+03	1.786356E-17	1.033323E-18
4.495762E+03	1.811878E-17	1.047464E-18
4.505664E+03	1.837688E-17	1.061753E-18
4.515567E+03	1.863770E-17	1.076180E-18
4.525469E+03	1.890039E-17	1.090694E-18
4.535372E+03	1.916439E-17	1.105265E-18
4.545274E+03	1.942908E-17	1.119855E-18
4.555177E+03	1.969383E-17	1.134428E-18
4.565080E+03	1.995781E-17	1.148937E-18
4.574982E+03	2.022009E-17	1.163328E-18
4.584885E+03	2.047995E-17	1.177560E-18
4.594787E+03	2.073660E-17	1.191587E-18
4.604690E+03	2.098923E-17	1.205363E-18
4.614592E+03	2.123664E-17	1.218821E-18
4.624495E+03	2.147816E-17	1.231921E-18
4.634398E+03	2.171275E-17	1.244605E-18
4.644300E+03	2.193936E-17	1.256814E-18
4.654203E+03	2.215715E-17	1.268500E-18
4.664105E+03	2.236513E-17	1.279607E-18
4.674008E+03	2.256235E-17	1.290083E-18
4.683910E+03	2.274794E-17	1.299878E-18
4.693813E+03	2.292113E-17	1.308950E-18
4.703715E+03	2.308129E-17	1.317265E-18
4.713618E+03	2.322796E-17	1.324796E-18
4.723521E+03	2.336086E-17	1.331531E-18
4.733423E+03	2.347970E-17	1.337453E-18
4.743326E+03	2.358480E-17	1.342584E-18
4.753228E+03	2.367602E-17	1.346915E-18
4.763131E+03	2.375432E-17	1.350503E-18
4.773033E+03	2.381992E-17	1.353363E-18
4.782936E+03	2.387393E-17	1.355559E-18
4.792838E+03	2.391739E-17	1.357150E-18
4.802741E+03	2.395094E-17	1.358174E-18
4.812644E+03	2.397627E-17	1.358729E-18
4.822546E+03	2.399439E-17	1.358873E-18
4.832449E+03	2.400680E-17	1.358691E-18
4.842351E+03	2.401403E-17	1.358213E-18
4.852254E+03	2.401800E-17	1.357549E-18
4.862156E+03	2.401938E-17	1.356737E-18
4.872059E+03	2.401948E-17	1.355852E-18
4.881961E+03	2.401905E-17	1.354935E-18
4.891864E+03	2.401922E-17	1.354050E-18
4.901767E+03	2.402030E-17	1.353216E-18
4.911669E+03	2.402326E-17	1.352485E-18
4.921572E+03	2.402891E-17	1.351905E-18
4.931474E+03	2.403731E-17	1.351477E-18
4.941377E+03	2.404889E-17	1.351226E-18
4.951279E+03	2.406421E-17	1.351182E-18
4.961182E+03	2.408355E-17	1.351362E-18
4.971085E+03	2.410665E-17	1.351749E-18
4.980987E+03	2.413388E-17	1.352364E-18
4.990890E+03	2.416534E-17	1.353213E-18
5.000792E+03	2.420110E-17	1.354298E-18
5.010695E+03	2.424093E-17	1.355607E-18
5.020597E+03	2.428485E-17	1.357140E-18
5.030500E+03	2.433311E-17	1.358910E-18
5.040402E+03	2.438520E-17	1.360889E-18
5.050305E+03	2.444137E-17	1.363090E-18
5.060208E+03	2.450139E-17	1.365499E-18
5.070110E+03	2.456525E-17	1.368117E-18
5.080013E+03	2.463297E-17	1.370942E-18
5.089915E+03	2.470456E-17	1.373977E-18
5.099818E+03	2.477980E-17	1.377206E-18
5.109720E+03	2.485894E-17	1.380646E-18
5.119623E+03	2.494146E-17	1.384265E-18
5.129525E+03	2.502762E-17	1.388078E-18
5.139428E+03	2.511710E-17	1.392067E-18
5.149331E+03	2.520984E-17	1.396227E-18
5.159233E+03	2.530571E-17	1.400553E-18
5.169136E+03	2.540460E-17	1.405036E-18
5.179038E+03	2.550582E-17	1.409639E-18
5.188941E+03	2.560966E-17	1.414377E-18
5.198843E+03	2.571511E-17	1.419194E-18
5.208746E+03	2.582242E-17	1.424104E-18
5.218648E+03	2.593074E-17	1.429059E-18
5.228551E+03	2.603999E-17	1.434056E-18
5.238454E+03	2.614956E-17	1.439060E-18
5.248356E+03	2.625877E-17	1.444035E-18
5.258259E+03	2.636749E-17	1.448972E-18
5.268161E+03	2.647475E-17	1.453819E-18
5.278064E+03	2.658036E-17	1.458566E-18
5.287966E+03	2.668361E-17	1.463173E-18
5.297869E+03	2.678377E-17	1.467601E-18
5.307772E+03	2.688038E-17	1.471826E-18
5.317674E+03	2.697302E-17	1.475823E-18
5.327577E+03	2.706128E-17	1.479573E-18
5.337479E+03	2.714429E-17	1.483028E-18
5.347382E+03	2.722202E-17	1.486186E-18
5.357284E+03	2.729401E-17	1.489023E-18
5.367187E+03	2.736043E-17	1.491550E-18
5.377089E+03	2.742074E-17	1.493737E-18
5.386992E+03	2.747590E-17	1.495639E-18
5.396895E+03	2.752646E-17	1.497283E-18
5.406797E+03	2.757444E-17	1.498783E-18
5.416700E+03	2.761981E-17	1.500135E-18
5.426602E+03	2.766124E-17	1.501269E-18
5.436505E+03	2.769803E-17	1.502147E-18
5.446407E+03	2.773035E-17	1.502779E-18
5.456310E+03	2.775954E-17	1.503237E-18
5.466212E+03	2.778552E-17	1.503518E-18
5.476115E+03	2.780991E-17	1.503710E-18
5.486018E+03	2.783284E-17	1.503821E-18
5.495920E+03	2.785523E-17	1.503900E-18
5.505823E+03	2.787793E-17	1.503992E-18
5.515725E+03	2.790166E-17	1.504137E-18
5.525628E+03	2.792648E-17	1.504339E-18
5.535530E+03	2.795289E-17	1.504623E-18
5.545433E+03	2.798129E-17	1.505012E-18
5.555335E+03	2.801165E-17	1.505503E-18
5.565238E+03	2.804388E-17	1.506092E-18
5.575141E+03	2.807833E-17	1.506796E-18
5.585043E+03	2.811441E-17	1.507584E-18
5.594946E+03	2.815202E-17	1.508452E-18
5.604848E+03	2.819074E-17	1.509375E-18
5.614751E+03	2.823036E-17	1.510343E-18
5.624653E+03	2.827038E-17	1.511328E-18
5.634556E+03	2.831028E-17	1.512305E-18
5.644459E+03	2.834984E-17	1.513259E-18
5.654361E+03	2.838888E-17	1.514183E-18
5.664264E+03	2.842665E-17	1.515036E-18
5.674166E+03	2.846306E-17	1.515813E-18
5.684069E+03	2.849779E-17	1.516498E-18
5.693971E+03	2.853058E-17	1.517078E-18
5.703874E+03	2.856189E-17	1.517576E-18
5.713776E+03	2.859104E-17	1.517957E-18
5.723679E+03	2.861861E-17	1.518254E-18
5.733582E+03	2.864441E-17	1.518454E-18
5.743484E+03	2.866888E-17	1.518582E-18
5.753387E+03	2.869225E-17	1.518651E-18
5.763289E+03	2.871479E-17	1.518675E-18
5.773192E+03	2.873711E-17	1.518687E-18
5.783094E+03	2.875925E-17	1.518687E-18
5.792997E+03	2.878184E-17	1.518712E-18
5.802899E+03	2.880527E-17	1.518780E-18
5.812802E+03	2.882955E-17	1.518891E-18
5.822705E+03	2.885562E-17	1.519096E-18
5.832607E+03	2.888315E-17	1.519378E-18
5.842510E+03	2.891306E-17	1.519784E-18
5.852412E+03	2.894526E-17	1.520309E-18
5.862315E+03	2.897996E-17	1.520965E-18
5.872217E+03	2.901768E-17	1.521778E-18
5.882120E+03	2.905791E-17	1.522722E-18
5.892022E+03	2.910113E-17	1.523821E-18
5.901925E+03	2.914780E-17	1.525099E-18
5.911828E+03	2.919735E-17	1.526526E-18
5.921730E+03	2.925023E-17	1.528126E-18
5.931633E+03	2.930652E-17	1.529902E-18
5.941535E+03	2.936596E-17	1.531840E-18
5.951438E+03	2.942859E-17	1.533943E-18
5.961340E+03	2.949449E-17	1.536214E-18
5.971243E+03	2.956333E-17	1.538635E-18
5.981146E+03	2.963515E-17	1.541210E-18
5.991048E+03	2.971028E-17	1.543954E-18
6.000951E+03	2.978769E-17	1.546813E-18
6.010853E+03	2.986803E-17	1.549822E-18
6.020756E+03	2.995020E-17	1.552924E-18
6.030658E+03	3.003481E-17	1.556149E-18
6.040561E+03	3.012072E-17	1.559439E-18
6.050463E+03	3.020811E-17	1.562803E-18
6.060366E+03	3.029610E-17	1.566196E-18
6.070269E+03	3.038487E-17	1.569626E-18
6.080171E+03	3.047346E-17	1.573045E-18
6.090074E+03	3.056128E-17	1.576421E-18
6.099976E+03	3.064846E-17	1.579764E-18
6.109879E+03	3.073404E-17	1.583022E-18
6.119781E+03	3.081820E-17	1.586205E-18
6.129684E+03	3.090077E-17	1.589307E-18
6.139586E+03	3.098165E-17	1.592320E-18
6.149489E+03	3.106079E-17	1.595244E-18
6.159392E+03	3.113897E-17	1.598118E-18
6.169294E+03	3.121628E-17	1.600948E-18
6.179197E+03	3.129322E-17	1.603760E-18
6.189099E+03	3.137040E-17	1.606584E-18
6.199002E+03	3.144920E-17	1.609492E-18
6.208904E+03	3.152945E-17	1.612476E-18
6.218807E+03	3.161182E-17	1.615569E-18
6.228709E+03	3.169739E-17	1.618827E-18
6.238612E+03	3.178689E-17	1.622285E-18
6.248515E+03	3.188058E-17	1.625960E-18
6.258417E+03	3.197871E-17	1.629860E-18
6.268320E+03	3.208237E-17	1.634043E-18
6.278222E+03	3.219131E-17	1.638495E-18
6.288125E+03	3.230611E-17	1.643244E-18
6.298027E+03	3.242688E-17	1.648297E-18
6.307930E+03	3.255368E-17	1.653654E-18
6.317833E+03	3.268651E-17	1.659317E-18
6.327735E+03	3.282535E-17	1.665283E-18
6.337638E+03	3.297013E-17	1.671548E-18
6.347540E+03	3.312028E-17	1.678083E-18
6.357443E+03	3.327614E-17	1.684905E-18
6.367345E+03	3.343758E-17	1.692006E-18
6.377248E+03	3.360494E-17	1.699404E-18
6.387150E+03	3.377857E-17	1.707115E-18
6.397053E+03	3.395784E-17	1.715108E-18
6.406956E+03	3.414364E-17	1.723426E-18
6.416858E+03	3.433584E-17	1.732063E-18
6.426761E+03	3.453485E-17	1.741040E-18
6.436663E+03	3.474007E-17	1.750325E-18
6.446566E+03	3.495244E-17	1.759965E-18
6.456468E+03	3.517134E-17	1.769928E-18
6.466371E+03	3.539718E-17	1.780235E-18
6.476273E+03	3.562931E-17	1.790853E-18
6.486176E+03	3.586812E-17	1.801800E-18
6.496079E+03	3.611401E-17	1.813097E-18
6.505981E+03	3.636566E-17	1.824677E-18
6.515884E+03	3.662340E-17	1.836555E-18
6.525786E+03	3.688756E-17	1.848750E-18
6.535689E+03	3.715667E-17	1.861185E-18
6.545591E+03	3.743160E-17	1.873905E-18
6.555494E+03	3.771077E-17	1.886831E-18
6.565396E+03	3.799506E-17	1.900006E-18
6.575299E+03	3.828280E-17	1.913346E-18
6.585202E+03	3.857425E-17	1.926865E-18
6.595104E+03	3.886900E-17	1.940542E-18
6.605007E+03	3.916603E-17	1.954326E-18
6.614909E+03	3.946565E-17	1.968233E-18
6.624812E+03	3.976689E-17	1.982214E-18
6.634714E+03	4.006945E-17	1.996255E-18
6.644617E+03	4.037381E-17	2.010380E-18
6.654520E+03	4.067911E-17	2.024545E-18
6.664422E+03	4.098448E-17	2.038709E-18
6.674325E+03	4.129125E-17	2.052938E-18
6.684227E+03	4.159792E-17	2.067156E-18
6.694130E+03	4.190515E-17	2.081397E-18
6.704032E+03	4.221288E-17	2.095659E-18
6.713935E+03	4.252030E-17	2.109901E-18
6.723837E+03	4.282731E-17	2.124119E-18
6.733740E+03	4.313378E-17	2.138307E-18
6.743643E+03	4.344029E-17	2.152494E-18
6.753545E+03	4.374586E-17	2.166632E-18
6.763448E+03	4.404938E-17	2.180666E-18
6.773350E+03	4.435126E-17	2.194617E-18
6.783253E+03	4.465108E-17	2.208464E-18
6.793155E+03	4.494835E-17	2.222184E-18
6.803058E+03	4.524168E-17	2.235709E-18
6.812960E+03	4.553044E-17	2.249009E-18
6.822863E+03	4.581485E-17	2.262094E-18
6.832766E+03	4.609337E-17	2.274889E-18
6.842668E+03	4.636532E-17	2.287362E-18
6.852571E+03	4.663002E-17	2.299480E-18
6.862473E+03	4.688679E-17	2.311211E-18
6.872376E+03	4.713501E-17	2.322524E-18
6.882278E+03	4.737407E-17	2.333389E-18
6.892181E+03	4.760249E-17	2.343737E-18
6.902083E+03	4.781976E-17	2.353541E-18
6.911986E+03	4.802634E-17	2.362826E-18
6.921889E+03	4.822184E-17	2.371574E-18
6.931791E+03	4.840407E-17	2.379678E-18
6.941694E+03	4.857462E-17	2.387217E-18
6.951596E+03	4.873238E-17	2.394138E-18
6.961499E+03	4.887724E-17	2.400435E-18
6.971401E+03	4.900819E-17	2.406062E-18
6.981304E+03	4.912627E-17	2.411069E-18
6.991207E+03	4.923164E-17	2.415466E-18
7.001109E+03	4.932460E-17	2.419267E-18
7.011012E+03	4.940455E-17	2.422445E-18
7.020914E+03	4.947200E-17	2.425026E-18
7.030817E+03	4.952860E-17	2.427090E-18
7.040719E+03	4.957410E-17	2.428627E-18
7.050622E+03	4.960838E-17	2.429633E-18
7.060524E+03	4.963444E-17	2.430253E-18
7.070427E+03	4.965234E-17	2.430492E-18
7.080330E+03	4.966324E-17	2.430406E-18
7.090232E+03	4.966730E-17	2.430006E-18
7.100135E+03	4.966678E-17	2.429401E-18
7.110037E+03	4.966286E-17	2.428649E-18
7.119940E+03	4.965573E-17	2.427761E-18
7.129842E+03	4.964651E-17	2.426792E-18
7.139745E+03	4.963727E-17	2.425842E-18
7.149647E+03	4.962793E-17	2.424908E-18
7.159550E+03	4.961930E-17	2.424031E-18
7.169453E+03	4.961205E-17	2.423243E-18
7.179355E+03	4.960672E-17	2.422570E-18
7.189258E+03	4.960261E-17	2.421979E-18
7.199160E+03	4.960201E-17	2.421582E-18
7.209063E+03	4.960394E-17	2.421331E-18
7.218965E+03	4.960623E-17	2.421121E-18
7.228868E+03	4.961180E-17	2.421094E-18
7.238770E+03	4.961720E-17	2.421083E-18
7.248673E+03	4.962417E-17	2.421171E-18
7.258576E+03	4.963123E-17	2.421289E-18
7.268478E+03	4.963797E-17	2.421415E-18
7.278381E+03	4.964290E-17	2.421478E-18
7.288283E+03	4.964563E-17	2.421460E-18
7.298186E+03	4.964585E-17	2.421344E-18
7.308088E+03	4.964332E-17	2.421120E-18
7.317991E+03	4.963574E-17	2.420676E-18
7.327894E+03	4.962415E-17	2.420063E-18
7.337796E+03	4.960644E-17	2.419178E-18
7.347699E+03	4.958170E-17	2.417978E-18
7.357601E+03	4.954910E-17	2.416423E-18
7.367504E+03	4.951012E-17	2.414584E-18
7.377406E+03	4.946524E-17	2.412486E-18
7.387309E+03	4.941720E-17	2.410262E-18
7.397211E+03	4.936889E-17	2.408053E-18
7.407114E+03	4.931999E-17	2.405844E-18
7.417017E+03	4.927245E-17	2.403732E-18
7.426919E+03	4.922941E-17	2.401868E-18
7.436822E+03	4.918966E-17	2.400194E-18
7.446724E+03	4.915644E-17	2.398869E-18
7.456627E+03	4.913082E-17	2.397946E-18
7.466529E+03	4.911390E-17	2.397479E-18
7.476432E+03	4.910681E-17	2.397522E-18
7.486334E+03	4.911065E-17	2.398132E-18
7.496237E+03	4.912766E-17	2.399417E-18
7.506140E+03	4.915782E-17	2.401377E-18
7.516042E+03	4.920336E-17	2.404123E-18
7.525945E+03	4.926418E-17	2.407650E-18
7.535847E+03	4.934248E-17	2.412067E-18
7.545750E+03	4.943918E-17	2.417420E-18
7.555652E+03	4.955404E-17	2.423698E-18
7.565555E+03	4.968893E-17	2.430995E-18
7.575457E+03	4.984448E-17	2.439343E-18
7.585360E+03	5.001985E-17	2.448701E-18
7.595263E+03	5.021615E-17	2.459128E-18
7.605165E+03	5.043187E-17	2.470549E-18
7.615068E+03	5.066888E-17	2.483058E-18
7.624970E+03	5.092405E-17	2.496506E-18
7.634873E+03	5.119778E-17	2.510910E-18
7.644775E+03	5.148784E-17	2.526164E-18
7.654678E+03	5.179438E-17	2.542276E-18
7.664581E+03	5.211628E-17	2.559192E-18
7.674483E+03	5.245232E-17	2.576853E-18
7.684386E+03	5.279996E-17	2.595136E-18
7.694288E+03	5.315916E-17	2.614040E-18
7.704191E+03	5.352860E-17	2.633501E-18
7.714093E+03	5.390562E-17	2.653389E-18
7.723996E+03	5.429018E-17	2.673702E-18
7.733898E+03	5.467962E-17	2.694311E-18
7.743801E+03	5.507396E-17	2.715217E-18
7.753704E+03	5.546922E-17	2.736224E-18
7.763606E+03	5.586826E-17	2.757474E-18
7.773509E+03	5.626585E-17	2.778709E-18
7.783411E+03	5.666227E-17	2.799944E-18
7.793314E+03	5.705516E-17	2.821060E-18
7.803216E+03	5.744503E-17	2.842084E-18
7.813119E+03	5.782970E-17	2.862907E-18
7.823021E+03	5.820701E-17	2.883423E-18
7.832924E+03	5.857636E-17	2.903599E-18
7.842827E+03	5.893720E-17	2.923410E-18
7.852729E+03	5.928761E-17	2.942758E-18
7.862632E+03	5.962569E-17	2.961548E-18
7.872534E+03	5.994954E-17	2.979685E-18
7.882437E+03	6.025883E-17	2.997151E-18
7.892339E+03	6.055015E-17	3.013773E-18
7.902242E+03	6.082788E-17	3.029770E-18
7.912144E+03	6.109186E-17	3.045129E-18
7.922047E+03	6.134191E-17	3.059842E-18
7.931950E+03	6.158113E-17	3.074061E-18
7.941852E+03	6.180946E-17	3.087782E-18
7.951755E+03	6.203016E-17	3.101167E-18
7.961657E+03	6.224001E-17	3.114052E-18
7.971560E+03	6.244396E-17	3.126685E-18
7.981462E+03	6.264052E-17	3.138989E-18
7.991365E+03	6.282978E-17	3.150969E-18
8.001268E+03	6.301360E-17	3.162716E-18
8.011170E+03	6.319215E-17	3.174238E-18
8.021073E+03	6.336398E-17	3.185461E-18
8.030975E+03	6.353104E-17	3.196482E-18
8.040878E+03	6.369360E-17	3.207314E-18
8.050780E+03	6.385376E-17	3.218061E-18
8.060683E+03	6.400845E-17	3.228569E-18
8.070585E+03	6.415984E-17	3.238945E-18
8.080488E+03	6.430844E-17	3.249214E-18
8.090391E+03	6.445480E-17	3.259405E-18
8.100293E+03	6.459955E-17	3.269547E-18
8.110196E+03	6.474338E-17	3.279676E-18
8.120098E+03	6.488521E-17	3.289735E-18
8.130001E+03	6.502760E-17	3.299855E-18
8.139903E+03	6.517136E-17	3.310077E-18
8.149806E+03	6.531733E-17	3.320441E-18
8.159708E+03	6.546453E-17	3.330900E-18
8.169611E+03	6.561382E-17	3.341496E-18
8.179514E+03	6.576786E-17	3.352365E-18
8.189416E+03	6.592563E-17	3.363455E-18
8.199319E+03	6.608791E-17	3.374807E-18
8.209221E+03	6.625732E-17	3.386554E-18
8.219124E+03	6.643075E-17	3.398537E-18
8.229026E+03	6.661251E-17	3.410979E-18
8.238929E+03	6.680120E-17	3.423807E-18
8.248831E+03	6.699518E-17	3.436940E-18
8.258734E+03	6.719846E-17	3.450581E-18
8.268637E+03	6.740715E-17	3.464534E-18
8.278539E+03	6.762297E-17	3.478886E-18
8.288442E+03	6.784554E-17	3.493620E-18
8.298344E+03	6.807231E-17	3.508603E-18
8.308247E+03	6.830446E-17	3.523898E-18
8.318149E+03	6.853907E-17	3.539355E-18
8.328052E+03	6.877503E-17	3.554915E-18
8.337955E+03	6.901314E-17	3.570620E-18
8.347857E+03	6.925010E-17	3.586299E-18
8.357760E+03	6.948452E-17	3.601880E-18
8.367662E+03	6.971711E-17	3.617398E-18
8.377565E+03	6.994239E-17	3.632570E-18
8.387467E+03	7.016113E-17	3.647432E-18
8.397370E+03	7.037211E-17	3.661921E-18
8.407272E+03	7.057426E-17	3.675979E-18
8.417175E+03	7.076452E-17	3.689446E-18
8.427078E+03	7.094421E-17	3.702387E-18
8.436980E+03	7.111271E-17	3.714768E-18
8.446883E+03	7.126745E-17	3.726454E-18
8.456785E+03	7.140815E-17	3.737426E-18
8.466688E+03	7.153684E-17	3.747790E-18
8.476590E+03	7.165145E-17	3.757433E-18
8.486493E+03	7.175215E-17	3.766364E-18
8.496395E+03	7.183931E-17	3.774598E-18
8.506298E+03	7.191340E-17	3.782158E-18
8.516201E+03	7.197281E-17	3.788957E-18
8.526103E+03	7.202266E-17	3.795262E-18
8.536006E+03	7.205935E-17	3.800881E-18
8.545908E+03	7.208376E-17	3.805859E-18
8.555811E+03	7.209909E-17	3.810362E-18
8.565713E+03	7.210416E-17	3.814327E-18
8.575616E+03	7.210005E-17	3.817808E-18
8.585518E+03	7.208786E-17	3.820862E-18
8.595421E+03	7.206875E-17	3.823549E-18
8.605324E+03	7.204385E-17	3.825929E-18
8.615226E+03	7.201203E-17	3.827939E-18
8.625129E+03	7.197438E-17	3.829635E-18
8.635031E+03	7.193424E-17	3.831196E-18
8.644934E+03	7.189037E-17	3.832554E-18
8.654836E+03	7.184374E-17	3.833760E-18
8.664739E+03	7.179296E-17	3.834739E-18
8.674642E+03	7.174120E-17	3.835659E-18
8.684544E+03	7.168691E-17	3.836438E-18
8.694447E+03	7.163082E-17	3.837113E-18
8.704349E+03	7.157121E-17	3.837593E-18
8.714252E+03	7.151097E-17	3.838030E-18
8.724154E+03	7.145057E-17	3.838451E-18
8.734057E+03	7.138568E-17	3.838622E-18
8.743959E+03	7.132133E-17	3.838812E-18
8.753862E+03	7.125297E-17	3.838778E-18
8.763765E+03	7.118313E-17	3.838654E-18
8.773667E+03	7.111189E-17	3.838443E-18
8.783570E+03	7.103921E-17	3.838145E-18
8.793472E+03	7.096747E-17	3.837885E-18
8.803375E+03	7.089654E-17	3.837659E-18
8.813277E+03	7.082622E-17	3.837454E-18
8.823180E+03	7.075871E-17	3.837391E-18
8.833082E+03	7.069621E-17	3.837587E-18
8.842985E+03	7.063587E-17	3.837890E-18
8.852888E+03	7.057724E-17	3.838276E-18
8.862790E+03	7.052490E-17	3.838992E-18
8.872693E+03	7.047585E-17	3.839878E-18
8.882595E+03	7.042956E-17	3.840903E-18
8.892498E+03	7.039068E-17	3.842323E-18
8.902400E+03	7.035353E-17	3.843827E-18
8.912303E+03	7.032284E-17	3.845676E-18
8.951913E+03	7.024067E-17	3.855202E-18
8.991523E+03	7.022849E-17	3.868443E-18
9.031134E+03	7.029977E-17	3.886175E-18
9.070744E+03	7.046700E-17	3.909131E-18
9.110354E+03	7.075705E-17	3.938854E-18
9.149964E+03	7.117928E-17	3.975927E-18
9.189575E+03	7.175948E-17	4.021863E-18
9.229185E+03	7.249599E-17	4.076648E-18
9.268795E+03	7.337758E-17	4.139724E-18
9.308405E+03	7.436494E-17	4.208936E-18
9.348016E+03	7.541744E-17	4.282023E-18
9.387626E+03	7.649444E-17	4.356692E-18
9.427236E+03	7.755734E-17	4.430741E-18
9.466846E+03	7.859573E-17	4.503552E-18
9.506456E+03	7.961132E-17	4.575203E-18
9.546067E+03	8.061368E-17	4.646220E-18
9.585677E+03	8.162893E-17	4.718099E-18
9.625287E+03	8.266501E-17	4.791295E-18
9.664897E+03	8.371232E-17	4.865251E-18
9.704508E+03	8.476501E-17	4.939622E-18
9.744118E+03	8.580731E-17	5.013479E-18
9.783728E+03	8.681603E-17	5.085451E-18
9.823338E+03	8.775565E-17	5.153428E-18
9.862949E+03	8.857904E-17	5.214598E-18
9.902559E+03	8.923418E-17	5.265834E-18
9.942169E+03	8.967021E-17	5.304052E-18
9.981779E+03	8.984934E-17	5.326918E-18
1.002139E+04	8.973447E-17	5.332120E-18
1.006100E+04	8.929321E-17	5.317615E-18
1.010061E+04	8.852934E-17	5.283505E-18
1.014022E+04	8.746914E-17	5.231246E-18
1.017983E+04	8.613908E-17	5.162322E-18
1.021944E+04	8.459190E-17	5.079812E-18
