#wls	flux	fluxerr
3.257341E+03	4.865601E-16	1.372470E-17
3.296951E+03	5.195753E-16	1.457172E-17
3.336561E+03	5.548958E-16	1.547208E-17
3.376171E+03	5.925704E-16	1.642599E-17
3.415782E+03	6.325972E-16	1.743222E-17
3.455392E+03	6.748880E-16	1.848718E-17
3.495002E+03	7.192618E-16	1.958483E-17
3.534612E+03	7.653737E-16	2.071479E-17
3.574223E+03	8.126651E-16	2.186117E-17
3.613833E+03	8.604150E-16	2.300413E-17
3.653443E+03	9.076513E-16	2.411763E-17
3.693053E+03	9.532930E-16	2.517340E-17
3.732664E+03	9.961981E-16	2.614228E-17
3.772274E+03	1.035248E-15	2.699651E-17
3.811884E+03	1.069424E-15	2.771167E-17
3.851494E+03	1.097888E-15	2.826859E-17
3.891105E+03	1.120018E-15	2.865432E-17
3.930715E+03	1.135485E-15	2.886364E-17
3.970325E+03	1.144323E-15	2.890079E-17
4.009935E+03	1.146846E-15	2.877695E-17
4.049545E+03	1.143715E-15	2.851183E-17
4.089156E+03	1.135750E-15	2.812852E-17
4.128766E+03	1.123919E-15	2.765326E-17
4.168376E+03	1.109225E-15	2.711254E-17
4.207986E+03	1.092615E-15	2.653076E-17
4.247597E+03	1.074935E-15	2.592931E-17
4.287207E+03	1.056859E-15	2.532488E-17
4.326817E+03	1.038912E-15	2.473022E-17
4.366427E+03	1.021567E-15	2.415647E-17
4.406038E+03	1.005095E-15	2.360973E-17
4.445648E+03	9.896129E-16	2.309238E-17
4.485258E+03	9.751366E-16	2.260435E-17
4.524868E+03	9.616088E-16	2.214388E-17
4.564479E+03	9.489145E-16	2.170794E-17
4.604089E+03	9.368523E-16	2.129163E-17
4.643699E+03	9.251416E-16	2.088834E-17
4.683309E+03	9.133888E-16	2.048914E-17
4.722919E+03	9.011982E-16	2.008525E-17
4.762530E+03	8.882822E-16	1.967054E-17
4.802140E+03	8.745966E-16	1.924435E-17
4.841750E+03	8.603185E-16	1.881089E-17
4.881360E+03	8.458256E-16	1.837863E-17
4.920971E+03	8.314699E-16	1.795525E-17
4.960581E+03	8.175575E-16	1.754726E-17
5.000191E+03	8.042352E-16	1.715762E-17
5.039801E+03	7.915742E-16	1.678760E-17
5.079412E+03	7.795872E-16	1.643720E-17
5.119022E+03	7.683005E-16	1.610673E-17
5.158632E+03	7.578099E-16	1.579792E-17
5.198242E+03	7.482290E-16	1.551285E-17
5.237853E+03	7.396652E-16	1.525343E-17
5.277463E+03	7.320993E-16	1.501894E-17
5.317073E+03	7.253140E-16	1.480462E-17
5.356683E+03	7.188773E-16	1.460150E-17
5.396293E+03	7.119639E-16	1.439280E-17
5.435904E+03	7.034774E-16	1.415660E-17
5.475514E+03	6.935622E-16	1.389622E-17
5.515124E+03	6.829008E-16	1.362551E-17
5.554734E+03	6.718669E-16	1.335193E-17
5.594345E+03	6.606878E-16	1.307989E-17
5.633955E+03	6.495425E-16	1.281278E-17
5.673565E+03	6.386223E-16	1.255418E-17
5.713175E+03	6.281018E-16	1.230730E-17
5.752786E+03	6.181185E-16	1.207459E-17
5.792396E+03	6.088038E-16	1.185838E-17
5.832006E+03	6.003951E-16	1.166300E-17
5.871616E+03	5.932194E-16	1.149454E-17
5.911227E+03	5.876698E-16	1.136029E-17
5.950837E+03	5.841079E-16	1.126692E-17
5.990447E+03	5.827033E-16	1.121737E-17
6.030057E+03	5.832922E-16	1.120819E-17
6.069667E+03	5.851511E-16	1.122528E-17
6.109278E+03	5.868812E-16	1.124170E-17
6.148888E+03	5.864290E-16	1.121817E-17
6.188498E+03	5.816105E-16	1.111308E-17
6.228108E+03	5.725598E-16	1.092923E-17
6.267719E+03	5.623405E-16	1.072517E-17
6.307329E+03	5.535128E-16	1.054962E-17
6.346939E+03	5.472205E-16	1.042424E-17
6.386549E+03	5.434152E-16	1.034793E-17
6.426160E+03	5.413334E-16	1.030606E-17
6.465770E+03	5.398577E-16	1.027730E-17
6.505380E+03	5.380310E-16	1.024339E-17
6.544990E+03	5.352905E-16	1.019358E-17
6.584601E+03	5.314865E-16	1.012497E-17
6.624211E+03	5.267998E-16	1.004094E-17
6.663821E+03	5.216108E-16	9.948667E-18
6.703431E+03	5.163548E-16	9.856386E-18
6.743041E+03	5.113404E-16	9.769940E-18
6.782652E+03	5.066399E-16	9.690676E-18
6.822262E+03	5.020287E-16	9.614268E-18
6.861872E+03	4.969630E-16	9.530249E-18
6.901482E+03	4.906598E-16	9.423502E-18
6.941093E+03	4.822838E-16	9.277797E-18
6.980703E+03	4.711961E-16	9.080559E-18
7.020313E+03	4.570758E-16	8.825221E-18
7.059923E+03	4.399539E-16	8.511941E-18
7.099534E+03	4.200794E-16	8.145053E-18
7.139144E+03	3.978541E-16	7.731865E-18
7.178754E+03	3.737957E-16	7.281973E-18
7.218364E+03	3.484638E-16	6.805857E-18
7.257975E+03	3.224826E-16	6.315350E-18
7.297585E+03	2.964537E-16	5.821963E-18
7.337195E+03	2.710137E-16	5.338019E-18
7.376805E+03	2.468134E-16	4.876279E-18
7.416415E+03	2.245706E-16	4.450993E-18
7.456026E+03	2.049003E-16	4.074559E-18
7.495636E+03	1.881036E-16	3.753321E-18
7.535246E+03	1.741572E-16	3.487255E-18
7.574856E+03	1.628337E-16	3.272278E-18
7.614467E+03	1.538221E-16	3.102593E-18
7.654077E+03	1.467939E-16	2.971993E-18
7.693687E+03	1.414108E-16	2.873998E-18
7.733297E+03	1.373483E-16	2.802324E-18
7.772908E+03	1.342947E-16	2.750867E-18
7.812518E+03	1.319586E-16	2.713847E-18
7.852128E+03	1.300494E-16	2.685417E-18
7.891738E+03	1.283089E-16	2.660307E-18
7.931349E+03	1.266074E-16	2.635842E-18
7.970959E+03	1.249765E-16	2.612669E-18
8.010569E+03	1.234755E-16	2.592035E-18
8.050179E+03	1.221270E-16	2.574437E-18
8.089789E+03	1.209416E-16	2.560121E-18
8.129400E+03	1.199037E-16	2.548784E-18
8.169010E+03	1.190016E-16	2.540207E-18
8.208620E+03	1.182100E-16	2.533867E-18
8.248230E+03	1.175046E-16	2.529262E-18
8.287841E+03	1.168686E-16	2.526039E-18
8.327451E+03	1.162785E-16	2.523697E-18
8.367061E+03	1.157201E-16	2.521933E-18
8.406671E+03	1.151754E-16	2.520345E-18
8.446282E+03	1.146242E-16	2.518492E-18
8.485892E+03	1.140518E-16	2.516036E-18
8.525502E+03	1.134415E-16	2.512593E-18
8.565112E+03	1.127737E-16	2.507714E-18
8.604723E+03	1.120226E-16	2.500797E-18
8.644333E+03	1.111614E-16	2.491216E-18
8.683943E+03	1.101584E-16	2.478224E-18
8.723553E+03	1.089827E-16	2.461083E-18
8.763163E+03	1.076112E-16	2.439220E-18
8.802774E+03	1.060575E-16	2.412893E-18
8.842384E+03	1.043552E-16	2.382823E-18
8.881994E+03	1.025595E-16	2.350235E-18
8.921604E+03	1.007264E-16	2.316397E-18
8.961215E+03	9.890162E-17	2.282353E-18
9.000825E+03	9.711255E-17	2.248744E-18
9.040435E+03	9.538758E-17	2.216239E-18
9.080045E+03	9.375204E-17	2.185445E-18
9.119656E+03	9.222906E-17	2.156927E-18
9.159266E+03	9.081617E-17	2.130655E-18
9.198876E+03	8.952775E-17	2.106993E-18
9.238486E+03	8.836673E-17	2.086042E-18
9.278097E+03	8.734490E-17	2.068109E-18
9.317707E+03	8.645146E-17	2.052971E-18
9.357317E+03	8.569420E-17	2.040840E-18
9.396927E+03	8.506730E-17	2.031608E-18
9.436537E+03	8.457592E-17	2.025425E-18
9.476148E+03	8.421124E-17	2.022107E-18
9.515758E+03	8.396985E-17	2.021596E-18
9.555368E+03	8.386007E-17	2.024118E-18
9.594978E+03	8.387410E-17	2.029507E-18
9.634589E+03	8.400912E-17	2.037716E-18
9.674199E+03	8.426780E-17	2.048832E-18
9.713809E+03	8.463947E-17	2.062613E-18
9.753419E+03	8.511763E-17	2.078919E-18
9.793030E+03	8.570048E-17	2.097721E-18
9.832640E+03	8.637029E-17	2.118599E-18
9.872250E+03	8.712015E-17	2.141393E-18
9.911857E+03	8.792518E-17	2.165502E-18
9.951468E+03	8.877162E-17	2.190590E-18
9.991078E+03	8.962610E-17	2.215835E-18
1.003069E+04	9.047624E-17	2.240931E-18
1.007030E+04	9.128193E-17	2.264878E-18
1.010991E+04	9.200940E-17	2.286830E-18
1.014952E+04	9.263406E-17	2.306164E-18
1.018913E+04	9.312339E-17	2.322053E-18
1.022874E+04	9.345738E-17	2.333983E-18
1.026835E+04	9.360001E-17	2.341036E-18
1.030796E+04	9.353989E-17	2.342905E-18
1.034757E+04	9.328315E-17	2.339726E-18
1.038718E+04	9.280059E-17	2.330747E-18
1.042679E+04	9.381937E-17	2.359385E-18
1.046640E+04	9.457828E-17	2.381438E-18
1.050601E+04	9.508504E-17	2.397077E-18
1.054562E+04	9.535453E-17	2.406657E-18
1.058523E+04	9.540766E-17	2.410685E-18
1.062484E+04	9.526927E-17	2.409777E-18
1.066445E+04	9.496630E-17	2.404601E-18
1.070406E+04	9.452636E-17	2.395849E-18
1.074367E+04	9.397593E-17	2.384187E-18
1.078328E+04	9.333990E-17	2.370244E-18
1.082289E+04	9.264054E-17	2.354585E-18
1.086250E+04	9.189746E-17	2.337711E-18
1.090211E+04	9.112775E-17	2.320059E-18
1.094172E+04	9.034596E-17	2.302004E-18
1.098133E+04	8.956435E-17	2.283863E-18
1.102094E+04	8.879326E-17	2.265906E-18
1.106055E+04	8.804167E-17	2.248369E-18
1.110016E+04	8.731679E-17	2.231442E-18
1.113977E+04	8.662491E-17	2.215293E-18
1.117938E+04	8.597118E-17	2.200060E-18
1.121900E+04	8.535972E-17	2.185857E-18
1.125861E+04	8.479375E-17	2.172774E-18
1.129822E+04	8.427541E-17	2.160872E-18
1.133783E+04	8.380600E-17	2.150193E-18
1.137744E+04	8.338578E-17	2.140750E-18
1.141705E+04	8.301409E-17	2.132534E-18
1.145666E+04	8.268948E-17	2.125515E-18
1.149627E+04	8.240956E-17	2.119638E-18
1.153588E+04	8.217150E-17	2.114837E-18
1.157549E+04	8.197178E-17	2.111030E-18
1.161510E+04	8.180642E-17	2.108120E-18
1.165471E+04	8.167105E-17	2.106001E-18
1.169432E+04	8.156081E-17	2.104554E-18
1.173393E+04	8.147032E-17	2.103648E-18
1.177354E+04	8.139346E-17	2.103129E-18
1.181315E+04	8.132320E-17	2.102823E-18
1.185276E+04	8.125141E-17	2.102524E-18
1.189237E+04	8.116877E-17	2.101996E-18
1.193198E+04	8.106474E-17	2.100970E-18
1.197159E+04	8.092776E-17	2.099152E-18
1.201120E+04	8.074559E-17	2.096225E-18
1.205081E+04	8.050579E-17	2.091868E-18
1.209042E+04	8.019660E-17	2.085778E-18
1.213003E+04	7.980790E-17	2.077688E-18
1.216964E+04	7.933235E-17	2.067406E-18
1.220925E+04	7.876665E-17	2.054843E-18
1.224886E+04	7.811260E-17	2.040040E-18
1.228847E+04	7.737729E-17	2.023171E-18
1.232808E+04	7.657164E-17	2.004508E-18
1.236769E+04	7.570811E-17	1.984365E-18
1.240730E+04	7.480080E-17	1.963101E-18
1.244691E+04	7.386537E-17	1.941115E-18
1.248652E+04	7.291788E-17	1.918823E-18
1.252613E+04	7.197327E-17	1.896610E-18
1.256574E+04	7.104415E-17	1.874803E-18
1.260535E+04	7.014002E-17	1.853651E-18
1.264496E+04	6.926711E-17	1.833315E-18
1.268457E+04	6.842862E-17	1.813879E-18
1.272418E+04	6.762520E-17	1.795360E-18
1.276379E+04	6.685568E-17	1.777726E-18
1.280340E+04	6.611766E-17	1.760913E-18
1.284301E+04	6.540815E-17	1.744842E-18
1.288262E+04	6.472404E-17	1.729429E-18
1.292224E+04	6.406236E-17	1.714594E-18
1.296185E+04	6.342058E-17	1.700270E-18
1.300146E+04	6.279654E-17	1.686397E-18
1.304107E+04	6.218856E-17	1.672930E-18
1.308068E+04	6.159533E-17	1.659833E-18
1.312029E+04	6.101586E-17	1.647078E-18
1.315990E+04	6.044941E-17	1.634644E-18
1.319951E+04	5.989542E-17	1.622516E-18
1.323912E+04	5.935342E-17	1.610680E-18
1.327873E+04	5.882295E-17	1.599124E-18
1.331834E+04	5.830355E-17	1.587834E-18
1.335795E+04	5.779462E-17	1.576793E-18
1.339756E+04	5.729546E-17	1.565983E-18
1.343717E+04	5.680519E-17	1.555378E-18
1.347678E+04	5.632279E-17	1.544952E-18
1.351639E+04	5.584712E-17	1.534671E-18
1.355600E+04	5.537686E-17	1.524499E-18
1.359561E+04	5.491070E-17	1.514400E-18
1.363522E+04	5.444727E-17	1.504335E-18
1.367483E+04	5.398526E-17	1.494268E-18
1.371444E+04	5.352353E-17	1.484165E-18
1.375405E+04	5.306111E-17	1.474000E-18
1.379366E+04	5.259735E-17	1.463753E-18
1.383327E+04	5.213196E-17	1.453414E-18
1.387288E+04	5.166500E-17	1.442986E-18
1.391249E+04	5.119692E-17	1.432479E-18
1.395210E+04	5.072854E-17	1.421917E-18
1.399171E+04	5.026102E-17	1.411330E-18
1.403132E+04	4.979579E-17	1.400760E-18
1.407093E+04	4.933450E-17	1.390252E-18
1.411054E+04	4.887894E-17	1.379859E-18
1.415015E+04	4.843099E-17	1.369632E-18
1.418976E+04	4.799248E-17	1.359627E-18
1.422937E+04	4.756526E-17	1.349896E-18
1.426898E+04	4.715102E-17	1.340489E-18
1.430859E+04	4.675132E-17	1.331453E-18
1.434820E+04	4.636755E-17	1.322829E-18
1.438781E+04	4.600093E-17	1.314656E-18
1.442742E+04	4.565251E-17	1.306966E-18
1.446703E+04	4.532315E-17	1.299786E-18
1.450664E+04	4.501353E-17	1.293140E-18
1.454625E+04	4.472420E-17	1.287045E-18
1.458587E+04	4.445548E-17	1.281517E-18
1.462548E+04	4.420753E-17	1.276561E-18
1.466509E+04	4.398022E-17	1.272178E-18
1.470470E+04	4.377312E-17	1.268359E-18
1.474431E+04	4.358549E-17	1.265086E-18
1.478392E+04	4.341620E-17	1.262330E-18
1.482353E+04	4.326374E-17	1.260050E-18
1.486314E+04	4.312623E-17	1.258194E-18
1.490275E+04	4.300144E-17	1.256700E-18
1.494236E+04	4.288693E-17	1.255500E-18
1.498197E+04	4.278014E-17	1.254520E-18
1.502158E+04	4.267861E-17	1.253690E-18
1.506119E+04	4.258012E-17	1.252947E-18
1.510080E+04	4.248295E-17	1.252240E-18
1.514041E+04	4.238594E-17	1.251538E-18
1.518002E+04	4.228868E-17	1.250827E-18
1.521963E+04	4.219141E-17	1.250118E-18
1.525924E+04	4.209502E-17	1.249435E-18
1.529885E+04	4.200082E-17	1.248821E-18
1.533846E+04	4.191032E-17	1.248321E-18
1.537807E+04	4.182502E-17	1.247981E-18
1.541768E+04	4.174604E-17	1.247837E-18
1.545729E+04	4.167394E-17	1.247908E-18
1.549690E+04	4.160848E-17	1.248187E-18
1.553651E+04	4.154844E-17	1.248642E-18
1.557612E+04	4.149156E-17	1.249206E-18
1.561573E+04	4.143448E-17	1.249778E-18
1.565534E+04	4.137285E-17	1.250229E-18
1.569495E+04	4.130143E-17	1.250401E-18
1.573456E+04	4.121435E-17	1.250114E-18
1.577417E+04	4.110543E-17	1.249180E-18
1.581378E+04	4.096854E-17	1.247409E-18
1.585339E+04	4.079818E-17	1.244628E-18
1.589300E+04	4.058994E-17	1.240699E-18
1.593261E+04	4.034119E-17	1.235535E-18
1.597222E+04	4.005152E-17	1.229115E-18
1.601183E+04	3.972295E-17	1.221491E-18
1.605144E+04	3.935929E-17	1.212772E-18
1.609105E+04	3.896406E-17	1.203057E-18
1.613066E+04	3.854048E-17	1.192439E-18
1.617027E+04	3.809312E-17	1.181052E-18
1.620988E+04	3.762799E-17	1.169076E-18
1.624949E+04	3.715191E-17	1.156717E-18
1.628911E+04	3.667173E-17	1.144186E-18
1.632872E+04	3.619374E-17	1.131677E-18
1.636833E+04	3.572312E-17	1.119350E-18
1.640794E+04	3.526381E-17	1.107329E-18
1.644755E+04	3.481843E-17	1.095697E-18
1.648716E+04	3.438843E-17	1.084502E-18
1.652677E+04	3.397420E-17	1.073756E-18
1.656638E+04	3.357524E-17	1.063448E-18
1.660599E+04	3.319043E-17	1.053541E-18
1.664560E+04	3.281811E-17	1.043987E-18
1.668521E+04	3.245632E-17	1.034723E-18
1.672482E+04	3.210284E-17	1.025680E-18
1.676443E+04	3.175541E-17	1.016786E-18
1.680404E+04	3.141187E-17	1.007972E-18
1.684365E+04	3.107023E-17	9.991749E-19
1.688326E+04	3.072893E-17	9.903425E-19
1.692287E+04	3.038684E-17	9.814384E-19
1.696248E+04	3.004348E-17	9.724460E-19
1.700209E+04	2.969903E-17	9.633701E-19
1.704170E+04	2.935436E-17	9.542382E-19
1.708131E+04	2.901099E-17	9.450993E-19
1.712092E+04	2.867100E-17	9.360211E-19
1.716053E+04	2.833696E-17	9.270876E-19
1.720014E+04	2.801171E-17	9.183925E-19
1.723975E+04	2.769825E-17	9.100366E-19
1.727936E+04	2.739966E-17	9.021226E-19
1.731897E+04	2.711887E-17	8.947503E-19
1.735858E+04	2.685863E-17	8.880138E-19
1.739819E+04	2.662142E-17	8.819993E-19
1.743780E+04	2.640936E-17	8.767815E-19
1.747741E+04	2.622415E-17	8.724222E-19
1.751702E+04	2.606710E-17	8.689702E-19
1.755663E+04	2.593899E-17	8.664569E-19
1.759624E+04	2.584015E-17	8.648989E-19
1.763585E+04	2.577038E-17	8.642956E-19
1.767546E+04	2.572899E-17	8.646289E-19
1.771507E+04	2.571481E-17	8.658653E-19
1.775468E+04	2.572620E-17	8.679541E-19
1.779429E+04	2.576104E-17	8.708294E-19
1.783390E+04	2.581687E-17	8.744112E-19
1.787351E+04	2.589082E-17	8.786063E-19
1.791312E+04	2.597968E-17	8.833094E-19
1.795274E+04	2.607998E-17	8.884039E-19
1.799235E+04	2.618799E-17	8.937650E-19
1.803196E+04	2.629984E-17	8.992618E-19
1.807157E+04	2.641157E-17	9.047587E-19
1.811118E+04	2.651922E-17	9.101193E-19
1.815079E+04	2.661891E-17	9.152099E-19
1.819040E+04	2.670697E-17	9.199016E-19
1.823001E+04	2.678001E-17	9.240753E-19
1.826962E+04	2.683506E-17	9.276257E-19
1.830923E+04	2.686956E-17	9.304605E-19
1.834884E+04	2.688153E-17	9.325071E-19
1.838845E+04	2.686954E-17	9.337113E-19
1.842806E+04	2.683275E-17	9.340401E-19
1.846767E+04	2.677089E-17	9.334794E-19
1.850728E+04	2.668433E-17	9.320377E-19
1.854689E+04	2.657390E-17	9.297400E-19
1.858650E+04	2.644098E-17	9.266302E-19
1.862611E+04	2.628731E-17	9.227659E-19
1.866572E+04	2.611491E-17	9.182150E-19
1.870533E+04	2.592607E-17	9.130549E-19
1.874494E+04	2.572318E-17	9.073672E-19
1.878455E+04	2.550867E-17	9.012363E-19
1.882416E+04	2.528497E-17	8.947461E-19
1.886377E+04	2.505446E-17	8.879799E-19
1.890338E+04	2.481945E-17	8.810188E-19
1.894299E+04	2.458213E-17	8.739407E-19
1.898260E+04	2.434461E-17	8.668206E-19
1.902221E+04	2.410888E-17	8.597298E-19
1.906182E+04	2.387681E-17	8.527356E-19
1.910143E+04	2.365012E-17	8.459009E-19
1.914104E+04	2.343040E-17	8.392838E-19
1.918065E+04	2.321909E-17	8.329373E-19
1.922026E+04	2.301744E-17	8.269085E-19
1.925987E+04	2.282659E-17	8.212397E-19
1.929948E+04	2.264741E-17	8.159648E-19
1.933909E+04	2.248066E-17	8.111135E-19
1.937870E+04	2.232688E-17	8.067072E-19
1.941831E+04	2.218643E-17	8.027613E-19
1.945792E+04	2.205945E-17	7.992837E-19
1.949753E+04	2.194590E-17	7.962748E-19
1.953714E+04	2.184549E-17	7.937269E-19
1.957675E+04	2.175771E-17	7.916239E-19
1.961636E+04	2.168185E-17	7.899416E-19
1.965598E+04	2.161700E-17	7.886490E-19
1.969559E+04	2.156203E-17	7.877071E-19
1.973520E+04	2.151566E-17	7.870710E-19
1.977481E+04	2.147653E-17	7.866919E-19
1.981442E+04	2.144317E-17	7.865178E-19
1.985403E+04	2.141408E-17	7.864944E-19
1.989364E+04	2.138775E-17	7.865673E-19
1.993325E+04	2.136270E-17	7.866830E-19
1.997286E+04	2.133752E-17	7.867897E-19
2.001247E+04	2.131091E-17	7.868398E-19
2.005208E+04	2.128166E-17	7.867885E-19
2.009169E+04	2.124874E-17	7.865983E-19
2.013130E+04	2.121130E-17	7.862369E-19
2.017091E+04	2.116866E-17	7.856793E-19
2.021052E+04	2.112036E-17	7.849076E-19
2.025013E+04	2.106612E-17	7.839110E-19
2.028974E+04	2.100581E-17	7.826843E-19
2.032935E+04	2.093946E-17	7.812278E-19
2.036896E+04	2.086712E-17	7.795433E-19
2.040857E+04	2.078889E-17	7.776340E-19
2.044818E+04	2.070487E-17	7.755032E-19
2.048779E+04	2.061510E-17	7.731515E-19
2.052740E+04	2.051954E-17	7.705769E-19
2.056701E+04	2.041806E-17	7.677744E-19
2.060662E+04	2.031045E-17	7.647357E-19
2.064623E+04	2.019646E-17	7.614501E-19
2.068584E+04	2.007578E-17	7.579062E-19
2.072545E+04	1.994814E-17	7.540920E-19
2.076506E+04	1.981329E-17	7.499981E-19
2.080467E+04	1.967106E-17	7.456170E-19
2.084428E+04	1.952141E-17	7.409464E-19
2.088389E+04	1.936443E-17	7.359888E-19
2.092350E+04	1.920036E-17	7.307523E-19
2.096311E+04	1.902961E-17	7.252515E-19
2.100272E+04	1.885275E-17	7.195072E-19
2.104233E+04	1.867053E-17	7.135467E-19
2.108194E+04	1.848385E-17	7.074030E-19
2.112155E+04	1.829374E-17	7.011147E-19
2.116116E+04	1.810136E-17	6.947247E-19
2.120077E+04	1.790790E-17	6.882785E-19
2.124038E+04	1.771453E-17	6.818200E-19
2.127999E+04	1.752213E-17	6.753831E-19
2.131961E+04	1.733058E-17	6.689624E-19
2.135922E+04	1.713835E-17	6.624993E-19
2.139883E+04	1.694341E-17	6.559138E-19
2.143844E+04	1.674362E-17	6.491225E-19
2.147805E+04	1.653682E-17	6.420408E-19
2.151766E+04	1.632104E-17	6.345898E-19
2.155727E+04	1.609440E-17	6.266948E-19
2.159688E+04	1.585523E-17	6.182881E-19
2.163649E+04	1.560210E-17	6.093117E-19
2.167610E+04	1.533382E-17	5.997163E-19
2.171571E+04	1.504954E-17	5.894656E-19
2.175532E+04	1.474864E-17	5.785323E-19
2.179493E+04	1.443084E-17	5.669024E-19
2.183454E+04	1.409620E-17	5.545744E-19
2.187415E+04	1.374508E-17	5.415594E-19
2.191376E+04	1.337816E-17	5.278816E-19
2.195337E+04	1.299650E-17	5.135795E-19
2.199298E+04	1.260147E-17	4.987045E-19
2.203259E+04	1.219480E-17	4.833226E-19
2.207220E+04	1.177848E-17	4.675109E-19
2.211181E+04	1.135482E-17	4.513591E-19
2.215142E+04	1.092632E-17	4.349650E-19
2.219103E+04	1.049565E-17	4.184348E-19
2.223064E+04	1.006559E-17	4.018781E-19
2.227025E+04	9.638922E-18	3.854066E-19
2.230986E+04	9.218395E-18	3.691309E-19
2.234947E+04	8.806639E-18	3.531576E-19
2.238908E+04	8.406111E-18	3.375866E-19
2.242869E+04	8.019032E-18	3.225094E-19
2.246830E+04	7.647355E-18	3.080068E-19
2.250791E+04	7.292726E-18	2.941480E-19
2.254752E+04	6.956469E-18	2.809895E-19
2.258713E+04	6.639581E-18	2.685748E-19
2.262674E+04	6.342747E-18	2.569350E-19
2.266635E+04	6.066346E-18	2.460891E-19
2.270596E+04	5.810495E-18	2.360454E-19
2.274557E+04	5.575075E-18	2.268026E-19
2.278518E+04	5.359771E-18	2.183516E-19
2.282479E+04	5.164118E-18	2.106768E-19
2.286440E+04	4.987527E-18	2.037575E-19
2.290401E+04	4.829328E-18	1.975698E-19
2.294362E+04	4.688805E-18	1.920875E-19
2.298323E+04	4.565210E-18	1.872828E-19
2.302285E+04	4.457798E-18	1.831282E-19
2.306246E+04	4.365837E-18	1.795962E-19
2.310207E+04	4.288626E-18	1.766607E-19
2.314168E+04	4.225507E-18	1.742970E-19
2.318129E+04	4.175867E-18	1.724821E-19
2.322090E+04	4.139145E-18	1.711952E-19
2.326051E+04	4.114833E-18	1.704172E-19
2.330012E+04	4.102471E-18	1.701313E-19
2.333973E+04	4.101649E-18	1.703222E-19
2.337934E+04	4.111996E-18	1.709766E-19
2.341895E+04	4.133184E-18	1.720825E-19
2.345856E+04	4.164915E-18	1.736293E-19
2.349817E+04	4.206919E-18	1.756073E-19
2.353778E+04	4.258947E-18	1.780078E-19
2.357739E+04	4.320771E-18	1.808227E-19
2.361700E+04	4.392174E-18	1.840445E-19
2.365661E+04	4.472950E-18	1.876660E-19
2.369622E+04	4.562897E-18	1.916802E-19
2.373583E+04	4.661823E-18	1.960802E-19
2.377544E+04	4.769534E-18	2.008593E-19
2.381505E+04	4.885837E-18	2.060106E-19
2.385466E+04	5.010541E-18	2.115272E-19
2.389427E+04	5.143450E-18	2.174021E-19
2.393388E+04	5.284368E-18	2.236280E-19
2.397349E+04	5.433095E-18	2.301977E-19
2.401310E+04	5.589426E-18	2.371034E-19
2.405271E+04	5.753154E-18	2.443374E-19
2.409232E+04	5.924070E-18	2.518917E-19
2.413193E+04	6.101967E-18	2.597584E-19
2.417154E+04	6.286634E-18	2.679294E-19
2.421115E+04	6.477866E-18	2.763969E-19
2.425076E+04	6.675464E-18	2.851530E-19
