#wls	flux	fluxerr
3.257341E+03	7.130597E-19	8.815918E-20
3.296951E+03	7.509704E-19	9.218928E-20
3.336561E+03	7.910766E-19	9.641789E-20
3.376171E+03	8.335140E-19	1.008553E-19
3.415782E+03	8.784416E-19	1.055141E-19
3.455392E+03	9.260349E-19	1.104082E-19
3.495002E+03	9.764739E-19	1.155515E-19
3.534612E+03	1.029939E-18	1.209572E-19
3.574223E+03	1.086612E-18	1.266379E-19
3.613833E+03	1.146675E-18	1.326059E-19
3.653443E+03	1.210315E-18	1.388731E-19
3.693053E+03	1.277722E-18	1.454510E-19
3.732664E+03	1.349088E-18	1.523507E-19
3.772274E+03	1.424610E-18	1.595832E-19
3.811884E+03	1.504500E-18	1.671603E-19
3.851494E+03	1.589002E-18	1.750967E-19
3.891105E+03	1.678393E-18	1.834098E-19
3.930715E+03	1.772980E-18	1.921189E-19
3.970325E+03	1.873093E-18	2.012450E-19
4.009935E+03	1.979091E-18	2.108108E-19
4.049545E+03	2.091358E-18	2.208404E-19
4.089156E+03	2.210307E-18	2.313595E-19
4.128766E+03	2.336385E-18	2.423957E-19
4.168376E+03	2.470058E-18	2.539774E-19
4.207986E+03	2.611818E-18	2.661334E-19
4.247597E+03	2.762175E-18	2.788929E-19
4.287207E+03	2.921662E-18	2.922855E-19
4.326817E+03	3.090815E-18	3.063393E-19
4.366427E+03	3.270152E-18	3.210786E-19
4.406038E+03	3.460152E-18	3.365222E-19
4.445648E+03	3.661241E-18	3.526824E-19
4.485258E+03	3.873803E-18	3.695659E-19
4.524868E+03	4.098182E-18	3.871745E-19
4.564479E+03	4.334670E-18	4.055041E-19
4.604089E+03	4.583492E-18	4.245437E-19
4.643699E+03	4.844791E-18	4.442742E-19
4.683309E+03	5.118601E-18	4.646668E-19
4.722919E+03	5.404823E-18	4.856805E-19
4.762530E+03	5.703193E-18	5.072611E-19
4.802140E+03	6.013277E-18	5.293404E-19
4.841750E+03	6.334487E-18	5.518393E-19
4.881360E+03	6.666065E-18	5.746668E-19
4.920971E+03	7.007051E-18	5.977179E-19
4.960581E+03	7.356253E-18	6.208721E-19
5.000191E+03	7.712196E-18	6.439901E-19
5.039801E+03	8.073137E-18	6.669144E-19
5.079412E+03	8.437098E-18	6.894751E-19
5.119022E+03	8.801900E-18	7.114930E-19
5.158632E+03	9.165201E-18	7.327842E-19
5.198242E+03	9.524586E-18	7.531672E-19
5.237853E+03	9.877604E-18	7.724664E-19
5.277463E+03	1.022189E-17	7.905213E-19
5.317073E+03	1.055517E-17	8.071875E-19
5.356683E+03	1.087535E-17	8.223421E-19
5.396293E+03	1.118063E-17	8.358887E-19
5.435904E+03	1.146953E-17	8.477651E-19
5.475514E+03	1.174105E-17	8.579453E-19
5.515124E+03	1.199462E-17	8.664394E-19
5.554734E+03	1.223014E-17	8.732921E-19
5.594345E+03	1.244793E-17	8.785792E-19
5.633955E+03	1.264868E-17	8.823988E-19
5.673565E+03	1.283327E-17	8.848617E-19
5.713175E+03	1.300275E-17	8.860866E-19
5.752786E+03	1.315833E-17	8.861981E-19
5.792396E+03	1.330126E-17	8.853217E-19
5.832006E+03	1.343283E-17	8.835797E-19
5.871616E+03	1.355430E-17	8.810886E-19
5.911227E+03	1.366683E-17	8.779555E-19
5.950837E+03	1.377153E-17	8.742797E-19
5.990447E+03	1.386947E-17	8.701549E-19
6.030057E+03	1.396166E-17	8.656679E-19
6.069667E+03	1.404912E-17	8.609030E-19
6.109278E+03	1.413280E-17	8.559385E-19
6.148888E+03	1.421376E-17	8.508544E-19
6.188498E+03	1.429324E-17	8.457404E-19
6.228108E+03	1.437277E-17	8.406996E-19
6.267719E+03	1.445413E-17	8.358460E-19
6.307329E+03	1.453934E-17	8.313013E-19
6.346939E+03	1.463057E-17	8.271924E-19
6.386549E+03	1.473006E-17	8.236451E-19
6.426160E+03	1.483928E-17	8.207374E-19
6.465770E+03	1.495881E-17	8.184861E-19
6.505380E+03	1.508908E-17	8.168928E-19
6.544990E+03	1.523049E-17	8.159573E-19
6.584601E+03	1.538329E-17	8.156717E-19
6.624211E+03	1.554763E-17	8.160211E-19
6.663821E+03	1.572354E-17	8.169867E-19
6.703431E+03	1.591118E-17	8.185565E-19
6.743041E+03	1.611088E-17	8.207269E-19
6.782652E+03	1.632302E-17	8.234970E-19
6.822262E+03	1.654761E-17	8.268478E-19
6.861872E+03	1.678410E-17	8.307336E-19
6.901482E+03	1.703145E-17	8.350856E-19
6.941093E+03	1.728827E-17	8.398215E-19
6.980703E+03	1.755293E-17	8.448495E-19
7.020313E+03	1.782385E-17	8.500858E-19
7.059923E+03	1.809989E-17	8.554684E-19
7.099534E+03	1.838030E-17	8.609580E-19
7.139144E+03	1.866469E-17	8.665336E-19
7.178754E+03	1.895325E-17	8.722014E-19
7.218364E+03	1.924662E-17	8.779895E-19
7.257975E+03	1.954566E-17	8.839361E-19
7.297585E+03	1.985127E-17	8.900797E-19
7.337195E+03	2.016453E-17	8.964678E-19
7.376805E+03	2.048698E-17	9.031669E-19
7.416415E+03	2.082076E-17	9.102694E-19
7.456026E+03	2.116809E-17	9.178692E-19
7.495636E+03	2.153063E-17	9.260352E-19
7.535246E+03	2.190902E-17	9.347917E-19
7.574856E+03	2.230211E-17	9.440882E-19
7.614467E+03	2.270605E-17	9.537655E-19
7.654077E+03	2.311401E-17	9.635458E-19
7.693687E+03	2.351689E-17	9.730689E-19
7.733297E+03	2.390461E-17	9.819460E-19
7.772908E+03	2.426706E-17	9.898006E-19
7.812518E+03	2.459366E-17	9.962459E-19
7.852128E+03	2.487445E-17	1.000913E-18
7.891738E+03	2.510210E-17	1.003534E-18
7.931349E+03	2.527243E-17	1.003970E-18
7.970959E+03	2.538456E-17	1.002214E-18
8.010569E+03	2.544071E-17	9.983804E-19
8.050179E+03	2.544566E-17	9.926790E-19
8.089789E+03	2.540638E-17	9.854000E-19
8.129400E+03	2.533144E-17	9.768890E-19
8.169010E+03	2.523077E-17	9.675360E-19
8.208620E+03	2.511516E-17	9.577575E-19
8.248230E+03	2.499528E-17	9.479572E-19
8.287841E+03	2.488101E-17	9.385019E-19
8.327451E+03	2.478101E-17	9.297067E-19
8.367061E+03	2.470232E-17	9.218225E-19
8.406671E+03	2.465039E-17	9.150366E-19
8.446282E+03	2.462890E-17	9.094707E-19
8.485892E+03	2.463982E-17	9.051832E-19
8.525502E+03	2.468395E-17	9.021907E-19
8.565112E+03	2.476104E-17	9.004751E-19
8.604723E+03	2.486990E-17	8.999875E-19
8.644333E+03	2.500861E-17	9.006563E-19
8.683943E+03	2.517485E-17	9.024019E-19
8.723553E+03	2.536628E-17	9.051479E-19
8.763163E+03	2.558052E-17	9.088237E-19
8.802774E+03	2.581522E-17	9.133644E-19
8.842384E+03	2.606750E-17	9.186919E-19
8.881994E+03	2.633324E-17	9.246914E-19
8.921604E+03	2.660713E-17	9.312124E-19
8.961215E+03	2.688273E-17	9.380713E-19
9.000825E+03	2.715211E-17	9.450401E-19
9.040435E+03	2.740580E-17	9.518414E-19
9.080045E+03	2.763342E-17	9.581718E-19
9.119656E+03	2.783011E-17	9.639209E-19
9.159266E+03	2.799025E-17	9.689414E-19
9.198876E+03	2.812093E-17	9.734964E-19
9.238486E+03	2.822714E-17	9.777716E-19
9.278097E+03	2.831352E-17	9.819369E-19
9.317707E+03	2.838430E-17	9.861484E-19
9.357317E+03	2.844302E-17	9.905365E-19
9.396927E+03	2.849248E-17	9.952065E-19
9.436537E+03	2.853527E-17	1.000257E-18
9.476148E+03	2.857449E-17	1.005807E-18
9.515758E+03	2.861400E-17	1.012000E-18
9.555368E+03	2.865791E-17	1.018997E-18
9.594978E+03	2.870998E-17	1.026945E-18
9.634589E+03	2.877361E-17	1.035987E-18
9.674199E+03	2.885178E-17	1.046253E-18
9.713809E+03	2.894711E-17	1.057866E-18
9.753419E+03	2.906202E-17	1.070946E-18
9.793030E+03	2.919841E-17	1.085598E-18
9.832640E+03	2.935763E-17	1.101913E-18
9.872250E+03	2.954128E-17	1.119968E-18
9.911857E+03	2.975058E-17	1.139803E-18
9.951468E+03	2.998580E-17	1.161430E-18
9.991078E+03	3.024625E-17	1.184822E-18
1.003069E+04	3.053037E-17	1.209917E-18
1.007030E+04	3.083574E-17	1.236621E-18
1.010991E+04	3.115924E-17	1.264807E-18
1.014952E+04	3.149717E-17	1.294320E-18
1.018913E+04	3.184544E-17	1.324980E-18
1.022874E+04	3.219969E-17	1.356593E-18
1.026835E+04	3.255559E-17	1.388954E-18
1.030796E+04	3.290933E-17	1.421872E-18
1.034757E+04	3.326090E-17	1.455317E-18
1.038718E+04	3.361770E-17	1.489585E-18
1.042679E+04	3.398829E-17	1.525045E-18
1.046640E+04	3.437838E-17	1.561953E-18
1.050601E+04	3.479152E-17	1.600483E-18
1.054562E+04	3.522965E-17	1.640741E-18
1.058523E+04	3.569300E-17	1.682760E-18
1.062484E+04	3.618057E-17	1.726517E-18
1.066445E+04	3.669145E-17	1.771989E-18
1.070406E+04	3.722495E-17	1.819167E-18
1.074367E+04	3.777992E-17	1.868016E-18
1.078328E+04	3.835465E-17	1.918471E-18
1.082289E+04	3.894730E-17	1.970460E-18
1.086250E+04	3.955633E-17	2.023922E-18
1.090211E+04	4.018032E-17	2.078799E-18
1.094172E+04	4.081668E-17	2.134971E-18
1.098133E+04	4.146032E-17	2.192181E-18
1.102094E+04	4.210350E-17	2.250020E-18
1.106055E+04	4.273638E-17	2.307949E-18
1.110016E+04	4.334794E-17	2.365346E-18
1.113977E+04	4.392655E-17	2.421528E-18
1.117938E+04	4.445987E-17	2.475754E-18
1.121900E+04	4.493513E-17	2.527229E-18
1.125861E+04	4.533945E-17	2.575128E-18
1.129822E+04	4.566021E-17	2.618614E-18
1.133783E+04	4.588512E-17	2.656841E-18
1.137744E+04	4.600223E-17	2.688962E-18
1.141705E+04	4.600026E-17	2.714143E-18
1.145666E+04	4.586928E-17	2.731607E-18
1.149627E+04	4.560195E-17	2.740714E-18
1.153588E+04	4.519694E-17	2.741166E-18
1.157549E+04	4.466685E-17	2.733507E-18
1.161510E+04	4.403532E-17	2.718994E-18
1.165471E+04	4.332878E-17	2.699107E-18
1.169432E+04	4.257332E-17	2.675363E-18
1.173393E+04	4.179337E-17	2.649235E-18
1.177354E+04	4.100991E-17	2.622025E-18
1.181315E+04	4.023909E-17	2.594775E-18
1.185276E+04	3.949311E-17	2.568300E-18
1.189237E+04	3.878105E-17	2.543240E-18
1.193198E+04	3.810884E-17	2.520050E-18
1.197159E+04	3.747950E-17	2.498999E-18
1.201120E+04	3.689316E-17	2.480169E-18
1.205081E+04	3.634694E-17	2.463443E-18
1.209042E+04	3.583584E-17	2.448548E-18
1.213003E+04	3.535339E-17	2.435101E-18
1.216964E+04	3.489175E-17	2.422610E-18
1.220925E+04	3.444268E-17	2.410536E-18
1.224886E+04	3.399866E-17	2.398374E-18
1.228847E+04	3.355318E-17	2.385661E-18
1.232808E+04	3.310103E-17	2.372009E-18
1.236769E+04	3.263943E-17	2.357196E-18
1.240730E+04	3.216982E-17	2.341299E-18
1.244691E+04	3.169707E-17	2.324652E-18
1.248652E+04	3.122744E-17	2.307704E-18
1.252613E+04	3.076755E-17	2.290944E-18
1.256574E+04	3.032361E-17	2.274846E-18
1.260535E+04	2.990105E-17	2.259842E-18
1.264496E+04	2.950461E-17	2.246322E-18
1.268457E+04	2.913857E-17	2.234652E-18
1.272418E+04	2.880691E-17	2.225185E-18
1.276379E+04	2.851349E-17	2.218275E-18
1.280340E+04	2.826190E-17	2.214260E-18
1.284301E+04	2.805524E-17	2.213452E-18
1.288262E+04	2.789577E-17	2.216101E-18
1.292224E+04	2.778519E-17	2.222415E-18
1.296185E+04	2.772500E-17	2.232592E-18
1.300146E+04	2.771620E-17	2.246791E-18
1.304107E+04	2.775910E-17	2.265118E-18
1.308068E+04	2.785327E-17	2.287613E-18
1.312029E+04	2.799707E-17	2.314223E-18
1.315990E+04	2.818760E-17	2.344778E-18
1.319951E+04	2.842100E-17	2.379024E-18
1.323912E+04	2.869291E-17	2.416660E-18
1.327873E+04	2.899860E-17	2.457335E-18
1.331834E+04	2.933239E-17	2.500617E-18
1.335795E+04	2.968767E-17	2.545975E-18
1.339756E+04	3.005695E-17	2.592790E-18
1.343717E+04	3.043182E-17	2.640350E-18
1.347678E+04	3.080360E-17	2.687903E-18
1.351639E+04	3.116427E-17	2.734735E-18
1.355600E+04	3.150646E-17	2.780175E-18
1.359561E+04	3.182354E-17	2.823606E-18
1.363522E+04	3.210962E-17	2.864463E-18
1.367483E+04	3.235945E-17	2.902229E-18
1.371444E+04	3.256872E-17	2.936463E-18
1.375405E+04	3.273371E-17	2.966770E-18
1.379366E+04	3.285117E-17	2.992792E-18
1.383327E+04	3.291843E-17	3.014219E-18
1.387288E+04	3.293411E-17	3.030858E-18
1.391249E+04	3.289856E-17	3.042671E-18
1.395210E+04	3.281337E-17	3.049742E-18
1.399171E+04	3.268108E-17	3.052245E-18
1.403132E+04	3.250494E-17	3.050426E-18
1.407093E+04	3.228851E-17	3.044567E-18
1.411054E+04	3.203565E-17	3.034988E-18
1.415015E+04	3.175059E-17	3.022048E-18
1.418976E+04	3.143784E-17	3.006145E-18
1.422937E+04	3.110212E-17	2.987702E-18
1.426898E+04	3.074847E-17	2.967184E-18
1.430859E+04	3.038213E-17	2.945082E-18
1.434820E+04	3.000826E-17	2.921890E-18
1.438781E+04	2.963195E-17	2.898105E-18
1.442742E+04	2.925871E-17	2.874272E-18
1.446703E+04	2.889427E-17	2.850968E-18
1.450664E+04	2.854399E-17	2.828742E-18
1.454625E+04	2.821241E-17	2.808074E-18
1.458587E+04	2.790347E-17	2.789386E-18
1.462548E+04	2.762061E-17	2.773063E-18
1.466509E+04	2.736651E-17	2.759415E-18
1.470470E+04	2.714310E-17	2.748681E-18
1.474431E+04	2.695191E-17	2.741063E-18
1.478392E+04	2.679384E-17	2.736704E-18
1.482353E+04	2.666900E-17	2.735664E-18
1.486314E+04	2.657665E-17	2.737918E-18
1.490275E+04	2.651554E-17	2.743387E-18
1.494236E+04	2.648412E-17	2.751959E-18
1.498197E+04	2.648083E-17	2.763518E-18
1.502158E+04	2.650454E-17	2.777993E-18
1.506119E+04	2.655466E-17	2.795366E-18
1.510080E+04	2.663051E-17	2.815612E-18
1.514041E+04	2.673126E-17	2.838685E-18
1.518002E+04	2.685622E-17	2.864556E-18
1.521963E+04	2.700481E-17	2.893207E-18
1.525924E+04	2.717600E-17	2.924560E-18
1.529885E+04	2.736668E-17	2.958316E-18
1.533846E+04	2.757124E-17	2.993896E-18
1.537807E+04	2.778293E-17	3.030586E-18
1.541768E+04	2.799478E-17	3.067638E-18
1.545729E+04	2.819973E-17	3.104274E-18
1.549690E+04	2.839058E-17	3.139695E-18
1.553651E+04	2.856019E-17	3.173086E-18
1.557612E+04	2.870166E-17	3.203647E-18
1.561573E+04	2.880884E-17	3.230648E-18
1.565534E+04	2.887677E-17	3.253477E-18
1.569495E+04	2.890171E-17	3.271651E-18
1.573456E+04	2.888137E-17	3.284841E-18
1.577417E+04	2.881467E-17	3.292851E-18
1.581378E+04	2.870115E-17	3.295551E-18
1.585339E+04	2.854074E-17	3.292858E-18
1.589300E+04	2.833416E-17	3.284774E-18
1.593261E+04	2.808314E-17	3.271422E-18
1.597222E+04	2.779067E-17	3.253074E-18
1.601183E+04	2.746074E-17	3.230121E-18
1.605144E+04	2.709777E-17	3.203012E-18
1.609105E+04	2.670671E-17	3.172266E-18
1.613066E+04	2.629297E-17	3.138469E-18
1.617027E+04	2.586197E-17	3.102223E-18
1.620988E+04	2.541885E-17	3.064103E-18
1.624949E+04	2.496826E-17	3.024642E-18
1.628911E+04	2.451423E-17	2.984309E-18
1.632872E+04	2.406015E-17	2.943502E-18
1.636833E+04	2.360899E-17	2.902576E-18
1.640794E+04	2.316357E-17	2.861876E-18
1.644755E+04	2.272652E-17	2.821732E-18
1.648716E+04	2.230016E-17	2.782441E-18
1.652677E+04	2.188621E-17	2.744231E-18
1.656638E+04	2.148567E-17	2.707245E-18
1.660599E+04	2.109917E-17	2.671580E-18
1.664560E+04	2.072711E-17	2.637308E-18
1.668521E+04	2.036963E-17	2.604468E-18
1.672482E+04	2.002665E-17	2.573071E-18
1.676443E+04	1.969810E-17	2.543132E-18
1.680404E+04	1.938395E-17	2.514670E-18
1.684365E+04	1.908414E-17	2.487699E-18
1.688326E+04	1.879865E-17	2.462240E-18
1.692287E+04	1.852751E-17	2.438320E-18
1.696248E+04	1.827089E-17	2.415987E-18
1.700209E+04	1.802918E-17	2.395316E-18
1.704170E+04	1.780295E-17	2.376409E-18
1.708131E+04	1.759297E-17	2.359395E-18
1.712092E+04	1.740012E-17	2.344422E-18
1.716053E+04	1.722538E-17	2.331652E-18
1.720014E+04	1.706976E-17	2.321254E-18
1.723975E+04	1.693419E-17	2.313390E-18
1.727936E+04	1.681965E-17	2.308231E-18
1.731897E+04	1.672729E-17	2.305971E-18
1.735858E+04	1.665837E-17	2.306825E-18
1.739819E+04	1.661435E-17	2.311040E-18
1.743780E+04	1.659688E-17	2.318889E-18
1.747741E+04	1.660770E-17	2.330665E-18
1.751702E+04	1.664859E-17	2.346669E-18
1.755663E+04	1.672134E-17	2.367209E-18
1.759624E+04	1.682780E-17	2.392605E-18
1.763585E+04	1.696970E-17	2.423163E-18
1.767546E+04	1.714856E-17	2.459166E-18
1.771507E+04	1.736557E-17	2.500849E-18
1.775468E+04	1.762169E-17	2.548417E-18
1.779429E+04	1.791741E-17	2.602011E-18
1.783390E+04	1.825240E-17	2.661651E-18
1.787351E+04	1.862530E-17	2.727206E-18
1.791312E+04	1.903377E-17	2.798395E-18
1.795274E+04	1.947451E-17	2.874792E-18
1.799235E+04	1.994310E-17	2.955795E-18
1.803196E+04	2.043389E-17	3.040609E-18
1.807157E+04	2.094020E-17	3.128269E-18
1.811118E+04	2.145418E-17	3.217622E-18
1.815079E+04	2.196684E-17	3.307321E-18
1.819040E+04	2.246828E-17	3.395864E-18
1.823001E+04	2.294878E-17	3.481751E-18
1.826962E+04	2.339923E-17	3.563554E-18
1.830923E+04	2.381141E-17	3.639959E-18
1.834884E+04	2.417865E-17	3.709872E-18
1.838845E+04	2.449504E-17	3.772303E-18
1.842806E+04	2.475537E-17	3.826357E-18
1.846767E+04	2.495566E-17	3.871318E-18
1.850728E+04	2.509366E-17	3.906733E-18
1.854689E+04	2.516855E-17	3.932367E-18
1.858650E+04	2.518080E-17	3.948186E-18
1.862611E+04	2.513234E-17	3.954391E-18
1.866572E+04	2.502710E-17	3.951500E-18
1.870533E+04	2.486987E-17	3.940183E-18
1.874494E+04	2.466571E-17	3.921157E-18
1.878455E+04	2.441968E-17	3.895157E-18
1.882416E+04	2.413690E-17	3.862935E-18
1.886377E+04	2.382257E-17	3.825270E-18
1.890338E+04	2.348177E-17	3.782933E-18
1.894299E+04	2.311939E-17	3.736677E-18
1.898260E+04	2.274002E-17	3.687213E-18
1.902221E+04	2.234823E-17	3.635263E-18
1.906182E+04	2.194888E-17	3.581604E-18
1.910143E+04	2.154676E-17	3.527010E-18
1.914104E+04	2.114659E-17	3.472257E-18
1.918065E+04	2.075308E-17	3.418129E-18
1.922026E+04	2.037057E-17	3.365355E-18
1.925987E+04	2.000232E-17	3.314497E-18
1.929948E+04	1.965064E-17	3.265961E-18
1.933909E+04	1.931707E-17	3.220034E-18
1.937870E+04	1.900259E-17	3.176911E-18
1.941831E+04	1.870781E-17	3.136722E-18
1.945792E+04	1.843293E-17	3.099537E-18
1.949753E+04	1.817791E-17	3.065376E-18
1.953714E+04	1.794241E-17	3.034214E-18
1.957675E+04	1.772589E-17	3.005992E-18
1.961636E+04	1.752769E-17	2.980624E-18
1.965598E+04	1.734690E-17	2.957985E-18
1.969559E+04	1.718235E-17	2.937901E-18
1.973520E+04	1.703254E-17	2.920139E-18
1.977481E+04	1.689574E-17	2.904422E-18
1.981442E+04	1.677011E-17	2.890454E-18
1.985403E+04	1.665376E-17	2.877925E-18
1.989364E+04	1.654486E-17	2.866531E-18
1.993325E+04	1.644163E-17	2.855976E-18
1.997286E+04	1.634228E-17	2.845955E-18
2.001247E+04	1.624507E-17	2.836172E-18
2.005208E+04	1.614836E-17	2.826343E-18
2.009169E+04	1.605075E-17	2.816225E-18
2.013130E+04	1.595093E-17	2.805586E-18
2.017091E+04	1.584765E-17	2.794207E-18
2.021052E+04	1.573979E-17	2.781884E-18
2.025013E+04	1.562637E-17	2.768442E-18
2.028974E+04	1.550668E-17	2.753746E-18
2.032935E+04	1.538022E-17	2.737701E-18
2.036896E+04	1.524667E-17	2.720245E-18
2.040857E+04	1.510588E-17	2.701343E-18
2.044818E+04	1.495787E-17	2.680991E-18
2.048779E+04	1.480279E-17	2.659208E-18
2.052740E+04	1.464092E-17	2.636037E-18
2.056701E+04	1.447263E-17	2.611541E-18
2.060662E+04	1.429842E-17	2.585802E-18
2.064623E+04	1.411893E-17	2.558931E-18
2.068584E+04	1.393494E-17	2.531066E-18
2.072545E+04	1.374731E-17	2.502362E-18
2.076506E+04	1.355689E-17	2.472967E-18
2.080467E+04	1.336458E-17	2.443046E-18
2.084428E+04	1.317140E-17	2.412788E-18
2.088389E+04	1.297870E-17	2.382438E-18
2.092350E+04	1.278801E-17	2.352281E-18
2.096311E+04	1.260090E-17	2.322611E-18
2.100272E+04	1.241881E-17	2.293700E-18
2.104233E+04	1.224303E-17	2.265794E-18
2.108194E+04	1.207472E-17	2.239115E-18
2.112155E+04	1.191495E-17	2.213873E-18
2.116116E+04	1.176472E-17	2.190264E-18
2.120077E+04	1.162501E-17	2.168481E-18
2.124038E+04	1.149665E-17	2.148694E-18
2.127999E+04	1.138022E-17	2.131024E-18
2.131961E+04	1.127552E-17	2.115444E-18
2.135922E+04	1.118139E-17	2.101753E-18
2.139883E+04	1.109632E-17	2.089678E-18
2.143844E+04	1.101867E-17	2.078918E-18
2.147805E+04	1.094675E-17	2.069161E-18
2.151766E+04	1.087897E-17	2.060116E-18
2.155727E+04	1.081388E-17	2.051510E-18
2.159688E+04	1.075023E-17	2.043108E-18
2.163649E+04	1.068689E-17	2.034698E-18
2.167610E+04	1.062288E-17	2.026094E-18
2.171571E+04	1.055740E-17	2.017143E-18
2.175532E+04	1.048977E-17	2.007714E-18
2.179493E+04	1.041941E-17	1.997692E-18
2.183454E+04	1.034586E-17	1.986987E-18
2.187415E+04	1.026879E-17	1.975535E-18
2.191376E+04	1.018806E-17	1.963306E-18
2.195337E+04	1.010373E-17	1.950305E-18
2.199298E+04	1.001602E-17	1.936574E-18
2.203259E+04	9.925262E-18	1.922176E-18
2.207220E+04	9.831883E-18	1.907189E-18
2.211181E+04	9.736337E-18	1.891701E-18
2.215142E+04	9.639158E-18	1.875814E-18
2.219103E+04	9.540943E-18	1.859643E-18
2.223064E+04	9.442336E-18	1.843314E-18
2.227025E+04	9.344001E-18	1.826957E-18
2.230986E+04	9.246548E-18	1.810693E-18
2.234947E+04	9.150551E-18	1.794635E-18
2.238908E+04	9.056455E-18	1.778873E-18
2.242869E+04	8.964583E-18	1.763473E-18
2.246830E+04	8.875202E-18	1.748489E-18
2.250791E+04	8.788496E-18	1.733962E-18
2.254752E+04	8.704620E-18	1.719925E-18
2.258713E+04	8.623773E-18	1.706419E-18
2.262674E+04	8.546149E-18	1.693487E-18
2.266635E+04	8.471884E-18	1.681159E-18
2.270596E+04	8.401096E-18	1.669461E-18
2.274557E+04	8.333884E-18	1.658418E-18
2.278518E+04	8.270351E-18	1.648052E-18
2.282479E+04	8.210640E-18	1.638396E-18
2.286440E+04	8.154945E-18	1.629492E-18
2.290401E+04	8.103480E-18	1.621387E-18
2.294362E+04	8.056451E-18	1.614126E-18
2.298323E+04	8.014058E-18	1.607753E-18
2.302285E+04	7.976486E-18	1.602308E-18
2.306246E+04	7.943872E-18	1.597824E-18
2.310207E+04	7.916331E-18	1.594328E-18
2.314168E+04	7.893929E-18	1.591837E-18
2.318129E+04	7.876740E-18	1.590371E-18
2.322090E+04	7.864824E-18	1.589945E-18
2.326051E+04	7.858249E-18	1.590578E-18
2.330012E+04	7.857087E-18	1.592289E-18
2.333973E+04	7.861415E-18	1.595096E-18
2.337934E+04	7.871319E-18	1.599021E-18
2.341895E+04	7.886856E-18	1.604081E-18
2.345856E+04	7.908105E-18	1.610296E-18
2.349817E+04	7.935200E-18	1.617695E-18
2.353778E+04	7.968256E-18	1.626309E-18
2.357739E+04	8.007336E-18	1.636152E-18
2.361700E+04	8.052424E-18	1.647226E-18
2.365661E+04	8.103493E-18	1.659530E-18
2.369622E+04	8.160522E-18	1.673062E-18
2.373583E+04	8.223435E-18	1.687812E-18
2.377544E+04	8.292127E-18	1.703761E-18
2.381505E+04	8.366489E-18	1.720890E-18
2.385466E+04	8.446349E-18	1.739167E-18
2.389427E+04	8.531563E-18	1.758567E-18
2.393388E+04	8.621994E-18	1.779063E-18
2.397349E+04	8.717486E-18	1.800626E-18
2.401310E+04	8.817903E-18	1.823232E-18
2.405271E+04	8.923089E-18	1.846850E-18
2.409232E+04	9.032861E-18	1.871444E-18
2.413193E+04	9.147009E-18	1.896975E-18
2.417154E+04	9.265307E-18	1.923396E-18
2.421115E+04	9.387471E-18	1.950652E-18
2.425076E+04	9.513153E-18	1.978670E-18
