#wls	flux	fluxerr
3.257341E+03	3.515988E-18	3.552231E-19
3.296951E+03	3.714927E-18	3.745392E-19
3.336561E+03	3.922884E-18	3.946703E-19
3.376171E+03	4.139238E-18	4.155471E-19
3.415782E+03	4.362982E-18	4.370616E-19
3.455392E+03	4.592623E-18	4.590585E-19
3.495002E+03	4.825876E-18	4.813044E-19
3.534612E+03	5.058831E-18	5.034061E-19
3.574223E+03	5.286818E-18	5.248986E-19
3.613833E+03	5.505439E-18	5.453479E-19
3.653443E+03	5.709416E-18	5.642373E-19
3.693053E+03	5.895562E-18	5.812613E-19
3.732664E+03	6.063049E-18	5.963494E-19
3.772274E+03	6.212691E-18	6.095936E-19
3.811884E+03	6.346221E-18	6.211748E-19
3.851494E+03	6.465809E-18	6.313156E-19
3.891105E+03	6.573970E-18	6.402701E-19
3.930715E+03	6.673076E-18	6.482762E-19
3.970325E+03	6.765433E-18	6.555633E-19
4.009935E+03	6.853051E-18	6.623299E-19
4.049545E+03	6.937674E-18	6.687468E-19
4.089156E+03	7.020639E-18	6.749442E-19
4.128766E+03	7.102854E-18	6.810098E-19
4.168376E+03	7.184663E-18	6.869762E-19
4.207986E+03	7.265564E-18	6.927952E-19
4.247597E+03	7.344075E-18	6.983259E-19
4.287207E+03	7.417775E-18	7.033399E-19
4.326817E+03	7.483720E-18	7.075620E-19
4.366427E+03	7.541278E-18	7.109383E-19
4.406038E+03	7.594182E-18	7.138261E-19
4.445648E+03	7.646348E-18	7.165958E-19
4.485258E+03	7.700597E-18	7.195109E-19
4.524868E+03	7.758651E-18	7.227295E-19
4.564479E+03	7.821820E-18	7.263695E-19
4.604089E+03	7.891269E-18	7.305338E-19
4.643699E+03	7.968877E-18	7.353896E-19
4.683309E+03	8.056737E-18	7.411213E-19
4.722919E+03	8.154510E-18	7.476883E-19
4.762530E+03	8.260627E-18	7.549372E-19
4.802140E+03	8.373612E-18	7.627252E-19
4.841750E+03	8.492030E-18	7.709145E-19
4.881360E+03	8.614044E-18	7.793329E-19
4.920971E+03	8.738020E-18	7.878288E-19
4.960581E+03	8.861929E-18	7.962167E-19
5.000191E+03	8.983848E-18	8.043235E-19
5.039801E+03	9.101871E-18	8.119796E-19
5.079412E+03	9.214117E-18	8.190207E-19
5.119022E+03	9.319156E-18	8.253245E-19
5.158632E+03	9.415401E-18	8.307572E-19
5.198242E+03	9.502001E-18	8.352514E-19
5.237853E+03	9.578372E-18	8.387649E-19
5.277463E+03	9.644582E-18	8.413130E-19
5.317073E+03	9.701798E-18	8.430067E-19
5.356683E+03	9.753041E-18	8.441159E-19
5.396293E+03	9.803594E-18	8.451019E-19
5.435904E+03	9.857787E-18	8.463362E-19
5.475514E+03	9.912683E-18	8.475636E-19
5.515124E+03	9.965569E-18	8.485515E-19
5.554734E+03	1.001713E-17	8.493593E-19
5.594345E+03	1.007045E-17	8.502492E-19
5.633955E+03	1.012925E-17	8.515310E-19
5.673565E+03	1.019765E-17	8.535426E-19
5.713175E+03	1.027912E-17	8.565621E-19
5.752786E+03	1.037640E-17	8.608018E-19
5.792396E+03	1.049179E-17	8.664320E-19
5.832006E+03	1.062634E-17	8.735187E-19
5.871616E+03	1.078037E-17	8.820643E-19
5.911227E+03	1.095295E-17	8.919691E-19
5.950837E+03	1.114187E-17	9.030319E-19
5.990447E+03	1.134328E-17	9.149205E-19
6.030057E+03	1.155158E-17	9.271691E-19
6.069667E+03	1.175784E-17	9.390541E-19
6.109278E+03	1.194900E-17	9.495377E-19
6.148888E+03	1.210570E-17	9.571071E-19
6.188498E+03	1.222556E-17	9.616140E-19
6.228108E+03	1.232645E-17	9.645013E-19
6.267719E+03	1.242142E-17	9.668067E-19
6.307329E+03	1.251861E-17	9.691664E-19
6.346939E+03	1.261830E-17	9.715986E-19
6.386549E+03	1.271442E-17	9.736340E-19
6.426160E+03	1.281304E-17	9.757399E-19
6.465770E+03	1.292569E-17	9.787835E-19
6.505380E+03	1.305830E-17	9.831935E-19
6.544990E+03	1.321441E-17	9.892077E-19
6.584601E+03	1.339557E-17	9.969092E-19
6.624211E+03	1.360302E-17	1.006355E-18
6.663821E+03	1.383753E-17	1.017566E-18
6.703431E+03	1.409909E-17	1.030502E-18
6.743041E+03	1.438741E-17	1.045105E-18
6.782652E+03	1.470250E-17	1.061337E-18
6.822262E+03	1.504263E-17	1.079034E-18
6.861872E+03	1.540717E-17	1.098114E-18
6.901482E+03	1.579370E-17	1.118370E-18
6.941093E+03	1.620021E-17	1.139625E-18
6.980703E+03	1.662398E-17	1.161660E-18
7.020313E+03	1.706157E-17	1.184207E-18
7.059923E+03	1.750920E-17	1.206982E-18
7.099534E+03	1.796343E-17	1.229734E-18
7.139144E+03	1.841919E-17	1.252104E-18
7.178754E+03	1.887346E-17	1.273881E-18
7.218364E+03	1.932246E-17	1.294813E-18
7.257975E+03	1.976377E-17	1.314742E-18
7.297585E+03	2.019705E-17	1.333654E-18
7.337195E+03	2.062395E-17	1.351666E-18
7.376805E+03	2.105368E-17	1.369385E-18
7.416415E+03	2.148922E-17	1.386995E-18
7.456026E+03	2.192682E-17	1.404244E-18
7.495636E+03	2.236606E-17	1.421101E-18
7.535246E+03	2.280514E-17	1.437447E-18
7.574856E+03	2.324242E-17	1.453179E-18
7.614467E+03	2.367469E-17	1.468096E-18
7.654077E+03	2.409952E-17	1.482057E-18
7.693687E+03	2.451127E-17	1.494725E-18
7.733297E+03	2.490559E-17	1.505858E-18
7.772908E+03	2.527920E-17	1.515282E-18
7.812518E+03	2.562813E-17	1.522793E-18
7.852128E+03	2.595250E-17	1.528436E-18
7.891738E+03	2.625688E-17	1.532514E-18
7.931349E+03	2.654869E-17	1.535488E-18
7.970959E+03	2.682133E-17	1.537000E-18
8.010569E+03	2.707300E-17	1.536977E-18
8.050179E+03	2.730452E-17	1.535500E-18
8.089789E+03	2.751915E-17	1.532783E-18
8.129400E+03	2.772219E-17	1.529147E-18
8.169010E+03	2.791894E-17	1.524900E-18
8.208620E+03	2.811655E-17	1.520442E-18
8.248230E+03	2.832284E-17	1.516190E-18
8.287841E+03	2.854510E-17	1.512519E-18
8.327451E+03	2.878892E-17	1.509699E-18
8.367061E+03	2.905968E-17	1.507975E-18
8.406671E+03	2.936072E-17	1.507477E-18
8.446282E+03	2.969429E-17	1.508273E-18
8.485892E+03	3.006155E-17	1.510369E-18
8.525502E+03	3.046278E-17	1.513729E-18
8.565112E+03	3.089658E-17	1.518231E-18
8.604723E+03	3.135985E-17	1.523676E-18
8.644333E+03	3.184970E-17	1.529881E-18
8.683943E+03	3.235928E-17	1.536483E-18
8.723553E+03	3.287821E-17	1.542968E-18
8.763163E+03	3.338711E-17	1.548430E-18
8.802774E+03	3.388257E-17	1.552739E-18
8.842384E+03	3.438486E-17	1.556842E-18
8.881994E+03	3.491385E-17	1.561629E-18
8.921604E+03	3.547970E-17	1.567515E-18
8.961215E+03	3.609169E-17	1.574859E-18
9.000825E+03	3.675390E-17	1.583775E-18
9.040435E+03	3.747020E-17	1.594363E-18
9.080045E+03	3.824618E-17	1.606787E-18
9.119656E+03	3.908678E-17	1.621177E-18
9.159266E+03	3.998780E-17	1.637281E-18
9.198876E+03	4.095222E-17	1.655149E-18
9.238486E+03	4.198020E-17	1.674716E-18
9.278097E+03	4.306773E-17	1.695758E-18
9.317707E+03	4.420994E-17	1.718030E-18
9.357317E+03	4.540590E-17	1.741452E-18
9.396927E+03	4.664179E-17	1.765466E-18
9.436537E+03	4.790946E-17	1.789757E-18
9.476148E+03	4.919710E-17	1.813897E-18
9.515758E+03	5.049511E-17	1.837568E-18
9.555368E+03	5.178065E-17	1.859999E-18
9.594978E+03	5.304629E-17	1.881013E-18
9.634589E+03	5.426810E-17	1.899873E-18
9.674199E+03	5.543698E-17	1.916402E-18
9.713809E+03	5.653854E-17	1.930257E-18
9.753419E+03	5.755592E-17	1.941040E-18
9.793030E+03	5.848272E-17	1.948728E-18
9.832640E+03	5.931073E-17	1.953243E-18
9.872250E+03	6.003369E-17	1.954583E-18
9.911857E+03	6.065240E-17	1.952977E-18
9.951468E+03	6.115947E-17	1.948381E-18
9.991078E+03	6.155403E-17	1.940962E-18
1.003069E+04	6.184247E-17	1.931105E-18
1.007030E+04	6.202723E-17	1.919053E-18
1.010991E+04	6.211130E-17	1.905052E-18
1.014952E+04	6.210391E-17	1.889521E-18
1.018913E+04	6.200167E-17	1.872477E-18
1.022874E+04	6.181961E-17	1.854477E-18
1.026835E+04	6.155450E-17	1.835509E-18
1.030796E+04	6.121844E-17	1.816001E-18
1.034757E+04	6.081951E-17	1.796238E-18
1.038718E+04	6.036288E-17	1.776358E-18
1.042679E+04	6.102587E-17	1.790859E-18
1.046640E+04	6.161751E-17	1.804594E-18
1.050601E+04	6.214349E-17	1.817737E-18
1.054562E+04	6.260681E-17	1.830372E-18
1.058523E+04	6.300755E-17	1.842486E-18
1.062484E+04	6.334344E-17	1.853984E-18
1.066445E+04	6.361045E-17	1.864709E-18
1.070406E+04	6.380351E-17	1.874465E-18
1.074367E+04	6.391716E-17	1.883031E-18
1.078328E+04	6.394605E-17	1.890180E-18
1.082289E+04	6.388555E-17	1.895694E-18
1.086250E+04	6.373225E-17	1.899384E-18
1.090211E+04	6.348446E-17	1.901101E-18
1.094172E+04	6.314267E-17	1.900756E-18
1.098133E+04	6.270979E-17	1.898328E-18
1.102094E+04	6.219116E-17	1.893867E-18
1.106055E+04	6.159437E-17	1.887493E-18
1.110016E+04	6.092872E-17	1.879383E-18
1.113977E+04	6.020474E-17	1.869759E-18
1.117938E+04	5.943352E-17	1.858869E-18
1.121900E+04	5.862622E-17	1.846976E-18
1.125861E+04	5.779374E-17	1.834346E-18
1.129822E+04	5.694655E-17	1.821242E-18
1.133783E+04	5.609458E-17	1.807926E-18
1.137744E+04	5.524731E-17	1.794657E-18
1.141705E+04	5.441388E-17	1.781697E-18
1.145666E+04	5.360332E-17	1.769317E-18
1.149627E+04	5.282470E-17	1.757803E-18
1.153588E+04	5.208724E-17	1.747458E-18
1.157549E+04	5.140036E-17	1.738609E-18
1.161510E+04	5.077329E-17	1.731586E-18
1.165471E+04	5.021478E-17	1.726720E-18
1.169432E+04	4.973246E-17	1.724313E-18
1.173393E+04	4.933229E-17	1.724624E-18
1.177354E+04	4.901802E-17	1.727841E-18
1.181315E+04	4.879080E-17	1.734068E-18
1.185276E+04	4.864878E-17	1.743304E-18
1.189237E+04	4.858690E-17	1.755434E-18
1.193198E+04	4.859677E-17	1.770214E-18
1.197159E+04	4.866643E-17	1.787265E-18
1.201120E+04	4.878037E-17	1.806060E-18
1.205081E+04	4.891958E-17	1.825928E-18
1.209042E+04	4.906172E-17	1.846045E-18
1.213003E+04	4.918143E-17	1.865452E-18
1.216964E+04	4.925105E-17	1.883068E-18
1.220925E+04	4.924166E-17	1.897733E-18
1.224886E+04	4.912488E-17	1.908271E-18
1.228847E+04	4.887548E-17	1.913590E-18
1.232808E+04	4.847477E-17	1.912817E-18
1.236769E+04	4.791502E-17	1.905492E-18
1.240730E+04	4.720443E-17	1.891784E-18
1.244691E+04	4.636449E-17	1.872410E-18
1.248652E+04	4.542427E-17	1.848423E-18
1.252613E+04	4.441645E-17	1.821060E-18
1.256574E+04	4.337410E-17	1.791619E-18
1.260535E+04	4.232856E-17	1.761365E-18
1.264496E+04	4.130797E-17	1.731469E-18
1.268457E+04	4.033655E-17	1.702974E-18
1.272418E+04	3.943436E-17	1.676774E-18
1.276379E+04	3.861730E-17	1.653610E-18
1.280340E+04	3.789741E-17	1.634076E-18
1.284301E+04	3.728316E-17	1.618624E-18
1.288262E+04	3.677990E-17	1.607583E-18
1.292224E+04	3.639026E-17	1.601162E-18
1.296185E+04	3.611456E-17	1.599475E-18
1.300146E+04	3.595122E-17	1.602547E-18
1.304107E+04	3.589702E-17	1.610328E-18
1.308068E+04	3.594741E-17	1.622702E-18
1.312029E+04	3.609673E-17	1.639498E-18
1.315990E+04	3.633827E-17	1.660486E-18
1.319951E+04	3.666426E-17	1.685382E-18
1.323912E+04	3.706594E-17	1.713843E-18
1.327873E+04	3.753346E-17	1.745468E-18
1.331834E+04	3.805598E-17	1.779795E-18
1.335795E+04	3.862167E-17	1.816305E-18
1.339756E+04	3.921782E-17	1.854424E-18
1.343717E+04	3.983110E-17	1.893534E-18
1.347678E+04	4.044775E-17	1.932985E-18
1.351639E+04	4.105397E-17	1.972109E-18
1.355600E+04	4.163637E-17	2.010244E-18
1.359561E+04	4.218229E-17	2.046754E-18
1.363522E+04	4.268038E-17	2.081054E-18
1.367483E+04	4.312081E-17	2.112622E-18
1.371444E+04	4.349562E-17	2.141024E-18
1.375405E+04	4.379879E-17	2.165913E-18
1.379366E+04	4.402628E-17	2.187037E-18
1.383327E+04	4.417590E-17	2.204235E-18
1.387288E+04	4.424732E-17	2.217440E-18
1.391249E+04	4.424187E-17	2.226670E-18
1.395210E+04	4.416248E-17	2.232023E-18
1.399171E+04	4.401339E-17	2.233672E-18
1.403132E+04	4.380001E-17	2.231853E-18
1.407093E+04	4.352876E-17	2.226858E-18
1.411054E+04	4.320682E-17	2.219029E-18
1.415015E+04	4.284215E-17	2.208750E-18
1.418976E+04	4.244337E-17	2.196449E-18
1.422937E+04	4.201965E-17	2.182588E-18
1.426898E+04	4.158068E-17	2.167666E-18
1.430859E+04	4.113660E-17	2.152212E-18
1.434820E+04	4.069778E-17	2.136775E-18
1.438781E+04	4.027457E-17	2.121911E-18
1.442742E+04	3.987701E-17	2.108165E-18
1.446703E+04	3.951433E-17	2.096050E-18
1.450664E+04	3.919479E-17	2.086030E-18
1.454625E+04	3.892536E-17	2.078507E-18
1.458587E+04	3.871165E-17	2.073814E-18
1.462548E+04	3.855777E-17	2.072208E-18
1.466509E+04	3.846637E-17	2.073868E-18
1.470470E+04	3.843850E-17	2.078890E-18
1.474431E+04	3.847367E-17	2.087285E-18
1.478392E+04	3.856981E-17	2.098978E-18
1.482353E+04	3.872335E-17	2.113812E-18
1.486314E+04	3.892921E-17	2.131542E-18
1.490275E+04	3.918094E-17	2.151848E-18
1.494236E+04	3.947084E-17	2.174334E-18
1.498197E+04	3.979015E-17	2.198543E-18
1.502158E+04	4.012935E-17	2.223969E-18
1.506119E+04	4.047846E-17	2.250075E-18
1.510080E+04	4.082746E-17	2.276316E-18
1.514041E+04	4.116671E-17	2.302160E-18
1.518002E+04	4.148733E-17	2.327114E-18
1.521963E+04	4.178160E-17	2.350743E-18
1.525924E+04	4.204321E-17	2.372687E-18
1.529885E+04	4.226732E-17	2.392665E-18
1.533846E+04	4.245057E-17	2.410477E-18
1.537807E+04	4.259090E-17	2.425993E-18
1.541768E+04	4.268726E-17	2.439142E-18
1.545729E+04	4.273945E-17	2.449896E-18
1.549690E+04	4.274782E-17	2.458262E-18
1.553651E+04	4.271324E-17	2.464275E-18
1.557612E+04	4.263701E-17	2.467995E-18
1.561573E+04	4.252082E-17	2.469506E-18
1.565534E+04	4.236666E-17	2.468908E-18
1.569495E+04	4.217667E-17	2.466311E-18
1.573456E+04	4.195283E-17	2.461816E-18
1.577417E+04	4.169659E-17	2.455496E-18
1.581378E+04	4.140833E-17	2.447358E-18
1.585339E+04	4.108700E-17	2.437324E-18
1.589300E+04	4.072970E-17	2.425204E-18
1.593261E+04	4.033166E-17	2.410693E-18
1.597222E+04	3.988654E-17	2.393384E-18
1.601183E+04	3.938730E-17	2.372810E-18
1.605144E+04	3.882785E-17	2.348551E-18
1.609105E+04	3.820531E-17	2.320376E-18
1.613066E+04	3.752391E-17	2.288480E-18
1.617027E+04	3.679655E-17	2.253593E-18
1.620988E+04	3.604002E-17	2.216699E-18
1.624949E+04	3.527170E-17	2.178831E-18
1.628911E+04	3.450756E-17	2.140958E-18
1.632872E+04	3.376111E-17	2.103909E-18
1.636833E+04	3.304305E-17	2.068355E-18
1.640794E+04	3.236112E-17	2.034792E-18
1.644755E+04	3.172033E-17	2.003558E-18
1.648716E+04	3.112330E-17	1.974840E-18
1.652677E+04	3.057058E-17	1.948702E-18
1.656638E+04	3.006116E-17	1.925108E-18
1.660599E+04	2.959280E-17	1.903943E-18
1.664560E+04	2.916250E-17	1.885043E-18
1.668521E+04	2.876670E-17	1.868201E-18
1.672482E+04	2.840150E-17	1.853189E-18
1.676443E+04	2.806288E-17	1.839764E-18
1.680404E+04	2.774670E-17	1.827673E-18
1.684365E+04	2.744887E-17	1.816658E-18
1.688326E+04	2.716541E-17	1.806469E-18
1.692287E+04	2.689260E-17	1.796864E-18
1.696248E+04	2.662711E-17	1.787625E-18
1.700209E+04	2.636606E-17	1.778560E-18
1.704170E+04	2.610713E-17	1.769513E-18
1.708131E+04	2.584863E-17	1.760365E-18
1.712092E+04	2.558949E-17	1.751040E-18
1.716053E+04	2.532927E-17	1.741503E-18
1.720014E+04	2.506818E-17	1.731763E-18
1.723975E+04	2.480708E-17	1.721877E-18
1.727936E+04	2.454747E-17	1.711946E-18
1.731897E+04	2.429145E-17	1.702113E-18
1.735858E+04	2.404170E-17	1.692570E-18
1.739819E+04	2.380132E-17	1.683538E-18
1.743780E+04	2.357389E-17	1.675279E-18
1.747741E+04	2.336314E-17	1.668070E-18
1.751702E+04	2.317295E-17	1.662203E-18
1.755663E+04	2.300712E-17	1.657970E-18
1.759624E+04	2.286918E-17	1.655649E-18
1.763585E+04	2.276238E-17	1.655502E-18
1.767546E+04	2.268941E-17	1.657756E-18
1.771507E+04	2.265245E-17	1.662602E-18
1.775468E+04	2.265304E-17	1.670188E-18
1.779429E+04	2.269196E-17	1.680608E-18
1.783390E+04	2.276925E-17	1.693901E-18
1.787351E+04	2.288412E-17	1.710045E-18
1.791312E+04	2.303487E-17	1.728948E-18
1.795274E+04	2.321896E-17	1.750453E-18
1.799235E+04	2.343299E-17	1.774334E-18
1.803196E+04	2.367279E-17	1.800300E-18
1.807157E+04	2.393351E-17	1.828007E-18
1.811118E+04	2.420980E-17	1.857061E-18
1.815079E+04	2.449594E-17	1.887036E-18
1.819040E+04	2.478605E-17	1.917485E-18
1.823001E+04	2.507425E-17	1.947953E-18
1.826962E+04	2.535484E-17	1.977990E-18
1.830923E+04	2.562244E-17	2.007167E-18
1.834884E+04	2.587208E-17	2.035078E-18
1.838845E+04	2.609933E-17	2.061353E-18
1.842806E+04	2.630032E-17	2.085662E-18
1.846767E+04	2.647182E-17	2.107723E-18
1.850728E+04	2.661130E-17	2.127300E-18
1.854689E+04	2.671690E-17	2.144215E-18
1.858650E+04	2.678745E-17	2.158338E-18
1.862611E+04	2.682248E-17	2.169598E-18
1.866572E+04	2.682216E-17	2.177974E-18
1.870533E+04	2.678734E-17	2.183502E-18
1.874494E+04	2.671945E-17	2.186264E-18
1.878455E+04	2.662060E-17	2.186403E-18
1.882416E+04	2.649348E-17	2.184114E-18
1.886377E+04	2.634144E-17	2.179645E-18
1.890338E+04	2.616836E-17	2.173297E-18
1.894299E+04	2.597861E-17	2.165414E-18
1.898260E+04	2.577681E-17	2.156369E-18
1.902221E+04	2.556779E-17	2.146557E-18
1.906182E+04	2.535637E-17	2.136377E-18
1.910143E+04	2.514716E-17	2.126219E-18
1.914104E+04	2.494454E-17	2.116456E-18
1.918065E+04	2.475243E-17	2.107428E-18
1.922026E+04	2.457434E-17	2.099445E-18
1.925987E+04	2.441316E-17	2.092767E-18
1.929948E+04	2.427121E-17	2.087611E-18
1.933909E+04	2.415015E-17	2.084135E-18
1.937870E+04	2.405090E-17	2.082438E-18
1.941831E+04	2.397373E-17	2.082563E-18
1.945792E+04	2.391821E-17	2.084491E-18
1.949753E+04	2.388330E-17	2.088149E-18
1.953714E+04	2.386737E-17	2.093412E-18
1.957675E+04	2.386834E-17	2.100113E-18
1.961636E+04	2.388381E-17	2.108055E-18
1.965598E+04	2.391118E-17	2.117017E-18
1.969559E+04	2.394777E-17	2.126773E-18
1.973520E+04	2.399091E-17	2.137092E-18
1.977481E+04	2.403801E-17	2.147747E-18
1.981442E+04	2.408652E-17	2.158513E-18
1.985403E+04	2.413385E-17	2.169158E-18
1.989364E+04	2.417728E-17	2.179436E-18
1.993325E+04	2.421397E-17	2.189087E-18
1.997286E+04	2.424089E-17	2.197830E-18
2.001247E+04	2.425488E-17	2.205371E-18
2.005208E+04	2.425291E-17	2.211422E-18
2.009169E+04	2.423213E-17	2.215713E-18
2.013130E+04	2.419022E-17	2.218016E-18
2.017091E+04	2.412555E-17	2.218165E-18
2.021052E+04	2.403729E-17	2.216067E-18
2.025013E+04	2.392548E-17	2.211708E-18
2.028974E+04	2.379096E-17	2.205150E-18
2.032935E+04	2.363522E-17	2.196516E-18
2.036896E+04	2.346024E-17	2.185973E-18
2.040857E+04	2.326821E-17	2.173716E-18
2.044818E+04	2.306138E-17	2.159944E-18
2.048779E+04	2.284194E-17	2.144851E-18
2.052740E+04	2.261182E-17	2.128613E-18
2.056701E+04	2.237273E-17	2.111384E-18
2.060662E+04	2.212610E-17	2.093294E-18
2.064623E+04	2.187317E-17	2.074458E-18
2.068584E+04	2.161502E-17	2.054975E-18
2.072545E+04	2.135265E-17	2.034939E-18
2.076506E+04	2.108703E-17	2.014440E-18
2.080467E+04	2.081915E-17	1.993572E-18
2.084428E+04	2.055002E-17	1.972433E-18
2.088389E+04	2.028074E-17	1.951129E-18
2.092350E+04	2.001250E-17	1.929775E-18
2.096311E+04	1.974659E-17	1.908500E-18
2.100272E+04	1.948444E-17	1.887444E-18
2.104233E+04	1.922764E-17	1.866765E-18
2.108194E+04	1.897794E-17	1.846639E-18
2.112155E+04	1.873727E-17	1.827260E-18
2.116116E+04	1.850769E-17	1.808836E-18
2.120077E+04	1.829131E-17	1.791580E-18
2.124038E+04	1.809006E-17	1.775693E-18
2.127999E+04	1.790540E-17	1.761329E-18
2.131961E+04	1.773754E-17	1.748517E-18
2.135922E+04	1.758491E-17	1.737117E-18
2.139883E+04	1.744517E-17	1.726904E-18
2.143844E+04	1.731563E-17	1.717622E-18
2.147805E+04	1.719351E-17	1.709001E-18
2.151766E+04	1.707615E-17	1.700780E-18
2.155727E+04	1.696103E-17	1.692712E-18
2.159688E+04	1.684590E-17	1.684573E-18
2.163649E+04	1.672879E-17	1.676167E-18
2.167610E+04	1.660806E-17	1.667328E-18
2.171571E+04	1.648234E-17	1.657916E-18
2.175532E+04	1.635055E-17	1.647821E-18
2.179493E+04	1.621184E-17	1.636954E-18
2.183454E+04	1.606556E-17	1.625246E-18
2.187415E+04	1.591128E-17	1.612649E-18
2.191376E+04	1.574877E-17	1.599136E-18
2.195337E+04	1.557805E-17	1.584705E-18
2.199298E+04	1.539942E-17	1.569382E-18
2.203259E+04	1.521344E-17	1.553223E-18
2.207220E+04	1.502095E-17	1.536308E-18
2.211181E+04	1.482300E-17	1.518743E-18
2.215142E+04	1.462084E-17	1.500654E-18
2.219103E+04	1.441583E-17	1.482180E-18
2.223064E+04	1.420946E-17	1.463473E-18
2.227025E+04	1.400327E-17	1.444692E-18
2.230986E+04	1.379880E-17	1.425998E-18
2.234947E+04	1.359760E-17	1.407553E-18
2.238908E+04	1.340114E-17	1.389511E-18
2.242869E+04	1.321082E-17	1.372022E-18
2.246830E+04	1.302788E-17	1.355219E-18
2.250791E+04	1.285346E-17	1.339223E-18
2.254752E+04	1.268848E-17	1.324137E-18
2.258713E+04	1.253372E-17	1.310048E-18
2.262674E+04	1.238974E-17	1.297020E-18
2.266635E+04	1.225696E-17	1.285103E-18
2.270596E+04	1.213562E-17	1.274328E-18
2.274557E+04	1.202578E-17	1.264708E-18
2.278518E+04	1.192740E-17	1.256243E-18
2.282479E+04	1.184025E-17	1.248916E-18
2.286440E+04	1.176403E-17	1.242702E-18
2.290401E+04	1.169834E-17	1.237561E-18
2.294362E+04	1.164269E-17	1.233450E-18
2.298323E+04	1.159661E-17	1.230322E-18
2.302285E+04	1.155960E-17	1.228128E-18
2.306246E+04	1.153116E-17	1.226820E-18
2.310207E+04	1.151087E-17	1.226356E-18
2.314168E+04	1.149829E-17	1.226695E-18
2.318129E+04	1.149309E-17	1.227804E-18
2.322090E+04	1.149491E-17	1.229648E-18
2.326051E+04	1.150347E-17	1.232199E-18
2.330012E+04	1.151844E-17	1.235427E-18
2.333973E+04	1.153952E-17	1.239299E-18
2.337934E+04	1.156635E-17	1.243781E-18
2.341895E+04	1.159858E-17	1.248839E-18
2.345856E+04	1.163584E-17	1.254432E-18
2.349817E+04	1.167775E-17	1.260524E-18
2.353778E+04	1.172391E-17	1.267072E-18
2.357739E+04	1.177390E-17	1.274032E-18
2.361700E+04	1.182729E-17	1.281359E-18
2.365661E+04	1.188364E-17	1.289008E-18
2.369622E+04	1.194253E-17	1.296931E-18
2.373583E+04	1.200354E-17	1.305087E-18
2.377544E+04	1.206628E-17	1.313431E-18
2.381505E+04	1.213038E-17	1.321926E-18
2.385466E+04	1.219546E-17	1.330529E-18
2.389427E+04	1.226115E-17	1.339201E-18
2.393388E+04	1.232703E-17	1.347896E-18
2.397349E+04	1.239268E-17	1.356567E-18
2.401310E+04	1.245764E-17	1.365164E-18
2.405271E+04	1.252145E-17	1.373636E-18
2.409232E+04	1.258361E-17	1.381927E-18
2.413193E+04	1.264365E-17	1.389985E-18
2.417154E+04	1.270110E-17	1.397759E-18
2.421115E+04	1.275553E-17	1.405198E-18
2.425076E+04	1.280655E-17	1.412261E-18
