#wls	flux	fluxerr
3.257341E+03	4.771560E-16	2.135409E-17
3.296951E+03	3.767210E-16	1.654402E-17
3.336561E+03	2.975464E-16	1.282016E-17
3.376171E+03	2.355685E-16	9.956229E-18
3.415782E+03	1.873747E-16	7.767011E-18
3.455392E+03	1.501376E-16	6.102815E-18
3.495002E+03	1.215466E-16	4.844177E-18
3.534612E+03	9.973764E-17	3.896897E-18
3.574223E+03	8.322772E-17	3.187606E-18
3.613833E+03	7.085502E-17	2.659913E-18
3.653443E+03	6.172793E-17	2.271180E-18
3.693053E+03	5.518257E-17	1.989889E-18
3.732664E+03	5.074980E-17	1.793553E-18
3.772274E+03	4.813031E-17	1.667086E-18
3.811884E+03	4.713480E-17	1.600108E-18
3.851494E+03	4.753417E-17	1.581579E-18
3.891105E+03	4.912808E-17	1.602144E-18
3.930715E+03	5.179260E-17	1.655524E-18
3.970325E+03	5.544775E-17	1.737231E-18
4.009935E+03	6.002768E-17	1.843490E-18
4.049545E+03	6.545895E-17	1.970537E-18
4.089156E+03	7.164595E-17	2.114194E-18
4.128766E+03	7.846209E-17	2.269675E-18
4.168376E+03	8.574804E-17	2.431606E-18
4.207986E+03	9.331798E-17	2.594281E-18
4.247597E+03	1.009736E-16	2.752090E-18
4.287207E+03	1.085250E-16	2.900101E-18
4.326817E+03	1.158180E-16	3.034718E-18
4.366427E+03	1.227563E-16	3.154149E-18
4.406038E+03	1.292550E-16	3.257070E-18
4.445648E+03	1.351258E-16	3.339751E-18
4.485258E+03	1.401828E-16	3.398856E-18
4.524868E+03	1.443158E-16	3.433141E-18
4.564479E+03	1.475126E-16	3.443776E-18
4.604089E+03	1.498780E-16	3.434565E-18
4.643699E+03	1.516670E-16	3.412449E-18
4.683309E+03	1.533376E-16	3.388394E-18
4.722919E+03	1.556054E-16	3.378211E-18
4.762530E+03	1.593511E-16	3.400164E-18
4.802140E+03	1.654975E-16	3.472221E-18
4.841750E+03	1.741884E-16	3.595158E-18
4.881360E+03	1.847228E-16	3.752646E-18
4.920971E+03	1.962731E-16	3.926913E-18
4.960581E+03	2.079526E-16	4.100026E-18
5.000191E+03	2.188202E-16	4.253995E-18
5.039801E+03	2.279458E-16	4.372012E-18
5.079412E+03	2.345260E-16	4.440505E-18
5.119022E+03	2.380012E-16	4.451039E-18
5.158632E+03	2.381400E-16	4.401539E-18
5.198242E+03	2.350716E-16	4.296466E-18
5.237853E+03	2.292791E-16	4.146348E-18
5.277463E+03	2.215793E-16	3.967116E-18
5.317073E+03	2.130766E-16	3.779071E-18
5.356683E+03	2.049232E-16	3.602512E-18
5.396293E+03	1.975688E-16	3.444724E-18
5.435904E+03	1.911988E-16	3.308225E-18
5.475514E+03	1.863406E-16	3.201402E-18
5.515124E+03	1.836668E-16	3.134895E-18
5.554734E+03	1.830124E-16	3.104933E-18
5.594345E+03	1.835872E-16	3.097402E-18
5.633955E+03	1.847720E-16	3.101461E-18
5.673565E+03	1.861708E-16	3.110275E-18
5.713175E+03	1.875445E-16	3.119783E-18
5.752786E+03	1.887487E-16	3.127593E-18
5.792396E+03	1.896847E-16	3.132125E-18
5.832006E+03	1.902595E-16	3.131943E-18
5.871616E+03	1.903584E-16	3.125277E-18
5.911227E+03	1.898296E-16	3.109787E-18
5.950837E+03	1.884858E-16	3.082567E-18
5.990447E+03	1.861275E-16	3.040518E-18
6.030057E+03	1.825973E-16	2.981202E-18
6.069667E+03	1.778821E-16	2.904426E-18
6.109278E+03	1.722684E-16	2.814744E-18
6.148888E+03	1.665194E-16	2.724463E-18
6.188498E+03	1.618570E-16	2.653445E-18
6.228108E+03	1.587108E-16	2.608656E-18
6.267719E+03	1.563780E-16	2.578515E-18
6.307329E+03	1.546461E-16	2.559483E-18
6.346939E+03	1.539681E-16	2.559083E-18
6.386549E+03	1.552055E-16	2.591811E-18
6.426160E+03	1.585207E-16	2.660659E-18
6.465770E+03	1.631066E-16	2.752344E-18
6.505380E+03	1.682107E-16	2.854254E-18
6.544990E+03	1.732621E-16	2.956602E-18
6.584601E+03	1.778247E-16	3.051689E-18
6.624211E+03	1.815700E-16	3.133502E-18
6.663821E+03	1.842687E-16	3.197626E-18
6.703431E+03	1.857886E-16	3.241274E-18
6.743041E+03	1.860901E-16	3.263274E-18
6.782652E+03	1.852176E-16	3.263954E-18
6.822262E+03	1.832803E-16	3.244868E-18
6.861872E+03	1.804286E-16	3.208392E-18
6.901482E+03	1.768311E-16	3.157323E-18
6.941093E+03	1.726560E-16	3.094558E-18
6.980703E+03	1.680617E-16	3.022899E-18
7.020313E+03	1.631928E-16	2.944977E-18
7.059923E+03	1.581787E-16	2.863204E-18
7.099534E+03	1.531314E-16	2.779727E-18
7.139144E+03	1.481433E-16	2.696361E-18
7.178754E+03	1.432827E-16	2.614509E-18
7.218364E+03	1.385926E-16	2.535122E-18
7.257975E+03	1.340949E-16	2.458767E-18
7.297585E+03	1.298029E-16	2.385850E-18
7.337195E+03	1.257443E-16	2.317039E-18
7.376805E+03	1.219969E-16	2.253918E-18
7.416415E+03	1.187363E-16	2.199896E-18
7.456026E+03	1.162724E-16	2.160860E-18
7.495636E+03	1.148464E-16	2.141474E-18
7.535246E+03	1.141397E-16	2.135998E-18
7.574856E+03	1.138092E-16	2.138154E-18
7.614467E+03	1.137286E-16	2.145646E-18
7.654077E+03	1.137856E-16	2.156412E-18
7.693687E+03	1.140663E-16	2.172117E-18
7.733297E+03	1.148710E-16	2.198474E-18
7.772908E+03	1.162566E-16	2.236572E-18
7.812518E+03	1.178221E-16	2.278671E-18
7.852128E+03	1.190153E-16	2.313920E-18
7.891738E+03	1.195240E-16	2.335941E-18
7.931349E+03	1.192560E-16	2.342546E-18
7.970959E+03	1.182573E-16	2.334260E-18
8.010569E+03	1.166466E-16	2.313097E-18
8.050179E+03	1.145718E-16	2.281723E-18
8.089789E+03	1.121826E-16	2.242924E-18
8.129400E+03	1.096159E-16	2.199319E-18
8.169010E+03	1.069899E-16	2.153211E-18
8.208620E+03	1.044032E-16	2.106558E-18
8.248230E+03	1.019352E-16	2.060971E-18
8.287841E+03	9.964891E-17	2.017751E-18
8.327451E+03	9.759287E-17	1.977917E-18
8.367061E+03	9.580348E-17	1.942244E-18
8.406671E+03	9.430726E-17	1.911299E-18
8.446282E+03	9.312308E-17	1.885482E-18
8.485892E+03	9.226405E-17	1.865061E-18
8.525502E+03	9.173940E-17	1.850206E-18
8.565112E+03	9.155530E-17	1.841006E-18
8.604723E+03	9.171469E-17	1.837461E-18
8.644333E+03	9.221584E-17	1.839457E-18
8.683943E+03	9.304890E-17	1.846698E-18
8.723553E+03	9.419174E-17	1.858630E-18
8.763163E+03	9.560534E-17	1.874360E-18
8.802774E+03	9.723150E-17	1.892626E-18
8.842384E+03	9.899404E-17	1.911845E-18
8.881994E+03	1.008057E-16	1.930263E-18
8.921604E+03	1.025835E-16	1.946270E-18
8.961215E+03	1.042767E-16	1.958932E-18
9.000825E+03	1.059172E-16	1.968905E-18
9.040435E+03	1.077007E-16	1.979841E-18
9.080045E+03	1.100873E-16	2.000046E-18
9.119656E+03	1.136696E-16	2.039797E-18
9.159266E+03	1.181980E-16	2.093890E-18
9.198876E+03	1.230309E-16	2.150424E-18
9.238486E+03	1.276882E-16	2.200782E-18
9.278097E+03	1.318642E-16	2.239770E-18
9.317707E+03	1.353718E-16	2.264502E-18
9.357317E+03	1.381033E-16	2.273624E-18
9.396927E+03	1.400064E-16	2.266839E-18
9.436537E+03	1.410701E-16	2.244612E-18
9.476148E+03	1.413162E-16	2.207985E-18
9.515758E+03	1.407924E-16	2.158430E-18
9.555368E+03	1.395697E-16	2.097760E-18
9.594978E+03	1.377418E-16	2.028085E-18
9.634589E+03	1.354323E-16	1.951876E-18
9.674199E+03	1.328154E-16	1.872195E-18
9.713809E+03	1.301591E-16	1.793200E-18
9.753419E+03	1.279075E-16	1.721097E-18
9.793030E+03	1.267846E-16	1.665208E-18
9.832640E+03	1.275797E-16	1.634750E-18
9.872250E+03	1.299391E-16	1.623589E-18
9.911857E+03	1.329596E-16	1.619394E-18
9.951468E+03	1.359899E-16	1.614019E-18
9.991078E+03	1.385938E-16	1.602704E-18
1.003069E+04	1.404545E-16	1.582624E-18
1.007030E+04	1.413193E-16	1.552086E-18
1.010991E+04	1.409796E-16	1.510171E-18
1.014952E+04	1.392709E-16	1.456621E-18
1.018913E+04	1.360873E-16	1.391854E-18
1.022874E+04	1.314051E-16	1.317034E-18
1.026835E+04	1.253156E-16	1.234207E-18
1.030796E+04	1.180692E-16	1.146557E-18
1.034757E+04	1.101566E-16	1.059034E-18
1.038718E+04	1.024725E-16	9.798851E-19
1.042679E+04	9.660730E-17	9.236135E-19
1.046640E+04	9.478601E-17	9.108973E-19
1.050601E+04	9.706543E-17	9.422048E-19
1.054562E+04	1.011658E-16	9.959686E-19
1.058523E+04	1.055641E-16	1.057492E-18
1.062484E+04	1.095550E-16	1.119449E-18
1.066445E+04	1.128585E-16	1.178280E-18
1.070406E+04	1.153949E-16	1.232193E-18
1.074367E+04	1.171794E-16	1.280273E-18
1.078328E+04	1.182730E-16	1.322100E-18
1.082289E+04	1.187581E-16	1.357577E-18
1.086250E+04	1.187255E-16	1.386833E-18
1.090211E+04	1.182659E-16	1.410152E-18
1.094172E+04	1.174652E-16	1.427925E-18
1.098133E+04	1.164007E-16	1.440596E-18
1.102094E+04	1.151410E-16	1.448639E-18
1.106055E+04	1.137451E-16	1.452532E-18
1.110016E+04	1.122638E-16	1.452755E-18
1.113977E+04	1.107410E-16	1.449779E-18
1.117938E+04	1.092142E-16	1.444062E-18
1.121900E+04	1.077154E-16	1.436045E-18
1.125861E+04	1.062717E-16	1.426143E-18
1.129822E+04	1.049057E-16	1.414738E-18
1.133783E+04	1.036351E-16	1.402175E-18
1.137744E+04	1.024740E-16	1.388756E-18
1.141705E+04	1.014321E-16	1.374739E-18
1.145666E+04	1.005153E-16	1.360334E-18
1.149627E+04	9.972531E-17	1.345704E-18
1.153588E+04	9.906025E-17	1.330968E-18
1.157549E+04	9.851472E-17	1.316212E-18
1.161510E+04	9.808008E-17	1.301489E-18
1.165471E+04	9.774410E-17	1.286831E-18
1.169432E+04	9.749045E-17	1.272239E-18
1.173393E+04	9.729711E-17	1.257680E-18
1.177354E+04	9.713436E-17	1.243065E-18
1.181315E+04	9.696236E-17	1.228228E-18
1.185276E+04	9.672885E-17	1.212910E-18
1.189237E+04	9.636747E-17	1.196742E-18
1.193198E+04	9.579727E-17	1.179237E-18
1.197159E+04	9.492420E-17	1.159800E-18
1.201120E+04	9.364446E-17	1.137734E-18
1.205081E+04	9.185251E-17	1.112297E-18
1.209042E+04	8.945498E-17	1.082794E-18
1.213003E+04	8.639771E-17	1.048830E-18
1.216964E+04	8.271747E-17	1.010866E-18
1.220925E+04	7.864012E-17	9.714210E-19
1.224886E+04	7.475696E-17	9.373386E-19
1.228847E+04	7.223690E-17	9.228747E-19
1.232808E+04	7.227084E-17	9.438974E-19
1.236769E+04	7.400550E-17	9.908541E-19
1.240730E+04	7.612489E-17	1.047196E-18
1.244691E+04	7.796721E-17	1.103868E-18
1.248652E+04	7.930851E-17	1.157099E-18
1.252613E+04	8.013399E-17	1.205791E-18
1.256574E+04	8.051327E-17	1.250051E-18
1.260535E+04	8.054026E-17	1.290457E-18
1.264496E+04	8.030652E-17	1.327716E-18
1.268457E+04	7.989117E-17	1.362509E-18
1.272418E+04	7.935830E-17	1.395429E-18
1.276379E+04	7.875805E-17	1.426974E-18
1.280340E+04	7.812894E-17	1.457553E-18
1.284301E+04	7.750032E-17	1.487507E-18
1.288262E+04	7.689425E-17	1.517117E-18
1.292224E+04	7.632683E-17	1.546607E-18
1.296185E+04	7.580924E-17	1.576154E-18
1.300146E+04	7.534807E-17	1.605872E-18
1.304107E+04	7.494615E-17	1.635816E-18
1.308068E+04	7.460302E-17	1.665986E-18
1.312029E+04	7.431575E-17	1.696328E-18
1.315990E+04	7.408003E-17	1.726757E-18
1.319951E+04	7.389063E-17	1.757161E-18
1.323912E+04	7.374198E-17	1.787414E-18
1.327873E+04	7.362814E-17	1.817373E-18
1.331834E+04	7.354298E-17	1.846880E-18
1.335795E+04	7.348003E-17	1.875763E-18
1.339756E+04	7.343262E-17	1.903833E-18
1.343717E+04	7.339373E-17	1.930885E-18
1.347678E+04	7.335654E-17	1.956710E-18
1.351639E+04	7.331409E-17	1.981091E-18
1.355600E+04	7.325944E-17	2.003800E-18
1.359561E+04	7.318583E-17	2.024613E-18
1.363522E+04	7.308645E-17	2.043298E-18
1.367483E+04	7.295468E-17	2.059628E-18
1.371444E+04	7.278471E-17	2.073396E-18
1.375405E+04	7.257142E-17	2.084415E-18
1.379366E+04	7.231109E-17	2.092542E-18
1.383327E+04	7.200140E-17	2.097678E-18
1.387288E+04	7.164167E-17	2.099780E-18
1.391249E+04	7.123260E-17	2.098853E-18
1.395210E+04	7.077647E-17	2.094955E-18
1.399171E+04	7.027695E-17	2.088196E-18
1.403132E+04	6.973870E-17	2.078726E-18
1.407093E+04	6.916728E-17	2.066729E-18
1.411054E+04	6.856897E-17	2.052418E-18
1.415015E+04	6.795031E-17	2.036022E-18
1.418976E+04	6.731798E-17	2.017778E-18
1.422937E+04	6.667877E-17	1.997931E-18
1.426898E+04	6.603901E-17	1.976716E-18
1.430859E+04	6.540469E-17	1.954357E-18
1.434820E+04	6.478115E-17	1.931060E-18
1.438781E+04	6.417304E-17	1.907008E-18
1.442742E+04	6.358419E-17	1.882360E-18
1.446703E+04	6.301776E-17	1.857253E-18
1.450664E+04	6.247635E-17	1.831803E-18
1.454625E+04	6.196218E-17	1.806113E-18
1.458587E+04	6.147719E-17	1.780277E-18
1.462548E+04	6.102307E-17	1.754377E-18
1.466509E+04	6.060113E-17	1.728484E-18
1.470470E+04	6.021217E-17	1.702649E-18
1.474431E+04	5.985631E-17	1.676904E-18
1.478392E+04	5.953282E-17	1.651258E-18
1.482353E+04	5.923998E-17	1.625692E-18
1.486314E+04	5.897493E-17	1.600158E-18
1.490275E+04	5.873348E-17	1.574579E-18
1.494236E+04	5.851015E-17	1.548850E-18
1.498197E+04	5.829844E-17	1.522850E-18
1.502158E+04	5.809140E-17	1.496461E-18
1.506119E+04	5.788251E-17	1.469590E-18
1.510080E+04	5.766663E-17	1.442196E-18
1.514041E+04	5.744091E-17	1.414307E-18
1.518002E+04	5.720534E-17	1.386035E-18
1.521963E+04	5.696258E-17	1.357561E-18
1.525924E+04	5.671735E-17	1.329123E-18
1.529885E+04	5.647527E-17	1.300977E-18
1.533846E+04	5.624152E-17	1.273374E-18
1.537807E+04	5.601951E-17	1.246525E-18
1.541768E+04	5.580952E-17	1.220580E-18
1.545729E+04	5.560772E-17	1.195612E-18
1.549690E+04	5.540528E-17	1.171607E-18
1.553651E+04	5.518785E-17	1.148456E-18
1.557612E+04	5.493528E-17	1.125963E-18
1.561573E+04	5.462188E-17	1.103847E-18
1.565534E+04	5.421691E-17	1.081752E-18
1.569495E+04	5.368572E-17	1.059262E-18
1.573456E+04	5.299156E-17	1.035918E-18
1.577417E+04	5.209856E-17	1.011260E-18
1.581378E+04	5.097677E-17	9.848854E-19
1.585339E+04	4.961096E-17	9.565983E-19
1.589300E+04	4.801652E-17	9.266807E-19
1.593261E+04	4.626851E-17	8.964500E-19
1.597222E+04	4.455387E-17	8.692458E-19
1.601183E+04	4.324655E-17	8.520498E-19
1.605144E+04	4.286285E-17	8.550503E-19
1.609105E+04	4.334099E-17	8.774746E-19
1.613066E+04	4.414474E-17	9.089643E-19
1.617027E+04	4.493507E-17	9.426886E-19
1.620988E+04	4.556502E-17	9.754153E-19
1.624949E+04	4.599374E-17	1.005945E-18
1.628911E+04	4.623106E-17	1.034092E-18
1.632872E+04	4.630737E-17	1.060123E-18
1.636833E+04	4.625824E-17	1.084465E-18
1.640794E+04	4.611721E-17	1.107565E-18
1.644755E+04	4.591300E-17	1.129823E-18
1.648716E+04	4.566889E-17	1.151572E-18
1.652677E+04	4.540306E-17	1.173080E-18
1.656638E+04	4.512924E-17	1.194548E-18
1.660599E+04	4.485719E-17	1.216118E-18
1.664560E+04	4.459334E-17	1.237874E-18
1.668521E+04	4.434114E-17	1.259839E-18
1.672482E+04	4.410139E-17	1.281983E-18
1.676443E+04	4.387266E-17	1.304214E-18
1.680404E+04	4.365162E-17	1.326389E-18
1.684365E+04	4.343367E-17	1.348325E-18
1.688326E+04	4.321368E-17	1.369812E-18
1.692287E+04	4.298683E-17	1.390644E-18
1.696248E+04	4.274944E-17	1.410646E-18
1.700209E+04	4.249955E-17	1.429694E-18
1.704170E+04	4.223730E-17	1.447738E-18
1.708131E+04	4.196505E-17	1.464806E-18
1.712092E+04	4.168708E-17	1.481008E-18
1.716053E+04	4.140909E-17	1.496519E-18
1.720014E+04	4.113773E-17	1.511563E-18
1.723975E+04	4.088004E-17	1.526400E-18
1.727936E+04	4.064317E-17	1.541310E-18
1.731897E+04	4.043406E-17	1.556585E-18
1.735858E+04	4.025929E-17	1.572518E-18
1.739819E+04	4.012487E-17	1.589394E-18
1.743780E+04	4.003620E-17	1.607485E-18
1.747741E+04	3.999798E-17	1.627046E-18
1.751702E+04	4.001404E-17	1.648302E-18
1.755663E+04	4.008725E-17	1.671443E-18
1.759624E+04	4.021931E-17	1.696614E-18
1.763585E+04	4.041065E-17	1.723902E-18
1.767546E+04	4.066035E-17	1.753335E-18
1.771507E+04	4.096623E-17	1.784878E-18
1.775468E+04	4.132488E-17	1.818437E-18
1.779429E+04	4.173181E-17	1.853858E-18
1.783390E+04	4.218158E-17	1.890931E-18
1.787351E+04	4.266785E-17	1.929397E-18
1.791312E+04	4.318344E-17	1.968942E-18
1.795274E+04	4.372042E-17	2.009207E-18
1.799235E+04	4.427007E-17	2.049782E-18
1.803196E+04	4.482308E-17	2.090217E-18
1.807157E+04	4.536960E-17	2.130021E-18
1.811118E+04	4.589951E-17	2.168684E-18
1.815079E+04	4.640269E-17	2.205680E-18
1.819040E+04	4.686936E-17	2.240494E-18
1.823001E+04	4.729043E-17	2.272635E-18
1.826962E+04	4.765787E-17	2.301659E-18
1.830923E+04	4.796482E-17	2.327178E-18
1.834884E+04	4.820588E-17	2.348871E-18
1.838845E+04	4.837705E-17	2.366490E-18
1.842806E+04	4.847583E-17	2.379866E-18
1.846767E+04	4.850123E-17	2.388907E-18
1.850728E+04	4.845380E-17	2.393605E-18
1.854689E+04	4.833563E-17	2.394036E-18
1.858650E+04	4.815028E-17	2.390358E-18
1.862611E+04	4.790254E-17	2.382797E-18
1.866572E+04	4.759804E-17	2.371629E-18
1.870533E+04	4.724280E-17	2.357160E-18
1.874494E+04	4.684284E-17	2.339700E-18
1.878455E+04	4.640398E-17	2.319556E-18
1.882416E+04	4.593166E-17	2.297021E-18
1.886377E+04	4.543107E-17	2.272381E-18
1.890338E+04	4.490718E-17	2.245911E-18
1.894299E+04	4.436479E-17	2.217882E-18
1.898260E+04	4.380866E-17	2.188565E-18
1.902221E+04	4.324344E-17	2.158225E-18
1.906182E+04	4.267377E-17	2.127128E-18
1.910143E+04	4.210417E-17	2.095534E-18
1.914104E+04	4.153899E-17	2.063691E-18
1.918065E+04	4.098227E-17	2.031833E-18
1.922026E+04	4.043770E-17	2.000173E-18
1.925987E+04	3.990859E-17	1.968903E-18
1.929948E+04	3.939788E-17	1.938194E-18
1.933909E+04	3.890813E-17	1.908197E-18
1.937870E+04	3.844167E-17	1.879048E-18
1.941831E+04	3.800057E-17	1.850868E-18
1.945792E+04	3.758657E-17	1.823758E-18
1.949753E+04	3.720108E-17	1.797802E-18
1.953714E+04	3.684500E-17	1.773055E-18
1.957675E+04	3.651860E-17	1.749542E-18
1.961636E+04	3.622133E-17	1.727246E-18
1.965598E+04	3.595179E-17	1.706111E-18
1.969559E+04	3.570772E-17	1.686037E-18
1.973520E+04	3.548616E-17	1.666897E-18
1.977481E+04	3.528365E-17	1.648542E-18
1.981442E+04	3.509659E-17	1.630818E-18
1.985403E+04	3.492134E-17	1.613576E-18
1.989364E+04	3.475447E-17	1.596680E-18
1.993325E+04	3.459280E-17	1.580010E-18
1.997286E+04	3.443351E-17	1.563466E-18
2.001247E+04	3.427414E-17	1.546968E-18
2.005208E+04	3.411263E-17	1.530460E-18
2.009169E+04	3.394741E-17	1.513909E-18
2.013130E+04	3.377740E-17	1.497306E-18
2.017091E+04	3.360207E-17	1.480671E-18
2.021052E+04	3.342145E-17	1.464047E-18
2.025013E+04	3.323605E-17	1.447501E-18
2.028974E+04	3.304680E-17	1.431117E-18
2.032935E+04	3.285483E-17	1.414987E-18
2.036896E+04	3.266134E-17	1.399207E-18
2.040857E+04	3.246739E-17	1.383863E-18
2.044818E+04	3.227372E-17	1.369032E-18
2.048779E+04	3.208071E-17	1.354770E-18
2.052740E+04	3.188816E-17	1.341110E-18
2.056701E+04	3.169525E-17	1.328062E-18
2.060662E+04	3.150041E-17	1.315599E-18
2.064623E+04	3.130118E-17	1.303662E-18
2.068584E+04	3.109425E-17	1.292154E-18
2.072545E+04	3.087542E-17	1.280939E-18
2.076506E+04	3.063984E-17	1.269854E-18
2.080467E+04	3.038208E-17	1.258707E-18
2.084428E+04	3.009647E-17	1.247289E-18
2.088389E+04	2.977726E-17	1.235383E-18
2.092350E+04	2.941904E-17	1.222773E-18
2.096311E+04	2.901732E-17	1.209268E-18
2.100272E+04	2.856931E-17	1.194736E-18
2.104233E+04	2.807533E-17	1.179155E-18
2.108194E+04	2.754061E-17	1.162672E-18
2.112155E+04	2.697801E-17	1.145726E-18
2.116116E+04	2.641230E-17	1.129271E-18
2.120077E+04	2.588699E-17	1.115094E-18
2.124038E+04	2.547418E-17	1.106285E-18
2.127999E+04	2.527633E-17	1.107382E-18
2.131961E+04	2.533418E-17	1.120386E-18
2.135922E+04	2.555107E-17	1.141271E-18
2.139883E+04	2.583410E-17	1.166039E-18
2.143844E+04	2.612446E-17	1.192092E-18
2.147805E+04	2.638718E-17	1.217815E-18
2.151766E+04	2.660198E-17	1.242204E-18
2.155727E+04	2.675773E-17	1.264636E-18
2.159688E+04	2.684908E-17	1.284734E-18
2.163649E+04	2.687433E-17	1.302273E-18
2.167610E+04	2.683397E-17	1.317127E-18
2.171571E+04	2.672974E-17	1.329225E-18
2.175532E+04	2.656396E-17	1.338527E-18
2.179493E+04	2.633917E-17	1.345003E-18
2.183454E+04	2.605794E-17	1.348628E-18
2.187415E+04	2.572273E-17	1.349376E-18
2.191376E+04	2.533601E-17	1.347228E-18
2.195337E+04	2.490031E-17	1.342171E-18
2.199298E+04	2.441838E-17	1.334211E-18
2.203259E+04	2.389327E-17	1.323380E-18
2.207220E+04	2.332850E-17	1.309745E-18
2.211181E+04	2.272810E-17	1.293410E-18
2.215142E+04	2.209661E-17	1.274527E-18
2.219103E+04	2.143912E-17	1.253292E-18
2.223064E+04	2.076119E-17	1.229946E-18
2.227025E+04	2.006871E-17	1.204770E-18
2.230986E+04	1.936787E-17	1.178082E-18
2.234947E+04	1.866491E-17	1.150228E-18
2.238908E+04	1.796605E-17	1.121572E-18
2.242869E+04	1.727735E-17	1.092489E-18
2.246830E+04	1.660455E-17	1.063359E-18
2.250791E+04	1.595289E-17	1.034546E-18
2.254752E+04	1.532706E-17	1.006400E-18
2.258713E+04	1.473099E-17	9.792343E-19
2.262674E+04	1.416782E-17	9.533263E-19
2.266635E+04	1.363991E-17	9.289094E-19
2.270596E+04	1.314882E-17	9.061718E-19
2.274557E+04	1.269543E-17	8.852610E-19
2.278518E+04	1.228003E-17	8.662858E-19
2.282479E+04	1.190245E-17	8.493244E-19
2.286440E+04	1.156214E-17	8.344257E-19
2.290401E+04	1.125824E-17	8.216167E-19
2.294362E+04	1.098967E-17	8.109039E-19
2.298323E+04	1.075519E-17	8.022800E-19
2.302285E+04	1.055347E-17	7.957260E-19
2.306246E+04	1.038312E-17	7.912149E-19
2.310207E+04	1.024283E-17	7.887187E-19
2.314168E+04	1.013130E-17	7.882087E-19
2.318129E+04	1.004733E-17	7.896583E-19
2.322090E+04	9.989827E-18	7.930458E-19
2.326051E+04	9.957820E-18	7.983546E-19
2.330012E+04	9.950395E-18	8.055699E-19
2.333973E+04	9.966742E-18	8.146823E-19
2.337934E+04	1.000610E-17	8.256832E-19
2.341895E+04	1.006775E-17	8.385644E-19
2.345856E+04	1.015099E-17	8.533172E-19
2.349817E+04	1.025515E-17	8.699324E-19
2.353778E+04	1.037955E-17	8.883972E-19
2.357739E+04	1.052349E-17	9.086962E-19
2.361700E+04	1.068629E-17	9.308101E-19
2.365661E+04	1.086724E-17	9.547176E-19
2.369622E+04	1.106563E-17	9.803924E-19
2.373583E+04	1.128073E-17	1.007806E-18
2.377544E+04	1.151185E-17	1.036929E-18
2.381505E+04	1.175830E-17	1.067729E-18
2.385466E+04	1.201937E-17	1.100172E-18
2.389427E+04	1.229439E-17	1.134225E-18
2.393388E+04	1.258272E-17	1.169851E-18
2.397349E+04	1.288368E-17	1.207013E-18
2.401310E+04	1.319663E-17	1.245670E-18
2.405271E+04	1.352091E-17	1.285783E-18
2.409232E+04	1.385587E-17	1.327306E-18
2.413193E+04	1.420088E-17	1.370194E-18
2.417154E+04	1.455531E-17	1.414404E-18
2.421115E+04	1.491861E-17	1.459895E-18
2.425076E+04	1.529026E-17	1.506627E-18
