#wls	flux	fluxerr
3.257341E+03	8.229519E-18	9.487320E-19
3.296951E+03	7.794447E-18	8.958225E-19
3.336561E+03	7.406993E-18	8.486560E-19
3.376171E+03	7.063334E-18	8.067482E-19
3.415782E+03	6.760153E-18	7.696772E-19
3.455392E+03	6.494487E-18	7.370652E-19
3.495002E+03	6.263694E-18	7.085747E-19
3.534612E+03	6.065391E-18	6.839003E-19
3.574223E+03	5.897441E-18	6.627674E-19
3.613833E+03	5.757941E-18	6.449306E-19
3.653443E+03	5.645206E-18	6.301707E-19
3.693053E+03	5.557752E-18	6.182933E-19
3.732664E+03	5.494276E-18	6.091258E-19
3.772274E+03	5.453628E-18	6.025140E-19
3.811884E+03	5.434789E-18	5.983198E-19
3.851494E+03	5.436860E-18	5.964192E-19
3.891105E+03	5.459036E-18	5.966996E-19
3.930715E+03	5.500595E-18	5.990585E-19
3.970325E+03	5.560880E-18	6.034012E-19
4.009935E+03	5.639284E-18	6.096392E-19
4.049545E+03	5.735239E-18	6.176886E-19
4.089156E+03	5.848203E-18	6.274695E-19
4.128766E+03	5.977649E-18	6.389037E-19
4.168376E+03	6.123055E-18	6.519143E-19
4.207986E+03	6.283896E-18	6.664248E-19
4.247597E+03	6.459653E-18	6.823598E-19
4.287207E+03	6.649792E-18	6.996429E-19
4.326817E+03	6.853801E-18	7.182010E-19
4.366427E+03	7.071165E-18	7.379611E-19
4.406038E+03	7.301361E-18	7.588501E-19
4.445648E+03	7.543882E-18	7.807971E-19
4.485258E+03	7.798224E-18	8.037327E-19
4.524868E+03	8.063864E-18	8.275857E-19
4.564479E+03	8.340276E-18	8.522856E-19
4.604089E+03	8.626914E-18	8.777607E-19
4.643699E+03	8.923186E-18	9.039352E-19
4.683309E+03	9.228411E-18	9.307257E-19
4.722919E+03	9.541749E-18	9.580334E-19
4.762530E+03	9.862107E-18	9.857362E-19
4.802140E+03	1.018804E-17	1.013678E-18
4.841750E+03	1.051748E-17	1.041646E-18
4.881360E+03	1.084775E-17	1.069366E-18
4.920971E+03	1.117562E-17	1.096522E-18
4.960581E+03	1.149757E-17	1.122767E-18
5.000191E+03	1.180982E-17	1.147742E-18
5.039801E+03	1.210854E-17	1.171087E-18
5.079412E+03	1.239004E-17	1.192464E-18
5.119022E+03	1.265092E-17	1.211572E-18
5.158632E+03	1.288825E-17	1.228155E-18
5.198242E+03	1.309963E-17	1.242020E-18
5.237853E+03	1.328333E-17	1.253040E-18
5.277463E+03	1.343845E-17	1.261169E-18
5.317073E+03	1.356500E-17	1.266448E-18
5.356683E+03	1.366400E-17	1.269013E-18
5.396293E+03	1.373746E-17	1.269089E-18
5.435904E+03	1.378824E-17	1.266977E-18
5.475514E+03	1.381995E-17	1.263040E-18
5.515124E+03	1.383673E-17	1.257683E-18
5.554734E+03	1.384302E-17	1.251329E-18
5.594345E+03	1.384333E-17	1.244399E-18
5.633955E+03	1.384196E-17	1.237289E-18
5.673565E+03	1.384281E-17	1.230346E-18
5.713175E+03	1.384913E-17	1.223856E-18
5.752786E+03	1.386355E-17	1.218041E-18
5.792396E+03	1.388794E-17	1.213053E-18
5.832006E+03	1.392344E-17	1.208974E-18
5.871616E+03	1.397046E-17	1.205825E-18
5.911227E+03	1.402873E-17	1.203563E-18
5.950837E+03	1.409737E-17	1.202099E-18
5.990447E+03	1.417501E-17	1.201296E-18
6.030057E+03	1.425989E-17	1.200995E-18
6.069667E+03	1.435002E-17	1.201017E-18
6.109278E+03	1.444331E-17	1.201181E-18
6.148888E+03	1.453780E-17	1.201319E-18
6.188498E+03	1.463177E-17	1.201289E-18
6.228108E+03	1.472392E-17	1.200986E-18
6.267719E+03	1.481344E-17	1.200347E-18
6.307329E+03	1.490005E-17	1.199355E-18
6.346939E+03	1.498401E-17	1.198034E-18
6.386549E+03	1.506621E-17	1.196462E-18
6.426160E+03	1.514849E-17	1.194786E-18
6.465770E+03	1.523346E-17	1.193211E-18
6.505380E+03	1.532407E-17	1.191962E-18
6.544990E+03	1.542314E-17	1.191247E-18
6.584601E+03	1.553326E-17	1.191249E-18
6.624211E+03	1.565655E-17	1.192113E-18
6.663821E+03	1.579472E-17	1.193946E-18
6.703431E+03	1.594897E-17	1.196812E-18
6.743041E+03	1.612002E-17	1.200740E-18
6.782652E+03	1.630811E-17	1.205718E-18
6.822262E+03	1.651298E-17	1.211700E-18
6.861872E+03	1.673396E-17	1.218607E-18
6.901482E+03	1.697004E-17	1.226340E-18
6.941093E+03	1.721992E-17	1.234781E-18
6.980703E+03	1.748222E-17	1.243807E-18
7.020313E+03	1.775551E-17	1.253298E-18
7.059923E+03	1.803860E-17	1.263152E-18
7.099534E+03	1.833062E-17	1.273291E-18
7.139144E+03	1.863127E-17	1.283681E-18
7.178754E+03	1.894100E-17	1.294337E-18
7.218364E+03	1.926110E-17	1.305335E-18
7.257975E+03	1.959392E-17	1.316813E-18
7.297585E+03	1.994293E-17	1.328982E-18
7.337195E+03	2.031300E-17	1.342139E-18
7.376805E+03	2.071048E-17	1.356664E-18
7.416415E+03	2.114318E-17	1.373021E-18
7.456026E+03	2.161995E-17	1.391719E-18
7.495636E+03	2.214996E-17	1.413272E-18
7.535246E+03	2.274125E-17	1.438099E-18
7.574856E+03	2.339753E-17	1.466333E-18
7.614467E+03	2.411176E-17	1.497428E-18
7.654077E+03	2.485898E-17	1.529754E-18
7.693687E+03	2.559984E-17	1.560858E-18
7.733297E+03	2.628758E-17	1.587928E-18
7.772908E+03	2.687761E-17	1.608390E-18
7.812518E+03	2.734493E-17	1.620929E-18
7.852128E+03	2.768673E-17	1.625589E-18
7.891738E+03	2.791148E-17	1.623076E-18
7.931349E+03	2.803402E-17	1.614442E-18
7.970959E+03	2.807262E-17	1.600899E-18
8.010569E+03	2.804693E-17	1.583701E-18
8.050179E+03	2.797653E-17	1.564048E-18
8.089789E+03	2.787980E-17	1.543035E-18
8.129400E+03	2.777333E-17	1.521614E-18
8.169010E+03	2.767167E-17	1.500592E-18
8.208620E+03	2.758718E-17	1.480626E-18
8.248230E+03	2.753019E-17	1.462236E-18
8.287841E+03	2.750879E-17	1.445805E-18
8.327451E+03	2.752883E-17	1.431578E-18
8.367061E+03	2.759379E-17	1.419671E-18
8.406671E+03	2.770513E-17	1.410085E-18
8.446282E+03	2.786258E-17	1.402735E-18
8.485892E+03	2.806458E-17	1.397470E-18
8.525502E+03	2.830867E-17	1.394104E-18
8.565112E+03	2.859183E-17	1.392425E-18
8.604723E+03	2.891077E-17	1.392220E-18
8.644333E+03	2.926212E-17	1.393278E-18
8.683943E+03	2.964260E-17	1.395401E-18
8.723553E+03	3.004924E-17	1.398416E-18
8.763163E+03	3.047942E-17	1.402173E-18
8.802774E+03	3.093114E-17	1.406557E-18
8.842384E+03	3.140308E-17	1.411489E-18
8.881994E+03	3.189443E-17	1.416920E-18
8.921604E+03	3.240475E-17	1.422818E-18
8.961215E+03	3.293389E-17	1.429168E-18
9.000825E+03	3.348221E-17	1.435979E-18
9.040435E+03	3.405087E-17	1.443297E-18
9.080045E+03	3.464156E-17	1.451190E-18
9.119656E+03	3.526002E-17	1.459892E-18
9.159266E+03	3.589661E-17	1.469001E-18
9.198876E+03	3.654771E-17	1.478378E-18
9.238486E+03	3.720560E-17	1.487723E-18
9.278097E+03	3.786136E-17	1.496704E-18
9.317707E+03	3.850501E-17	1.504968E-18
9.357317E+03	3.912573E-17	1.512146E-18
9.396927E+03	3.971257E-17	1.517886E-18
9.436537E+03	4.025556E-17	1.521893E-18
9.476148E+03	4.074721E-17	1.523981E-18
9.515758E+03	4.118395E-17	1.524118E-18
9.555368E+03	4.156731E-17	1.522467E-18
9.594978E+03	4.190522E-17	1.519416E-18
9.634589E+03	4.221298E-17	1.515605E-18
9.674199E+03	4.251428E-17	1.511951E-18
9.713809E+03	4.284145E-17	1.509643E-18
9.753419E+03	4.323434E-17	1.510096E-18
9.793030E+03	4.373648E-17	1.514807E-18
9.832640E+03	4.438527E-17	1.525026E-18
9.872250E+03	4.519348E-17	1.541135E-18
9.911857E+03	4.615497E-17	1.562880E-18
9.951468E+03	4.725793E-17	1.589836E-18
9.991078E+03	4.848959E-17	1.621580E-18
1.003069E+04	4.983756E-17	1.657731E-18
1.007030E+04	5.128881E-17	1.697912E-18
1.010991E+04	5.282714E-17	1.741666E-18
1.014952E+04	5.442942E-17	1.788336E-18
1.018913E+04	5.606230E-17	1.836950E-18
1.022874E+04	5.768007E-17	1.886153E-18
1.026835E+04	5.922533E-17	1.934221E-18
1.030796E+04	6.063527E-17	1.979259E-18
1.034757E+04	6.186391E-17	2.019907E-18
1.038718E+04	6.291099E-17	2.056270E-18
1.042679E+04	6.379772E-17	2.089086E-18
1.046640E+04	6.454699E-17	2.119083E-18
1.050601E+04	6.517642E-17	2.146796E-18
1.054562E+04	6.569659E-17	2.172509E-18
1.058523E+04	6.611198E-17	2.196293E-18
1.062484E+04	6.642338E-17	2.218079E-18
1.066445E+04	6.662993E-17	2.237731E-18
1.070406E+04	6.673061E-17	2.255093E-18
1.074367E+04	6.672490E-17	2.270014E-18
1.078328E+04	6.661312E-17	2.282361E-18
1.082289E+04	6.639671E-17	2.292031E-18
1.086250E+04	6.607852E-17	2.298967E-18
1.090211E+04	6.566285E-17	2.303157E-18
1.094172E+04	6.515562E-17	2.304651E-18
1.098133E+04	6.456425E-17	2.303555E-18
1.102094E+04	6.389765E-17	2.300037E-18
1.106055E+04	6.316592E-17	2.294319E-18
1.110016E+04	6.238019E-17	2.286675E-18
1.113977E+04	6.155221E-17	2.277420E-18
1.117938E+04	6.069408E-17	2.266900E-18
1.121900E+04	5.981790E-17	2.255482E-18
1.125861E+04	5.893551E-17	2.243545E-18
1.129822E+04	5.805835E-17	2.231471E-18
1.133783E+04	5.719716E-17	2.219641E-18
1.137744E+04	5.636190E-17	2.208421E-18
1.141705E+04	5.556158E-17	2.198161E-18
1.145666E+04	5.480423E-17	2.189191E-18
1.149627E+04	5.409680E-17	2.181810E-18
1.153588E+04	5.344507E-17	2.176289E-18
1.157549E+04	5.285366E-17	2.172860E-18
1.161510E+04	5.232588E-17	2.171712E-18
1.165471E+04	5.186366E-17	2.172984E-18
1.169432E+04	5.146748E-17	2.176762E-18
1.173393E+04	5.113619E-17	2.183062E-18
1.177354E+04	5.086696E-17	2.191829E-18
1.181315E+04	5.065514E-17	2.202929E-18
1.185276E+04	5.049411E-17	2.216131E-18
1.189237E+04	5.037528E-17	2.231111E-18
1.193198E+04	5.028799E-17	2.247439E-18
1.197159E+04	5.021955E-17	2.264578E-18
1.201120E+04	5.015540E-17	2.281885E-18
1.205081E+04	5.007944E-17	2.298626E-18
1.209042E+04	4.997458E-17	2.313995E-18
1.213003E+04	4.982349E-17	2.327145E-18
1.216964E+04	4.960950E-17	2.337238E-18
1.220925E+04	4.931778E-17	2.343493E-18
1.224886E+04	4.893656E-17	2.345252E-18
1.228847E+04	4.845810E-17	2.342022E-18
1.232808E+04	4.787953E-17	2.333531E-18
1.236769E+04	4.720342E-17	2.319767E-18
1.240730E+04	4.643789E-17	2.301003E-18
1.244691E+04	4.559600E-17	2.277770E-18
1.248652E+04	4.469444E-17	2.250806E-18
1.252613E+04	4.375218E-17	2.220993E-18
1.256574E+04	4.278900E-17	2.189286E-18
1.260535E+04	4.182437E-17	2.156660E-18
1.264496E+04	4.087651E-17	2.124055E-18
1.268457E+04	3.996175E-17	2.092343E-18
1.272418E+04	3.909417E-17	2.062305E-18
1.276379E+04	3.828545E-17	2.034615E-18
1.280340E+04	3.754483E-17	2.009836E-18
1.284301E+04	3.687925E-17	1.988422E-18
1.288262E+04	3.629353E-17	1.970721E-18
1.292224E+04	3.579057E-17	1.956984E-18
1.296185E+04	3.537162E-17	1.947372E-18
1.300146E+04	3.503638E-17	1.941964E-18
1.304107E+04	3.478334E-17	1.940767E-18
1.308068E+04	3.460981E-17	1.943722E-18
1.312029E+04	3.451218E-17	1.950709E-18
1.315990E+04	3.448594E-17	1.961552E-18
1.319951E+04	3.452583E-17	1.976023E-18
1.323912E+04	3.462592E-17	1.993847E-18
1.327873E+04	3.477965E-17	2.014706E-18
1.331834E+04	3.497995E-17	2.038237E-18
1.335795E+04	3.521931E-17	2.064043E-18
1.339756E+04	3.548985E-17	2.091697E-18
1.343717E+04	3.578345E-17	2.120743E-18
1.347678E+04	3.609191E-17	2.150709E-18
1.351639E+04	3.640703E-17	2.181114E-18
1.355600E+04	3.672085E-17	2.211481E-18
1.359561E+04	3.702578E-17	2.241344E-18
1.363522E+04	3.731471E-17	2.270261E-18
1.367483E+04	3.758127E-17	2.297820E-18
1.371444E+04	3.781981E-17	2.323655E-18
1.375405E+04	3.802563E-17	2.347446E-18
1.379366E+04	3.819496E-17	2.368931E-18
1.383327E+04	3.832505E-17	2.387905E-18
1.387288E+04	3.841419E-17	2.404227E-18
1.391249E+04	3.846169E-17	2.417823E-18
1.395210E+04	3.846793E-17	2.428682E-18
1.399171E+04	3.843427E-17	2.436860E-18
1.403132E+04	3.836295E-17	2.442471E-18
1.407093E+04	3.825704E-17	2.445685E-18
1.411054E+04	3.812030E-17	2.446722E-18
1.415015E+04	3.795712E-17	2.445845E-18
1.418976E+04	3.777235E-17	2.443355E-18
1.422937E+04	3.757128E-17	2.439584E-18
1.426898E+04	3.735940E-17	2.434886E-18
1.430859E+04	3.714241E-17	2.429631E-18
1.434820E+04	3.692597E-17	2.424195E-18
1.438781E+04	3.671570E-17	2.418957E-18
1.442742E+04	3.651700E-17	2.414281E-18
1.446703E+04	3.633494E-17	2.410524E-18
1.450664E+04	3.617419E-17	2.408012E-18
1.454625E+04	3.603894E-17	2.407047E-18
1.458587E+04	3.593282E-17	2.407896E-18
1.462548E+04	3.585887E-17	2.410791E-18
1.466509E+04	3.581945E-17	2.415919E-18
1.470470E+04	3.581630E-17	2.423426E-18
1.474431E+04	3.585047E-17	2.433414E-18
1.478392E+04	3.592229E-17	2.445938E-18
1.482353E+04	3.603152E-17	2.461011E-18
1.486314E+04	3.617720E-17	2.478599E-18
1.490275E+04	3.635786E-17	2.498632E-18
1.494236E+04	3.657145E-17	2.520998E-18
1.498197E+04	3.681545E-17	2.545551E-18
1.502158E+04	3.708691E-17	2.572116E-18
1.506119E+04	3.738253E-17	2.600488E-18
1.510080E+04	3.769871E-17	2.630442E-18
1.514041E+04	3.803162E-17	2.661730E-18
1.518002E+04	3.837725E-17	2.694095E-18
1.521963E+04	3.873149E-17	2.727265E-18
1.525924E+04	3.909014E-17	2.760959E-18
1.529885E+04	3.944889E-17	2.794889E-18
1.533846E+04	3.980343E-17	2.828759E-18
1.537807E+04	4.014931E-17	2.862264E-18
1.541768E+04	4.048202E-17	2.895088E-18
1.545729E+04	4.079687E-17	2.926900E-18
1.549690E+04	4.108906E-17	2.957355E-18
1.553651E+04	4.135354E-17	2.986088E-18
1.557612E+04	4.158512E-17	3.012717E-18
1.561573E+04	4.177844E-17	3.036844E-18
1.565534E+04	4.192794E-17	3.058049E-18
1.569495E+04	4.202804E-17	3.075906E-18
1.573456E+04	4.207307E-17	3.089973E-18
1.577417E+04	4.205754E-17	3.099816E-18
1.581378E+04	4.197615E-17	3.105007E-18
1.585339E+04	4.182414E-17	3.105151E-18
1.589300E+04	4.159760E-17	3.099906E-18
1.593261E+04	4.129385E-17	3.089019E-18
1.597222E+04	4.091191E-17	3.072353E-18
1.601183E+04	4.045293E-17	3.049920E-18
1.605144E+04	3.992055E-17	3.021910E-18
1.609105E+04	3.932093E-17	2.988709E-18
1.613066E+04	3.866222E-17	2.950857E-18
1.617027E+04	3.795383E-17	2.909001E-18
1.620988E+04	3.720622E-17	2.863878E-18
1.624949E+04	3.643040E-17	2.816283E-18
1.628911E+04	3.563733E-17	2.767018E-18
1.632872E+04	3.483735E-17	2.716854E-18
1.636833E+04	3.403982E-17	2.666498E-18
1.640794E+04	3.325275E-17	2.616566E-18
1.644755E+04	3.248287E-17	2.567582E-18
1.648716E+04	3.173538E-17	2.519963E-18
1.652677E+04	3.101423E-17	2.474032E-18
1.656638E+04	3.032213E-17	2.430022E-18
1.660599E+04	2.966076E-17	2.388085E-18
1.664560E+04	2.903098E-17	2.348314E-18
1.668521E+04	2.843298E-17	2.310748E-18
1.672482E+04	2.786642E-17	2.275384E-18
1.676443E+04	2.733062E-17	2.242192E-18
1.680404E+04	2.682465E-17	2.211123E-18
1.684365E+04	2.634744E-17	2.182113E-18
1.688326E+04	2.589790E-17	2.155098E-18
1.692287E+04	2.547497E-17	2.130013E-18
1.696248E+04	2.507768E-17	2.106804E-18
1.700209E+04	2.470523E-17	2.085425E-18
1.704170E+04	2.435699E-17	2.065847E-18
1.708131E+04	2.403253E-17	2.048058E-18
1.712092E+04	2.373161E-17	2.032061E-18
1.716053E+04	2.345420E-17	2.017877E-18
1.720014E+04	2.320049E-17	2.005546E-18
1.723975E+04	2.297082E-17	1.995124E-18
1.727936E+04	2.276571E-17	1.986680E-18
1.731897E+04	2.258577E-17	1.980297E-18
1.735858E+04	2.243180E-17	1.976071E-18
1.739819E+04	2.230457E-17	1.974101E-18
1.743780E+04	2.220496E-17	1.974494E-18
1.747741E+04	2.213380E-17	1.977357E-18
1.751702E+04	2.209190E-17	1.982794E-18
1.755663E+04	2.207995E-17	1.990903E-18
1.759624E+04	2.209853E-17	2.001771E-18
1.763585E+04	2.214798E-17	2.015464E-18
1.767546E+04	2.222846E-17	2.032033E-18
1.771507E+04	2.233983E-17	2.051502E-18
1.775468E+04	2.248160E-17	2.073863E-18
1.779429E+04	2.265296E-17	2.099076E-18
1.783390E+04	2.285269E-17	2.127062E-18
1.787351E+04	2.307917E-17	2.157702E-18
1.791312E+04	2.333033E-17	2.190833E-18
1.795274E+04	2.360366E-17	2.226247E-18
1.799235E+04	2.389617E-17	2.263686E-18
1.803196E+04	2.420452E-17	2.302853E-18
1.807157E+04	2.452489E-17	2.343399E-18
1.811118E+04	2.485317E-17	2.384944E-18
1.815079E+04	2.518495E-17	2.427069E-18
1.819040E+04	2.551563E-17	2.469330E-18
1.823001E+04	2.584053E-17	2.511268E-18
1.826962E+04	2.615499E-17	2.552419E-18
1.830923E+04	2.645448E-17	2.592324E-18
1.834884E+04	2.673474E-17	2.630543E-18
1.838845E+04	2.699178E-17	2.666657E-18
1.842806E+04	2.722204E-17	2.700280E-18
1.846767E+04	2.742240E-17	2.731069E-18
1.850728E+04	2.759030E-17	2.758729E-18
1.854689E+04	2.772374E-17	2.783020E-18
1.858650E+04	2.782145E-17	2.803769E-18
1.862611E+04	2.788280E-17	2.820872E-18
1.866572E+04	2.790783E-17	2.834286E-18
1.870533E+04	2.789722E-17	2.844038E-18
1.874494E+04	2.785218E-17	2.850209E-18
1.878455E+04	2.777450E-17	2.852944E-18
1.882416E+04	2.766649E-17	2.852441E-18
1.886377E+04	2.753089E-17	2.848948E-18
1.890338E+04	2.737088E-17	2.842767E-18
1.894299E+04	2.718995E-17	2.834231E-18
1.898260E+04	2.699181E-17	2.823706E-18
1.902221E+04	2.678023E-17	2.811569E-18
1.906182E+04	2.655897E-17	2.798202E-18
1.910143E+04	2.633167E-17	2.783981E-18
1.914104E+04	2.610179E-17	2.769265E-18
1.918065E+04	2.587248E-17	2.754389E-18
1.922026E+04	2.564662E-17	2.739662E-18
1.925987E+04	2.542667E-17	2.725352E-18
1.929948E+04	2.521473E-17	2.711693E-18
1.933909E+04	2.501247E-17	2.698875E-18
1.937870E+04	2.482113E-17	2.687042E-18
1.941831E+04	2.464152E-17	2.676297E-18
1.945792E+04	2.447403E-17	2.666695E-18
1.949753E+04	2.431871E-17	2.658255E-18
1.953714E+04	2.417517E-17	2.650947E-18
1.957675E+04	2.404274E-17	2.644712E-18
1.961636E+04	2.392044E-17	2.639453E-18
1.965598E+04	2.380703E-17	2.635044E-18
1.969559E+04	2.370110E-17	2.631339E-18
1.973520E+04	2.360104E-17	2.628167E-18
1.977481E+04	2.350513E-17	2.625342E-18
1.981442E+04	2.341154E-17	2.622664E-18
1.985403E+04	2.331838E-17	2.619923E-18
1.989364E+04	2.322372E-17	2.616905E-18
1.993325E+04	2.312561E-17	2.613386E-18
1.997286E+04	2.302213E-17	2.609147E-18
2.001247E+04	2.291141E-17	2.603972E-18
2.005208E+04	2.279176E-17	2.597660E-18
2.009169E+04	2.266161E-17	2.590026E-18
2.013130E+04	2.251968E-17	2.580915E-18
2.017091E+04	2.236497E-17	2.570199E-18
2.021052E+04	2.219675E-17	2.557786E-18
2.025013E+04	2.201465E-17	2.543621E-18
2.028974E+04	2.181860E-17	2.527684E-18
2.032935E+04	2.160883E-17	2.509990E-18
2.036896E+04	2.138585E-17	2.490587E-18
2.040857E+04	2.115036E-17	2.469549E-18
2.044818E+04	2.090329E-17	2.446973E-18
2.048779E+04	2.064569E-17	2.422973E-18
2.052740E+04	2.037872E-17	2.397680E-18
2.056701E+04	2.010364E-17	2.371234E-18
2.060662E+04	1.982177E-17	2.343788E-18
2.064623E+04	1.953453E-17	2.315504E-18
2.068584E+04	1.924335E-17	2.286550E-18
2.072545E+04	1.894975E-17	2.257108E-18
2.076506E+04	1.865533E-17	2.227365E-18
2.080467E+04	1.836171E-17	2.197517E-18
2.084428E+04	1.807058E-17	2.167772E-18
2.088389E+04	1.778368E-17	2.138341E-18
2.092350E+04	1.750275E-17	2.109440E-18
2.096311E+04	1.722957E-17	2.081289E-18
2.100272E+04	1.696591E-17	2.054112E-18
2.104233E+04	1.671349E-17	2.028128E-18
2.108194E+04	1.647402E-17	2.003553E-18
2.112155E+04	1.624909E-17	1.980596E-18
2.116116E+04	1.604017E-17	1.959446E-18
2.120077E+04	1.584852E-17	1.940274E-18
2.124038E+04	1.567511E-17	1.923212E-18
2.127999E+04	1.552041E-17	1.908333E-18
2.131961E+04	1.538392E-17	1.895590E-18
2.135922E+04	1.526392E-17	1.884789E-18
2.139883E+04	1.515812E-17	1.875656E-18
2.143844E+04	1.506396E-17	1.867888E-18
2.147805E+04	1.497879E-17	1.861165E-18
2.151766E+04	1.490005E-17	1.855172E-18
2.155727E+04	1.482524E-17	1.849608E-18
2.159688E+04	1.475208E-17	1.844186E-18
2.163649E+04	1.467850E-17	1.838651E-18
2.167610E+04	1.460268E-17	1.832774E-18
2.171571E+04	1.452307E-17	1.826359E-18
2.175532E+04	1.443841E-17	1.819244E-18
2.179493E+04	1.434774E-17	1.811305E-18
2.183454E+04	1.425034E-17	1.802448E-18
2.187415E+04	1.414582E-17	1.792618E-18
2.191376E+04	1.403403E-17	1.781791E-18
2.195337E+04	1.391507E-17	1.769976E-18
2.199298E+04	1.378930E-17	1.757213E-18
2.203259E+04	1.365727E-17	1.743571E-18
2.207220E+04	1.351973E-17	1.729139E-18
2.211181E+04	1.337760E-17	1.714033E-18
2.215142E+04	1.323191E-17	1.698383E-18
2.219103E+04	1.308378E-17	1.682330E-18
2.223064E+04	1.293440E-17	1.666028E-18
2.227025E+04	1.278499E-17	1.649634E-18
2.230986E+04	1.263678E-17	1.633308E-18
2.234947E+04	1.249097E-17	1.617206E-18
2.238908E+04	1.234872E-17	1.601481E-18
2.242869E+04	1.221115E-17	1.586282E-18
2.246830E+04	1.207926E-17	1.571743E-18
2.250791E+04	1.195401E-17	1.557991E-18
2.254752E+04	1.183620E-17	1.545138E-18
2.258713E+04	1.172654E-17	1.533283E-18
2.262674E+04	1.162564E-17	1.522510E-18
2.266635E+04	1.153401E-17	1.512891E-18
2.270596E+04	1.145202E-17	1.504481E-18
2.274557E+04	1.137995E-17	1.497326E-18
2.278518E+04	1.131801E-17	1.491457E-18
2.282479E+04	1.126631E-17	1.486896E-18
2.286440E+04	1.122486E-17	1.483652E-18
2.290401E+04	1.119368E-17	1.481731E-18
2.294362E+04	1.117263E-17	1.481125E-18
2.298323E+04	1.116163E-17	1.481826E-18
2.302285E+04	1.116051E-17	1.483818E-18
2.306246E+04	1.116907E-17	1.487080E-18
2.310207E+04	1.118709E-17	1.491590E-18
2.314168E+04	1.121434E-17	1.497321E-18
2.318129E+04	1.125058E-17	1.504247E-18
2.322090E+04	1.129555E-17	1.512336E-18
2.326051E+04	1.134895E-17	1.521554E-18
2.330012E+04	1.141047E-17	1.531865E-18
2.333973E+04	1.147982E-17	1.543232E-18
2.337934E+04	1.155663E-17	1.555610E-18
2.341895E+04	1.164054E-17	1.568955E-18
2.345856E+04	1.173119E-17	1.583220E-18
2.349817E+04	1.182817E-17	1.598355E-18
2.353778E+04	1.193109E-17	1.614308E-18
2.357739E+04	1.203952E-17	1.631025E-18
2.361700E+04	1.215301E-17	1.648446E-18
2.365661E+04	1.227109E-17	1.666510E-18
2.369622E+04	1.239328E-17	1.685155E-18
2.373583E+04	1.251913E-17	1.704319E-18
2.377544E+04	1.264816E-17	1.723939E-18
2.381505E+04	1.277991E-17	1.743953E-18
2.385466E+04	1.291392E-17	1.764300E-18
2.389427E+04	1.304974E-17	1.784917E-18
2.393388E+04	1.318692E-17	1.805744E-18
2.397349E+04	1.332500E-17	1.826719E-18
2.401310E+04	1.346356E-17	1.847782E-18
2.405271E+04	1.360218E-17	1.868876E-18
2.409232E+04	1.374042E-17	1.889942E-18
2.413193E+04	1.387792E-17	1.910926E-18
2.417154E+04	1.401428E-17	1.931776E-18
2.421115E+04	1.414916E-17	1.952442E-18
2.425076E+04	1.428224E-17	1.972878E-18
