#wls	flux	fluxerr
3.257341E+03	4.503689E-17	2.416822E-18
3.296951E+03	4.550817E-17	2.405557E-18
3.336561E+03	4.610922E-17	2.400368E-18
3.376171E+03	4.688245E-17	2.403134E-18
3.415782E+03	4.787683E-17	2.415934E-18
3.455392E+03	4.914415E-17	2.440833E-18
3.495002E+03	5.072550E-17	2.479217E-18
3.534612E+03	5.264271E-17	2.531423E-18
3.574223E+03	5.491145E-17	2.597438E-18
3.613833E+03	5.754716E-17	2.677200E-18
3.653443E+03	6.056613E-17	2.770646E-18
3.693053E+03	6.398514E-17	2.877701E-18
3.732664E+03	6.782035E-17	2.998225E-18
3.772274E+03	7.208520E-17	3.131928E-18
3.811884E+03	7.678049E-17	3.277963E-18
3.851494E+03	8.186916E-17	3.433907E-18
3.891105E+03	8.728174E-17	3.596132E-18
3.930715E+03	9.293004E-17	3.760475E-18
3.970325E+03	9.871297E-17	3.922538E-18
4.009935E+03	1.045216E-16	4.077928E-18
4.049545E+03	1.102452E-16	4.222512E-18
4.089156E+03	1.157789E-16	4.352688E-18
4.128766E+03	1.210325E-16	4.465710E-18
4.168376E+03	1.259417E-16	4.560009E-18
4.207986E+03	1.304782E-16	4.635469E-18
4.247597E+03	1.346582E-16	4.693595E-18
4.287207E+03	1.385456E-16	4.737462E-18
4.326817E+03	1.422455E-16	4.771358E-18
4.366427E+03	1.458810E-16	4.799881E-18
4.406038E+03	1.495435E-16	4.826295E-18
4.445648E+03	1.532482E-16	4.851235E-18
4.485258E+03	1.569660E-16	4.873906E-18
4.524868E+03	1.606633E-16	4.893425E-18
4.564479E+03	1.643187E-16	4.909347E-18
4.604089E+03	1.679207E-16	4.921583E-18
4.643699E+03	1.714590E-16	4.930100E-18
4.683309E+03	1.749144E-16	4.934641E-18
4.722919E+03	1.782372E-16	4.934150E-18
4.762530E+03	1.812362E-16	4.923834E-18
4.802140E+03	1.837016E-16	4.898770E-18
4.841750E+03	1.855596E-16	4.857952E-18
4.881360E+03	1.868661E-16	4.803777E-18
4.920971E+03	1.877780E-16	4.741008E-18
4.960581E+03	1.884821E-16	4.674836E-18
5.000191E+03	1.891427E-16	4.609553E-18
5.039801E+03	1.898734E-16	4.547951E-18
5.079412E+03	1.907265E-16	4.491208E-18
5.119022E+03	1.916936E-16	4.439020E-18
5.158632E+03	1.927122E-16	4.389891E-18
5.198242E+03	1.936789E-16	4.341519E-18
5.237853E+03	1.944675E-16	4.291259E-18
5.277463E+03	1.949530E-16	4.236667E-18
5.317073E+03	1.950387E-16	4.176065E-18
5.356683E+03	1.946822E-16	4.109016E-18
5.396293E+03	1.939034E-16	4.036369E-18
5.435904E+03	1.928076E-16	3.960667E-18
5.475514E+03	1.916065E-16	3.886469E-18
5.515124E+03	1.905695E-16	3.819239E-18
5.554734E+03	1.897378E-16	3.759585E-18
5.594345E+03	1.889811E-16	3.704707E-18
5.633955E+03	1.882284E-16	3.653089E-18
5.673565E+03	1.874666E-16	3.604401E-18
5.713175E+03	1.867082E-16	3.558820E-18
5.752786E+03	1.859666E-16	3.516545E-18
5.792396E+03	1.852432E-16	3.477555E-18
5.832006E+03	1.845227E-16	3.441530E-18
5.871616E+03	1.837775E-16	3.407946E-18
5.911227E+03	1.829800E-16	3.376298E-18
5.950837E+03	1.821208E-16	3.346428E-18
5.990447E+03	1.812305E-16	3.318919E-18
6.030057E+03	1.804052E-16	3.295552E-18
6.069667E+03	1.798412E-16	3.279913E-18
6.109278E+03	1.798805E-16	3.278195E-18
6.148888E+03	1.810612E-16	3.300106E-18
6.188498E+03	1.840505E-16	3.357790E-18
6.228108E+03	1.888755E-16	3.451798E-18
6.267719E+03	1.945666E-16	3.564488E-18
6.307329E+03	2.000414E-16	3.676040E-18
6.346939E+03	2.043978E-16	3.769710E-18
6.386549E+03	2.070500E-16	3.834289E-18
6.426160E+03	2.077469E-16	3.864476E-18
6.465770E+03	2.065478E-16	3.860604E-18
6.505380E+03	2.037951E-16	3.828292E-18
6.544990E+03	1.999463E-16	3.775443E-18
6.584601E+03	1.954342E-16	3.709683E-18
6.624211E+03	1.905974E-16	3.637040E-18
6.663821E+03	1.856640E-16	3.561592E-18
6.703431E+03	1.807664E-16	3.485708E-18
6.743041E+03	1.759684E-16	3.410509E-18
6.782652E+03	1.712910E-16	3.336351E-18
6.822262E+03	1.667333E-16	3.263186E-18
6.861872E+03	1.622828E-16	3.190773E-18
6.901482E+03	1.579220E-16	3.118784E-18
6.941093E+03	1.536337E-16	3.046912E-18
6.980703E+03	1.494075E-16	2.974998E-18
7.020313E+03	1.452458E-16	2.903148E-18
7.059923E+03	1.411661E-16	2.831782E-18
7.099534E+03	1.372000E-16	2.761624E-18
7.139144E+03	1.333882E-16	2.693592E-18
7.178754E+03	1.297767E-16	2.628726E-18
7.218364E+03	1.264165E-16	2.568179E-18
7.257975E+03	1.233732E-16	2.513418E-18
7.297585E+03	1.207470E-16	2.466623E-18
7.337195E+03	1.187026E-16	2.431317E-18
7.376805E+03	1.175040E-16	2.413093E-18
7.416415E+03	1.175497E-16	2.420373E-18
7.456026E+03	1.193818E-16	2.464622E-18
7.495636E+03	1.235020E-16	2.556610E-18
7.535246E+03	1.299271E-16	2.697127E-18
7.574856E+03	1.384233E-16	2.881734E-18
7.614467E+03	1.485788E-16	3.102240E-18
7.654077E+03	1.595305E-16	3.340876E-18
7.693687E+03	1.700518E-16	3.571987E-18
7.733297E+03	1.788011E-16	3.767167E-18
7.772908E+03	1.846853E-16	3.902898E-18
7.812518E+03	1.871571E-16	3.966896E-18
7.852128E+03	1.863422E-16	3.961003E-18
7.891738E+03	1.829058E-16	3.898626E-18
7.931349E+03	1.777208E-16	3.797824E-18
7.970959E+03	1.716063E-16	3.675766E-18
8.010569E+03	1.652030E-16	3.546005E-18
8.050179E+03	1.589473E-16	3.417869E-18
8.089789E+03	1.531004E-16	3.296999E-18
8.129400E+03	1.477933E-16	3.186279E-18
8.169010E+03	1.430724E-16	3.086778E-18
8.208620E+03	1.389352E-16	2.998505E-18
8.248230E+03	1.353562E-16	2.920958E-18
8.287841E+03	1.323030E-16	2.853472E-18
8.327451E+03	1.297457E-16	2.795416E-18
8.367061E+03	1.276610E-16	2.746291E-18
8.406671E+03	1.260347E-16	2.705765E-18
8.446282E+03	1.248612E-16	2.673679E-18
8.485892E+03	1.241442E-16	2.650052E-18
8.525502E+03	1.238962E-16	2.635056E-18
8.565112E+03	1.241372E-16	2.629005E-18
8.604723E+03	1.248931E-16	2.632292E-18
8.644333E+03	1.261917E-16	2.645310E-18
8.683943E+03	1.280559E-16	2.668315E-18
8.723553E+03	1.304954E-16	2.701232E-18
8.763163E+03	1.334953E-16	2.743456E-18
8.802774E+03	1.370069E-16	2.793655E-18
8.842384E+03	1.409395E-16	2.849664E-18
8.881994E+03	1.451578E-16	2.908461E-18
8.921604E+03	1.494869E-16	2.966326E-18
8.961215E+03	1.537286E-16	3.019221E-18
9.000825E+03	1.577009E-16	3.063593E-18
9.040435E+03	1.613060E-16	3.097695E-18
9.080045E+03	1.646163E-16	3.123119E-18
9.119656E+03	1.678292E-16	3.143773E-18
9.159266E+03	1.707104E-16	3.155381E-18
9.198876E+03	1.729219E-16	3.151954E-18
9.238486E+03	1.742891E-16	3.130795E-18
9.278097E+03	1.747909E-16	3.092150E-18
9.317707E+03	1.744947E-16	3.037888E-18
9.357317E+03	1.735085E-16	2.970543E-18
9.396927E+03	1.719510E-16	2.892761E-18
9.436537E+03	1.699356E-16	2.806995E-18
9.476148E+03	1.675622E-16	2.715381E-18
9.515758E+03	1.649138E-16	2.619696E-18
9.555368E+03	1.620573E-16	2.521383E-18
9.594978E+03	1.590461E-16	2.421619E-18
9.634589E+03	1.559285E-16	2.321449E-18
9.674199E+03	1.527627E-16	2.222019E-18
9.713809E+03	1.496444E-16	2.124940E-18
9.753419E+03	1.467489E-16	2.032802E-18
9.793030E+03	1.443710E-16	1.949574E-18
9.832640E+03	1.428100E-16	1.878843E-18
9.872250E+03	1.418799E-16	1.817535E-18
9.911857E+03	1.411790E-16	1.760177E-18
9.951468E+03	1.404379E-16	1.703487E-18
9.991078E+03	1.395052E-16	1.645985E-18
1.003069E+04	1.382977E-16	1.587206E-18
1.007030E+04	1.367668E-16	1.527208E-18
1.010991E+04	1.348815E-16	1.466312E-18
1.014952E+04	1.326202E-16	1.404976E-18
1.018913E+04	1.299665E-16	1.343718E-18
1.022874E+04	1.269103E-16	1.283080E-18
1.026835E+04	1.234539E-16	1.223662E-18
1.030796E+04	1.196352E-16	1.166288E-18
1.034757E+04	1.155831E-16	1.112478E-18
1.038718E+04	1.116302E-16	1.065470E-18
1.042679E+04	1.084736E-16	1.031737E-18
1.046640E+04	1.070815E-16	1.020147E-18
1.050601E+04	1.074898E-16	1.030528E-18
1.054562E+04	1.087186E-16	1.053177E-18
1.058523E+04	1.100710E-16	1.081003E-18
1.062484E+04	1.112541E-16	1.110607E-18
1.066445E+04	1.121932E-16	1.140599E-18
1.070406E+04	1.129018E-16	1.170421E-18
1.074367E+04	1.134187E-16	1.199797E-18
1.078328E+04	1.137817E-16	1.228498E-18
1.082289E+04	1.140199E-16	1.256272E-18
1.086250E+04	1.141525E-16	1.282824E-18
1.090211E+04	1.141900E-16	1.307829E-18
1.094172E+04	1.141369E-16	1.330949E-18
1.098133E+04	1.139934E-16	1.351850E-18
1.102094E+04	1.137576E-16	1.370217E-18
1.106055E+04	1.134263E-16	1.385765E-18
1.110016E+04	1.129965E-16	1.398254E-18
1.113977E+04	1.124658E-16	1.407488E-18
1.117938E+04	1.118328E-16	1.413327E-18
1.121900E+04	1.110975E-16	1.415683E-18
1.125861E+04	1.102611E-16	1.414524E-18
1.129822E+04	1.093263E-16	1.409875E-18
1.133783E+04	1.082972E-16	1.401810E-18
1.137744E+04	1.071789E-16	1.390456E-18
1.141705E+04	1.059781E-16	1.375987E-18
1.145666E+04	1.047020E-16	1.358619E-18
1.149627E+04	1.033591E-16	1.338611E-18
1.153588E+04	1.019583E-16	1.316251E-18
1.157549E+04	1.005094E-16	1.291864E-18
1.161510E+04	9.902215E-17	1.265794E-18
1.165471E+04	9.750649E-17	1.238404E-18
1.169432E+04	9.597181E-17	1.210070E-18
1.173393E+04	9.442649E-17	1.181167E-18
1.177354E+04	9.287690E-17	1.152060E-18
1.181315E+04	9.132714E-17	1.123096E-18
1.185276E+04	8.977739E-17	1.094590E-18
1.189237E+04	8.822273E-17	1.066800E-18
1.193198E+04	8.665230E-17	1.039924E-18
1.197159E+04	8.504801E-17	1.014080E-18
1.201120E+04	8.338415E-17	9.892891E-19
1.205081E+04	8.162879E-17	9.654881E-19
1.209042E+04	7.974807E-17	9.425567E-19
1.213003E+04	7.771715E-17	9.204252E-19
1.216964E+04	7.554369E-17	8.993280E-19
1.220925E+04	7.331420E-17	8.803510E-19
1.224886E+04	7.127394E-17	8.664363E-19
1.228847E+04	6.990359E-17	8.633281E-19
1.232808E+04	6.966356E-17	8.768273E-19
1.236769E+04	7.023100E-17	9.033159E-19
1.240730E+04	7.106794E-17	9.361810E-19
1.244691E+04	7.188662E-17	9.716013E-19
1.248652E+04	7.258960E-17	1.008007E-18
1.252613E+04	7.317310E-17	1.045002E-18
1.256574E+04	7.366989E-17	1.082706E-18
1.260535E+04	7.412083E-17	1.121409E-18
1.264496E+04	7.456286E-17	1.161413E-18
1.268457E+04	7.502461E-17	1.202965E-18
1.272418E+04	7.552582E-17	1.246228E-18
1.276379E+04	7.607831E-17	1.291281E-18
1.280340E+04	7.668737E-17	1.338126E-18
1.284301E+04	7.735352E-17	1.386698E-18
1.288262E+04	7.807346E-17	1.436875E-18
1.292224E+04	7.884132E-17	1.488488E-18
1.296185E+04	7.964958E-17	1.541329E-18
1.300146E+04	8.048958E-17	1.595160E-18
1.304107E+04	8.135187E-17	1.649717E-18
1.308068E+04	8.222665E-17	1.704712E-18
1.312029E+04	8.310397E-17	1.759843E-18
1.315990E+04	8.397408E-17	1.814796E-18
1.319951E+04	8.482737E-17	1.869248E-18
1.323912E+04	8.565454E-17	1.922870E-18
1.327873E+04	8.644658E-17	1.975331E-18
1.331834E+04	8.719507E-17	2.026303E-18
1.335795E+04	8.789214E-17	2.075463E-18
1.339756E+04	8.853021E-17	2.122492E-18
1.343717E+04	8.910259E-17	2.167088E-18
1.347678E+04	8.960330E-17	2.208965E-18
1.351639E+04	9.002702E-17	2.247856E-18
1.355600E+04	9.036941E-17	2.283520E-18
1.359561E+04	9.062705E-17	2.315746E-18
1.363522E+04	9.079739E-17	2.344352E-18
1.367483E+04	9.087876E-17	2.369186E-18
1.371444E+04	9.087062E-17	2.390136E-18
1.375405E+04	9.077338E-17	2.407130E-18
1.379366E+04	9.058856E-17	2.420133E-18
1.383327E+04	9.031867E-17	2.429152E-18
1.387288E+04	8.996722E-17	2.434236E-18
1.391249E+04	8.953864E-17	2.435470E-18
1.395210E+04	8.903812E-17	2.432975E-18
1.399171E+04	8.847144E-17	2.426902E-18
1.403132E+04	8.784499E-17	2.417429E-18
1.407093E+04	8.716521E-17	2.404748E-18
1.411054E+04	8.643866E-17	2.389066E-18
1.415015E+04	8.567197E-17	2.370598E-18
1.418976E+04	8.487131E-17	2.349557E-18
1.422937E+04	8.404252E-17	2.326151E-18
1.426898E+04	8.319102E-17	2.300583E-18
1.430859E+04	8.232151E-17	2.273039E-18
1.434820E+04	8.143803E-17	2.243692E-18
1.438781E+04	8.054404E-17	2.212701E-18
1.442742E+04	7.964206E-17	2.180200E-18
1.446703E+04	7.873417E-17	2.146316E-18
1.450664E+04	7.782136E-17	2.111144E-18
1.454625E+04	7.690426E-17	2.074775E-18
1.458587E+04	7.598280E-17	2.037282E-18
1.462548E+04	7.505614E-17	1.998718E-18
1.466509E+04	7.412314E-17	1.959134E-18
1.470470E+04	7.318203E-17	1.918567E-18
1.474431E+04	7.223054E-17	1.877046E-18
1.478392E+04	7.126626E-17	1.834599E-18
1.482353E+04	7.028639E-17	1.791252E-18
1.486314E+04	6.928808E-17	1.747036E-18
1.490275E+04	6.826861E-17	1.701991E-18
1.494236E+04	6.722539E-17	1.656168E-18
1.498197E+04	6.615613E-17	1.609632E-18
1.502158E+04	6.505916E-17	1.562470E-18
1.506119E+04	6.393335E-17	1.514786E-18
1.510080E+04	6.277837E-17	1.466709E-18
1.514041E+04	6.159476E-17	1.418393E-18
1.518002E+04	6.038401E-17	1.370012E-18
1.521963E+04	5.914858E-17	1.321766E-18
1.525924E+04	5.789190E-17	1.273870E-18
1.529885E+04	5.661829E-17	1.226557E-18
1.533846E+04	5.533290E-17	1.180072E-18
1.537807E+04	5.404151E-17	1.134662E-18
1.541768E+04	5.275042E-17	1.090577E-18
1.545729E+04	5.146615E-17	1.048059E-18
1.549690E+04	5.019521E-17	1.007340E-18
1.553651E+04	4.894373E-17	9.686276E-19
1.557612E+04	4.771718E-17	9.321071E-19
1.561573E+04	4.651982E-17	8.979265E-19
1.565534E+04	4.535431E-17	8.661914E-19
1.569495E+04	4.422117E-17	8.369559E-19
1.573456E+04	4.311838E-17	8.102147E-19
1.577417E+04	4.204115E-17	7.858994E-19
1.581378E+04	4.098264E-17	7.638890E-19
1.585339E+04	3.993614E-17	7.440480E-19
1.589300E+04	3.890101E-17	7.263316E-19
1.593261E+04	3.789532E-17	7.110146E-19
1.597222E+04	3.697977E-17	6.990843E-19
1.601183E+04	3.628997E-17	6.929528E-19
1.605144E+04	3.601573E-17	6.962277E-19
1.609105E+04	3.613438E-17	7.086199E-19
1.613066E+04	3.644618E-17	7.263834E-19
1.617027E+04	3.682389E-17	7.470438E-19
1.620988E+04	3.721509E-17	7.695117E-19
1.624949E+04	3.760680E-17	7.934497E-19
1.628911E+04	3.800190E-17	8.188387E-19
1.632872E+04	3.840741E-17	8.457557E-19
1.636833E+04	3.882953E-17	8.742735E-19
1.640794E+04	3.927202E-17	9.044241E-19
1.644755E+04	3.973607E-17	9.361905E-19
1.648716E+04	4.022067E-17	9.695093E-19
1.652677E+04	4.072320E-17	1.004279E-18
1.656638E+04	4.123996E-17	1.040369E-18
1.660599E+04	4.176659E-17	1.077626E-18
1.664560E+04	4.229845E-17	1.115883E-18
1.668521E+04	4.283090E-17	1.154963E-18
1.672482E+04	4.335951E-17	1.194688E-18
1.676443E+04	4.388020E-17	1.234879E-18
1.680404E+04	4.438937E-17	1.275367E-18
1.684365E+04	4.488400E-17	1.315990E-18
1.688326E+04	4.536165E-17	1.356600E-18
1.692287E+04	4.582057E-17	1.397066E-18
1.696248E+04	4.625963E-17	1.437273E-18
1.700209E+04	4.667838E-17	1.477130E-18
1.704170E+04	4.707700E-17	1.516564E-18
1.708131E+04	4.745628E-17	1.555526E-18
1.712092E+04	4.781758E-17	1.593992E-18
1.716053E+04	4.816276E-17	1.631957E-18
1.720014E+04	4.849408E-17	1.669439E-18
1.723975E+04	4.881419E-17	1.706473E-18
1.727936E+04	4.912596E-17	1.743112E-18
1.731897E+04	4.943250E-17	1.779424E-18
1.735858E+04	4.973695E-17	1.815488E-18
1.739819E+04	5.004247E-17	1.851389E-18
1.743780E+04	5.035216E-17	1.887217E-18
1.747741E+04	5.066884E-17	1.923059E-18
1.751702E+04	5.099510E-17	1.959000E-18
1.755663E+04	5.133314E-17	1.995111E-18
1.759624E+04	5.168466E-17	2.031452E-18
1.763585E+04	5.205087E-17	2.068063E-18
1.767546E+04	5.243239E-17	2.104963E-18
1.771507E+04	5.282923E-17	2.142148E-18
1.775468E+04	5.324076E-17	2.179584E-18
1.779429E+04	5.366567E-17	2.217211E-18
1.783390E+04	5.410203E-17	2.254939E-18
1.787351E+04	5.454717E-17	2.292643E-18
1.791312E+04	5.499784E-17	2.330171E-18
1.795274E+04	5.545012E-17	2.367336E-18
1.799235E+04	5.589953E-17	2.403924E-18
1.803196E+04	5.634105E-17	2.439693E-18
1.807157E+04	5.676927E-17	2.474376E-18
1.811118E+04	5.717849E-17	2.507692E-18
1.815079E+04	5.756293E-17	2.539349E-18
1.819040E+04	5.791683E-17	2.569057E-18
1.823001E+04	5.823472E-17	2.596531E-18
1.826962E+04	5.851156E-17	2.621507E-18
1.830923E+04	5.874280E-17	2.643742E-18
1.834884E+04	5.892456E-17	2.663022E-18
1.838845E+04	5.905362E-17	2.679167E-18
1.842806E+04	5.912749E-17	2.692034E-18
1.846767E+04	5.914450E-17	2.701516E-18
1.850728E+04	5.910384E-17	2.707553E-18
1.854689E+04	5.900561E-17	2.710133E-18
1.858650E+04	5.885087E-17	2.709292E-18
1.862611E+04	5.864159E-17	2.705112E-18
1.866572E+04	5.838046E-17	2.697717E-18
1.870533E+04	5.807074E-17	2.687261E-18
1.874494E+04	5.771606E-17	2.673922E-18
1.878455E+04	5.732031E-17	2.657895E-18
1.882416E+04	5.688750E-17	2.639382E-18
1.886377E+04	5.642173E-17	2.618598E-18
1.890338E+04	5.592712E-17	2.595760E-18
1.894299E+04	5.540779E-17	2.571086E-18
1.898260E+04	5.486778E-17	2.544794E-18
1.902221E+04	5.431106E-17	2.517103E-18
1.906182E+04	5.374153E-17	2.488224E-18
1.910143E+04	5.316290E-17	2.458366E-18
1.914104E+04	5.257868E-17	2.427726E-18
1.918065E+04	5.199207E-17	2.396486E-18
1.922026E+04	5.140588E-17	2.364811E-18
1.925987E+04	5.082250E-17	2.332845E-18
1.929948E+04	5.024386E-17	2.300711E-18
1.933909E+04	4.967144E-17	2.268510E-18
1.937870E+04	4.910632E-17	2.236324E-18
1.941831E+04	4.854919E-17	2.204218E-18
1.945792E+04	4.800034E-17	2.172236E-18
1.949753E+04	4.745969E-17	2.140407E-18
1.953714E+04	4.692678E-17	2.108742E-18
1.957675E+04	4.640079E-17	2.077236E-18
1.961636E+04	4.588054E-17	2.045869E-18
1.965598E+04	4.536454E-17	2.014607E-18
1.969559E+04	4.485102E-17	1.983406E-18
1.973520E+04	4.433800E-17	1.952214E-18
1.977481E+04	4.382338E-17	1.920974E-18
1.981442E+04	4.330499E-17	1.889630E-18
1.985403E+04	4.278073E-17	1.858129E-18
1.989364E+04	4.224858E-17	1.826425E-18
1.993325E+04	4.170671E-17	1.794480E-18
1.997286E+04	4.115348E-17	1.762267E-18
2.001247E+04	4.058751E-17	1.729770E-18
2.005208E+04	4.000766E-17	1.696984E-18
2.009169E+04	3.941306E-17	1.663918E-18
2.013130E+04	3.880314E-17	1.630590E-18
2.017091E+04	3.817762E-17	1.597031E-18
2.021052E+04	3.753655E-17	1.563284E-18
2.025013E+04	3.688025E-17	1.529402E-18
2.028974E+04	3.620939E-17	1.495450E-18
2.032935E+04	3.552496E-17	1.461501E-18
2.036896E+04	3.482823E-17	1.427638E-18
2.040857E+04	3.412075E-17	1.393952E-18
2.044818E+04	3.340435E-17	1.360539E-18
2.048779E+04	3.268114E-17	1.327503E-18
2.052740E+04	3.195345E-17	1.294953E-18
2.056701E+04	3.122385E-17	1.263001E-18
2.060662E+04	3.049512E-17	1.231762E-18
2.064623E+04	2.977019E-17	1.201356E-18
2.068584E+04	2.905206E-17	1.171899E-18
2.072545E+04	2.834384E-17	1.143507E-18
2.076506E+04	2.764855E-17	1.116290E-18
2.080467E+04	2.696916E-17	1.090356E-18
2.084428E+04	2.630841E-17	1.065797E-18
2.088389E+04	2.566870E-17	1.042695E-18
2.092350E+04	2.505200E-17	1.021111E-18
2.096311E+04	2.445979E-17	1.001089E-18
2.100272E+04	2.389314E-17	9.826471E-19
2.104233E+04	2.335291E-17	9.657729E-19
2.108194E+04	2.284026E-17	9.504677E-19
2.112155E+04	2.235761E-17	9.367914E-19
2.116116E+04	2.191054E-17	9.249453E-19
2.120077E+04	2.151113E-17	9.154204E-19
2.124038E+04	2.118291E-17	9.092241E-19
2.127999E+04	2.096212E-17	9.079578E-19
2.131961E+04	2.086228E-17	9.123033E-19
2.135922E+04	2.084664E-17	9.207592E-19
2.139883E+04	2.088164E-17	9.319162E-19
2.143844E+04	2.094813E-17	9.449620E-19
2.147805E+04	2.103599E-17	9.594631E-19
2.151766E+04	2.113934E-17	9.751645E-19
2.155727E+04	2.125380E-17	9.918708E-19
2.159688E+04	2.137513E-17	1.009385E-18
2.163649E+04	2.149876E-17	1.027487E-18
2.167610E+04	2.161960E-17	1.045918E-18
2.171571E+04	2.173217E-17	1.064392E-18
2.175532E+04	2.183076E-17	1.082597E-18
2.179493E+04	2.190969E-17	1.100206E-18
2.183454E+04	2.196347E-17	1.116890E-18
2.187415E+04	2.198706E-17	1.132324E-18
2.191376E+04	2.197605E-17	1.146203E-18
2.195337E+04	2.192676E-17	1.158250E-18
2.199298E+04	2.183644E-17	1.168224E-18
2.203259E+04	2.170333E-17	1.175928E-18
2.207220E+04	2.152671E-17	1.181219E-18
2.211181E+04	2.130687E-17	1.184007E-18
2.215142E+04	2.104516E-17	1.184259E-18
2.219103E+04	2.074386E-17	1.182001E-18
2.223064E+04	2.040612E-17	1.177315E-18
2.227025E+04	2.003583E-17	1.170335E-18
2.230986E+04	1.963750E-17	1.161243E-18
2.234947E+04	1.921611E-17	1.150262E-18
2.238908E+04	1.877694E-17	1.137650E-18
2.242869E+04	1.832549E-17	1.123693E-18
2.246830E+04	1.786725E-17	1.108695E-18
2.250791E+04	1.740762E-17	1.092970E-18
2.254752E+04	1.695173E-17	1.076831E-18
2.258713E+04	1.650432E-17	1.060585E-18
2.262674E+04	1.606963E-17	1.044519E-18
2.266635E+04	1.565137E-17	1.028899E-18
2.270596E+04	1.525261E-17	1.013960E-18
2.274557E+04	1.487591E-17	9.999136E-19
2.278518E+04	1.452323E-17	9.869377E-19
2.282479E+04	1.419607E-17	9.751854E-19
2.286440E+04	1.389546E-17	9.647825E-19
2.290401E+04	1.362205E-17	9.558308E-19
2.294362E+04	1.337616E-17	9.484107E-19
2.298323E+04	1.315781E-17	9.425828E-19
2.302285E+04	1.296681E-17	9.383923E-19
2.306246E+04	1.280279E-17	9.358709E-19
2.310207E+04	1.266529E-17	9.350434E-19
2.314168E+04	1.255382E-17	9.359285E-19
2.318129E+04	1.246786E-17	9.385436E-19
2.322090E+04	1.240688E-17	9.429018E-19
2.326051E+04	1.237036E-17	9.490172E-19
2.330012E+04	1.235783E-17	9.569033E-19
2.333973E+04	1.236876E-17	9.665698E-19
2.337934E+04	1.240265E-17	9.780254E-19
2.341895E+04	1.245897E-17	9.912759E-19
2.345856E+04	1.253717E-17	1.006322E-18
2.349817E+04	1.263668E-17	1.023163E-18
2.353778E+04	1.275688E-17	1.041789E-18
2.357739E+04	1.289713E-17	1.062190E-18
2.361700E+04	1.305675E-17	1.084349E-18
2.365661E+04	1.323504E-17	1.108243E-18
2.369622E+04	1.343128E-17	1.133847E-18
2.373583E+04	1.364476E-17	1.161136E-18
2.377544E+04	1.387475E-17	1.190077E-18
2.381505E+04	1.412054E-17	1.220641E-18
2.385466E+04	1.438145E-17	1.252794E-18
2.389427E+04	1.465678E-17	1.286504E-18
2.393388E+04	1.494588E-17	1.321736E-18
2.397349E+04	1.524808E-17	1.358455E-18
2.401310E+04	1.556275E-17	1.396625E-18
2.405271E+04	1.588924E-17	1.436207E-18
2.409232E+04	1.622691E-17	1.477161E-18
2.413193E+04	1.657513E-17	1.519447E-18
2.417154E+04	1.693328E-17	1.563022E-18
2.421115E+04	1.730079E-17	1.607847E-18
2.425076E+04	1.767714E-17	1.653886E-18
