#wls	flux	fluxerr
3.257341E+03	1.433189E-16	7.374967E-18
3.296951E+03	1.502146E-16	7.643643E-18
3.336561E+03	1.575224E-16	7.924753E-18
3.376171E+03	1.652712E-16	8.218993E-18
3.415782E+03	1.734870E-16	8.526823E-18
3.455392E+03	1.821852E-16	8.848139E-18
3.495002E+03	1.913735E-16	9.182429E-18
3.534612E+03	2.010370E-16	9.528077E-18
3.574223E+03	2.111265E-16	9.881912E-18
3.613833E+03	2.215745E-16	1.024002E-17
3.653443E+03	2.322702E-16	1.059667E-17
3.693053E+03	2.430897E-16	1.094583E-17
3.732664E+03	2.538929E-16	1.128102E-17
3.772274E+03	2.645262E-16	1.159551E-17
3.811884E+03	2.748245E-16	1.188246E-17
3.851494E+03	2.846168E-16	1.213518E-17
3.891105E+03	2.937264E-16	1.234716E-17
3.930715E+03	3.019847E-16	1.251266E-17
3.970325E+03	3.092632E-16	1.262799E-17
4.009935E+03	3.154739E-16	1.269142E-17
4.049545E+03	3.206124E-16	1.270475E-17
4.089156E+03	3.247160E-16	1.267142E-17
4.128766E+03	3.278782E-16	1.259696E-17
4.168376E+03	3.302469E-16	1.248873E-17
4.207986E+03	3.320320E-16	1.235605E-17
4.247597E+03	3.335161E-16	1.221040E-17
4.287207E+03	3.350347E-16	1.206447E-17
4.326817E+03	3.369614E-16	1.193152E-17
4.366427E+03	3.396690E-16	1.182387E-17
4.406038E+03	3.433471E-16	1.174673E-17
4.445648E+03	3.479290E-16	1.169622E-17
4.485258E+03	3.531768E-16	1.166299E-17
4.524868E+03	3.587957E-16	1.163644E-17
4.564479E+03	3.644786E-16	1.160630E-17
4.604089E+03	3.699063E-16	1.156265E-17
4.643699E+03	3.747478E-16	1.149596E-17
4.683309E+03	3.786320E-16	1.139629E-17
4.722919E+03	3.812033E-16	1.125498E-17
4.762530E+03	3.823106E-16	1.107001E-17
4.802140E+03	3.820252E-16	1.084601E-17
4.841750E+03	3.804341E-16	1.058780E-17
4.881360E+03	3.776243E-16	1.030002E-17
4.920971E+03	3.736730E-16	9.986808E-18
4.960581E+03	3.687318E-16	9.654041E-18
5.000191E+03	3.630035E-16	9.308568E-18
5.039801E+03	3.567473E-16	8.958188E-18
5.079412E+03	3.502361E-16	8.610466E-18
5.119022E+03	3.437321E-16	8.272133E-18
5.158632E+03	3.374598E-16	7.948484E-18
5.198242E+03	3.315760E-16	7.642811E-18
5.237853E+03	3.262172E-16	7.357650E-18
5.277463E+03	3.215307E-16	7.095535E-18
5.317073E+03	3.176902E-16	6.859323E-18
5.356683E+03	3.148184E-16	6.650522E-18
5.396293E+03	3.127279E-16	6.464070E-18
5.435904E+03	3.109430E-16	6.289482E-18
5.475514E+03	3.094325E-16	6.125967E-18
5.515124E+03	3.083353E-16	5.976124E-18
5.554734E+03	3.075934E-16	5.838631E-18
5.594345E+03	3.070466E-16	5.710410E-18
5.633955E+03	3.065208E-16	5.588422E-18
5.673565E+03	3.059023E-16	5.470981E-18
5.713175E+03	3.051312E-16	5.357513E-18
5.752786E+03	3.041746E-16	5.247980E-18
5.792396E+03	3.030149E-16	5.142539E-18
5.832006E+03	3.016437E-16	5.041323E-18
5.871616E+03	3.000128E-16	4.943772E-18
5.911227E+03	2.980709E-16	4.849276E-18
5.950837E+03	2.958016E-16	4.757779E-18
5.990447E+03	2.932209E-16	4.669685E-18
6.030057E+03	2.903833E-16	4.585933E-18
6.069667E+03	2.873584E-16	4.507597E-18
6.109278E+03	2.842693E-16	4.436497E-18
6.148888E+03	2.813105E-16	4.375472E-18
6.188498E+03	2.786651E-16	4.327025E-18
6.228108E+03	2.764036E-16	4.291660E-18
6.267719E+03	2.745264E-16	4.268792E-18
6.307329E+03	2.729497E-16	4.256574E-18
6.346939E+03	2.715932E-16	4.253238E-18
6.386549E+03	2.704064E-16	4.257504E-18
6.426160E+03	2.693492E-16	4.268280E-18
6.465770E+03	2.683291E-16	4.283645E-18
6.505380E+03	2.672809E-16	4.302114E-18
6.544990E+03	2.661812E-16	4.322863E-18
6.584601E+03	2.650251E-16	4.345396E-18
6.624211E+03	2.637964E-16	4.369046E-18
6.663821E+03	2.624378E-16	4.392484E-18
6.703431E+03	2.608529E-16	4.413705E-18
6.743041E+03	2.589257E-16	4.430327E-18
6.782652E+03	2.565802E-16	4.440592E-18
6.822262E+03	2.538031E-16	4.443800E-18
6.861872E+03	2.505901E-16	4.439420E-18
6.901482E+03	2.468945E-16	4.426178E-18
6.941093E+03	2.426342E-16	4.402134E-18
6.980703E+03	2.377458E-16	4.365636E-18
7.020313E+03	2.322177E-16	4.315951E-18
7.059923E+03	2.261309E-16	4.254085E-18
7.099534E+03	2.196305E-16	4.182344E-18
7.139144E+03	2.129051E-16	4.104019E-18
7.178754E+03	2.061472E-16	4.022649E-18
7.218364E+03	1.994817E-16	3.940635E-18
7.257975E+03	1.929699E-16	3.859233E-18
7.297585E+03	1.865967E-16	3.778215E-18
7.337195E+03	1.803730E-16	3.697875E-18
7.376805E+03	1.743793E-16	3.619971E-18
7.416415E+03	1.688489E-16	3.549553E-18
7.456026E+03	1.640848E-16	3.493410E-18
7.495636E+03	1.602454E-16	3.455554E-18
7.535246E+03	1.572120E-16	3.434091E-18
7.574856E+03	1.546721E-16	3.422633E-18
7.614467E+03	1.523450E-16	3.415160E-18
7.654077E+03	1.501895E-16	3.410786E-18
7.693687E+03	1.482643E-16	3.410886E-18
7.733297E+03	1.466038E-16	3.416351E-18
7.772908E+03	1.451810E-16	3.426671E-18
7.812518E+03	1.439187E-16	3.440119E-18
7.852128E+03	1.426868E-16	3.453595E-18
7.891738E+03	1.413514E-16	3.463763E-18
7.931349E+03	1.398860E-16	3.469789E-18
7.970959E+03	1.384067E-16	3.474399E-18
8.010569E+03	1.370313E-16	3.480506E-18
8.050179E+03	1.358141E-16	3.489532E-18
8.089789E+03	1.347788E-16	3.502179E-18
8.129400E+03	1.339121E-16	3.518201E-18
8.169010E+03	1.332024E-16	3.537381E-18
8.208620E+03	1.326221E-16	3.559065E-18
8.248230E+03	1.321462E-16	3.582636E-18
8.287841E+03	1.317587E-16	3.607693E-18
8.327451E+03	1.314363E-16	3.633625E-18
8.367061E+03	1.311657E-16	3.660066E-18
8.406671E+03	1.309270E-16	3.686458E-18
8.446282E+03	1.306970E-16	3.712123E-18
8.485892E+03	1.304581E-16	3.736527E-18
8.525502E+03	1.301921E-16	3.759110E-18
8.565112E+03	1.298814E-16	3.779302E-18
8.604723E+03	1.295046E-16	3.796418E-18
8.644333E+03	1.290437E-16	3.809860E-18
8.683943E+03	1.284768E-16	3.818905E-18
8.723553E+03	1.277803E-16	3.822763E-18
8.763163E+03	1.269313E-16	3.820661E-18
8.802774E+03	1.259402E-16	3.812822E-18
8.842384E+03	1.248323E-16	3.799948E-18
8.881994E+03	1.236551E-16	3.783433E-18
8.921604E+03	1.224578E-16	3.764771E-18
8.961215E+03	1.212815E-16	3.745235E-18
9.000825E+03	1.201496E-16	3.725572E-18
9.040435E+03	1.190924E-16	3.706761E-18
9.080045E+03	1.181421E-16	3.689840E-18
9.119656E+03	1.173293E-16	3.675818E-18
9.159266E+03	1.166498E-16	3.664617E-18
9.198876E+03	1.161185E-16	3.656737E-18
9.238486E+03	1.157326E-16	3.652134E-18
9.278097E+03	1.155002E-16	3.651091E-18
9.317707E+03	1.154002E-16	3.652957E-18
9.357317E+03	1.154364E-16	3.657866E-18
9.396927E+03	1.155952E-16	3.665384E-18
9.436537E+03	1.158780E-16	3.675551E-18
9.476148E+03	1.162675E-16	3.687800E-18
9.515758E+03	1.167543E-16	3.701813E-18
9.555368E+03	1.173454E-16	3.717786E-18
9.594978E+03	1.180263E-16	3.735221E-18
9.634589E+03	1.187890E-16	3.753831E-18
9.674199E+03	1.196335E-16	3.773568E-18
9.713809E+03	1.205411E-16	3.793794E-18
9.753419E+03	1.214984E-16	3.814044E-18
9.793030E+03	1.224975E-16	3.834019E-18
9.832640E+03	1.235062E-16	3.852663E-18
9.872250E+03	1.245059E-16	3.869359E-18
9.911857E+03	1.254513E-16	3.882675E-18
9.951468E+03	1.263129E-16	3.891681E-18
9.991078E+03	1.270332E-16	3.894623E-18
1.003069E+04	1.275863E-16	3.890755E-18
1.007030E+04	1.279129E-16	3.878335E-18
1.010991E+04	1.279705E-16	3.856198E-18
1.014952E+04	1.277370E-16	3.823833E-18
1.018913E+04	1.271863E-16	3.780650E-18
1.022874E+04	1.263151E-16	3.726778E-18
1.026835E+04	1.251084E-16	3.662020E-18
1.030796E+04	1.236017E-16	3.587699E-18
1.034757E+04	1.218618E-16	3.506009E-18
1.038718E+04	1.198864E-16	3.417137E-18
1.042679E+04	1.198892E-16	3.383828E-18
1.046640E+04	1.195793E-16	3.340445E-18
1.050601E+04	1.190115E-16	3.288798E-18
1.054562E+04	1.182799E-16	3.231717E-18
1.058523E+04	1.174729E-16	3.171787E-18
1.062484E+04	1.166439E-16	3.110547E-18
1.066445E+04	1.158102E-16	3.048515E-18
1.070406E+04	1.149661E-16	2.985597E-18
1.074367E+04	1.141014E-16	2.921590E-18
1.078328E+04	1.132090E-16	2.856383E-18
1.082289E+04	1.122850E-16	2.789965E-18
1.086250E+04	1.113297E-16	2.722431E-18
1.090211E+04	1.103464E-16	2.653954E-18
1.094172E+04	1.093390E-16	2.584721E-18
1.098133E+04	1.083117E-16	2.514916E-18
1.102094E+04	1.072690E-16	2.444735E-18
1.106055E+04	1.062175E-16	2.374405E-18
1.110016E+04	1.051658E-16	2.304198E-18
1.113977E+04	1.041257E-16	2.234440E-18
1.117938E+04	1.031093E-16	2.165441E-18
1.121900E+04	1.021280E-16	2.097477E-18
1.125861E+04	1.011911E-16	2.030766E-18
1.129822E+04	1.003060E-16	1.965473E-18
1.133783E+04	9.947749E-17	1.901704E-18
1.137744E+04	9.870872E-17	1.839525E-18
1.141705E+04	9.800085E-17	1.778970E-18
1.145666E+04	9.735182E-17	1.720019E-18
1.149627E+04	9.675551E-17	1.662593E-18
1.153588E+04	9.620142E-17	1.606563E-18
1.157549E+04	9.567774E-17	1.551811E-18
1.161510E+04	9.517307E-17	1.498262E-18
1.165471E+04	9.467938E-17	1.445930E-18
1.169432E+04	9.419439E-17	1.394944E-18
1.173393E+04	9.372022E-17	1.345522E-18
1.177354E+04	9.325974E-17	1.297906E-18
1.181315E+04	9.281566E-17	1.252356E-18
1.185276E+04	9.238787E-17	1.209111E-18
1.189237E+04	9.197035E-17	1.168359E-18
1.193198E+04	9.154951E-17	1.130224E-18
1.197159E+04	9.110699E-17	1.094812E-18
1.201120E+04	9.062824E-17	1.062302E-18
1.205081E+04	9.010941E-17	1.033009E-18
1.209042E+04	8.955353E-17	1.007311E-18
1.213003E+04	8.896275E-17	9.855370E-19
1.216964E+04	8.833123E-17	9.678777E-19
1.220925E+04	8.763443E-17	9.542537E-19
1.224886E+04	8.681923E-17	9.441625E-19
1.228847E+04	8.581100E-17	9.365513E-19
1.232808E+04	8.457630E-17	9.306030E-19
1.236769E+04	8.320716E-17	9.267827E-19
1.240730E+04	8.185289E-17	9.261910E-19
1.244691E+04	8.062775E-17	9.296227E-19
1.248652E+04	7.958659E-17	9.373079E-19
1.252613E+04	7.873908E-17	9.490446E-19
1.256574E+04	7.806975E-17	9.643943E-19
1.260535E+04	7.755189E-17	9.828170E-19
1.264496E+04	7.715630E-17	1.003758E-18
1.268457E+04	7.685439E-17	1.026677E-18
1.272418E+04	7.661717E-17	1.051024E-18
1.276379E+04	7.641493E-17	1.076231E-18
1.280340E+04	7.622526E-17	1.101816E-18
1.284301E+04	7.603607E-17	1.127442E-18
1.288262E+04	7.584019E-17	1.152849E-18
1.292224E+04	7.563493E-17	1.177853E-18
1.296185E+04	7.542287E-17	1.202367E-18
1.300146E+04	7.520892E-17	1.226361E-18
1.304107E+04	7.499591E-17	1.249789E-18
1.308068E+04	7.478253E-17	1.272550E-18
1.312029E+04	7.456576E-17	1.294522E-18
1.315990E+04	7.434398E-17	1.315613E-18
1.319951E+04	7.411788E-17	1.335777E-18
1.323912E+04	7.388944E-17	1.355001E-18
1.327873E+04	7.366035E-17	1.373274E-18
1.331834E+04	7.343126E-17	1.390574E-18
1.335795E+04	7.320142E-17	1.406857E-18
1.339756E+04	7.296860E-17	1.422053E-18
1.343717E+04	7.272958E-17	1.436076E-18
1.347678E+04	7.248108E-17	1.448838E-18
1.351639E+04	7.222053E-17	1.460265E-18
1.355600E+04	7.194621E-17	1.470304E-18
1.359561E+04	7.165570E-17	1.478889E-18
1.363522E+04	7.134407E-17	1.485901E-18
1.367483E+04	7.100525E-17	1.491201E-18
1.371444E+04	7.063380E-17	1.494661E-18
1.375405E+04	7.022538E-17	1.496177E-18
1.379366E+04	6.977719E-17	1.495683E-18
1.383327E+04	6.928859E-17	1.493161E-18
1.387288E+04	6.876089E-17	1.488641E-18
1.391249E+04	6.819658E-17	1.482184E-18
1.395210E+04	6.759914E-17	1.473878E-18
1.399171E+04	6.697341E-17	1.463847E-18
1.403132E+04	6.632558E-17	1.452249E-18
1.407093E+04	6.566241E-17	1.439258E-18
1.411054E+04	6.499041E-17	1.425048E-18
1.415015E+04	6.431562E-17	1.409783E-18
1.418976E+04	6.364378E-17	1.393623E-18
1.422937E+04	6.298067E-17	1.376729E-18
1.426898E+04	6.233164E-17	1.359251E-18
1.430859E+04	6.170112E-17	1.341318E-18
1.434820E+04	6.109241E-17	1.323035E-18
1.438781E+04	6.050761E-17	1.304476E-18
1.442742E+04	5.994799E-17	1.285698E-18
1.446703E+04	5.941374E-17	1.266730E-18
1.450664E+04	5.890413E-17	1.247584E-18
1.454625E+04	5.841960E-17	1.228292E-18
1.458587E+04	5.796262E-17	1.208931E-18
1.462548E+04	5.753621E-17	1.189584E-18
1.466509E+04	5.714266E-17	1.170316E-18
1.470470E+04	5.678301E-17	1.151166E-18
1.474431E+04	5.645715E-17	1.132146E-18
1.478392E+04	5.616397E-17	1.113248E-18
1.482353E+04	5.590177E-17	1.094453E-18
1.486314E+04	5.566825E-17	1.075733E-18
1.490275E+04	5.545906E-17	1.057022E-18
1.494236E+04	5.526646E-17	1.038200E-18
1.498197E+04	5.507969E-17	1.019097E-18
1.502158E+04	5.488589E-17	9.995236E-19
1.506119E+04	5.467096E-17	9.792854E-19
1.510080E+04	5.442127E-17	9.582191E-19
1.514041E+04	5.412780E-17	9.362628E-19
1.518002E+04	5.379000E-17	9.135165E-19
1.521963E+04	5.341412E-17	8.902004E-19
1.525924E+04	5.301010E-17	8.665933E-19
1.529885E+04	5.259063E-17	8.430110E-19
1.533846E+04	5.216890E-17	8.197679E-19
1.537807E+04	5.175678E-17	7.971470E-19
1.541768E+04	5.136446E-17	7.753981E-19
1.545729E+04	5.100029E-17	7.547388E-19
1.549690E+04	5.067009E-17	7.353484E-19
1.553651E+04	5.037585E-17	7.173542E-19
1.557612E+04	5.011553E-17	7.008341E-19
1.561573E+04	4.988336E-17	6.858270E-19
1.565534E+04	4.967104E-17	6.723504E-19
1.569495E+04	4.946954E-17	6.604254E-19
1.573456E+04	4.926967E-17	6.500794E-19
1.577417E+04	4.906191E-17	6.413382E-19
1.581378E+04	4.883875E-17	6.342486E-19
1.585339E+04	4.859869E-17	6.289220E-19
1.589300E+04	4.834437E-17	6.255013E-19
1.593261E+04	4.807349E-17	6.240372E-19
1.597222E+04	4.777033E-17	6.243163E-19
1.601183E+04	4.740348E-17	6.257950E-19
1.605144E+04	4.694213E-17	6.278821E-19
1.609105E+04	4.639463E-17	6.304635E-19
1.613066E+04	4.580278E-17	6.338686E-19
1.617027E+04	4.520829E-17	6.384539E-19
1.620988E+04	4.464392E-17	6.444950E-19
1.624949E+04	4.413099E-17	6.521508E-19
1.628911E+04	4.367983E-17	6.614598E-19
1.632872E+04	4.329271E-17	6.723699E-19
1.636833E+04	4.296546E-17	6.847487E-19
1.640794E+04	4.268893E-17	6.983946E-19
1.644755E+04	4.245241E-17	7.130792E-19
1.648716E+04	4.224744E-17	7.286087E-19
1.652677E+04	4.206925E-17	7.448506E-19
1.656638E+04	4.191411E-17	7.616931E-19
1.660599E+04	4.177806E-17	7.790219E-19
1.664560E+04	4.165703E-17	7.967213E-19
1.668521E+04	4.154628E-17	8.146615E-19
1.672482E+04	4.144113E-17	8.327102E-19
1.676443E+04	4.133725E-17	8.507398E-19
1.680404E+04	4.122794E-17	8.685676E-19
1.684365E+04	4.110379E-17	8.859446E-19
1.688326E+04	4.095581E-17	9.026168E-19
1.692287E+04	4.077649E-17	9.183489E-19
1.696248E+04	4.056071E-17	9.329507E-19
1.700209E+04	4.030635E-17	9.462958E-19
1.704170E+04	4.001425E-17	9.583284E-19
1.708131E+04	3.969037E-17	9.691225E-19
1.712092E+04	3.934514E-17	9.788788E-19
1.716053E+04	3.898995E-17	9.878434E-19
1.720014E+04	3.863473E-17	9.962491E-19
1.723975E+04	3.828843E-17	1.004322E-18
1.727936E+04	3.796007E-17	1.012309E-18
1.731897E+04	3.765852E-17	1.020467E-18
1.735858E+04	3.739136E-17	1.029036E-18
1.739819E+04	3.716478E-17	1.038227E-18
1.743780E+04	3.698438E-17	1.048246E-18
1.747741E+04	3.685584E-17	1.059309E-18
1.751702E+04	3.678474E-17	1.071635E-18
1.755663E+04	3.677521E-17	1.085408E-18
1.759624E+04	3.682947E-17	1.100758E-18
1.763585E+04	3.694830E-17	1.117775E-18
1.767546E+04	3.713085E-17	1.136492E-18
1.771507E+04	3.737453E-17	1.156888E-18
1.775468E+04	3.767559E-17	1.178897E-18
1.779429E+04	3.802968E-17	1.202428E-18
1.783390E+04	3.843161E-17	1.227352E-18
1.787351E+04	3.887536E-17	1.253507E-18
1.791312E+04	3.935424E-17	1.280697E-18
1.795274E+04	3.986060E-17	1.308685E-18
1.799235E+04	4.038571E-17	1.337190E-18
1.803196E+04	4.091969E-17	1.365879E-18
1.807157E+04	4.145161E-17	1.394375E-18
1.811118E+04	4.196977E-17	1.422261E-18
1.815079E+04	4.246191E-17	1.449093E-18
1.819040E+04	4.291596E-17	1.474421E-18
1.823001E+04	4.332091E-17	1.497826E-18
1.826962E+04	4.366725E-17	1.518931E-18
1.830923E+04	4.394736E-17	1.537423E-18
1.834884E+04	4.415559E-17	1.553056E-18
1.838845E+04	4.428798E-17	1.565643E-18
1.842806E+04	4.434197E-17	1.575052E-18
1.846767E+04	4.431612E-17	1.581190E-18
1.850728E+04	4.421043E-17	1.584022E-18
1.854689E+04	4.402716E-17	1.583599E-18
1.858650E+04	4.377159E-17	1.580088E-18
1.862611E+04	4.345165E-17	1.573757E-18
1.866572E+04	4.307668E-17	1.564937E-18
1.870533E+04	4.265624E-17	1.553970E-18
1.874494E+04	4.219879E-17	1.541170E-18
1.878455E+04	4.171069E-17	1.526774E-18
1.882416E+04	4.119713E-17	1.510986E-18
1.886377E+04	4.066333E-17	1.494010E-18
1.890338E+04	4.011459E-17	1.476056E-18
1.894299E+04	3.955596E-17	1.457330E-18
1.898260E+04	3.899232E-17	1.438030E-18
1.902221E+04	3.842842E-17	1.418353E-18
1.906182E+04	3.786912E-17	1.398497E-18
1.910143E+04	3.731944E-17	1.378671E-18
1.914104E+04	3.678439E-17	1.359081E-18
1.918065E+04	3.626822E-17	1.339903E-18
1.922026E+04	3.577417E-17	1.321277E-18
1.925987E+04	3.530458E-17	1.303309E-18
1.929948E+04	3.486122E-17	1.286082E-18
1.933909E+04	3.444555E-17	1.269665E-18
1.937870E+04	3.405880E-17	1.254120E-18
1.941831E+04	3.370218E-17	1.239504E-18
1.945792E+04	3.337682E-17	1.225872E-18
1.949753E+04	3.308355E-17	1.213267E-18
1.953714E+04	3.282268E-17	1.201710E-18
1.957675E+04	3.259399E-17	1.191204E-18
1.961636E+04	3.239630E-17	1.181714E-18
1.965598E+04	3.222689E-17	1.173151E-18
1.969559E+04	3.208158E-17	1.165371E-18
1.973520E+04	3.195566E-17	1.158214E-18
1.977481E+04	3.184443E-17	1.151520E-18
1.981442E+04	3.174386E-17	1.145157E-18
1.985403E+04	3.165063E-17	1.139018E-18
1.989364E+04	3.156179E-17	1.133013E-18
1.993325E+04	3.147432E-17	1.127048E-18
1.997286E+04	3.138515E-17	1.121033E-18
2.001247E+04	3.129107E-17	1.114871E-18
2.005208E+04	3.118887E-17	1.108467E-18
2.009169E+04	3.107544E-17	1.101734E-18
2.013130E+04	3.094815E-17	1.094600E-18
2.017091E+04	3.080522E-17	1.087024E-18
2.021052E+04	3.064587E-17	1.079005E-18
2.025013E+04	3.047081E-17	1.070589E-18
2.028974E+04	3.028229E-17	1.061879E-18
2.032935E+04	3.008338E-17	1.053005E-18
2.036896E+04	2.987691E-17	1.044086E-18
2.040857E+04	2.966536E-17	1.035230E-18
2.044818E+04	2.945044E-17	1.026514E-18
2.048779E+04	2.923309E-17	1.017991E-18
2.052740E+04	2.901381E-17	1.009696E-18
2.056701E+04	2.879280E-17	1.001651E-18
2.060662E+04	2.856973E-17	9.938639E-19
2.064623E+04	2.834349E-17	9.863098E-19
2.068584E+04	2.811238E-17	9.789438E-19
2.072545E+04	2.787417E-17	9.717021E-19
2.076506E+04	2.762662E-17	9.645178E-19
2.080467E+04	2.736888E-17	9.573694E-19
2.084428E+04	2.710163E-17	9.502887E-19
2.088389E+04	2.682620E-17	9.433262E-19
2.092350E+04	2.654389E-17	9.365311E-19
2.096311E+04	2.625568E-17	9.299386E-19
2.100272E+04	2.596238E-17	9.235759E-19
2.104233E+04	2.566546E-17	9.174815E-19
2.108194E+04	2.536824E-17	9.117460E-19
2.112155E+04	2.507681E-17	9.065610E-19
2.116116E+04	2.479943E-17	9.022027E-19
2.120077E+04	2.454528E-17	8.989902E-19
2.124038E+04	2.432326E-17	8.972423E-19
2.127999E+04	2.414009E-17	8.972101E-19
2.131961E+04	2.399845E-17	8.990038E-19
2.135922E+04	2.389552E-17	9.025338E-19
2.139883E+04	2.382257E-17	9.074842E-19
2.143844E+04	2.376741E-17	9.133988E-19
2.147805E+04	2.371704E-17	9.197757E-19
2.151766E+04	2.365970E-17	9.261436E-19
2.155727E+04	2.358672E-17	9.321363E-19
2.159688E+04	2.349257E-17	9.374990E-19
2.163649E+04	2.337328E-17	9.420309E-19
2.167610E+04	2.322531E-17	9.455415E-19
2.171571E+04	2.304570E-17	9.478557E-19
2.175532E+04	2.283219E-17	9.488232E-19
2.179493E+04	2.258284E-17	9.483013E-19
2.183454E+04	2.229561E-17	9.461382E-19
2.187415E+04	2.196833E-17	9.421729E-19
2.191376E+04	2.159911E-17	9.362507E-19
2.195337E+04	2.118675E-17	9.282430E-19
2.199298E+04	2.073110E-17	9.180665E-19
2.203259E+04	2.023320E-17	9.056876E-19
2.207220E+04	1.969519E-17	8.911256E-19
2.211181E+04	1.912025E-17	8.744519E-19
2.215142E+04	1.851254E-17	8.557878E-19
2.219103E+04	1.787716E-17	8.353085E-19
2.223064E+04	1.722006E-17	8.132394E-19
2.227025E+04	1.654782E-17	7.898475E-19
2.230986E+04	1.586721E-17	7.654243E-19
2.234947E+04	1.518502E-17	7.402771E-19
2.238908E+04	1.450789E-17	7.147197E-19
2.242869E+04	1.384236E-17	6.890764E-19
2.246830E+04	1.319473E-17	6.636729E-19
2.250791E+04	1.257079E-17	6.388249E-19
2.254752E+04	1.197563E-17	6.148235E-19
2.258713E+04	1.141337E-17	5.919220E-19
2.262674E+04	1.088700E-17	5.703240E-19
2.266635E+04	1.039838E-17	5.501807E-19
2.270596E+04	9.948338E-18	5.315920E-19
2.274557E+04	9.536874E-18	5.146160E-19
2.278518E+04	9.163464E-18	4.992827E-19
2.282479E+04	8.827260E-18	4.856037E-19
2.286440E+04	8.527155E-18	4.735745E-19
2.290401E+04	8.261810E-18	4.631757E-19
2.294362E+04	8.029707E-18	4.543753E-19
2.298323E+04	7.829188E-18	4.471299E-19
2.302285E+04	7.658530E-18	4.413892E-19
2.306246E+04	7.516031E-18	4.371004E-19
2.310207E+04	7.400115E-18	4.342145E-19
2.314168E+04	7.309389E-18	4.326902E-19
2.318129E+04	7.242639E-18	4.324936E-19
2.322090E+04	7.198830E-18	4.335991E-19
2.326051E+04	7.177079E-18	4.359881E-19
2.330012E+04	7.176625E-18	4.396474E-19
2.333973E+04	7.196799E-18	4.445678E-19
2.337934E+04	7.236993E-18	4.507424E-19
2.341895E+04	7.296640E-18	4.581653E-19
2.345856E+04	7.375196E-18	4.668307E-19
2.349817E+04	7.472131E-18	4.767325E-19
2.353778E+04	7.586912E-18	4.878631E-19
2.357739E+04	7.718984E-18	5.002119E-19
2.361700E+04	7.867758E-18	5.137651E-19
2.365661E+04	8.032612E-18	5.285050E-19
2.369622E+04	8.212897E-18	5.444108E-19
2.373583E+04	8.407951E-18	5.614594E-19
2.377544E+04	8.617137E-18	5.796276E-19
2.381505E+04	8.839834E-18	5.988920E-19
2.385466E+04	9.075417E-18	6.192275E-19
2.389427E+04	9.323239E-18	6.406057E-19
2.393388E+04	9.582668E-18	6.629984E-19
2.397349E+04	9.853107E-18	6.863779E-19
2.401310E+04	1.013395E-17	7.107144E-19
2.405271E+04	1.042451E-17	7.359725E-19
2.409232E+04	1.072404E-17	7.621087E-19
2.413193E+04	1.103177E-17	7.890776E-19
2.417154E+04	1.134696E-17	8.168348E-19
2.421115E+04	1.166892E-17	8.453373E-19
2.425076E+04	1.199714E-17	8.745540E-19
