#wls	flux	fluxerr
3.257341E+03	9.217817E-18	4.680411E-19
3.296951E+03	8.585129E-18	4.340705E-19
3.336561E+03	8.035063E-18	4.045201E-19
3.376171E+03	7.559010E-18	3.789070E-19
3.415782E+03	7.149568E-18	3.568155E-19
3.455392E+03	6.800352E-18	3.378864E-19
3.495002E+03	6.505873E-18	3.218098E-19
3.534612E+03	6.261413E-18	3.083183E-19
3.574223E+03	6.062937E-18	2.971816E-19
3.613833E+03	5.907012E-18	2.882020E-19
3.653443E+03	5.790741E-18	2.812107E-19
3.693053E+03	5.711706E-18	2.760643E-19
3.732664E+03	5.667899E-18	2.726410E-19
3.772274E+03	5.657670E-18	2.708376E-19
3.811884E+03	5.679675E-18	2.705670E-19
3.851494E+03	5.732834E-18	2.717553E-19
3.891105E+03	5.816248E-18	2.743381E-19
3.930715E+03	5.929131E-18	2.782569E-19
3.970325E+03	6.070752E-18	2.834562E-19
4.009935E+03	6.240386E-18	2.898812E-19
4.049545E+03	6.437271E-18	2.974762E-19
4.089156E+03	6.660556E-18	3.061817E-19
4.128766E+03	6.909277E-18	3.159336E-19
4.168376E+03	7.182271E-18	3.266598E-19
4.207986E+03	7.478180E-18	3.382800E-19
4.247597E+03	7.795438E-18	3.507062E-19
4.287207E+03	8.132189E-18	3.638384E-19
4.326817E+03	8.486338E-18	3.775679E-19
4.366427E+03	8.855557E-18	3.917777E-19
4.406038E+03	9.237389E-18	4.063475E-19
4.445648E+03	9.629377E-18	4.211591E-19
4.485258E+03	1.002920E-17	4.361032E-19
4.524868E+03	1.043486E-17	4.510858E-19
4.564479E+03	1.084484E-17	4.660371E-19
4.604089E+03	1.125847E-17	4.809235E-19
4.643699E+03	1.167614E-17	4.957586E-19
4.683309E+03	1.209956E-17	5.106103E-19
4.722919E+03	1.253166E-17	5.255962E-19
4.762530E+03	1.297582E-17	5.408495E-19
4.802140E+03	1.343368E-17	5.564286E-19
4.841750E+03	1.390220E-17	5.721964E-19
4.881360E+03	1.437447E-17	5.878620E-19
4.920971E+03	1.484290E-17	6.031126E-19
4.960581E+03	1.529998E-17	6.176479E-19
5.000191E+03	1.573856E-17	6.311893E-19
5.039801E+03	1.615188E-17	6.434814E-19
5.079412E+03	1.653369E-17	6.542967E-19
5.119022E+03	1.687855E-17	6.634460E-19
5.158632E+03	1.718202E-17	6.707849E-19
5.198242E+03	1.744079E-17	6.762181E-19
5.237853E+03	1.765289E-17	6.797061E-19
5.277463E+03	1.781808E-17	6.812765E-19
5.317073E+03	1.793776E-17	6.810212E-19
5.356683E+03	1.801527E-17	6.791027E-19
5.396293E+03	1.805608E-17	6.757602E-19
5.435904E+03	1.806772E-17	6.713041E-19
5.475514E+03	1.805930E-17	6.660942E-19
5.515124E+03	1.804083E-17	6.605144E-19
5.554734E+03	1.802306E-17	6.549639E-19
5.594345E+03	1.801693E-17	6.498372E-19
5.633955E+03	1.803235E-17	6.454806E-19
5.673565E+03	1.807714E-17	6.421545E-19
5.713175E+03	1.815704E-17	6.400386E-19
5.752786E+03	1.827637E-17	6.392555E-19
5.792396E+03	1.843838E-17	6.398865E-19
5.832006E+03	1.864534E-17	6.419761E-19
5.871616E+03	1.889837E-17	6.455259E-19
5.911227E+03	1.919716E-17	6.504893E-19
5.950837E+03	1.953984E-17	6.567667E-19
5.990447E+03	1.992279E-17	6.642029E-19
6.030057E+03	2.034021E-17	6.725742E-19
6.069667E+03	2.078347E-17	6.815711E-19
6.109278E+03	2.124062E-17	6.907858E-19
6.148888E+03	2.169666E-17	6.997245E-19
6.188498E+03	2.213563E-17	7.078805E-19
6.228108E+03	2.254797E-17	7.149659E-19
6.267719E+03	2.293300E-17	7.209840E-19
6.307329E+03	2.329257E-17	7.260163E-19
6.346939E+03	2.362967E-17	7.301785E-19
6.386549E+03	2.394947E-17	7.336491E-19
6.426160E+03	2.425751E-17	7.366129E-19
6.465770E+03	2.455905E-17	7.392402E-19
6.505380E+03	2.486117E-17	7.417491E-19
6.544990E+03	2.517222E-17	7.443869E-19
6.584601E+03	2.550072E-17	7.473975E-19
6.624211E+03	2.585431E-17	7.509908E-19
6.663821E+03	2.623912E-17	7.553251E-19
6.703431E+03	2.665967E-17	7.605062E-19
6.743041E+03	2.711863E-17	7.665841E-19
6.782652E+03	2.761615E-17	7.735353E-19
6.822262E+03	2.814921E-17	7.812483E-19
6.861872E+03	2.871156E-17	7.895274E-19
6.901482E+03	2.929473E-17	7.981221E-19
6.941093E+03	2.988943E-17	8.067688E-19
6.980703E+03	3.048665E-17	8.152218E-19
7.020313E+03	3.107724E-17	8.232401E-19
7.059923E+03	3.165218E-17	8.305965E-19
7.099534E+03	3.220440E-17	8.371226E-19
7.139144E+03	3.272961E-17	8.427288E-19
7.178754E+03	3.322522E-17	8.473739E-19
7.218364E+03	3.368923E-17	8.510333E-19
7.257975E+03	3.411963E-17	8.536842E-19
7.297585E+03	3.451528E-17	8.553275E-19
7.337195E+03	3.487862E-17	8.560524E-19
7.376805E+03	3.521829E-17	8.560970E-19
7.416415E+03	3.555068E-17	8.558777E-19
7.456026E+03	3.590050E-17	8.559932E-19
7.495636E+03	3.629948E-17	8.571866E-19
7.535246E+03	3.678285E-17	8.602535E-19
7.574856E+03	3.738290E-17	8.658918E-19
7.614467E+03	3.811114E-17	8.742945E-19
7.654077E+03	3.893302E-17	8.845996E-19
7.693687E+03	3.978770E-17	8.953830E-19
7.733297E+03	4.060593E-17	9.050866E-19
7.772908E+03	4.132081E-17	9.122628E-19
7.812518E+03	4.189027E-17	9.160626E-19
7.852128E+03	4.229944E-17	9.162553E-19
7.891738E+03	4.254636E-17	9.128956E-19
7.931349E+03	4.263900E-17	9.062497E-19
7.970959E+03	4.259477E-17	8.967731E-19
8.010569E+03	4.243840E-17	8.850589E-19
8.050179E+03	4.219865E-17	8.717626E-19
8.089789E+03	4.190566E-17	8.575447E-19
8.129400E+03	4.158759E-17	8.430013E-19
8.169010E+03	4.126698E-17	8.285947E-19
8.208620E+03	4.096035E-17	8.146498E-19
8.248230E+03	4.068068E-17	8.014100E-19
8.287841E+03	4.043832E-17	7.890586E-19
8.327451E+03	4.023903E-17	7.776824E-19
8.367061E+03	4.008285E-17	7.672556E-19
8.406671E+03	3.996479E-17	7.576578E-19
8.446282E+03	3.987720E-17	7.487227E-19
8.485892E+03	3.981307E-17	7.403024E-19
8.525502E+03	3.976676E-17	7.322801E-19
8.565112E+03	3.973434E-17	7.245744E-19
8.604723E+03	3.971477E-17	7.171597E-19
8.644333E+03	3.971015E-17	7.100681E-19
8.683943E+03	3.972551E-17	7.033825E-19
8.723553E+03	3.976824E-17	6.972240E-19
8.763163E+03	3.984704E-17	6.917324E-19
8.802774E+03	3.997146E-17	6.870571E-19
8.842384E+03	4.015098E-17	6.833403E-19
8.881994E+03	4.039387E-17	6.806987E-19
8.921604E+03	4.070637E-17	6.792107E-19
8.961215E+03	4.109157E-17	6.789003E-19
9.000825E+03	4.154759E-17	6.797094E-19
9.040435E+03	4.206481E-17	6.814576E-19
9.080045E+03	4.262456E-17	6.838270E-19
9.119656E+03	4.321143E-17	6.865654E-19
9.159266E+03	4.381037E-17	6.894362E-19
9.198876E+03	4.442684E-17	6.925281E-19
9.238486E+03	4.506130E-17	6.958473E-19
9.278097E+03	4.571016E-17	6.993385E-19
9.317707E+03	4.636603E-17	7.028922E-19
9.357317E+03	4.701863E-17	7.063604E-19
9.396927E+03	4.765645E-17	7.095835E-19
9.436537E+03	4.826891E-17	7.124222E-19
9.476148E+03	4.884759E-17	7.147750E-19
9.515758E+03	4.938787E-17	7.166007E-19
9.555368E+03	4.989068E-17	7.179397E-19
9.594978E+03	5.036251E-17	7.189122E-19
9.634589E+03	5.081556E-17	7.197165E-19
9.674199E+03	5.126869E-17	7.206396E-19
9.713809E+03	5.174857E-17	7.220702E-19
9.753419E+03	5.228896E-17	7.244861E-19
9.793030E+03	5.292717E-17	7.284032E-19
9.832640E+03	5.369390E-17	7.342368E-19
9.872250E+03	5.458971E-17	7.419841E-19
9.911857E+03	5.559068E-17	7.513111E-19
9.951468E+03	5.666571E-17	7.617969E-19
9.991078E+03	5.778454E-17	7.730459E-19
1.003069E+04	5.892063E-17	7.847222E-19
1.007030E+04	6.005228E-17	7.965620E-19
1.010991E+04	6.116245E-17	8.083692E-19
1.014952E+04	6.223692E-17	8.199883E-19
1.018913E+04	6.326218E-17	8.312749E-19
1.022874E+04	6.422413E-17	8.420780E-19
1.026835E+04	6.510866E-17	8.522459E-19
1.030796E+04	6.590234E-17	8.616352E-19
1.034757E+04	6.660380E-17	8.702570E-19
1.038718E+04	6.724450E-17	8.785422E-19
1.042679E+04	6.785395E-17	8.868666E-19
1.046640E+04	6.844563E-17	8.953872E-19
1.050601E+04	6.902054E-17	9.040962E-19
1.054562E+04	6.957204E-17	9.128839E-19
1.058523E+04	7.008781E-17	9.215645E-19
1.062484E+04	7.055131E-17	9.298937E-19
1.066445E+04	7.094325E-17	9.375880E-19
1.070406E+04	7.124334E-17	9.443463E-19
1.074367E+04	7.143259E-17	9.498808E-19
1.078328E+04	7.149528E-17	9.539430E-19
1.082289E+04	7.141985E-17	9.563366E-19
1.086250E+04	7.119984E-17	9.569311E-19
1.090211E+04	7.083352E-17	9.556587E-19
1.094172E+04	7.032266E-17	9.524992E-19
1.098133E+04	6.967370E-17	9.474970E-19
1.102094E+04	6.889900E-17	9.407798E-19
1.106055E+04	6.801542E-17	9.325416E-19
1.110016E+04	6.704232E-17	9.230162E-19
1.113977E+04	6.599970E-17	9.124529E-19
1.117938E+04	6.490705E-17	9.011000E-19
1.121900E+04	6.378308E-17	8.892021E-19
1.125861E+04	6.264584E-17	8.770004E-19
1.129822E+04	6.151254E-17	8.647302E-19
1.133783E+04	6.039916E-17	8.526158E-19
1.137744E+04	5.932002E-17	8.408627E-19
1.141705E+04	5.828741E-17	8.296523E-19
1.145666E+04	5.731202E-17	8.191474E-19
1.149627E+04	5.640328E-17	8.094966E-19
1.153588E+04	5.556954E-17	8.008355E-19
1.157549E+04	5.481808E-17	7.932881E-19
1.161510E+04	5.415552E-17	7.869703E-19
1.165471E+04	5.358752E-17	7.819877E-19
1.169432E+04	5.311795E-17	7.784212E-19
1.173393E+04	5.274851E-17	7.763218E-19
1.177354E+04	5.247876E-17	7.757110E-19
1.181315E+04	5.230631E-17	7.765814E-19
1.185276E+04	5.222649E-17	7.788934E-19
1.189237E+04	5.223207E-17	7.825683E-19
1.193198E+04	5.231289E-17	7.874829E-19
1.197159E+04	5.245534E-17	7.934608E-19
1.201120E+04	5.264221E-17	8.002677E-19
1.205081E+04	5.285293E-17	8.076143E-19
1.209042E+04	5.306381E-17	8.151577E-19
1.213003E+04	5.324806E-17	8.224995E-19
1.216964E+04	5.337584E-17	8.291850E-19
1.220925E+04	5.341450E-17	8.347041E-19
1.224886E+04	5.332889E-17	8.384929E-19
1.228847E+04	5.308217E-17	8.399313E-19
1.232808E+04	5.263767E-17	8.383683E-19
1.236769E+04	5.196986E-17	8.333105E-19
1.240730E+04	5.109932E-17	8.249949E-19
1.244691E+04	5.007360E-17	8.141025E-19
1.248652E+04	4.894071E-17	8.013422E-19
1.252613E+04	4.774480E-17	7.873809E-19
1.256574E+04	4.652514E-17	7.728262E-19
1.260535E+04	4.531579E-17	7.582186E-19
1.264496E+04	4.414555E-17	7.440280E-19
1.268457E+04	4.303814E-17	7.306542E-19
1.272418E+04	4.201245E-17	7.184284E-19
1.276379E+04	4.108283E-17	7.076140E-19
1.280340E+04	4.025937E-17	6.984098E-19
1.284301E+04	3.954847E-17	6.909565E-19
1.288262E+04	3.895358E-17	6.853469E-19
1.292224E+04	3.847559E-17	6.816307E-19
1.296185E+04	3.811312E-17	6.798179E-19
1.300146E+04	3.786256E-17	6.798782E-19
1.304107E+04	3.771846E-17	6.817459E-19
1.308068E+04	3.767412E-17	6.853292E-19
1.312029E+04	3.772222E-17	6.905218E-19
1.315990E+04	3.785474E-17	6.972005E-19
1.319951E+04	3.806284E-17	7.052220E-19
1.323912E+04	3.833688E-17	7.144236E-19
1.327873E+04	3.866645E-17	7.246237E-19
1.331834E+04	3.904068E-17	7.356262E-19
1.335795E+04	3.944860E-17	7.472287E-19
1.339756E+04	3.987947E-17	7.592280E-19
1.343717E+04	4.032275E-17	7.714203E-19
1.347678E+04	4.076806E-17	7.836009E-19
1.351639E+04	4.120507E-17	7.955625E-19
1.355600E+04	4.162373E-17	8.071002E-19
1.359561E+04	4.201448E-17	8.180154E-19
1.363522E+04	4.236871E-17	8.281260E-19
1.367483E+04	4.267934E-17	8.372787E-19
1.371444E+04	4.294110E-17	8.453545E-19
1.375405E+04	4.315044E-17	8.522686E-19
1.379366E+04	4.330526E-17	8.579656E-19
1.383327E+04	4.340488E-17	8.624193E-19
1.387288E+04	4.344978E-17	8.656280E-19
1.391249E+04	4.344136E-17	8.676104E-19
1.395210E+04	4.338184E-17	8.684035E-19
1.399171E+04	4.327413E-17	8.680597E-19
1.403132E+04	4.312178E-17	8.666471E-19
1.407093E+04	4.292916E-17	8.642514E-19
1.411054E+04	4.270120E-17	8.609724E-19
1.415015E+04	4.244357E-17	8.569260E-19
1.418976E+04	4.216274E-17	8.522465E-19
1.422937E+04	4.186561E-17	8.470775E-19
1.426898E+04	4.155910E-17	8.415655E-19
1.430859E+04	4.125013E-17	8.358569E-19
1.434820E+04	4.094563E-17	8.301001E-19
1.438781E+04	4.065260E-17	8.244447E-19
1.442742E+04	4.037782E-17	8.190366E-19
1.446703E+04	4.012759E-17	8.140118E-19
1.450664E+04	3.990786E-17	8.094996E-19
1.454625E+04	3.972441E-17	8.056253E-19
1.458587E+04	3.958232E-17	8.025001E-19
1.462548E+04	3.948538E-17	8.002082E-19
1.466509E+04	3.943597E-17	7.988057E-19
1.470470E+04	3.943511E-17	7.983205E-19
1.474431E+04	3.948248E-17	7.987533E-19
1.478392E+04	3.957631E-17	8.000761E-19
1.482353E+04	3.971330E-17	8.022298E-19
1.486314E+04	3.988888E-17	8.051304E-19
1.490275E+04	4.009767E-17	8.086788E-19
1.494236E+04	4.033370E-17	8.127646E-19
1.498197E+04	4.059085E-17	8.172756E-19
1.502158E+04	4.086293E-17	8.220997E-19
1.506119E+04	4.114343E-17	8.271197E-19
1.510080E+04	4.142550E-17	8.322126E-19
1.514041E+04	4.170219E-17	8.372551E-19
1.518002E+04	4.196711E-17	8.421361E-19
1.521963E+04	4.221490E-17	8.467664E-19
1.525924E+04	4.244145E-17	8.510827E-19
1.529885E+04	4.264399E-17	8.550489E-19
1.533846E+04	4.282108E-17	8.586567E-19
1.537807E+04	4.297246E-17	8.619202E-19
1.541768E+04	4.309834E-17	8.648646E-19
1.545729E+04	4.319882E-17	8.675117E-19
1.549690E+04	4.327361E-17	8.698753E-19
1.553651E+04	4.332212E-17	8.719630E-19
1.557612E+04	4.334365E-17	8.737789E-19
1.561573E+04	4.333728E-17	8.753224E-19
1.565534E+04	4.330204E-17	8.765899E-19
1.569495E+04	4.323712E-17	8.775799E-19
1.573456E+04	4.314184E-17	8.782916E-19
1.577417E+04	4.301530E-17	8.787176E-19
1.581378E+04	4.285563E-17	8.788284E-19
1.585339E+04	4.265955E-17	8.785623E-19
1.589300E+04	4.242213E-17	8.778191E-19
1.593261E+04	4.213658E-17	8.764554E-19
1.597222E+04	4.179417E-17	8.742790E-19
1.601183E+04	4.138412E-17	8.710319E-19
1.605144E+04	4.089388E-17	8.663990E-19
1.609105E+04	4.031130E-17	8.600618E-19
1.613066E+04	3.963725E-17	8.519688E-19
1.617027E+04	3.889496E-17	8.425486E-19
1.620988E+04	3.811059E-17	8.323059E-19
1.624949E+04	3.730731E-17	8.216949E-19
1.628911E+04	3.650440E-17	8.111010E-19
1.632872E+04	3.571685E-17	8.008286E-19
1.636833E+04	3.495542E-17	7.911002E-19
1.640794E+04	3.422733E-17	7.820680E-19
1.644755E+04	3.353705E-17	7.738295E-19
1.648716E+04	3.288685E-17	7.664380E-19
1.652677E+04	3.227723E-17	7.599094E-19
1.656638E+04	3.170710E-17	7.542246E-19
1.660599E+04	3.117435E-17	7.493419E-19
1.664560E+04	3.067640E-17	7.452077E-19
1.668521E+04	3.021048E-17	7.417630E-19
1.672482E+04	2.977372E-17	7.389460E-19
1.676443E+04	2.936331E-17	7.366945E-19
1.680404E+04	2.897639E-17	7.349434E-19
1.684365E+04	2.861021E-17	7.336285E-19
1.688326E+04	2.826215E-17	7.326876E-19
1.692287E+04	2.793002E-17	7.320673E-19
1.696248E+04	2.761190E-17	7.317204E-19
1.700209E+04	2.730619E-17	7.316062E-19
1.704170E+04	2.701161E-17	7.316921E-19
1.708131E+04	2.672744E-17	7.319596E-19
1.712092E+04	2.645351E-17	7.324053E-19
1.716053E+04	2.619006E-17	7.330383E-19
1.720014E+04	2.593765E-17	7.338767E-19
1.723975E+04	2.569719E-17	7.349503E-19
1.727936E+04	2.547007E-17	7.363042E-19
1.731897E+04	2.525798E-17	7.379945E-19
1.735858E+04	2.506277E-17	7.400853E-19
1.739819E+04	2.488649E-17	7.426480E-19
1.743780E+04	2.473117E-17	7.457577E-19
1.747741E+04	2.459883E-17	7.494911E-19
1.751702E+04	2.449141E-17	7.539263E-19
1.755663E+04	2.441094E-17	7.591460E-19
1.759624E+04	2.435930E-17	7.652317E-19
1.763585E+04	2.433809E-17	7.722582E-19
1.767546E+04	2.434845E-17	7.802883E-19
1.771507E+04	2.439106E-17	7.893712E-19
1.775468E+04	2.446600E-17	7.995372E-19
1.779429E+04	2.457268E-17	8.107955E-19
1.783390E+04	2.470984E-17	8.231311E-19
1.787351E+04	2.487556E-17	8.365067E-19
1.791312E+04	2.506754E-17	8.508688E-19
1.795274E+04	2.528333E-17	8.661555E-19
1.799235E+04	2.552013E-17	8.822902E-19
1.803196E+04	2.577465E-17	8.991762E-19
1.807157E+04	2.604328E-17	9.166999E-19
1.811118E+04	2.632210E-17	9.347335E-19
1.815079E+04	2.660697E-17	9.531356E-19
1.819040E+04	2.689348E-17	9.717500E-19
1.823001E+04	2.717717E-17	9.904137E-19
1.826962E+04	2.745376E-17	1.008964E-18
1.830923E+04	2.771924E-17	1.027244E-18
1.834884E+04	2.797015E-17	1.045111E-18
1.838845E+04	2.820341E-17	1.062434E-18
1.842806E+04	2.841620E-17	1.079087E-18
1.846767E+04	2.860575E-17	1.094944E-18
1.850728E+04	2.876945E-17	1.109881E-18
1.854689E+04	2.890512E-17	1.123788E-18
1.858650E+04	2.901128E-17	1.136581E-18
1.862611E+04	2.908721E-17	1.148202E-18
1.866572E+04	2.913276E-17	1.158619E-18
1.870533E+04	2.914804E-17	1.167806E-18
1.874494E+04	2.913346E-17	1.175753E-18
1.878455E+04	2.908989E-17	1.182469E-18
1.882416E+04	2.901875E-17	1.187985E-18
1.886377E+04	2.892206E-17	1.192361E-18
1.890338E+04	2.880261E-17	1.195690E-18
1.894299E+04	2.866395E-17	1.198101E-18
1.898260E+04	2.851020E-17	1.199751E-18
1.902221E+04	2.834567E-17	1.200810E-18
1.906182E+04	2.817464E-17	1.201452E-18
1.910143E+04	2.800133E-17	1.201853E-18
1.914104E+04	2.782987E-17	1.202189E-18
1.918065E+04	2.766409E-17	1.202630E-18
1.922026E+04	2.750736E-17	1.203328E-18
1.925987E+04	2.736234E-17	1.204408E-18
1.929948E+04	2.723102E-17	1.205968E-18
1.933909E+04	2.711472E-17	1.208079E-18
1.937870E+04	2.701428E-17	1.210790E-18
1.941831E+04	2.693014E-17	1.214135E-18
1.945792E+04	2.686228E-17	1.218125E-18
1.949753E+04	2.681007E-17	1.222746E-18
1.953714E+04	2.677210E-17	1.227944E-18
1.957675E+04	2.674637E-17	1.233639E-18
1.961636E+04	2.673045E-17	1.239728E-18
1.965598E+04	2.672162E-17	1.246091E-18
1.969559E+04	2.671724E-17	1.252609E-18
1.973520E+04	2.671472E-17	1.259165E-18
1.977481E+04	2.671176E-17	1.265650E-18
1.981442E+04	2.670624E-17	1.271963E-18
1.985403E+04	2.669609E-17	1.278004E-18
1.989364E+04	2.667920E-17	1.283667E-18
1.993325E+04	2.665336E-17	1.288841E-18
1.997286E+04	2.661618E-17	1.293404E-18
2.001247E+04	2.656515E-17	1.297224E-18
2.005208E+04	2.649747E-17	1.300157E-18
2.009169E+04	2.641037E-17	1.302052E-18
2.013130E+04	2.630132E-17	1.302772E-18
2.017091E+04	2.616844E-17	1.302209E-18
2.021052E+04	2.601084E-17	1.300303E-18
2.025013E+04	2.582885E-17	1.297055E-18
2.028974E+04	2.562409E-17	1.292531E-18
2.032935E+04	2.539918E-17	1.286848E-18
2.036896E+04	2.515727E-17	1.280156E-18
2.040857E+04	2.490160E-17	1.272611E-18
2.044818E+04	2.463517E-17	1.264359E-18
2.048779E+04	2.436061E-17	1.255529E-18
2.052740E+04	2.408007E-17	1.246230E-18
2.056701E+04	2.379512E-17	1.236541E-18
2.060662E+04	2.350681E-17	1.226515E-18
2.064623E+04	2.321586E-17	1.216190E-18
2.068584E+04	2.292298E-17	1.205603E-18
2.072545E+04	2.262895E-17	1.194797E-18
2.076506E+04	2.233474E-17	1.183823E-18
2.080467E+04	2.204152E-17	1.172744E-18
2.084428E+04	2.175073E-17	1.161641E-18
2.088389E+04	2.146388E-17	1.150598E-18
2.092350E+04	2.118236E-17	1.139693E-18
2.096311E+04	2.090741E-17	1.128997E-18
2.100272E+04	2.064000E-17	1.118569E-18
2.104233E+04	2.038104E-17	1.108465E-18
2.108194E+04	2.013162E-17	1.098750E-18
2.112155E+04	1.989317E-17	1.089508E-18
2.116116E+04	1.966739E-17	1.080842E-18
2.120077E+04	1.945645E-17	1.072879E-18
2.124038E+04	1.926272E-17	1.065760E-18
2.127999E+04	1.908832E-17	1.059613E-18
2.131961E+04	1.893378E-17	1.054478E-18
2.135922E+04	1.879726E-17	1.050266E-18
2.139883E+04	1.867573E-17	1.046815E-18
2.143844E+04	1.856581E-17	1.043946E-18
2.147805E+04	1.846421E-17	1.041480E-18
2.151766E+04	1.836765E-17	1.039235E-18
2.155727E+04	1.827302E-17	1.037038E-18
2.159688E+04	1.817735E-17	1.034722E-18
2.163649E+04	1.807795E-17	1.032134E-18
2.167610E+04	1.797257E-17	1.029143E-18
2.171571E+04	1.785945E-17	1.025646E-18
2.175532E+04	1.773748E-17	1.021575E-18
2.179493E+04	1.760586E-17	1.016880E-18
2.183454E+04	1.746390E-17	1.011519E-18
2.187415E+04	1.731103E-17	1.005452E-18
2.191376E+04	1.714695E-17	9.986584E-19
2.195337E+04	1.697185E-17	9.911450E-19
2.199298E+04	1.678638E-17	9.829446E-19
2.203259E+04	1.659140E-17	9.741046E-19
2.207220E+04	1.638814E-17	9.646935E-19
2.211181E+04	1.617808E-17	9.547959E-19
2.215142E+04	1.596292E-17	9.445102E-19
2.219103E+04	1.574444E-17	9.339409E-19
2.223064E+04	1.552454E-17	9.232003E-19
2.227025E+04	1.530508E-17	9.123997E-19
2.230986E+04	1.508793E-17	9.016521E-19
2.234947E+04	1.487500E-17	8.910741E-19
2.238908E+04	1.466818E-17	8.807812E-19
2.242869E+04	1.446926E-17	8.708861E-19
2.246830E+04	1.427992E-17	8.614930E-19
2.250791E+04	1.410162E-17	8.526962E-19
2.254752E+04	1.393574E-17	8.445845E-19
2.258713E+04	1.378348E-17	8.372360E-19
2.262674E+04	1.364576E-17	8.307138E-19
2.266635E+04	1.352309E-17	8.250551E-19
2.270596E+04	1.341559E-17	8.202746E-19
2.274557E+04	1.332332E-17	8.163815E-19
2.278518E+04	1.324631E-17	8.133845E-19
2.282479E+04	1.318444E-17	8.112825E-19
2.286440E+04	1.313724E-17	8.100527E-19
2.290401E+04	1.310408E-17	8.096624E-19
2.294362E+04	1.308431E-17	8.100767E-19
2.298323E+04	1.307735E-17	8.112654E-19
2.302285E+04	1.308270E-17	8.132012E-19
2.306246E+04	1.309989E-17	8.158598E-19
2.310207E+04	1.312849E-17	8.192189E-19
2.314168E+04	1.316811E-17	8.232585E-19
2.318129E+04	1.321834E-17	8.279569E-19
2.322090E+04	1.327877E-17	8.332914E-19
2.326051E+04	1.334888E-17	8.392333E-19
2.330012E+04	1.342809E-17	8.457486E-19
2.333973E+04	1.351568E-17	8.527956E-19
2.337934E+04	1.361087E-17	8.603275E-19
2.341895E+04	1.371284E-17	8.682949E-19
2.345856E+04	1.382084E-17	8.766516E-19
2.349817E+04	1.393411E-17	8.853517E-19
2.353778E+04	1.405192E-17	8.943503E-19
2.357739E+04	1.417360E-17	9.036047E-19
2.361700E+04	1.429842E-17	9.130706E-19
2.365661E+04	1.442568E-17	9.227036E-19
2.369622E+04	1.455465E-17	9.324566E-19
2.373583E+04	1.468457E-17	9.422822E-19
2.377544E+04	1.481463E-17	9.521279E-19
2.381505E+04	1.494401E-17	9.619403E-19
2.385466E+04	1.507182E-17	9.716615E-19
2.389427E+04	1.519714E-17	9.812323E-19
2.393388E+04	1.531906E-17	9.905923E-19
2.397349E+04	1.543675E-17	9.996866E-19
2.401310E+04	1.554952E-17	1.008469E-18
2.405271E+04	1.565688E-17	1.016905E-18
2.409232E+04	1.575847E-17	1.024971E-18
2.413193E+04	1.585414E-17	1.032655E-18
2.417154E+04	1.594380E-17	1.039949E-18
2.421115E+04	1.602755E-17	1.046858E-18
2.425076E+04	1.610558E-17	1.053393E-18
