#wls	flux	fluxerr
3.257341E+03	1.102822E-17	1.145540E-18
3.296951E+03	1.006887E-17	1.040702E-18
3.336561E+03	9.251021E-18	9.513788E-19
3.376171E+03	8.557238E-18	8.755724E-19
3.415782E+03	7.972757E-18	8.115927E-19
3.455392E+03	7.485122E-18	7.580117E-19
3.495002E+03	7.083841E-18	7.136239E-19
3.534612E+03	6.760194E-18	6.774218E-19
3.574223E+03	6.507024E-18	6.485712E-19
3.613833E+03	6.318546E-18	6.263877E-19
3.653443E+03	6.190196E-18	6.103188E-19
3.693053E+03	6.118503E-18	5.999278E-19
3.732664E+03	6.100905E-18	5.948736E-19
3.772274E+03	6.135648E-18	5.948978E-19
3.811884E+03	6.221610E-18	5.998063E-19
3.851494E+03	6.358159E-18	6.094535E-19
3.891105E+03	6.545065E-18	6.237328E-19
3.930715E+03	6.782295E-18	6.425562E-19
3.970325E+03	7.069957E-18	6.658483E-19
4.009935E+03	7.408103E-18	6.935276E-19
4.049545E+03	7.796637E-18	7.254981E-19
4.089156E+03	8.235155E-18	7.616351E-19
4.128766E+03	8.722830E-18	8.017750E-19
4.168376E+03	9.258282E-18	8.457057E-19
4.207986E+03	9.839501E-18	8.931602E-19
4.247597E+03	1.046370E-17	9.438060E-19
4.287207E+03	1.112729E-17	9.972435E-19
4.326817E+03	1.182570E-17	1.052997E-18
4.366427E+03	1.255337E-17	1.110509E-18
4.406038E+03	1.330360E-17	1.169139E-18
4.445648E+03	1.406855E-17	1.228161E-18
4.485258E+03	1.483935E-17	1.286777E-18
4.524868E+03	1.560627E-17	1.344138E-18
4.564479E+03	1.635918E-17	1.399381E-18
4.604089E+03	1.708799E-17	1.451673E-18
4.643699E+03	1.778338E-17	1.500270E-18
4.683309E+03	1.843751E-17	1.544575E-18
4.722919E+03	1.904470E-17	1.584187E-18
4.762530E+03	1.960171E-17	1.618924E-18
4.802140E+03	2.010767E-17	1.648802E-18
4.841750E+03	2.056548E-17	1.674153E-18
4.881360E+03	2.098127E-17	1.695557E-18
4.920971E+03	2.136182E-17	1.713635E-18
4.960581E+03	2.171309E-17	1.728927E-18
5.000191E+03	2.203945E-17	1.741829E-18
5.039801E+03	2.234328E-17	1.752575E-18
5.079412E+03	2.262512E-17	1.761247E-18
5.119022E+03	2.288388E-17	1.767803E-18
5.158632E+03	2.311739E-17	1.772119E-18
5.198242E+03	2.332302E-17	1.774040E-18
5.237853E+03	2.349839E-17	1.773441E-18
5.277463E+03	2.364237E-17	1.770290E-18
5.317073E+03	2.375584E-17	1.764713E-18
5.356683E+03	2.384248E-17	1.757038E-18
5.396293E+03	2.390909E-17	1.747811E-18
5.435904E+03	2.396535E-17	1.737773E-18
5.475514E+03	2.402316E-17	1.727800E-18
5.515124E+03	2.409540E-17	1.718812E-18
5.554734E+03	2.419481E-17	1.711689E-18
5.594345E+03	2.433297E-17	1.707197E-18
5.633955E+03	2.451973E-17	1.705959E-18
5.673565E+03	2.476312E-17	1.708447E-18
5.713175E+03	2.506948E-17	1.715002E-18
5.752786E+03	2.544386E-17	1.725861E-18
5.792396E+03	2.589029E-17	1.741184E-18
5.832006E+03	2.641222E-17	1.761083E-18
5.871616E+03	2.701274E-17	1.785640E-18
5.911227E+03	2.769499E-17	1.814936E-18
5.950837E+03	2.846250E-17	1.849071E-18
5.990447E+03	2.931955E-17	1.888188E-18
6.030057E+03	3.027139E-17	1.932485E-18
6.069667E+03	3.132413E-17	1.982204E-18
6.109278E+03	3.248372E-17	2.037568E-18
6.148888E+03	3.375341E-17	2.098622E-18
6.188498E+03	3.512810E-17	2.164893E-18
6.228108E+03	3.658153E-17	2.234631E-18
6.267719E+03	3.805916E-17	2.304433E-18
6.307329E+03	3.948930E-17	2.369990E-18
6.346939E+03	4.079534E-17	2.426847E-18
6.386549E+03	4.191201E-17	2.471380E-18
6.426160E+03	4.281082E-17	2.502245E-18
6.465770E+03	4.350769E-17	2.520726E-18
6.505380E+03	4.404379E-17	2.529514E-18
6.544990E+03	4.447074E-17	2.531798E-18
6.584601E+03	4.483984E-17	2.530644E-18
6.624211E+03	4.519514E-17	2.528604E-18
6.663821E+03	4.556988E-17	2.527548E-18
6.703431E+03	4.598556E-17	2.528634E-18
6.743041E+03	4.645229E-17	2.532359E-18
6.782652E+03	4.697020E-17	2.538667E-18
6.822262E+03	4.753129E-17	2.547063E-18
6.861872E+03	4.812137E-17	2.556745E-18
6.901482E+03	4.872232E-17	2.566728E-18
6.941093E+03	4.931411E-17	2.575962E-18
6.980703E+03	4.987666E-17	2.583432E-18
7.020313E+03	5.039111E-17	2.588220E-18
7.059923E+03	5.084083E-17	2.589553E-18
7.099534E+03	5.121167E-17	2.586813E-18
7.139144E+03	5.149223E-17	2.579539E-18
7.178754E+03	5.167405E-17	2.567435E-18
7.218364E+03	5.175242E-17	2.550402E-18
7.257975E+03	5.172784E-17	2.528597E-18
7.297585E+03	5.160819E-17	2.502534E-18
7.337195E+03	5.141094E-17	2.473173E-18
7.376805E+03	5.116475E-17	2.441977E-18
7.416415E+03	5.090953E-17	2.410897E-18
7.456026E+03	5.069424E-17	2.382252E-18
7.495636E+03	5.057243E-17	2.358502E-18
7.535246E+03	5.059518E-17	2.341922E-18
7.574856E+03	5.080179E-17	2.334183E-18
7.614467E+03	5.120583E-17	2.335733E-18
7.654077E+03	5.178175E-17	2.345239E-18
7.693687E+03	5.247803E-17	2.360234E-18
7.733297E+03	5.323253E-17	2.377854E-18
7.772908E+03	5.398320E-17	2.395317E-18
7.812518E+03	5.467434E-17	2.410192E-18
7.852128E+03	5.526232E-17	2.420630E-18
7.891738E+03	5.571986E-17	2.425538E-18
7.931349E+03	5.603584E-17	2.424547E-18
7.970959E+03	5.621276E-17	2.417879E-18
8.010569E+03	5.626287E-17	2.406165E-18
8.050179E+03	5.620423E-17	2.390266E-18
8.089789E+03	5.605721E-17	2.371119E-18
8.129400E+03	5.584159E-17	2.349615E-18
8.169010E+03	5.557446E-17	2.326512E-18
8.208620E+03	5.526896E-17	2.302386E-18
8.248230E+03	5.493364E-17	2.277615E-18
8.287841E+03	5.457270E-17	2.252388E-18
8.327451E+03	5.418674E-17	2.226744E-18
8.367061E+03	5.377415E-17	2.200630E-18
8.406671E+03	5.333271E-17	2.173971E-18
8.446282E+03	5.286123E-17	2.146735E-18
8.485892E+03	5.236096E-17	2.118988E-18
8.525502E+03	5.183639E-17	2.090926E-18
8.565112E+03	5.129550E-17	2.062883E-18
8.604723E+03	5.074934E-17	2.035311E-18
8.644333E+03	5.021135E-17	2.008753E-18
8.683943E+03	4.969633E-17	1.983802E-18
8.723553E+03	4.921946E-17	1.961063E-18
8.763163E+03	4.879548E-17	1.941121E-18
8.802774E+03	4.843793E-17	1.924515E-18
8.842384E+03	4.815861E-17	1.911717E-18
8.881994E+03	4.796716E-17	1.903116E-18
8.921604E+03	4.787094E-17	1.899020E-18
8.961215E+03	4.787545E-17	1.899672E-18
9.000825E+03	4.798499E-17	1.905274E-18
9.040435E+03	4.820365E-17	1.916035E-18
9.080045E+03	4.853559E-17	1.932177E-18
9.119656E+03	4.898924E-17	1.954104E-18
9.159266E+03	4.954694E-17	1.981191E-18
9.198876E+03	5.019745E-17	2.013054E-18
9.238486E+03	5.092537E-17	2.049148E-18
9.278097E+03	5.171605E-17	2.088957E-18
9.317707E+03	5.255537E-17	2.131986E-18
9.357317E+03	5.342929E-17	2.177738E-18
9.396927E+03	5.432364E-17	2.225708E-18
9.436537E+03	5.522419E-17	2.275374E-18
9.476148E+03	5.611695E-17	2.326218E-18
9.515758E+03	5.698867E-17	2.377733E-18
9.555368E+03	5.782757E-17	2.429460E-18
9.594978E+03	5.862424E-17	2.481024E-18
9.634589E+03	5.937296E-17	2.532189E-18
9.674199E+03	6.007282E-17	2.582915E-18
9.713809E+03	6.072858E-17	2.633398E-18
9.753419E+03	6.135024E-17	2.684068E-18
9.793030E+03	6.195046E-17	2.735480E-18
9.832640E+03	6.253760E-17	2.788015E-18
9.872250E+03	6.310312E-17	2.841282E-18
9.911857E+03	6.362725E-17	2.894331E-18
9.951468E+03	6.409057E-17	2.946193E-18
9.991078E+03	6.447922E-17	2.996106E-18
1.003069E+04	6.478700E-17	3.043633E-18
1.007030E+04	6.501533E-17	3.088681E-18
1.010991E+04	6.517211E-17	3.131460E-18
1.014952E+04	6.526986E-17	3.172421E-18
1.018913E+04	6.532404E-17	3.212178E-18
1.022874E+04	6.535134E-17	3.251442E-18
1.026835E+04	6.536839E-17	3.290957E-18
1.030796E+04	6.539050E-17	3.331439E-18
1.034757E+04	6.543048E-17	3.373514E-18
1.038718E+04	6.549747E-17	3.417650E-18
1.042679E+04	6.559591E-17	3.464093E-18
1.046640E+04	6.572490E-17	3.512815E-18
1.050601E+04	6.587805E-17	3.563493E-18
1.054562E+04	6.604386E-17	3.615512E-18
1.058523E+04	6.620666E-17	3.667993E-18
1.062484E+04	6.634773E-17	3.719850E-18
1.066445E+04	6.644688E-17	3.769864E-18
1.070406E+04	6.648394E-17	3.816760E-18
1.074367E+04	6.644033E-17	3.859306E-18
1.078328E+04	6.630042E-17	3.896387E-18
1.082289E+04	6.605258E-17	3.927087E-18
1.086250E+04	6.568988E-17	3.950736E-18
1.090211E+04	6.521031E-17	3.966947E-18
1.094172E+04	6.461661E-17	3.975619E-18
1.098133E+04	6.391573E-17	3.976920E-18
1.102094E+04	6.311805E-17	3.971255E-18
1.106055E+04	6.223642E-17	3.959214E-18
1.110016E+04	6.128518E-17	3.941522E-18
1.113977E+04	6.027927E-17	3.918984E-18
1.117938E+04	5.923357E-17	3.892446E-18
1.121900E+04	5.816241E-17	3.862758E-18
1.125861E+04	5.707933E-17	3.830761E-18
1.129822E+04	5.599703E-17	3.797278E-18
1.133783E+04	5.492734E-17	3.763110E-18
1.137744E+04	5.388140E-17	3.729045E-18
1.141705E+04	5.286973E-17	3.695858E-18
1.145666E+04	5.190247E-17	3.664331E-18
1.149627E+04	5.098952E-17	3.635257E-18
1.153588E+04	5.014074E-17	3.609451E-18
1.157549E+04	4.936597E-17	3.587761E-18
1.161510E+04	4.867498E-17	3.571050E-18
1.165471E+04	4.807713E-17	3.560182E-18
1.169432E+04	4.758096E-17	3.555984E-18
1.173393E+04	4.719367E-17	3.559204E-18
1.177354E+04	4.692044E-17	3.570455E-18
1.181315E+04	4.676380E-17	3.590160E-18
1.185276E+04	4.672291E-17	3.618487E-18
1.189237E+04	4.679277E-17	3.655273E-18
1.193198E+04	4.696336E-17	3.699946E-18
1.197159E+04	4.721888E-17	3.751445E-18
1.201120E+04	4.753701E-17	3.808146E-18
1.205081E+04	4.788861E-17	3.867811E-18
1.209042E+04	4.823805E-17	3.927597E-18
1.213003E+04	4.854442E-17	3.984134E-18
1.216964E+04	4.876401E-17	4.033717E-18
1.220925E+04	4.885411E-17	4.072610E-18
1.224886E+04	4.877788E-17	4.097463E-18
1.228847E+04	4.850938E-17	4.105759E-18
1.232808E+04	4.803774E-17	4.096206E-18
1.236769E+04	4.736897E-17	4.068935E-18
1.240730E+04	4.652498E-17	4.025478E-18
1.244691E+04	4.554012E-17	3.968506E-18
1.248652E+04	4.445626E-17	3.901442E-18
1.252613E+04	4.331776E-17	3.828035E-18
1.256574E+04	4.216736E-17	3.751999E-18
1.260535E+04	4.104325E-17	3.676745E-18
1.264496E+04	3.997741E-17	3.605220E-18
1.268457E+04	3.899505E-17	3.539828E-18
1.272418E+04	3.811463E-17	3.482416E-18
1.276379E+04	3.734844E-17	3.434305E-18
1.280340E+04	3.670342E-17	3.396347E-18
1.284301E+04	3.618201E-17	3.368988E-18
1.288262E+04	3.578300E-17	3.352335E-18
1.292224E+04	3.550231E-17	3.346219E-18
1.296185E+04	3.533369E-17	3.350251E-18
1.300146E+04	3.526923E-17	3.363868E-18
1.304107E+04	3.529988E-17	3.386377E-18
1.308068E+04	3.541582E-17	3.416988E-18
1.312029E+04	3.560676E-17	3.454841E-18
1.315990E+04	3.586218E-17	3.499030E-18
1.319951E+04	3.617156E-17	3.548623E-18
1.323912E+04	3.652439E-17	3.602665E-18
1.327873E+04	3.691036E-17	3.660199E-18
1.331834E+04	3.731936E-17	3.720262E-18
1.335795E+04	3.774154E-17	3.781899E-18
1.339756E+04	3.816733E-17	3.844161E-18
1.343717E+04	3.858752E-17	3.906112E-18
1.347678E+04	3.899327E-17	3.966842E-18
1.351639E+04	3.937625E-17	4.025469E-18
1.355600E+04	3.972873E-17	4.081161E-18
1.359561E+04	4.004379E-17	4.133153E-18
1.363522E+04	4.031549E-17	4.180770E-18
1.367483E+04	4.053904E-17	4.223445E-18
1.371444E+04	4.071090E-17	4.260737E-18
1.375405E+04	4.082889E-17	4.292339E-18
1.379366E+04	4.089219E-17	4.318087E-18
1.383327E+04	4.090125E-17	4.337952E-18
1.387288E+04	4.085777E-17	4.352040E-18
1.391249E+04	4.076449E-17	4.360572E-18
1.395210E+04	4.062502E-17	4.363871E-18
1.399171E+04	4.044371E-17	4.362345E-18
1.403132E+04	4.022541E-17	4.356467E-18
1.407093E+04	3.997537E-17	4.346762E-18
1.411054E+04	3.969905E-17	4.333790E-18
1.415015E+04	3.940214E-17	4.318143E-18
1.418976E+04	3.909042E-17	4.300436E-18
1.422937E+04	3.876975E-17	4.281302E-18
1.426898E+04	3.844606E-17	4.261393E-18
1.430859E+04	3.812534E-17	4.241374E-18
1.434820E+04	3.781360E-17	4.221928E-18
1.438781E+04	3.751682E-17	4.203737E-18
1.442742E+04	3.724079E-17	4.187476E-18
1.446703E+04	3.699097E-17	4.173792E-18
1.450664E+04	3.677233E-17	4.163279E-18
1.454625E+04	3.658910E-17	4.156458E-18
1.458587E+04	3.644459E-17	4.153750E-18
1.462548E+04	3.634103E-17	4.155456E-18
1.466509E+04	3.627946E-17	4.161742E-18
1.470470E+04	3.625964E-17	4.172630E-18
1.474431E+04	3.628005E-17	4.187990E-18
1.478392E+04	3.633791E-17	4.207544E-18
1.482353E+04	3.642924E-17	4.230869E-18
1.486314E+04	3.654896E-17	4.257408E-18
1.490275E+04	3.669100E-17	4.286481E-18
1.494236E+04	3.684852E-17	4.317307E-18
1.498197E+04	3.701404E-17	4.349023E-18
1.502158E+04	3.717978E-17	4.380718E-18
1.506119E+04	3.733788E-17	4.411462E-18
1.510080E+04	3.748077E-17	4.440350E-18
1.514041E+04	3.760148E-17	4.466540E-18
1.518002E+04	3.769399E-17	4.489290E-18
1.521963E+04	3.775342E-17	4.507993E-18
1.525924E+04	3.777627E-17	4.522198E-18
1.529885E+04	3.776042E-17	4.531619E-18
1.533846E+04	3.770509E-17	4.536127E-18
1.537807E+04	3.761066E-17	4.535736E-18
1.541768E+04	3.747844E-17	4.530570E-18
1.545729E+04	3.731042E-17	4.520843E-18
1.549690E+04	3.710908E-17	4.506826E-18
1.553651E+04	3.687720E-17	4.488833E-18
1.557612E+04	3.661772E-17	4.467201E-18
1.561573E+04	3.633370E-17	4.442286E-18
1.565534E+04	3.602818E-17	4.414446E-18
1.569495E+04	3.570412E-17	4.384028E-18
1.573456E+04	3.536419E-17	4.351355E-18
1.577417E+04	3.501072E-17	4.316705E-18
1.581378E+04	3.464556E-17	4.280302E-18
1.585339E+04	3.427001E-17	4.242300E-18
1.589300E+04	3.388479E-17	4.202789E-18
1.593261E+04	3.349015E-17	4.161798E-18
1.597222E+04	3.308603E-17	4.119316E-18
1.601183E+04	3.267234E-17	4.075333E-18
1.605144E+04	3.224935E-17	4.029879E-18
1.609105E+04	3.181808E-17	3.983083E-18
1.613066E+04	3.138055E-17	3.935196E-18
1.617027E+04	3.093982E-17	3.886606E-18
1.620988E+04	3.049982E-17	3.837809E-18
1.624949E+04	3.006493E-17	3.789364E-18
1.628911E+04	2.963960E-17	3.741841E-18
1.632872E+04	2.922787E-17	3.695763E-18
1.636833E+04	2.883315E-17	3.651573E-18
1.640794E+04	2.845799E-17	3.609611E-18
1.644755E+04	2.810400E-17	3.570097E-18
1.648716E+04	2.777192E-17	3.533142E-18
1.652677E+04	2.746162E-17	3.498745E-18
1.656638E+04	2.717226E-17	3.466816E-18
1.660599E+04	2.690243E-17	3.437189E-18
1.664560E+04	2.665038E-17	3.409654E-18
1.668521E+04	2.641418E-17	3.383978E-18
1.672482E+04	2.619193E-17	3.359925E-18
1.676443E+04	2.598180E-17	3.337273E-18
1.680404E+04	2.578210E-17	3.315812E-18
1.684365E+04	2.559119E-17	3.295339E-18
1.688326E+04	2.540753E-17	3.275661E-18
1.692287E+04	2.522951E-17	3.256577E-18
1.696248E+04	2.505556E-17	3.237890E-18
1.700209E+04	2.488417E-17	3.219407E-18
1.704170E+04	2.471397E-17	3.200955E-18
1.708131E+04	2.454388E-17	3.182396E-18
1.712092E+04	2.437314E-17	3.163634E-18
1.716053E+04	2.420145E-17	3.144633E-18
1.720014E+04	2.402902E-17	3.125421E-18
1.723975E+04	2.385663E-17	3.106102E-18
1.727936E+04	2.368566E-17	3.086857E-18
1.731897E+04	2.351805E-17	3.067942E-18
1.735858E+04	2.335624E-17	3.049680E-18
1.739819E+04	2.320314E-17	3.032455E-18
1.743780E+04	2.306188E-17	3.016682E-18
1.747741E+04	2.293581E-17	3.002804E-18
1.751702E+04	2.282819E-17	2.991257E-18
1.755663E+04	2.274214E-17	2.982457E-18
1.759624E+04	2.268044E-17	2.976779E-18
1.763585E+04	2.264542E-17	2.974534E-18
1.767546E+04	2.263885E-17	2.975968E-18
1.771507E+04	2.266188E-17	2.981240E-18
1.775468E+04	2.271498E-17	2.990422E-18
1.779429E+04	2.279790E-17	3.003489E-18
1.783390E+04	2.290963E-17	3.020318E-18
1.787351E+04	2.304851E-17	3.040697E-18
1.791312E+04	2.321223E-17	3.064329E-18
1.795274E+04	2.339798E-17	3.090848E-18
1.799235E+04	2.360249E-17	3.119829E-18
1.803196E+04	2.382220E-17	3.150804E-18
1.807157E+04	2.405329E-17	3.183271E-18
1.811118E+04	2.429179E-17	3.216707E-18
1.815079E+04	2.453366E-17	3.250577E-18
1.819040E+04	2.477489E-17	3.284349E-18
1.823001E+04	2.501157E-17	3.317506E-18
1.826962E+04	2.524008E-17	3.349565E-18
1.830923E+04	2.545706E-17	3.380078E-18
1.834884E+04	2.565955E-17	3.408650E-18
1.838845E+04	2.584496E-17	3.434932E-18
1.842806E+04	2.601102E-17	3.458622E-18
1.846767E+04	2.615583E-17	3.479461E-18
1.850728E+04	2.627781E-17	3.497237E-18
1.854689E+04	2.637574E-17	3.511784E-18
1.858650E+04	2.644876E-17	3.522984E-18
1.862611E+04	2.649640E-17	3.530769E-18
1.866572E+04	2.651849E-17	3.535116E-18
1.870533E+04	2.651526E-17	3.536052E-18
1.874494E+04	2.648731E-17	3.533653E-18
1.878455E+04	2.643558E-17	3.528043E-18
1.882416E+04	2.636144E-17	3.519403E-18
1.886377E+04	2.626671E-17	3.507974E-18
1.890338E+04	2.615366E-17	3.494059E-18
1.894299E+04	2.602498E-17	3.478016E-18
1.898260E+04	2.588381E-17	3.460263E-18
1.902221E+04	2.573352E-17	3.441254E-18
1.906182E+04	2.557773E-17	3.421470E-18
1.910143E+04	2.542010E-17	3.401404E-18
1.914104E+04	2.526421E-17	3.381538E-18
1.918065E+04	2.511346E-17	3.362326E-18
1.922026E+04	2.497090E-17	3.344181E-18
1.925987E+04	2.483916E-17	3.327457E-18
1.929948E+04	2.472032E-17	3.312436E-18
1.933909E+04	2.461586E-17	3.299318E-18
1.937870E+04	2.452659E-17	3.288216E-18
1.941831E+04	2.445264E-17	3.279150E-18
1.945792E+04	2.439346E-17	3.272050E-18
1.949753E+04	2.434786E-17	3.266760E-18
1.953714E+04	2.431417E-17	3.263055E-18
1.957675E+04	2.429028E-17	3.260659E-18
1.961636E+04	2.427393E-17	3.259268E-18
1.965598E+04	2.426277E-17	3.258569E-18
1.969559E+04	2.425458E-17	3.258266E-18
1.973520E+04	2.424732E-17	3.258088E-18
1.977481E+04	2.423918E-17	3.257791E-18
1.981442E+04	2.422850E-17	3.257156E-18
1.985403E+04	2.421371E-17	3.255969E-18
1.989364E+04	2.419318E-17	3.254016E-18
1.993325E+04	2.416517E-17	3.251062E-18
1.997286E+04	2.412774E-17	3.246846E-18
2.001247E+04	2.407885E-17	3.241096E-18
2.005208E+04	2.401639E-17	3.233526E-18
2.009169E+04	2.393842E-17	3.223877E-18
2.013130E+04	2.384335E-17	3.211931E-18
2.017091E+04	2.373010E-17	3.197547E-18
2.021052E+04	2.359837E-17	3.180679E-18
2.025013E+04	2.344855E-17	3.161383E-18
2.028974E+04	2.328181E-17	3.139812E-18
2.032935E+04	2.309988E-17	3.116202E-18
2.036896E+04	2.290495E-17	3.090846E-18
2.040857E+04	2.269940E-17	3.064065E-18
2.044818E+04	2.248565E-17	3.036184E-18
2.048779E+04	2.226599E-17	3.007515E-18
2.052740E+04	2.204254E-17	2.978341E-18
2.056701E+04	2.181711E-17	2.948909E-18
2.060662E+04	2.159126E-17	2.919430E-18
2.064623E+04	2.136622E-17	2.890070E-18
2.068584E+04	2.114292E-17	2.860957E-18
2.072545E+04	2.092203E-17	2.832179E-18
2.076506E+04	2.070392E-17	2.803792E-18
2.080467E+04	2.048879E-17	2.775819E-18
2.084428E+04	2.027664E-17	2.748264E-18
2.088389E+04	2.006741E-17	2.721119E-18
2.092350E+04	1.986101E-17	2.694371E-18
2.096311E+04	1.965740E-17	2.668017E-18
2.100272E+04	1.945673E-17	2.642076E-18
2.104233E+04	1.925936E-17	2.616601E-18
2.108194E+04	1.906606E-17	2.591694E-18
2.112155E+04	1.887791E-17	2.567504E-18
2.116116E+04	1.869646E-17	2.544239E-18
2.120077E+04	1.852352E-17	2.522147E-18
2.124038E+04	1.836108E-17	2.501498E-18
2.127999E+04	1.821091E-17	2.482534E-18
2.131961E+04	1.807347E-17	2.465318E-18
2.135922E+04	1.794732E-17	2.449657E-18
2.139883E+04	1.783030E-17	2.435255E-18
2.143844E+04	1.772020E-17	2.421813E-18
2.147805E+04	1.761487E-17	2.409035E-18
2.151766E+04	1.751232E-17	2.396650E-18
2.155727E+04	1.741068E-17	2.384402E-18
2.159688E+04	1.730824E-17	2.372055E-18
2.163649E+04	1.720345E-17	2.359394E-18
2.167610E+04	1.709489E-17	2.346222E-18
2.171571E+04	1.698127E-17	2.332360E-18
2.175532E+04	1.686139E-17	2.317641E-18
2.179493E+04	1.673418E-17	2.301914E-18
2.183454E+04	1.659863E-17	2.285036E-18
2.187415E+04	1.645391E-17	2.266888E-18
2.191376E+04	1.629934E-17	2.247372E-18
2.195337E+04	1.613452E-17	2.226430E-18
2.199298E+04	1.595938E-17	2.204047E-18
2.203259E+04	1.577421E-17	2.180257E-18
2.207220E+04	1.557966E-17	2.155145E-18
2.211181E+04	1.537671E-17	2.128845E-18
2.215142E+04	1.516666E-17	2.101529E-18
2.219103E+04	1.495100E-17	2.073402E-18
2.223064E+04	1.473141E-17	2.044695E-18
2.227025E+04	1.450971E-17	2.015656E-18
2.230986E+04	1.428777E-17	1.986544E-18
2.234947E+04	1.406751E-17	1.957625E-18
2.238908E+04	1.385083E-17	1.929163E-18
2.242869E+04	1.363956E-17	1.901412E-18
2.246830E+04	1.343537E-17	1.874608E-18
2.250791E+04	1.323980E-17	1.848967E-18
2.254752E+04	1.305413E-17	1.824670E-18
2.258713E+04	1.287936E-17	1.801861E-18
2.262674E+04	1.271622E-17	1.780644E-18
2.266635E+04	1.256517E-17	1.761087E-18
2.270596E+04	1.242637E-17	1.743218E-18
2.274557E+04	1.229981E-17	1.727038E-18
2.278518E+04	1.218525E-17	1.712517E-18
2.282479E+04	1.208232E-17	1.699610E-18
2.286440E+04	1.199056E-17	1.688252E-18
2.290401E+04	1.190941E-17	1.678372E-18
2.294362E+04	1.183834E-17	1.669895E-18
2.298323E+04	1.177679E-17	1.662749E-18
2.302285E+04	1.172426E-17	1.656865E-18
2.306246E+04	1.168031E-17	1.652184E-18
2.310207E+04	1.164456E-17	1.648654E-18
2.314168E+04	1.161667E-17	1.646233E-18
2.318129E+04	1.159638E-17	1.644882E-18
2.322090E+04	1.158340E-17	1.644567E-18
2.326051E+04	1.157748E-17	1.645253E-18
2.330012E+04	1.157832E-17	1.646901E-18
2.333973E+04	1.158561E-17	1.649467E-18
2.337934E+04	1.159900E-17	1.652905E-18
2.341895E+04	1.161809E-17	1.657160E-18
2.345856E+04	1.164249E-17	1.662178E-18
2.349817E+04	1.167176E-17	1.667898E-18
2.353778E+04	1.170542E-17	1.674254E-18
2.357739E+04	1.174300E-17	1.681179E-18
2.361700E+04	1.178394E-17	1.688594E-18
2.365661E+04	1.182771E-17	1.696424E-18
2.369622E+04	1.187369E-17	1.704581E-18
2.373583E+04	1.192128E-17	1.712980E-18
2.377544E+04	1.196984E-17	1.721529E-18
2.381505E+04	1.201872E-17	1.730134E-18
2.385466E+04	1.206727E-17	1.738703E-18
2.389427E+04	1.211486E-17	1.747142E-18
2.393388E+04	1.216088E-17	1.755365E-18
2.397349E+04	1.220480E-17	1.763293E-18
2.401310E+04	1.224615E-17	1.770857E-18
2.405271E+04	1.228457E-17	1.778005E-18
2.409232E+04	1.231982E-17	1.784698E-18
2.413193E+04	1.235175E-17	1.790916E-18
2.417154E+04	1.238031E-17	1.796648E-18
2.421115E+04	1.240556E-17	1.801903E-18
2.425076E+04	1.242764E-17	1.806698E-18
