#wls	flux	fluxerr
3.257341E+03	8.157628E-18	8.085712E-19
3.296951E+03	7.699673E-18	7.611462E-19
3.336561E+03	7.294383E-18	7.191389E-19
3.376171E+03	6.937206E-18	6.820625E-19
3.415782E+03	6.624203E-18	6.494940E-19
3.455392E+03	6.351902E-18	6.210605E-19
3.495002E+03	6.117231E-18	5.964308E-19
3.534612E+03	5.917457E-18	5.753096E-19
3.574223E+03	5.750153E-18	5.574339E-19
3.613833E+03	5.613186E-18	5.425713E-19
3.653443E+03	5.504676E-18	5.305160E-19
3.693053E+03	5.422978E-18	5.210863E-19
3.732664E+03	5.366661E-18	5.141224E-19
3.772274E+03	5.334477E-18	5.094835E-19
3.811884E+03	5.325339E-18	5.070452E-19
3.851494E+03	5.338293E-18	5.066968E-19
3.891105E+03	5.372495E-18	5.083385E-19
3.930715E+03	5.427189E-18	5.118798E-19
3.970325E+03	5.501682E-18	5.172364E-19
4.009935E+03	5.595320E-18	5.243286E-19
4.049545E+03	5.707476E-18	5.330796E-19
4.089156E+03	5.837528E-18	5.434136E-19
4.128766E+03	5.984846E-18	5.552543E-19
4.168376E+03	6.148782E-18	5.685247E-19
4.207986E+03	6.328655E-18	5.831450E-19
4.247597E+03	6.523770E-18	5.990348E-19
4.287207E+03	6.733397E-18	6.161114E-19
4.326817E+03	6.956809E-18	6.342930E-19
4.366427E+03	7.193261E-18	6.534966E-19
4.406038E+03	7.442040E-18	6.736433E-19
4.445648E+03	7.702498E-18	6.946605E-19
4.485258E+03	7.974035E-18	7.164809E-19
4.524868E+03	8.256169E-18	7.390482E-19
4.564479E+03	8.548526E-18	7.623163E-19
4.604089E+03	8.850829E-18	7.862480E-19
4.643699E+03	9.162897E-18	8.108148E-19
4.683309E+03	9.484527E-18	8.359867E-19
4.722919E+03	9.815401E-18	8.617235E-19
4.762530E+03	1.015490E-17	8.879587E-19
4.802140E+03	1.050185E-17	9.145791E-19
4.841750E+03	1.085421E-17	9.413962E-19
4.881360E+03	1.120892E-17	9.681391E-19
4.920971E+03	1.156225E-17	9.944799E-19
4.960581E+03	1.190988E-17	1.020050E-18
5.000191E+03	1.224726E-17	1.044462E-18
5.039801E+03	1.256970E-17	1.067328E-18
5.079412E+03	1.287272E-17	1.088284E-18
5.119022E+03	1.315220E-17	1.107002E-18
5.158632E+03	1.340462E-17	1.123211E-18
5.198242E+03	1.362725E-17	1.136712E-18
5.237853E+03	1.381830E-17	1.147389E-18
5.277463E+03	1.397704E-17	1.155217E-18
5.317073E+03	1.410394E-17	1.160268E-18
5.356683E+03	1.420061E-17	1.162712E-18
5.396293E+03	1.426981E-17	1.162809E-18
5.435904E+03	1.431531E-17	1.160893E-18
5.475514E+03	1.434166E-17	1.157363E-18
5.515124E+03	1.435398E-17	1.152650E-18
5.554734E+03	1.435764E-17	1.147201E-18
5.594345E+03	1.435800E-17	1.141451E-18
5.633955E+03	1.436008E-17	1.135803E-18
5.673565E+03	1.436838E-17	1.130609E-18
5.713175E+03	1.438669E-17	1.126157E-18
5.752786E+03	1.441797E-17	1.122666E-18
5.792396E+03	1.446428E-17	1.120278E-18
5.832006E+03	1.452675E-17	1.119063E-18
5.871616E+03	1.460561E-17	1.119018E-18
5.911227E+03	1.470018E-17	1.120070E-18
5.950837E+03	1.480894E-17	1.122083E-18
5.990447E+03	1.492963E-17	1.124868E-18
6.030057E+03	1.505936E-17	1.128193E-18
6.069667E+03	1.519488E-17	1.131804E-18
6.109278E+03	1.533283E-17	1.135444E-18
6.148888E+03	1.547008E-17	1.138879E-18
6.188498E+03	1.560417E-17	1.141929E-18
6.228108E+03	1.573354E-17	1.144484E-18
6.267719E+03	1.585775E-17	1.146518E-18
6.307329E+03	1.597751E-17	1.148089E-18
6.346939E+03	1.609453E-17	1.149323E-18
6.386549E+03	1.621130E-17	1.150403E-18
6.426160E+03	1.633069E-17	1.151530E-18
6.465770E+03	1.645571E-17	1.152910E-18
6.505380E+03	1.658945E-17	1.154750E-18
6.544990E+03	1.673491E-17	1.157247E-18
6.584601E+03	1.689488E-17	1.160573E-18
6.624211E+03	1.707173E-17	1.164871E-18
6.663821E+03	1.726733E-17	1.170243E-18
6.703431E+03	1.748292E-17	1.176745E-18
6.743041E+03	1.771909E-17	1.184388E-18
6.782652E+03	1.797571E-17	1.193135E-18
6.822262E+03	1.825199E-17	1.202901E-18
6.861872E+03	1.854652E-17	1.213568E-18
6.901482E+03	1.885740E-17	1.224984E-18
6.941093E+03	1.918237E-17	1.236978E-18
6.980703E+03	1.951902E-17	1.249376E-18
7.020313E+03	1.986503E-17	1.262013E-18
7.059923E+03	2.021835E-17	1.274742E-18
7.099534E+03	2.057744E-17	1.287459E-18
7.139144E+03	2.094155E-17	1.300106E-18
7.178754E+03	2.131088E-17	1.312687E-18
7.218364E+03	2.168687E-17	1.325282E-18
7.257975E+03	2.207237E-17	1.338054E-18
7.297585E+03	2.247190E-17	1.351259E-18
7.337195E+03	2.289175E-17	1.365251E-18
7.376805E+03	2.333996E-17	1.380476E-18
7.416415E+03	2.382595E-17	1.397443E-18
7.456026E+03	2.435975E-17	1.416680E-18
7.495636E+03	2.495045E-17	1.438639E-18
7.535246E+03	2.560400E-17	1.463575E-18
7.574856E+03	2.632001E-17	1.491373E-18
7.614467E+03	2.708741E-17	1.521316E-18
7.654077E+03	2.788034E-17	1.551888E-18
7.693687E+03	2.866043E-17	1.580936E-18
7.733297E+03	2.938214E-17	1.605987E-18
7.772908E+03	3.000162E-17	1.624755E-18
7.812518E+03	3.049217E-17	1.635963E-18
7.852128E+03	3.084744E-17	1.639467E-18
7.891738E+03	3.107334E-17	1.635784E-18
7.931349E+03	3.118381E-17	1.625837E-18
7.970959E+03	3.119770E-17	1.610773E-18
8.010569E+03	3.113636E-17	1.591833E-18
8.050179E+03	3.102180E-17	1.570246E-18
8.089789E+03	3.087518E-17	1.547154E-18
8.129400E+03	3.071584E-17	1.523568E-18
8.169010E+03	3.056068E-17	1.500339E-18
8.208620E+03	3.042382E-17	1.478148E-18
8.248230E+03	3.031651E-17	1.457511E-18
8.287841E+03	3.024714E-17	1.438784E-18
8.327451E+03	3.022136E-17	1.422179E-18
8.367061E+03	3.024231E-17	1.407777E-18
8.406671E+03	3.031103E-17	1.395560E-18
8.446282E+03	3.042679E-17	1.385425E-18
8.485892E+03	3.058764E-17	1.377218E-18
8.525502E+03	3.079091E-17	1.370754E-18
8.565112E+03	3.103356E-17	1.365841E-18
8.604723E+03	3.131262E-17	1.362298E-18
8.644333E+03	3.162542E-17	1.359960E-18
8.683943E+03	3.196977E-17	1.358691E-18
8.723553E+03	3.234408E-17	1.358386E-18
8.763163E+03	3.274729E-17	1.358965E-18
8.802774E+03	3.317885E-17	1.360373E-18
8.842384E+03	3.363854E-17	1.362571E-18
8.881994E+03	3.412620E-17	1.365524E-18
8.921604E+03	3.464157E-17	1.369195E-18
8.961215E+03	3.518408E-17	1.373539E-18
9.000825E+03	3.575285E-17	1.378497E-18
9.040435E+03	3.634659E-17	1.384005E-18
9.080045E+03	3.696357E-17	1.389983E-18
9.119656E+03	3.760615E-17	1.396510E-18
9.159266E+03	3.826200E-17	1.403122E-18
9.198876E+03	3.892648E-17	1.409662E-18
9.238486E+03	3.959097E-17	1.415834E-18
9.278097E+03	4.024588E-17	1.421327E-18
9.317707E+03	4.088100E-17	1.425826E-18
9.357317E+03	4.148581E-17	1.429026E-18
9.396927E+03	4.205031E-17	1.430658E-18
9.436537E+03	4.256609E-17	1.430525E-18
9.476148E+03	4.302766E-17	1.428539E-18
9.515758E+03	4.343391E-17	1.424766E-18
9.555368E+03	4.378943E-17	1.419457E-18
9.594978E+03	4.410574E-17	1.413077E-18
9.634589E+03	4.440210E-17	1.406318E-18
9.674199E+03	4.470577E-17	1.400093E-18
9.713809E+03	4.505144E-17	1.395512E-18
9.753419E+03	4.547943E-17	1.393812E-18
9.793030E+03	4.603192E-17	1.396240E-18
9.832640E+03	4.674420E-17	1.403798E-18
9.872250E+03	4.762745E-17	1.416739E-18
9.911857E+03	4.867384E-17	1.434761E-18
9.951468E+03	4.986845E-17	1.457377E-18
9.991078E+03	5.119330E-17	1.484051E-18
1.003069E+04	5.262855E-17	1.514221E-18
1.007030E+04	5.415228E-17	1.547305E-18
1.010991E+04	5.573927E-17	1.582655E-18
1.014952E+04	5.735937E-17	1.619516E-18
1.018913E+04	5.897641E-17	1.656990E-18
1.022874E+04	6.054852E-17	1.694042E-18
1.026835E+04	6.203094E-17	1.729576E-18
1.030796E+04	6.338239E-17	1.762601E-18
1.034757E+04	6.457505E-17	1.792495E-18
1.038718E+04	6.560221E-17	1.819205E-18
1.042679E+04	6.647295E-17	1.843053E-18
1.046640E+04	6.720331E-17	1.864493E-18
1.050601E+04	6.780953E-17	1.883963E-18
1.054562E+04	6.830430E-17	1.901780E-18
1.058523E+04	6.869540E-17	1.918111E-18
1.062484E+04	6.898604E-17	1.932983E-18
1.066445E+04	6.917598E-17	1.946309E-18
1.070406E+04	6.926293E-17	1.957937E-18
1.074367E+04	6.924390E-17	1.967681E-18
1.078328E+04	6.911627E-17	1.975352E-18
1.082289E+04	6.887865E-17	1.980791E-18
1.086250E+04	6.853145E-17	1.983878E-18
1.090211E+04	6.807728E-17	1.984553E-18
1.094172E+04	6.752110E-17	1.982824E-18
1.098133E+04	6.687020E-17	1.978766E-18
1.102094E+04	6.613404E-17	1.972525E-18
1.106055E+04	6.532386E-17	1.964307E-18
1.110016E+04	6.445235E-17	1.954375E-18
1.113977E+04	6.353311E-17	1.943032E-18
1.117938E+04	6.258021E-17	1.930614E-18
1.121900E+04	6.160774E-17	1.917474E-18
1.125861E+04	6.062949E-17	1.903977E-18
1.129822E+04	5.965863E-17	1.890483E-18
1.133783E+04	5.870745E-17	1.877350E-18
1.137744E+04	5.778724E-17	1.864916E-18
1.141705E+04	5.690816E-17	1.853504E-18
1.145666E+04	5.607918E-17	1.843413E-18
1.149627E+04	5.530803E-17	1.834914E-18
1.153588E+04	5.460117E-17	1.828253E-18
1.157549E+04	5.396374E-17	1.823639E-18
1.161510E+04	5.339954E-17	1.821248E-18
1.165471E+04	5.291090E-17	1.821210E-18
1.169432E+04	5.249865E-17	1.823612E-18
1.173393E+04	5.216189E-17	1.828483E-18
1.177354E+04	5.189801E-17	1.835790E-18
1.181315E+04	5.170239E-17	1.845430E-18
1.185276E+04	5.156839E-17	1.857223E-18
1.189237E+04	5.148712E-17	1.870898E-18
1.193198E+04	5.144742E-17	1.886094E-18
1.197159E+04	5.143575E-17	1.902345E-18
1.201120E+04	5.143634E-17	1.919087E-18
1.205081E+04	5.143132E-17	1.935659E-18
1.209042E+04	5.140114E-17	1.951310E-18
1.213003E+04	5.132518E-17	1.965228E-18
1.216964E+04	5.118271E-17	1.976564E-18
1.220925E+04	5.095401E-17	1.984487E-18
1.224886E+04	5.062198E-17	1.988240E-18
1.228847E+04	5.017387E-17	1.987206E-18
1.232808E+04	4.960304E-17	1.980992E-18
1.236769E+04	4.891050E-17	1.969504E-18
1.240730E+04	4.810537E-17	1.952978E-18
1.244691E+04	4.720401E-17	1.931963E-18
1.248652E+04	4.622789E-17	1.907238E-18
1.252613E+04	4.520122E-17	1.879729E-18
1.256574E+04	4.414888E-17	1.850423E-18
1.260535E+04	4.309478E-17	1.820297E-18
1.264496E+04	4.206068E-17	1.790273E-18
1.268457E+04	4.106559E-17	1.761183E-18
1.272418E+04	4.012542E-17	1.733749E-18
1.276379E+04	3.925299E-17	1.708582E-18
1.280340E+04	3.845814E-17	1.686176E-18
1.284301E+04	3.774795E-17	1.666918E-18
1.288262E+04	3.712706E-17	1.651093E-18
1.292224E+04	3.659796E-17	1.638896E-18
1.296185E+04	3.616127E-17	1.630441E-18
1.300146E+04	3.581600E-17	1.625767E-18
1.304107E+04	3.555981E-17	1.624849E-18
1.308068E+04	3.538919E-17	1.627606E-18
1.312029E+04	3.529966E-17	1.633904E-18
1.315990E+04	3.528584E-17	1.643563E-18
1.319951E+04	3.534162E-17	1.656361E-18
1.323912E+04	3.546022E-17	1.672034E-18
1.327873E+04	3.563430E-17	1.690286E-18
1.331834E+04	3.585600E-17	1.710784E-18
1.335795E+04	3.611712E-17	1.733170E-18
1.339756E+04	3.640912E-17	1.757061E-18
1.343717E+04	3.672333E-17	1.782058E-18
1.347678E+04	3.705099E-17	1.807745E-18
1.351639E+04	3.738349E-17	1.833708E-18
1.355600E+04	3.771247E-17	1.859534E-18
1.359561E+04	3.803001E-17	1.884823E-18
1.363522E+04	3.832880E-17	1.909200E-18
1.367483E+04	3.860231E-17	1.932321E-18
1.371444E+04	3.884487E-17	1.953880E-18
1.375405E+04	3.905184E-17	1.973618E-18
1.379366E+04	3.921962E-17	1.991325E-18
1.383327E+04	3.934570E-17	2.006845E-18
1.387288E+04	3.942866E-17	2.020078E-18
1.391249E+04	3.946815E-17	2.030975E-18
1.395210E+04	3.946485E-17	2.039546E-18
1.399171E+04	3.942038E-17	2.045847E-18
1.403132E+04	3.933728E-17	2.049988E-18
1.407093E+04	3.921887E-17	2.052120E-18
1.411054E+04	3.906919E-17	2.052438E-18
1.415015E+04	3.889291E-17	2.051173E-18
1.418976E+04	3.869516E-17	2.048586E-18
1.422937E+04	3.848148E-17	2.044962E-18
1.426898E+04	3.825768E-17	2.040608E-18
1.430859E+04	3.802969E-17	2.035842E-18
1.434820E+04	3.780348E-17	2.030987E-18
1.438781E+04	3.758490E-17	2.026366E-18
1.442742E+04	3.737961E-17	2.022296E-18
1.446703E+04	3.719293E-17	2.019079E-18
1.450664E+04	3.702974E-17	2.016999E-18
1.454625E+04	3.689445E-17	2.016313E-18
1.458587E+04	3.679078E-17	2.017248E-18
1.462548E+04	3.672185E-17	2.019999E-18
1.466509E+04	3.668996E-17	2.024716E-18
1.470470E+04	3.669667E-17	2.031513E-18
1.474431E+04	3.674272E-17	2.040456E-18
1.478392E+04	3.682810E-17	2.051570E-18
1.482353E+04	3.695199E-17	2.064838E-18
1.486314E+04	3.711288E-17	2.080200E-18
1.490275E+04	3.730860E-17	2.097561E-18
1.494236E+04	3.753644E-17	2.116791E-18
1.498197E+04	3.779316E-17	2.137733E-18
1.502158E+04	3.807514E-17	2.160201E-18
1.506119E+04	3.837847E-17	2.183995E-18
1.510080E+04	3.869898E-17	2.208895E-18
1.514041E+04	3.903242E-17	2.234677E-18
1.518002E+04	3.937451E-17	2.261109E-18
1.521963E+04	3.972103E-17	2.287963E-18
1.525924E+04	4.006784E-17	2.315013E-18
1.529885E+04	4.041098E-17	2.342038E-18
1.533846E+04	4.074662E-17	2.368826E-18
1.537807E+04	4.107101E-17	2.395164E-18
1.541768E+04	4.138046E-17	2.420842E-18
1.545729E+04	4.167123E-17	2.445644E-18
1.549690E+04	4.193952E-17	2.469349E-18
1.553651E+04	4.218134E-17	2.491718E-18
1.557612E+04	4.239255E-17	2.512504E-18
1.561573E+04	4.256874E-17	2.531438E-18
1.565534E+04	4.270529E-17	2.548237E-18
1.569495E+04	4.279730E-17	2.562593E-18
1.573456E+04	4.283969E-17	2.574185E-18
1.577417E+04	4.282707E-17	2.582668E-18
1.581378E+04	4.275393E-17	2.587682E-18
1.585339E+04	4.261476E-17	2.588861E-18
1.589300E+04	4.240424E-17	2.585844E-18
1.593261E+04	4.211770E-17	2.578302E-18
1.597222E+04	4.175156E-17	2.565966E-18
1.601183E+04	4.130407E-17	2.548664E-18
1.605144E+04	4.077600E-17	2.526370E-18
1.609105E+04	4.017133E-17	2.499256E-18
1.613066E+04	3.949760E-17	2.467719E-18
1.617027E+04	3.876569E-17	2.432370E-18
1.620988E+04	3.798871E-17	2.393972E-18
1.624949E+04	3.718069E-17	2.353358E-18
1.628911E+04	3.635534E-17	2.311358E-18
1.632872E+04	3.552532E-17	2.268749E-18
1.636833E+04	3.470160E-17	2.226214E-18
1.640794E+04	3.389325E-17	2.184328E-18
1.644755E+04	3.310734E-17	2.143546E-18
1.648716E+04	3.234911E-17	2.104217E-18
1.652677E+04	3.162216E-17	2.066586E-18
1.656638E+04	3.092864E-17	2.030812E-18
1.660599E+04	3.026958E-17	1.996980E-18
1.664560E+04	2.964508E-17	1.965120E-18
1.668521E+04	2.905457E-17	1.935216E-18
1.672482E+04	2.849702E-17	1.907222E-18
1.676443E+04	2.797105E-17	1.881068E-18
1.680404E+04	2.747515E-17	1.856674E-18
1.684365E+04	2.700771E-17	1.833953E-18
1.688326E+04	2.656716E-17	1.812820E-18
1.692287E+04	2.615206E-17	1.793195E-18
1.696248E+04	2.576112E-17	1.775008E-18
1.700209E+04	2.539326E-17	1.758205E-18
1.704170E+04	2.504765E-17	1.742745E-18
1.708131E+04	2.472372E-17	1.728605E-18
1.712092E+04	2.442114E-17	1.715781E-18
1.716053E+04	2.413987E-17	1.704287E-18
1.720014E+04	2.388009E-17	1.694154E-18
1.723975E+04	2.364222E-17	1.685430E-18
1.727936E+04	2.342685E-17	1.678177E-18
1.731897E+04	2.323476E-17	1.672470E-18
1.735858E+04	2.306683E-17	1.668396E-18
1.739819E+04	2.292403E-17	1.666047E-18
1.743780E+04	2.280738E-17	1.665520E-18
1.747741E+04	2.271786E-17	1.666914E-18
1.751702E+04	2.265644E-17	1.670324E-18
1.755663E+04	2.262395E-17	1.675841E-18
1.759624E+04	2.262110E-17	1.683545E-18
1.763585E+04	2.264836E-17	1.693502E-18
1.767546E+04	2.270599E-17	1.705758E-18
1.771507E+04	2.279392E-17	1.720339E-18
1.775468E+04	2.291172E-17	1.737245E-18
1.779429E+04	2.305864E-17	1.756444E-18
1.783390E+04	2.323348E-17	1.777876E-18
1.787351E+04	2.343466E-17	1.801446E-18
1.791312E+04	2.366016E-17	1.827023E-18
1.795274E+04	2.390755E-17	1.854444E-18
1.799235E+04	2.417400E-17	1.883506E-18
1.803196E+04	2.445629E-17	1.913978E-18
1.807157E+04	2.475085E-17	1.945592E-18
1.811118E+04	2.505380E-17	1.978053E-18
1.815079E+04	2.536104E-17	2.011042E-18
1.819040E+04	2.566828E-17	2.044221E-18
1.823001E+04	2.597119E-17	2.077240E-18
1.826962E+04	2.626543E-17	2.109743E-18
1.830923E+04	2.654680E-17	2.141382E-18
1.834884E+04	2.681130E-17	2.171816E-18
1.838845E+04	2.705519E-17	2.200724E-18
1.842806E+04	2.727512E-17	2.227806E-18
1.846767E+04	2.746811E-17	2.252795E-18
1.850728E+04	2.763172E-17	2.275459E-18
1.854689E+04	2.776396E-17	2.295603E-18
1.858650E+04	2.786349E-17	2.313082E-18
1.862611E+04	2.792954E-17	2.327799E-18
1.866572E+04	2.796193E-17	2.339704E-18
1.870533E+04	2.796107E-17	2.348798E-18
1.874494E+04	2.792798E-17	2.355132E-18
1.878455E+04	2.786420E-17	2.358805E-18
1.882416E+04	2.777181E-17	2.359963E-18
1.886377E+04	2.765334E-17	2.358795E-18
1.890338E+04	2.751179E-17	2.355531E-18
1.894299E+04	2.735049E-17	2.350435E-18
1.898260E+04	2.717296E-17	2.343795E-18
1.902221E+04	2.698293E-17	2.335915E-18
1.906182E+04	2.678410E-17	2.327106E-18
1.910143E+04	2.658011E-17	2.317678E-18
1.914104E+04	2.637440E-17	2.307929E-18
1.918065E+04	2.617014E-17	2.298135E-18
1.922026E+04	2.597018E-17	2.288550E-18
1.925987E+04	2.577697E-17	2.279395E-18
1.929948E+04	2.559253E-17	2.270856E-18
1.933909E+04	2.541845E-17	2.263083E-18
1.937870E+04	2.525586E-17	2.256187E-18
1.941831E+04	2.510543E-17	2.250239E-18
1.945792E+04	2.496738E-17	2.245271E-18
1.949753E+04	2.484155E-17	2.241280E-18
1.953714E+04	2.472734E-17	2.238222E-18
1.957675E+04	2.462385E-17	2.236028E-18
1.961636E+04	2.452986E-17	2.234596E-18
1.965598E+04	2.444392E-17	2.233801E-18
1.969559E+04	2.436437E-17	2.233498E-18
1.973520E+04	2.428939E-17	2.233527E-18
1.977481E+04	2.421708E-17	2.233717E-18
1.981442E+04	2.414545E-17	2.233885E-18
1.985403E+04	2.407246E-17	2.233844E-18
1.989364E+04	2.399601E-17	2.233398E-18
1.993325E+04	2.391404E-17	2.232352E-18
1.997286E+04	2.382449E-17	2.230509E-18
2.001247E+04	2.372537E-17	2.227677E-18
2.005208E+04	2.361487E-17	2.223678E-18
2.009169E+04	2.349137E-17	2.218350E-18
2.013130E+04	2.335353E-17	2.211556E-18
2.017091E+04	2.320035E-17	2.203193E-18
2.021052E+04	2.303125E-17	2.193193E-18
2.025013E+04	2.284606E-17	2.181527E-18
2.028974E+04	2.264501E-17	2.168207E-18
2.032935E+04	2.242869E-17	2.153280E-18
2.036896E+04	2.219803E-17	2.136822E-18
2.040857E+04	2.195415E-17	2.118933E-18
2.044818E+04	2.169834E-17	2.099730E-18
2.048779E+04	2.143199E-17	2.079338E-18
2.052740E+04	2.115650E-17	2.057889E-18
2.056701E+04	2.087332E-17	2.035519E-18
2.060662E+04	2.058385E-17	2.012360E-18
2.064623E+04	2.028952E-17	1.988549E-18
2.068584E+04	1.999176E-17	1.964225E-18
2.072545E+04	1.969203E-17	1.939531E-18
2.076506E+04	1.939184E-17	1.914617E-18
2.080467E+04	1.909274E-17	1.889637E-18
2.084428E+04	1.879631E-17	1.864750E-18
2.088389E+04	1.850420E-17	1.840124E-18
2.092350E+04	1.821805E-17	1.815928E-18
2.096311E+04	1.793956E-17	1.792336E-18
2.100272E+04	1.767042E-17	1.769525E-18
2.104233E+04	1.741231E-17	1.747672E-18
2.108194E+04	1.716694E-17	1.726956E-18
2.112155E+04	1.693595E-17	1.707555E-18
2.116116E+04	1.672090E-17	1.689636E-18
2.120077E+04	1.652322E-17	1.673354E-18
2.124038E+04	1.634402E-17	1.658837E-18
2.127999E+04	1.618392E-17	1.646158E-18
2.131961E+04	1.604247E-17	1.635287E-18
2.135922E+04	1.591793E-17	1.626058E-18
2.139883E+04	1.580787E-17	1.618234E-18
2.143844E+04	1.570960E-17	1.611549E-18
2.147805E+04	1.562032E-17	1.605723E-18
2.151766E+04	1.553729E-17	1.600480E-18
2.155727E+04	1.545786E-17	1.595551E-18
2.159688E+04	1.537960E-17	1.590687E-18
2.163649E+04	1.530031E-17	1.585660E-18
2.167610E+04	1.521806E-17	1.580272E-18
2.171571E+04	1.513120E-17	1.574348E-18
2.175532E+04	1.503843E-17	1.567750E-18
2.179493E+04	1.493874E-17	1.560370E-18
2.183454E+04	1.483142E-17	1.552128E-18
2.187415E+04	1.471605E-17	1.542980E-18
2.191376E+04	1.459254E-17	1.532908E-18
2.195337E+04	1.446105E-17	1.521926E-18
2.199298E+04	1.432199E-17	1.510075E-18
2.203259E+04	1.417605E-17	1.497422E-18
2.207220E+04	1.402406E-17	1.484052E-18
2.211181E+04	1.386708E-17	1.470075E-18
2.215142E+04	1.370628E-17	1.455612E-18
2.219103E+04	1.354296E-17	1.440801E-18
2.223064E+04	1.337845E-17	1.425783E-18
2.227025E+04	1.321416E-17	1.410708E-18
2.230986E+04	1.305146E-17	1.395724E-18
2.234947E+04	1.289173E-17	1.380980E-18
2.238908E+04	1.273630E-17	1.366622E-18
2.242869E+04	1.258641E-17	1.352784E-18
2.246830E+04	1.244322E-17	1.339598E-18
2.250791E+04	1.230777E-17	1.327177E-18
2.254752E+04	1.218099E-17	1.315629E-18
2.258713E+04	1.206368E-17	1.305042E-18
2.262674E+04	1.195648E-17	1.295495E-18
2.266635E+04	1.185992E-17	1.287049E-18
2.270596E+04	1.177437E-17	1.279749E-18
2.274557E+04	1.170009E-17	1.273633E-18
2.278518E+04	1.163723E-17	1.268720E-18
2.282479E+04	1.158584E-17	1.265022E-18
2.286440E+04	1.154585E-17	1.262538E-18
2.290401E+04	1.151717E-17	1.261264E-18
2.294362E+04	1.149960E-17	1.261183E-18
2.298323E+04	1.149293E-17	1.262278E-18
2.302285E+04	1.149691E-17	1.264527E-18
2.306246E+04	1.151127E-17	1.267905E-18
2.310207E+04	1.153571E-17	1.272384E-18
2.314168E+04	1.156992E-17	1.277932E-18
2.318129E+04	1.161357E-17	1.284522E-18
2.322090E+04	1.166630E-17	1.292114E-18
2.326051E+04	1.172776E-17	1.300675E-18
2.330012E+04	1.179753E-17	1.310161E-18
2.333973E+04	1.187519E-17	1.320530E-18
2.337934E+04	1.196029E-17	1.331735E-18
2.341895E+04	1.205237E-17	1.343726E-18
2.345856E+04	1.215091E-17	1.356451E-18
2.349817E+04	1.225545E-17	1.369858E-18
2.353778E+04	1.236543E-17	1.383888E-18
2.357739E+04	1.248034E-17	1.398485E-18
2.361700E+04	1.259963E-17	1.413590E-18
2.365661E+04	1.272275E-17	1.429142E-18
2.369622E+04	1.284912E-17	1.445077E-18
2.373583E+04	1.297819E-17	1.461333E-18
2.377544E+04	1.310937E-17	1.477846E-18
2.381505E+04	1.324207E-17	1.494550E-18
2.385466E+04	1.337574E-17	1.511381E-18
2.389427E+04	1.350981E-17	1.528276E-18
2.393388E+04	1.364373E-17	1.545172E-18
2.397349E+04	1.377697E-17	1.562010E-18
2.401310E+04	1.390905E-17	1.578732E-18
2.405271E+04	1.403951E-17	1.595286E-18
2.409232E+04	1.416794E-17	1.611626E-18
2.413193E+04	1.429397E-17	1.627707E-18
2.417154E+04	1.441732E-17	1.643498E-18
2.421115E+04	1.453773E-17	1.658964E-18
2.425076E+04	1.465498E-17	1.674082E-18
