#wls	flux	fluxerr
3.257341E+03	1.263147E-18	1.020966E-19
3.296951E+03	1.331527E-18	1.068308E-19
3.336561E+03	1.404781E-18	1.118700E-19
3.376171E+03	1.483364E-18	1.172415E-19
3.415782E+03	1.567776E-18	1.229744E-19
3.455392E+03	1.658536E-18	1.290989E-19
3.495002E+03	1.756170E-18	1.356441E-19
3.534612E+03	1.861191E-18	1.426368E-19
3.574223E+03	1.974081E-18	1.501005E-19
3.613833E+03	2.095267E-18	1.580531E-19
3.653443E+03	2.225102E-18	1.665063E-19
3.693053E+03	2.363855E-18	1.754646E-19
3.732664E+03	2.511709E-18	1.849254E-19
3.772274E+03	2.668795E-18	1.948823E-19
3.811884E+03	2.835284E-18	2.053313E-19
3.851494E+03	3.011483E-18	2.162778E-19
3.891105E+03	3.197861E-18	2.277383E-19
3.930715E+03	3.395011E-18	2.397368E-19
3.970325E+03	3.603599E-18	2.523011E-19
4.009935E+03	3.824345E-18	2.654615E-19
4.049545E+03	4.058022E-18	2.792502E-19
4.089156E+03	4.305458E-18	2.937016E-19
4.128766E+03	4.567544E-18	3.088525E-19
4.168376E+03	4.845242E-18	3.247426E-19
4.207986E+03	5.139589E-18	3.414147E-19
4.247597E+03	5.451710E-18	3.589150E-19
4.287207E+03	5.782814E-18	3.772932E-19
4.326817E+03	6.134195E-18	3.966018E-19
4.366427E+03	6.507217E-18	4.168952E-19
4.406038E+03	6.903277E-18	4.382274E-19
4.445648E+03	7.323770E-18	4.606494E-19
4.485258E+03	7.770007E-18	4.842045E-19
4.524868E+03	8.243139E-18	5.089236E-19
4.564479E+03	8.744038E-18	5.348190E-19
4.604089E+03	9.273153E-18	5.618760E-19
4.643699E+03	9.830338E-18	5.900443E-19
4.683309E+03	1.041466E-17	6.192279E-19
4.722919E+03	1.102421E-17	6.492772E-19
4.762530E+03	1.165604E-17	6.799865E-19
4.802140E+03	1.230622E-17	7.111013E-19
4.841750E+03	1.297081E-17	7.423778E-19
4.881360E+03	1.364600E-17	7.735862E-19
4.920971E+03	1.432727E-17	8.044697E-19
4.960581E+03	1.500936E-17	8.347381E-19
5.000191E+03	1.568616E-17	8.640666E-19
5.039801E+03	1.635087E-17	8.921015E-19
5.079412E+03	1.699622E-17	9.184785E-19
5.119022E+03	1.761472E-17	9.428355E-19
5.158632E+03	1.819890E-17	9.648264E-19
5.198242E+03	1.874166E-17	9.841384E-19
5.237853E+03	1.923664E-17	1.000510E-18
5.277463E+03	1.967869E-17	1.013756E-18
5.317073E+03	2.006442E-17	1.023786E-18
5.356683E+03	2.039258E-17	1.030625E-18
5.396293E+03	2.066438E-17	1.034422E-18
5.435904E+03	2.088354E-17	1.035448E-18
5.475514E+03	2.105621E-17	1.034081E-18
5.515124E+03	2.119059E-17	1.030790E-18
5.554734E+03	2.129650E-17	1.026103E-18
5.594345E+03	2.138477E-17	1.020580E-18
5.633955E+03	2.146661E-17	1.014776E-18
5.673565E+03	2.155314E-17	1.009224E-18
5.713175E+03	2.165503E-17	1.004414E-18
5.752786E+03	2.178221E-17	1.000787E-18
5.792396E+03	2.194382E-17	9.987271E-19
5.832006E+03	2.214804E-17	9.985646E-19
5.871616E+03	2.240200E-17	1.000569E-18
5.911227E+03	2.271154E-17	1.004942E-18
5.950837E+03	2.308099E-17	1.011813E-18
5.990447E+03	2.351282E-17	1.021224E-18
6.030057E+03	2.400715E-17	1.033117E-18
6.069667E+03	2.456119E-17	1.047310E-18
6.109278E+03	2.516840E-17	1.063472E-18
6.148888E+03	2.581778E-17	1.081095E-18
6.188498E+03	2.649307E-17	1.099476E-18
6.228108E+03	2.717252E-17	1.117708E-18
6.267719E+03	2.782931E-17	1.134715E-18
6.307329E+03	2.843269E-17	1.149297E-18
6.346939E+03	2.895045E-17	1.160240E-18
6.386549E+03	2.935384E-17	1.166507E-18
6.426160E+03	2.963069E-17	1.167752E-18
6.465770E+03	2.978888E-17	1.164409E-18
6.505380E+03	2.984496E-17	1.157227E-18
6.544990E+03	2.981929E-17	1.147076E-18
6.584601E+03	2.973349E-17	1.134843E-18
6.624211E+03	2.960855E-17	1.121366E-18
6.663821E+03	2.946347E-17	1.107379E-18
6.703431E+03	2.931444E-17	1.093491E-18
6.743041E+03	2.917424E-17	1.080167E-18
6.782652E+03	2.905203E-17	1.067723E-18
6.822262E+03	2.895332E-17	1.056335E-18
6.861872E+03	2.888041E-17	1.046058E-18
6.901482E+03	2.883287E-17	1.036847E-18
6.941093E+03	2.880802E-17	1.028578E-18
6.980703E+03	2.880175E-17	1.021080E-18
7.020313E+03	2.880920E-17	1.014163E-18
7.059923E+03	2.882577E-17	1.007650E-18
7.099534E+03	2.884799E-17	1.001408E-18
7.139144E+03	2.887442E-17	9.953799E-19
7.178754E+03	2.890639E-17	9.896037E-19
7.218364E+03	2.894862E-17	9.842340E-19
7.257975E+03	2.900992E-17	9.795578E-19
7.297585E+03	2.910413E-17	9.760259E-19
7.337195E+03	2.925147E-17	9.742877E-19
7.376805E+03	2.947948E-17	9.752185E-19
7.416415E+03	2.982338E-17	9.799233E-19
7.456026E+03	3.032567E-17	9.897150E-19
7.495636E+03	3.103457E-17	1.006056E-18
7.535246E+03	3.199938E-17	1.030407E-18
7.574856E+03	3.325877E-17	1.063848E-18
7.614467E+03	3.481428E-17	1.106254E-18
7.654077E+03	3.659659E-17	1.155267E-18
7.693687E+03	3.847267E-17	1.206593E-18
7.733297E+03	4.026754E-17	1.254744E-18
7.772908E+03	4.180064E-17	1.294200E-18
7.812518E+03	4.296033E-17	1.321704E-18
7.852128E+03	4.372249E-17	1.336746E-18
7.891738E+03	4.411112E-17	1.340271E-18
7.931349E+03	4.417714E-17	1.334014E-18
7.970959E+03	4.398492E-17	1.320067E-18
8.010569E+03	4.360233E-17	1.300580E-18
8.050179E+03	4.309369E-17	1.277545E-18
8.089789E+03	4.251542E-17	1.252675E-18
8.129400E+03	4.191429E-17	1.227364E-18
8.169010E+03	4.132755E-17	1.202692E-18
8.208620E+03	4.078386E-17	1.179471E-18
8.248230E+03	4.030447E-17	1.158278E-18
8.287841E+03	3.990388E-17	1.139484E-18
8.327451E+03	3.959015E-17	1.123268E-18
8.367061E+03	3.936558E-17	1.109643E-18
8.406671E+03	3.922767E-17	1.098488E-18
8.446282E+03	3.917059E-17	1.089590E-18
8.485892E+03	3.918655E-17	1.082689E-18
8.525502E+03	3.926697E-17	1.077510E-18
8.565112E+03	3.940322E-17	1.073785E-18
8.604723E+03	3.958707E-17	1.071265E-18
8.644333E+03	3.981096E-17	1.069726E-18
8.683943E+03	4.006798E-17	1.068969E-18
8.723553E+03	4.035187E-17	1.068822E-18
8.763163E+03	4.065702E-17	1.069135E-18
8.802774E+03	4.097827E-17	1.069778E-18
8.842384E+03	4.131068E-17	1.070632E-18
8.881994E+03	4.164841E-17	1.071561E-18
8.921604E+03	4.198360E-17	1.072388E-18
8.961215E+03	4.230567E-17	1.072870E-18
9.000825E+03	4.260161E-17	1.072720E-18
9.040435E+03	4.285700E-17	1.071621E-18
9.080045E+03	4.305751E-17	1.069274E-18
9.119656E+03	4.319938E-17	1.065651E-18
9.159266E+03	4.327876E-17	1.060708E-18
9.198876E+03	4.331154E-17	1.054871E-18
9.238486E+03	4.331002E-17	1.048465E-18
9.278097E+03	4.328408E-17	1.041753E-18
9.317707E+03	4.324110E-17	1.034932E-18
9.357317E+03	4.318656E-17	1.028151E-18
9.396927E+03	4.312466E-17	1.021529E-18
9.436537E+03	4.305916E-17	1.015170E-18
9.476148E+03	4.299413E-17	1.009191E-18
9.515758E+03	4.293471E-17	1.003730E-18
9.555368E+03	4.288768E-17	9.989645E-19
9.594978E+03	4.286221E-17	9.951286E-19
9.634589E+03	4.287102E-17	9.925379E-19
9.674199E+03	4.293203E-17	9.916276E-19
9.713809E+03	4.306917E-17	9.929730E-19
9.753419E+03	4.331215E-17	9.972846E-19
9.793030E+03	4.369353E-17	1.005343E-18
9.832640E+03	4.424103E-17	1.017827E-18
9.872250E+03	4.496390E-17	1.034998E-18
9.911857E+03	4.585656E-17	1.056763E-18
9.951468E+03	4.690872E-17	1.082935E-18
9.991078E+03	4.810899E-17	1.113310E-18
1.003069E+04	4.944566E-17	1.147689E-18
1.007030E+04	5.090565E-17	1.185850E-18
1.010991E+04	5.247186E-17	1.227482E-18
1.014952E+04	5.411914E-17	1.272090E-18
1.018913E+04	5.580967E-17	1.318872E-18
1.022874E+04	5.748930E-17	1.366630E-18
1.026835E+04	5.908838E-17	1.413761E-18
1.030796E+04	6.053085E-17	1.458461E-18
1.034757E+04	6.176127E-17	1.499366E-18
1.038718E+04	6.277685E-17	1.536343E-18
1.042679E+04	6.360431E-17	1.569937E-18
1.046640E+04	6.427812E-17	1.600861E-18
1.050601E+04	6.483133E-17	1.629806E-18
1.054562E+04	6.529186E-17	1.657357E-18
1.058523E+04	6.568200E-17	1.683970E-18
1.062484E+04	6.601953E-17	1.710006E-18
1.066445E+04	6.631892E-17	1.735757E-18
1.070406E+04	6.659212E-17	1.761463E-18
1.074367E+04	6.684878E-17	1.787316E-18
1.078328E+04	6.709646E-17	1.813463E-18
1.082289E+04	6.734069E-17	1.840010E-18
1.086250E+04	6.758516E-17	1.867018E-18
1.090211E+04	6.783185E-17	1.894509E-18
1.094172E+04	6.808108E-17	1.922461E-18
1.098133E+04	6.833154E-17	1.950812E-18
1.102094E+04	6.858038E-17	1.979454E-18
1.106055E+04	6.882311E-17	2.008231E-18
1.110016E+04	6.905367E-17	2.036939E-18
1.113977E+04	6.926430E-17	2.065315E-18
1.117938E+04	6.944560E-17	2.093042E-18
1.121900E+04	6.958661E-17	2.119744E-18
1.125861E+04	6.967511E-17	2.144994E-18
1.129822E+04	6.969808E-17	2.168327E-18
1.133783E+04	6.964255E-17	2.189264E-18
1.137744E+04	6.949685E-17	2.207350E-18
1.141705E+04	6.925264E-17	2.222212E-18
1.145666E+04	6.890636E-17	2.233612E-18
1.149627E+04	6.846017E-17	2.241497E-18
1.153588E+04	6.792003E-17	2.245947E-18
1.157549E+04	6.728631E-17	2.246865E-18
1.161510E+04	6.655695E-17	2.244072E-18
1.165471E+04	6.573524E-17	2.237575E-18
1.169432E+04	6.483042E-17	2.227592E-18
1.173393E+04	6.385610E-17	2.214506E-18
1.177354E+04	6.282844E-17	2.198809E-18
1.181315E+04	6.176424E-17	2.181040E-18
1.185276E+04	6.067927E-17	2.161725E-18
1.189237E+04	5.958688E-17	2.141323E-18
1.193198E+04	5.849715E-17	2.120194E-18
1.197159E+04	5.741648E-17	2.098578E-18
1.201120E+04	5.634767E-17	2.076589E-18
1.205081E+04	5.529038E-17	2.054230E-18
1.209042E+04	5.424199E-17	2.031420E-18
1.213003E+04	5.319834E-17	2.008016E-18
1.216964E+04	5.215466E-17	1.983847E-18
1.220925E+04	5.110639E-17	1.958744E-18
1.224886E+04	5.004989E-17	1.932559E-18
1.228847E+04	4.898312E-17	1.905199E-18
1.232808E+04	4.790610E-17	1.876655E-18
1.236769E+04	4.682114E-17	1.847006E-18
1.240730E+04	4.573235E-17	1.816410E-18
1.244691E+04	4.464596E-17	1.785116E-18
1.248652E+04	4.357015E-17	1.753459E-18
1.252613E+04	4.251454E-17	1.721842E-18
1.256574E+04	4.148935E-17	1.690703E-18
1.260535E+04	4.050467E-17	1.660487E-18
1.264496E+04	3.956991E-17	1.631620E-18
1.268457E+04	3.869333E-17	1.604490E-18
1.272418E+04	3.788190E-17	1.579435E-18
1.276379E+04	3.714110E-17	1.556740E-18
1.280340E+04	3.647493E-17	1.536628E-18
1.284301E+04	3.588604E-17	1.519267E-18
1.288262E+04	3.537575E-17	1.504768E-18
1.292224E+04	3.494419E-17	1.493192E-18
1.296185E+04	3.459048E-17	1.484551E-18
1.300146E+04	3.431274E-17	1.478814E-18
1.304107E+04	3.410828E-17	1.475908E-18
1.308068E+04	3.397364E-17	1.475724E-18
1.312029E+04	3.390465E-17	1.478117E-18
1.315990E+04	3.389653E-17	1.482909E-18
1.319951E+04	3.394390E-17	1.489892E-18
1.323912E+04	3.404082E-17	1.498828E-18
1.327873E+04	3.418088E-17	1.509453E-18
1.331834E+04	3.435723E-17	1.521480E-18
1.335795E+04	3.456264E-17	1.534598E-18
1.339756E+04	3.478960E-17	1.548482E-18
1.343717E+04	3.503046E-17	1.562795E-18
1.347678E+04	3.527747E-17	1.577196E-18
1.351639E+04	3.552305E-17	1.591344E-18
1.355600E+04	3.575986E-17	1.604911E-18
1.359561E+04	3.598101E-17	1.617585E-18
1.363522E+04	3.618015E-17	1.629080E-18
1.367483E+04	3.635168E-17	1.639140E-18
1.371444E+04	3.649076E-17	1.647547E-18
1.375405E+04	3.659349E-17	1.654125E-18
1.379366E+04	3.665688E-17	1.658740E-18
1.383327E+04	3.667892E-17	1.661303E-18
1.387288E+04	3.665856E-17	1.661772E-18
1.391249E+04	3.659572E-17	1.660150E-18
1.395210E+04	3.649127E-17	1.656485E-18
1.399171E+04	3.634696E-17	1.650866E-18
1.403132E+04	3.616530E-17	1.643418E-18
1.407093E+04	3.594948E-17	1.634301E-18
1.411054E+04	3.570326E-17	1.623698E-18
1.415015E+04	3.543090E-17	1.611820E-18
1.418976E+04	3.513702E-17	1.598893E-18
1.422937E+04	3.482652E-17	1.585155E-18
1.426898E+04	3.450443E-17	1.570855E-18
1.430859E+04	3.417589E-17	1.556244E-18
1.434820E+04	3.384598E-17	1.541569E-18
1.438781E+04	3.351963E-17	1.527075E-18
1.442742E+04	3.320161E-17	1.512996E-18
1.446703E+04	3.289633E-17	1.499552E-18
1.450664E+04	3.260786E-17	1.486946E-18
1.454625E+04	3.233983E-17	1.475364E-18
1.458587E+04	3.209546E-17	1.464969E-18
1.462548E+04	3.187747E-17	1.455908E-18
1.466509E+04	3.168816E-17	1.448304E-18
1.470470E+04	3.152934E-17	1.442262E-18
1.474431E+04	3.140243E-17	1.437870E-18
1.478392E+04	3.130844E-17	1.435197E-18
1.482353E+04	3.124800E-17	1.434299E-18
1.486314E+04	3.122151E-17	1.435219E-18
1.490275E+04	3.122903E-17	1.437990E-18
1.494236E+04	3.127047E-17	1.442637E-18
1.498197E+04	3.134552E-17	1.449181E-18
1.502158E+04	3.145366E-17	1.457631E-18
1.506119E+04	3.159428E-17	1.467996E-18
1.510080E+04	3.176654E-17	1.480278E-18
1.514041E+04	3.196944E-17	1.494470E-18
1.518002E+04	3.220176E-17	1.510561E-18
1.521963E+04	3.246197E-17	1.528523E-18
1.525924E+04	3.274799E-17	1.548302E-18
1.529885E+04	3.305823E-17	1.569846E-18
1.533846E+04	3.339123E-17	1.593110E-18
1.537807E+04	3.374370E-17	1.617962E-18
1.541768E+04	3.411057E-17	1.644178E-18
1.545729E+04	3.448534E-17	1.671465E-18
1.549690E+04	3.486066E-17	1.699480E-18
1.553651E+04	3.522869E-17	1.727845E-18
1.557612E+04	3.558124E-17	1.756159E-18
1.561573E+04	3.591011E-17	1.784005E-18
1.565534E+04	3.620712E-17	1.810956E-18
1.569495E+04	3.646427E-17	1.836579E-18
1.573456E+04	3.667379E-17	1.860441E-18
1.577417E+04	3.682823E-17	1.882107E-18
1.581378E+04	3.692050E-17	1.901148E-18
1.585339E+04	3.694396E-17	1.917140E-18
1.589300E+04	3.689265E-17	1.929682E-18
1.593261E+04	3.676149E-17	1.938403E-18
1.597222E+04	3.654677E-17	1.942991E-18
1.601183E+04	3.624670E-17	1.943222E-18
1.605144E+04	3.586214E-17	1.939002E-18
1.609105E+04	3.539713E-17	1.930406E-18
1.613066E+04	3.485952E-17	1.917722E-18
1.617027E+04	3.426076E-17	1.901448E-18
1.620988E+04	3.361411E-17	1.882205E-18
1.624949E+04	3.293315E-17	1.860658E-18
1.628911E+04	3.223072E-17	1.837456E-18
1.632872E+04	3.151831E-17	1.813194E-18
1.636833E+04	3.080572E-17	1.788399E-18
1.640794E+04	3.010105E-17	1.763516E-18
1.644755E+04	2.941071E-17	1.738911E-18
1.648716E+04	2.873962E-17	1.714877E-18
1.652677E+04	2.809139E-17	1.691639E-18
1.656638E+04	2.746851E-17	1.669368E-18
1.660599E+04	2.687258E-17	1.648183E-18
1.664560E+04	2.630452E-17	1.628169E-18
1.668521E+04	2.576470E-17	1.609380E-18
1.672482E+04	2.525305E-17	1.591846E-18
1.676443E+04	2.476924E-17	1.575580E-18
1.680404E+04	2.431275E-17	1.560585E-18
1.684365E+04	2.388293E-17	1.546854E-18
1.688326E+04	2.347909E-17	1.534379E-18
1.692287E+04	2.310056E-17	1.523151E-18
1.696248E+04	2.274672E-17	1.513167E-18
1.700209E+04	2.241705E-17	1.504425E-18
1.704170E+04	2.211116E-17	1.496936E-18
1.708131E+04	2.182878E-17	1.490718E-18
1.712092E+04	2.156982E-17	1.485798E-18
1.716053E+04	2.133430E-17	1.482216E-18
1.720014E+04	2.112239E-17	1.480020E-18
1.723975E+04	2.093442E-17	1.479270E-18
1.727936E+04	2.077083E-17	1.480036E-18
1.731897E+04	2.063217E-17	1.482399E-18
1.735858E+04	2.051908E-17	1.486443E-18
1.739819E+04	2.043225E-17	1.492264E-18
1.743780E+04	2.037243E-17	1.499958E-18
1.747741E+04	2.034036E-17	1.509625E-18
1.751702E+04	2.033672E-17	1.521364E-18
1.755663E+04	2.036213E-17	1.535269E-18
1.759624E+04	2.041711E-17	1.551426E-18
1.763585E+04	2.050198E-17	1.569911E-18
1.767546E+04	2.061686E-17	1.590782E-18
1.771507E+04	2.076162E-17	1.614079E-18
1.775468E+04	2.093583E-17	1.639817E-18
1.779429E+04	2.113871E-17	1.667985E-18
1.783390E+04	2.136913E-17	1.698537E-18
1.787351E+04	2.162552E-17	1.731393E-18
1.791312E+04	2.190589E-17	1.766434E-18
1.795274E+04	2.220777E-17	1.803498E-18
1.799235E+04	2.252823E-17	1.842377E-18
1.803196E+04	2.286392E-17	1.882823E-18
1.807157E+04	2.321102E-17	1.924543E-18
1.811118E+04	2.356535E-17	1.967202E-18
1.815079E+04	2.392241E-17	2.010431E-18
1.819040E+04	2.427750E-17	2.053830E-18
1.823001E+04	2.462576E-17	2.096980E-18
1.826962E+04	2.496239E-17	2.139454E-18
1.830923E+04	2.528269E-17	2.180822E-18
1.834884E+04	2.558218E-17	2.220665E-18
1.838845E+04	2.585674E-17	2.258585E-18
1.842806E+04	2.610264E-17	2.294211E-18
1.846767E+04	2.631662E-17	2.327203E-18
1.850728E+04	2.649599E-17	2.357268E-18
1.854689E+04	2.663870E-17	2.384165E-18
1.858650E+04	2.674338E-17	2.407709E-18
1.862611E+04	2.680940E-17	2.427781E-18
1.866572E+04	2.683679E-17	2.444321E-18
1.870533E+04	2.682626E-17	2.457333E-18
1.874494E+04	2.677908E-17	2.466874E-18
1.878455E+04	2.669713E-17	2.473060E-18
1.882416E+04	2.658279E-17	2.476060E-18
1.886377E+04	2.643895E-17	2.476096E-18
1.890338E+04	2.626894E-17	2.473438E-18
1.894299E+04	2.607642E-17	2.468392E-18
1.898260E+04	2.586524E-17	2.461293E-18
1.902221E+04	2.563934E-17	2.452493E-18
1.906182E+04	2.540264E-17	2.442348E-18
1.910143E+04	2.515892E-17	2.431209E-18
1.914104E+04	2.491172E-17	2.419412E-18
1.918065E+04	2.466432E-17	2.407276E-18
1.922026E+04	2.441966E-17	2.395089E-18
1.925987E+04	2.418027E-17	2.383108E-18
1.929948E+04	2.394832E-17	2.371557E-18
1.933909E+04	2.372549E-17	2.360618E-18
1.937870E+04	2.351308E-17	2.350433E-18
1.941831E+04	2.331195E-17	2.341106E-18
1.945792E+04	2.312252E-17	2.332700E-18
1.949753E+04	2.294487E-17	2.325237E-18
1.953714E+04	2.277867E-17	2.318704E-18
1.957675E+04	2.262331E-17	2.313056E-18
1.961636E+04	2.247789E-17	2.308216E-18
1.965598E+04	2.234127E-17	2.304081E-18
1.969559E+04	2.221213E-17	2.300529E-18
1.973520E+04	2.208900E-17	2.297418E-18
1.977481E+04	2.197029E-17	2.294589E-18
1.981442E+04	2.185432E-17	2.291877E-18
1.985403E+04	2.173937E-17	2.289103E-18
1.989364E+04	2.162365E-17	2.286083E-18
1.993325E+04	2.150538E-17	2.282625E-18
1.997286E+04	2.138277E-17	2.278539E-18
2.001247E+04	2.125409E-17	2.273636E-18
2.005208E+04	2.111772E-17	2.267736E-18
2.009169E+04	2.097221E-17	2.260673E-18
2.013130E+04	2.081628E-17	2.252301E-18
2.017091E+04	2.064893E-17	2.242501E-18
2.021052E+04	2.046943E-17	2.231179E-18
2.025013E+04	2.027728E-17	2.218272E-18
2.028974E+04	2.007232E-17	2.203746E-18
2.032935E+04	1.985465E-17	2.187599E-18
2.036896E+04	1.962460E-17	2.169857E-18
2.040857E+04	1.938272E-17	2.150569E-18
2.044818E+04	1.912981E-17	2.129812E-18
2.048779E+04	1.886679E-17	2.107679E-18
2.052740E+04	1.859476E-17	2.084286E-18
2.056701E+04	1.831495E-17	2.059761E-18
2.060662E+04	1.802871E-17	2.034252E-18
2.064623E+04	1.773749E-17	2.007919E-18
2.068584E+04	1.744287E-17	1.980940E-18
2.072545E+04	1.714656E-17	1.953505E-18
2.076506E+04	1.685030E-17	1.925818E-18
2.080467E+04	1.655598E-17	1.898097E-18
2.084428E+04	1.626554E-17	1.870570E-18
2.088389E+04	1.598098E-17	1.843475E-18
2.092350E+04	1.570435E-17	1.817057E-18
2.096311E+04	1.543769E-17	1.791563E-18
2.100272E+04	1.518303E-17	1.767245E-18
2.104233E+04	1.494236E-17	1.744347E-18
2.108194E+04	1.471753E-17	1.723104E-18
2.112155E+04	1.451031E-17	1.703741E-18
2.116116E+04	1.432223E-17	1.686458E-18
2.120077E+04	1.415457E-17	1.671426E-18
2.124038E+04	1.400821E-17	1.658772E-18
2.127999E+04	1.388354E-17	1.648563E-18
2.131961E+04	1.377996E-17	1.640752E-18
2.135922E+04	1.369578E-17	1.635157E-18
2.139883E+04	1.362869E-17	1.631521E-18
2.143844E+04	1.357603E-17	1.629543E-18
2.147805E+04	1.353501E-17	1.628899E-18
2.151766E+04	1.350279E-17	1.629260E-18
2.155727E+04	1.347660E-17	1.630298E-18
2.159688E+04	1.345379E-17	1.631699E-18
2.163649E+04	1.343189E-17	1.633166E-18
2.167610E+04	1.340868E-17	1.634428E-18
2.171571E+04	1.338219E-17	1.635244E-18
2.175532E+04	1.335073E-17	1.635404E-18
2.179493E+04	1.331293E-17	1.634737E-18
2.183454E+04	1.326772E-17	1.633105E-18
2.187415E+04	1.321436E-17	1.630409E-18
2.191376E+04	1.315237E-17	1.626586E-18
2.195337E+04	1.308162E-17	1.621610E-18
2.199298E+04	1.300223E-17	1.615490E-18
2.203259E+04	1.291460E-17	1.608271E-18
2.207220E+04	1.281937E-17	1.600023E-18
2.211181E+04	1.271735E-17	1.590844E-18
2.215142E+04	1.260953E-17	1.580853E-18
2.219103E+04	1.249704E-17	1.570187E-18
2.223064E+04	1.238111E-17	1.558999E-18
2.227025E+04	1.226299E-17	1.547444E-18
2.230986E+04	1.214402E-17	1.535690E-18
2.234947E+04	1.202548E-17	1.523902E-18
2.238908E+04	1.190867E-17	1.512244E-18
2.242869E+04	1.179483E-17	1.500876E-18
2.246830E+04	1.168511E-17	1.489948E-18
2.250791E+04	1.158058E-17	1.479602E-18
2.254752E+04	1.148220E-17	1.469965E-18
2.258713E+04	1.139083E-17	1.461152E-18
2.262674E+04	1.130721E-17	1.453265E-18
2.266635E+04	1.123194E-17	1.446387E-18
2.270596E+04	1.116552E-17	1.440590E-18
2.274557E+04	1.110836E-17	1.435934E-18
2.278518E+04	1.106074E-17	1.432463E-18
2.282479E+04	1.102288E-17	1.430211E-18
2.286440E+04	1.099487E-17	1.429200E-18
2.290401E+04	1.097678E-17	1.429443E-18
2.294362E+04	1.096856E-17	1.430945E-18
2.298323E+04	1.097017E-17	1.433703E-18
2.302285E+04	1.098148E-17	1.437711E-18
2.306246E+04	1.100234E-17	1.442954E-18
2.310207E+04	1.103256E-17	1.449414E-18
2.314168E+04	1.107195E-17	1.457072E-18
2.318129E+04	1.112028E-17	1.465905E-18
2.322090E+04	1.117731E-17	1.475885E-18
2.326051E+04	1.124275E-17	1.486982E-18
2.330012E+04	1.131634E-17	1.499164E-18
2.333973E+04	1.139773E-17	1.512391E-18
2.337934E+04	1.148660E-17	1.526624E-18
2.341895E+04	1.158255E-17	1.541817E-18
2.345856E+04	1.168522E-17	1.557922E-18
2.349817E+04	1.179421E-17	1.574892E-18
2.353778E+04	1.190909E-17	1.592673E-18
2.357739E+04	1.202940E-17	1.611205E-18
2.361700E+04	1.215468E-17	1.630430E-18
2.365661E+04	1.228441E-17	1.650281E-18
2.369622E+04	1.241811E-17	1.670695E-18
2.373583E+04	1.255530E-17	1.691607E-18
2.377544E+04	1.269546E-17	1.712952E-18
2.381505E+04	1.283813E-17	1.734668E-18
2.385466E+04	1.298283E-17	1.756690E-18
2.389427E+04	1.312911E-17	1.778957E-18
2.393388E+04	1.327649E-17	1.801405E-18
2.397349E+04	1.342452E-17	1.823972E-18
2.401310E+04	1.357273E-17	1.846596E-18
2.405271E+04	1.372069E-17	1.869216E-18
2.409232E+04	1.386795E-17	1.891770E-18
2.413193E+04	1.401410E-17	1.914201E-18
2.417154E+04	1.415873E-17	1.936451E-18
2.421115E+04	1.430144E-17	1.958467E-18
2.425076E+04	1.444191E-17	1.980201E-18
