#wls	flux	fluxerr
3.257341E+03	1.216601E-18	1.082335E-19
3.296951E+03	1.282487E-18	1.132873E-19
3.336561E+03	1.353025E-18	1.186629E-19
3.376171E+03	1.428635E-18	1.243875E-19
3.415782E+03	1.509768E-18	1.304902E-19
3.455392E+03	1.596897E-18	1.370004E-19
3.495002E+03	1.690496E-18	1.439465E-19
3.534612E+03	1.791037E-18	1.513557E-19
3.574223E+03	1.898964E-18	1.592513E-19
3.613833E+03	2.014662E-18	1.676505E-19
3.653443E+03	2.138445E-18	1.765638E-19
3.693053E+03	2.270536E-18	1.859933E-19
3.732664E+03	2.411054E-18	1.959319E-19
3.772274E+03	2.560014E-18	2.063638E-19
3.811884E+03	2.717458E-18	2.172757E-19
3.851494E+03	2.883687E-18	2.286740E-19
3.891105E+03	3.059245E-18	2.405840E-19
3.930715E+03	3.244775E-18	2.530370E-19
3.970325E+03	3.440970E-18	2.660666E-19
4.009935E+03	3.648561E-18	2.797074E-19
4.049545E+03	3.868329E-18	2.939957E-19
4.089156E+03	4.101108E-18	3.089703E-19
4.128766E+03	4.347791E-18	3.246717E-19
4.168376E+03	4.609331E-18	3.411427E-19
4.207986E+03	4.886756E-18	3.584294E-19
4.247597E+03	5.181165E-18	3.765801E-19
4.287207E+03	5.493732E-18	3.956459E-19
4.326817E+03	5.825706E-18	4.156801E-19
4.366427E+03	6.178392E-18	4.367371E-19
4.406038E+03	6.553112E-18	4.588689E-19
4.445648E+03	6.951163E-18	4.821228E-19
4.485258E+03	7.373746E-18	5.065362E-19
4.524868E+03	7.821897E-18	5.321323E-19
4.564479E+03	8.296354E-18	5.589123E-19
4.604089E+03	8.797495E-18	5.868514E-19
4.643699E+03	9.325119E-18	6.158864E-19
4.683309E+03	9.878355E-18	6.459114E-19
4.722919E+03	1.045545E-17	6.767664E-19
4.762530E+03	1.105374E-17	7.082375E-19
4.802140E+03	1.166983E-17	7.400731E-19
4.841750E+03	1.230034E-17	7.720325E-19
4.881360E+03	1.294200E-17	8.038900E-19
4.920971E+03	1.359101E-17	8.353982E-19
4.960581E+03	1.424278E-17	8.662707E-19
5.000191E+03	1.489192E-17	8.961850E-19
5.039801E+03	1.553229E-17	9.247875E-19
5.079412E+03	1.615729E-17	9.517109E-19
5.119022E+03	1.676001E-17	9.765895E-19
5.158632E+03	1.733355E-17	9.990722E-19
5.198242E+03	1.787110E-17	1.018833E-18
5.237853E+03	1.836634E-17	1.035589E-18
5.277463E+03	1.881392E-17	1.049127E-18
5.317073E+03	1.921006E-17	1.059332E-18
5.356683E+03	1.955300E-17	1.066210E-18
5.396293E+03	1.984331E-17	1.069894E-18
5.435904E+03	2.008391E-17	1.070643E-18
5.475514E+03	2.028014E-17	1.068832E-18
5.515124E+03	2.043938E-17	1.064932E-18
5.554734E+03	2.057060E-17	1.059476E-18
5.594345E+03	2.068373E-17	1.053023E-18
5.633955E+03	2.078903E-17	1.046127E-18
5.673565E+03	2.089655E-17	1.039307E-18
5.713175E+03	2.101574E-17	1.033028E-18
5.752786E+03	2.115531E-17	1.027698E-18
5.792396E+03	2.132310E-17	1.023665E-18
5.832006E+03	2.152597E-17	1.021214E-18
5.871616E+03	2.176967E-17	1.020561E-18
5.911227E+03	2.205859E-17	1.021851E-18
5.950837E+03	2.239556E-17	1.025148E-18
5.990447E+03	2.278151E-17	1.030428E-18
6.030057E+03	2.321528E-17	1.037572E-18
6.069667E+03	2.369319E-17	1.046355E-18
6.109278E+03	2.420863E-17	1.056436E-18
6.148888E+03	2.475145E-17	1.067335E-18
6.188498E+03	2.530765E-17	1.078435E-18
6.228108E+03	2.585936E-17	1.088984E-18
6.267719E+03	2.638545E-17	1.098129E-18
6.307329E+03	2.686242E-17	1.104966E-18
6.346939E+03	2.726631E-17	1.108613E-18
6.386549E+03	2.757668E-17	1.108373E-18
6.426160E+03	2.778596E-17	1.104095E-18
6.465770E+03	2.790169E-17	1.096215E-18
6.505380E+03	2.793811E-17	1.085405E-18
6.544990E+03	2.791209E-17	1.072409E-18
6.584601E+03	2.784124E-17	1.057964E-18
6.624211E+03	2.774221E-17	1.042742E-18
6.663821E+03	2.762997E-17	1.027321E-18
6.703431E+03	2.751742E-17	1.012182E-18
6.743041E+03	2.741493E-17	9.976892E-19
6.782652E+03	2.732988E-17	9.840872E-19
6.822262E+03	2.726660E-17	9.715003E-19
6.861872E+03	2.722688E-17	9.599585E-19
6.901482E+03	2.721029E-17	9.494129E-19
6.941093E+03	2.721441E-17	9.397487E-19
6.980703E+03	2.723540E-17	9.308059E-19
7.020313E+03	2.726871E-17	9.224091E-19
7.059923E+03	2.730991E-17	9.143933E-19
7.099534E+03	2.735550E-17	9.066315E-19
7.139144E+03	2.740372E-17	8.990595E-19
7.178754E+03	2.745523E-17	8.916957E-19
7.218364E+03	2.751341E-17	8.846451E-19
7.257975E+03	2.758454E-17	8.781022E-19
7.297585E+03	2.767877E-17	8.723760E-19
7.337195E+03	2.781214E-17	8.679481E-19
7.376805E+03	2.800810E-17	8.655119E-19
7.416415E+03	2.829818E-17	8.659807E-19
7.456026E+03	2.872211E-17	8.704829E-19
7.495636E+03	2.932781E-17	8.803506E-19
7.535246E+03	3.017008E-17	8.970709E-19
7.574856E+03	3.130136E-17	9.220091E-19
7.614467E+03	3.273812E-17	9.554328E-19
7.654077E+03	3.441027E-17	9.951022E-19
7.693687E+03	3.618134E-17	1.036959E-18
7.733297E+03	3.787674E-17	1.076009E-18
7.772908E+03	3.931672E-17	1.107289E-18
7.812518E+03	4.039818E-17	1.128147E-18
7.852128E+03	4.110994E-17	1.138547E-18
7.891738E+03	4.148202E-17	1.139554E-18
7.931349E+03	4.156465E-17	1.132745E-18
7.970959E+03	4.141781E-17	1.119902E-18
8.010569E+03	4.110309E-17	1.102795E-18
8.050179E+03	4.067763E-17	1.083021E-18
8.089789E+03	4.019065E-17	1.061919E-18
8.129400E+03	3.968245E-17	1.040557E-18
8.169010E+03	3.918512E-17	1.019757E-18
8.208620E+03	3.872395E-17	1.000145E-18
8.248230E+03	3.831892E-17	9.821945E-19
8.287841E+03	3.798468E-17	9.662286E-19
8.327451E+03	3.772978E-17	9.524096E-19
8.367061E+03	3.755678E-17	9.407457E-19
8.406671E+03	3.746321E-17	9.311208E-19
8.446282E+03	3.744319E-17	9.233387E-19
8.485892E+03	3.748898E-17	9.171659E-19
8.525502E+03	3.759223E-17	9.123615E-19
8.565112E+03	3.774458E-17	9.086941E-19
8.604723E+03	3.793797E-17	9.059494E-19
8.644333E+03	3.816473E-17	9.039308E-19
8.683943E+03	3.841774E-17	9.024646E-19
8.723553E+03	3.869038E-17	9.013972E-19
8.763163E+03	3.897637E-17	9.005924E-19
8.802774E+03	3.927044E-17	8.999451E-19
8.842384E+03	3.956854E-17	8.993865E-19
8.881994E+03	3.986663E-17	8.988548E-19
8.921604E+03	4.015859E-17	8.982488E-19
8.961215E+03	4.043544E-17	8.974121E-19
9.000825E+03	4.068640E-17	8.961584E-19
9.040435E+03	4.090005E-17	8.942977E-19
9.080045E+03	4.106552E-17	8.916614E-19
9.119656E+03	4.118173E-17	8.882983E-19
9.159266E+03	4.124685E-17	8.842203E-19
9.198876E+03	4.127658E-17	8.797888E-19
9.238486E+03	4.128129E-17	8.752435E-19
9.278097E+03	4.126812E-17	8.707514E-19
9.317707E+03	4.124201E-17	8.664314E-19
9.357317E+03	4.120652E-17	8.623737E-19
9.396927E+03	4.116420E-17	8.586479E-19
9.436537E+03	4.111738E-17	8.553206E-19
9.476148E+03	4.106914E-17	8.524756E-19
9.515758E+03	4.102375E-17	8.502228E-19
9.555368E+03	4.098682E-17	8.487022E-19
9.594978E+03	4.096570E-17	8.480915E-19
9.634589E+03	4.097056E-17	8.486300E-19
9.674199E+03	4.101704E-17	8.506746E-19
9.713809E+03	4.112797E-17	8.547379E-19
9.753419E+03	4.133390E-17	8.615033E-19
9.793030E+03	4.167086E-17	8.717871E-19
9.832640E+03	4.217078E-17	8.863426E-19
9.872250E+03	4.284172E-17	9.054366E-19
9.911857E+03	4.367455E-17	9.289541E-19
9.951468E+03	4.465734E-17	9.567257E-19
9.991078E+03	4.577898E-17	9.886057E-19
1.003069E+04	4.702987E-17	1.024487E-18
1.007030E+04	4.840081E-17	1.064275E-18
1.010991E+04	4.988035E-17	1.107827E-18
1.014952E+04	5.145022E-17	1.154848E-18
1.018913E+04	5.307931E-17	1.204739E-18
1.022874E+04	5.471695E-17	1.256426E-18
1.026835E+04	5.629118E-17	1.308290E-18
1.030796E+04	5.771683E-17	1.358313E-18
1.034757E+04	5.892903E-17	1.404854E-18
1.038718E+04	5.993117E-17	1.447826E-18
1.042679E+04	6.075657E-17	1.487840E-18
1.046640E+04	6.144118E-17	1.525573E-18
1.050601E+04	6.201626E-17	1.561624E-18
1.054562E+04	6.250593E-17	1.596445E-18
1.058523E+04	6.292846E-17	1.630366E-18
1.062484E+04	6.329879E-17	1.663657E-18
1.066445E+04	6.363018E-17	1.696564E-18
1.070406E+04	6.393444E-17	1.729316E-18
1.074367E+04	6.422157E-17	1.762111E-18
1.078328E+04	6.449955E-17	1.795108E-18
1.082289E+04	6.477434E-17	1.828428E-18
1.086250E+04	6.504996E-17	1.862145E-18
1.090211E+04	6.532851E-17	1.896287E-18
1.094172E+04	6.561024E-17	1.930836E-18
1.098133E+04	6.589363E-17	1.965722E-18
1.102094E+04	6.617549E-17	2.000827E-18
1.106055E+04	6.645092E-17	2.035977E-18
1.110016E+04	6.671340E-17	2.070942E-18
1.113977E+04	6.695482E-17	2.105434E-18
1.117938E+04	6.716557E-17	2.139108E-18
1.121900E+04	6.733469E-17	2.171561E-18
1.125861E+04	6.745033E-17	2.202346E-18
1.129822E+04	6.750038E-17	2.230992E-18
1.133783E+04	6.747339E-17	2.257031E-18
1.137744E+04	6.735963E-17	2.280039E-18
1.141705E+04	6.715275E-17	2.299687E-18
1.145666E+04	6.685087E-17	2.315782E-18
1.149627E+04	6.645677E-17	2.328294E-18
1.153588E+04	6.597531E-17	2.337273E-18
1.157549E+04	6.540583E-17	2.342581E-18
1.161510E+04	6.474463E-17	2.343973E-18
1.165471E+04	6.399199E-17	2.341346E-18
1.169432E+04	6.315332E-17	2.334791E-18
1.173393E+04	6.223884E-17	2.324590E-18
1.177354E+04	6.126260E-17	2.311187E-18
1.181315E+04	6.024070E-17	2.295128E-18
1.185276E+04	5.918906E-17	2.276979E-18
1.189237E+04	5.812173E-17	2.257258E-18
1.193198E+04	5.704993E-17	2.236395E-18
1.197159E+04	5.598137E-17	2.214697E-18
1.201120E+04	5.492006E-17	2.192338E-18
1.205081E+04	5.386714E-17	2.169381E-18
1.209042E+04	5.282176E-17	2.145810E-18
1.213003E+04	5.178179E-17	2.121556E-18
1.216964E+04	5.074454E-17	2.096525E-18
1.220925E+04	4.970759E-17	2.070628E-18
1.224886E+04	4.866934E-17	2.043799E-18
1.228847E+04	4.762934E-17	2.016015E-18
1.232808E+04	4.658826E-17	1.987303E-18
1.236769E+04	4.554816E-17	1.957751E-18
1.240730E+04	4.451239E-17	1.927509E-18
1.244691E+04	4.348589E-17	1.896799E-18
1.248652E+04	4.247517E-17	1.865921E-18
1.252613E+04	4.148792E-17	1.835237E-18
1.256574E+04	4.053244E-17	1.805146E-18
1.260535E+04	3.961707E-17	1.776058E-18
1.264496E+04	3.874973E-17	1.748374E-18
1.268457E+04	3.793756E-17	1.722469E-18
1.272418E+04	3.718667E-17	1.698679E-18
1.276379E+04	3.650207E-17	1.677291E-18
1.280340E+04	3.588747E-17	1.658541E-18
1.284301E+04	3.534546E-17	1.642611E-18
1.288262E+04	3.487745E-17	1.629632E-18
1.292224E+04	3.448382E-17	1.619682E-18
1.296185E+04	3.416393E-17	1.612792E-18
1.300146E+04	3.391628E-17	1.608947E-18
1.304107E+04	3.373855E-17	1.608089E-18
1.308068E+04	3.362764E-17	1.610122E-18
1.312029E+04	3.357981E-17	1.614909E-18
1.315990E+04	3.359062E-17	1.622277E-18
1.319951E+04	3.365507E-17	1.632019E-18
1.323912E+04	3.376756E-17	1.643895E-18
1.327873E+04	3.392200E-17	1.657631E-18
1.331834E+04	3.411179E-17	1.672927E-18
1.335795E+04	3.432998E-17	1.689456E-18
1.339756E+04	3.456926E-17	1.706873E-18
1.343717E+04	3.482215E-17	1.724813E-18
1.347678E+04	3.508104E-17	1.742904E-18
1.351639E+04	3.533842E-17	1.760775E-18
1.355600E+04	3.558701E-17	1.778060E-18
1.359561E+04	3.581996E-17	1.794414E-18
1.363522E+04	3.603093E-17	1.809514E-18
1.367483E+04	3.621429E-17	1.823071E-18
1.371444E+04	3.636516E-17	1.834833E-18
1.375405E+04	3.647954E-17	1.844593E-18
1.379366E+04	3.655438E-17	1.852188E-18
1.383327E+04	3.658753E-17	1.857508E-18
1.387288E+04	3.657779E-17	1.860486E-18
1.391249E+04	3.652496E-17	1.861112E-18
1.395210E+04	3.642983E-17	1.859424E-18
1.399171E+04	3.629406E-17	1.855509E-18
1.403132E+04	3.612010E-17	1.849497E-18
1.407093E+04	3.591110E-17	1.841553E-18
1.411054E+04	3.567078E-17	1.831874E-18
1.415015E+04	3.540338E-17	1.820689E-18
1.418976E+04	3.511352E-17	1.808244E-18
1.422937E+04	3.480613E-17	1.794805E-18
1.426898E+04	3.448626E-17	1.780645E-18
1.430859E+04	3.415909E-17	1.766045E-18
1.434820E+04	3.382978E-17	1.751287E-18
1.438781E+04	3.350336E-17	1.736649E-18
1.442742E+04	3.318469E-17	1.722397E-18
1.446703E+04	3.287830E-17	1.708786E-18
1.450664E+04	3.258837E-17	1.696051E-18
1.454625E+04	3.231868E-17	1.684409E-18
1.458587E+04	3.207255E-17	1.674052E-18
1.462548E+04	3.185293E-17	1.665156E-18
1.466509E+04	3.166226E-17	1.657872E-18
1.470470E+04	3.150259E-17	1.652330E-18
1.474431E+04	3.137553E-17	1.648639E-18
1.478392E+04	3.128233E-17	1.646891E-18
1.482353E+04	3.122386E-17	1.647160E-18
1.486314E+04	3.120069E-17	1.649506E-18
1.490275E+04	3.121310E-17	1.653974E-18
1.494236E+04	3.126106E-17	1.660595E-18
1.498197E+04	3.134421E-17	1.669385E-18
1.502158E+04	3.146189E-17	1.680346E-18
1.506119E+04	3.161298E-17	1.693456E-18
1.510080E+04	3.179581E-17	1.708665E-18
1.514041E+04	3.200810E-17	1.725894E-18
1.518002E+04	3.224700E-17	1.745029E-18
1.521963E+04	3.250961E-17	1.765959E-18
1.525924E+04	3.279401E-17	1.788616E-18
1.529885E+04	3.309926E-17	1.812973E-18
1.533846E+04	3.342430E-17	1.838996E-18
1.537807E+04	3.376667E-17	1.866572E-18
1.541768E+04	3.412219E-17	1.895491E-18
1.545729E+04	3.448514E-17	1.925455E-18
1.549690E+04	3.484867E-17	1.956092E-18
1.553651E+04	3.520514E-17	1.986983E-18
1.557612E+04	3.554649E-17	2.017670E-18
1.561573E+04	3.586441E-17	2.047672E-18
1.565534E+04	3.615056E-17	2.076492E-18
1.569495E+04	3.639665E-17	2.103623E-18
1.573456E+04	3.659465E-17	2.128559E-18
1.577417E+04	3.673682E-17	2.150794E-18
1.581378E+04	3.681585E-17	2.169832E-18
1.585339E+04	3.682496E-17	2.185196E-18
1.589300E+04	3.675825E-17	2.196442E-18
1.593261E+04	3.661105E-17	2.203187E-18
1.597222E+04	3.638033E-17	2.205137E-18
1.601183E+04	3.606540E-17	2.202123E-18
1.605144E+04	3.566859E-17	2.194152E-18
1.609105E+04	3.519545E-17	2.181428E-18
1.613066E+04	3.465438E-17	2.164342E-18
1.617027E+04	3.405596E-17	2.143432E-18
1.620988E+04	3.341208E-17	2.119341E-18
1.624949E+04	3.273495E-17	2.092752E-18
1.628911E+04	3.203631E-17	2.064344E-18
1.632872E+04	3.132693E-17	2.034753E-18
1.636833E+04	3.061618E-17	2.004550E-18
1.640794E+04	2.991204E-17	1.974234E-18
1.644755E+04	2.922093E-17	1.944218E-18
1.648716E+04	2.854796E-17	1.914843E-18
1.652677E+04	2.789691E-17	1.886373E-18
1.656638E+04	2.727050E-17	1.859008E-18
1.660599E+04	2.667056E-17	1.832897E-18
1.664560E+04	2.609820E-17	1.808144E-18
1.668521E+04	2.555395E-17	1.784818E-18
1.672482E+04	2.503795E-17	1.762960E-18
1.676443E+04	2.454996E-17	1.742590E-18
1.680404E+04	2.408960E-17	1.723715E-18
1.684365E+04	2.365630E-17	1.706331E-18
1.688326E+04	2.324944E-17	1.690431E-18
1.692287E+04	2.286842E-17	1.676005E-18
1.696248E+04	2.251267E-17	1.663050E-18
1.700209E+04	2.218172E-17	1.651567E-18
1.704170E+04	2.187520E-17	1.641565E-18
1.708131E+04	2.159290E-17	1.633063E-18
1.712092E+04	2.133473E-17	1.626094E-18
1.716053E+04	2.110075E-17	1.620697E-18
1.720014E+04	2.089113E-17	1.616925E-18
1.723975E+04	2.070620E-17	1.614841E-18
1.727936E+04	2.054641E-17	1.614522E-18
1.731897E+04	2.041230E-17	1.616049E-18
1.735858E+04	2.030450E-17	1.619515E-18
1.739819E+04	2.022371E-17	1.625020E-18
1.743780E+04	2.017063E-17	1.632665E-18
1.747741E+04	2.014604E-17	1.642560E-18
1.751702E+04	2.015059E-17	1.654806E-18
1.755663E+04	2.018494E-17	1.669505E-18
1.759624E+04	2.024958E-17	1.686748E-18
1.763585E+04	2.034483E-17	1.706614E-18
1.767546E+04	2.047081E-17	1.729162E-18
1.771507E+04	2.062742E-17	1.754436E-18
1.775468E+04	2.081420E-17	1.782446E-18
1.779429E+04	2.103036E-17	1.813175E-18
1.783390E+04	2.127474E-17	1.846569E-18
1.787351E+04	2.154574E-17	1.882533E-18
1.791312E+04	2.184128E-17	1.920929E-18
1.795274E+04	2.215879E-17	1.961568E-18
1.799235E+04	2.249525E-17	2.004213E-18
1.803196E+04	2.284709E-17	2.048573E-18
1.807157E+04	2.321031E-17	2.094311E-18
1.811118E+04	2.358051E-17	2.141041E-18
1.815079E+04	2.395290E-17	2.188333E-18
1.819040E+04	2.432250E-17	2.235730E-18
1.823001E+04	2.468416E-17	2.282745E-18
1.826962E+04	2.503277E-17	2.328887E-18
1.830923E+04	2.536339E-17	2.373666E-18
1.834884E+04	2.567133E-17	2.416609E-18
1.838845E+04	2.595229E-17	2.457265E-18
1.842806E+04	2.620237E-17	2.495217E-18
1.846767E+04	2.641825E-17	2.530091E-18
1.850728E+04	2.659712E-17	2.561560E-18
1.854689E+04	2.673689E-17	2.589359E-18
1.858650E+04	2.683629E-17	2.613297E-18
1.862611E+04	2.689482E-17	2.633261E-18
1.866572E+04	2.691271E-17	2.649205E-18
1.870533E+04	2.689080E-17	2.661150E-18
1.874494E+04	2.683059E-17	2.669179E-18
1.878455E+04	2.673410E-17	2.673436E-18
1.882416E+04	2.660390E-17	2.674123E-18
1.886377E+04	2.644306E-17	2.671497E-18
1.890338E+04	2.625509E-17	2.665870E-18
1.894299E+04	2.604384E-17	2.657594E-18
1.898260E+04	2.581334E-17	2.647049E-18
1.902221E+04	2.556769E-17	2.634629E-18
1.906182E+04	2.531092E-17	2.620732E-18
1.910143E+04	2.504687E-17	2.605743E-18
1.914104E+04	2.477920E-17	2.590036E-18
1.918065E+04	2.451121E-17	2.573954E-18
1.922026E+04	2.424591E-17	2.557817E-18
1.925987E+04	2.398590E-17	2.541907E-18
1.929948E+04	2.373338E-17	2.526468E-18
1.933909E+04	2.349014E-17	2.511705E-18
1.937870E+04	2.325751E-17	2.497776E-18
1.941831E+04	2.303641E-17	2.484797E-18
1.945792E+04	2.282735E-17	2.472843E-18
1.949753E+04	2.263045E-17	2.461945E-18
1.953714E+04	2.244548E-17	2.452096E-18
1.957675E+04	2.227187E-17	2.443254E-18
1.961636E+04	2.210880E-17	2.435343E-18
1.965598E+04	2.195520E-17	2.428264E-18
1.969559E+04	2.180980E-17	2.421888E-18
1.973520E+04	2.167119E-17	2.416071E-18
1.977481E+04	2.153785E-17	2.410653E-18
1.981442E+04	2.140816E-17	2.405462E-18
1.985403E+04	2.128046E-17	2.400315E-18
1.989364E+04	2.115301E-17	2.395020E-18
1.993325E+04	2.102406E-17	2.389381E-18
1.997286E+04	2.089185E-17	2.383196E-18
2.001247E+04	2.075466E-17	2.376265E-18
2.005208E+04	2.061089E-17	2.368400E-18
2.009169E+04	2.045908E-17	2.359426E-18
2.013130E+04	2.029797E-17	2.349189E-18
2.017091E+04	2.012653E-17	2.337560E-18
2.021052E+04	1.994399E-17	2.324438E-18
2.025013E+04	1.974983E-17	2.309751E-18
2.028974E+04	1.954381E-17	2.293459E-18
2.032935E+04	1.932592E-17	2.275550E-18
2.036896E+04	1.909645E-17	2.256045E-18
2.040857E+04	1.885585E-17	2.234986E-18
2.044818E+04	1.860480E-17	2.212444E-18
2.048779E+04	1.834417E-17	2.188513E-18
2.052740E+04	1.807498E-17	2.163307E-18
2.056701E+04	1.779840E-17	2.136959E-18
2.060662E+04	1.751574E-17	2.109621E-18
2.064623E+04	1.722842E-17	2.081461E-18
2.068584E+04	1.693799E-17	2.052664E-18
2.072545E+04	1.664612E-17	2.023433E-18
2.076506E+04	1.635456E-17	1.993982E-18
2.080467E+04	1.606515E-17	1.964538E-18
2.084428E+04	1.577979E-17	1.935340E-18
2.088389E+04	1.550045E-17	1.906638E-18
2.092350E+04	1.522910E-17	1.878683E-18
2.096311E+04	1.496771E-17	1.851731E-18
2.100272E+04	1.471822E-17	1.826035E-18
2.104233E+04	1.448252E-17	1.801844E-18
2.108194E+04	1.426236E-17	1.779393E-18
2.112155E+04	1.405937E-17	1.758906E-18
2.116116E+04	1.387495E-17	1.740575E-18
2.120077E+04	1.371028E-17	1.724570E-18
2.124038E+04	1.356616E-17	1.711014E-18
2.127999E+04	1.344293E-17	1.699970E-18
2.131961E+04	1.334002E-17	1.691389E-18
2.135922E+04	1.325581E-17	1.685086E-18
2.139883E+04	1.318806E-17	1.680795E-18
2.143844E+04	1.313428E-17	1.678214E-18
2.147805E+04	1.309185E-17	1.677020E-18
2.151766E+04	1.305809E-17	1.676882E-18
2.155727E+04	1.303039E-17	1.677473E-18
2.159688E+04	1.300630E-17	1.678481E-18
2.163649E+04	1.298348E-17	1.679609E-18
2.167610E+04	1.295985E-17	1.680587E-18
2.171571E+04	1.293354E-17	1.681173E-18
2.175532E+04	1.290297E-17	1.681156E-18
2.179493E+04	1.286683E-17	1.680364E-18
2.183454E+04	1.282408E-17	1.678656E-18
2.187415E+04	1.277399E-17	1.675930E-18
2.191376E+04	1.271607E-17	1.672115E-18
2.195337E+04	1.265015E-17	1.667182E-18
2.199298E+04	1.257630E-17	1.661134E-18
2.203259E+04	1.249484E-17	1.654008E-18
2.207220E+04	1.240631E-17	1.645868E-18
2.211181E+04	1.231146E-17	1.636809E-18
2.215142E+04	1.221116E-17	1.626942E-18
2.219103E+04	1.210642E-17	1.616399E-18
2.223064E+04	1.199834E-17	1.605321E-18
2.227025E+04	1.188807E-17	1.593864E-18
2.230986E+04	1.177680E-17	1.582186E-18
2.234947E+04	1.166572E-17	1.570446E-18
2.238908E+04	1.155601E-17	1.558805E-18
2.242869E+04	1.144879E-17	1.547416E-18
2.246830E+04	1.134514E-17	1.536427E-18
2.250791E+04	1.124602E-17	1.525975E-18
2.254752E+04	1.115234E-17	1.516185E-18
2.258713E+04	1.106488E-17	1.507169E-18
2.262674E+04	1.098433E-17	1.499028E-18
2.266635E+04	1.091125E-17	1.491843E-18
2.270596E+04	1.084616E-17	1.485690E-18
2.274557E+04	1.078942E-17	1.480630E-18
2.278518E+04	1.074136E-17	1.476710E-18
2.282479E+04	1.070217E-17	1.473967E-18
2.286440E+04	1.067201E-17	1.472427E-18
2.290401E+04	1.065095E-17	1.472107E-18
2.294362E+04	1.063900E-17	1.473017E-18
2.298323E+04	1.063615E-17	1.475161E-18
2.302285E+04	1.064231E-17	1.478534E-18
2.306246E+04	1.065738E-17	1.483128E-18
2.310207E+04	1.068122E-17	1.488930E-18
2.314168E+04	1.071367E-17	1.495923E-18
2.318129E+04	1.075454E-17	1.504088E-18
2.322090E+04	1.080366E-17	1.513405E-18
2.326051E+04	1.086082E-17	1.523849E-18
2.330012E+04	1.092578E-17	1.535395E-18
2.333973E+04	1.099826E-17	1.548006E-18
2.337934E+04	1.107799E-17	1.561650E-18
2.341895E+04	1.116468E-17	1.576290E-18
2.345856E+04	1.125800E-17	1.591882E-18
2.349817E+04	1.135764E-17	1.608387E-18
2.353778E+04	1.146324E-17	1.625759E-18
2.357739E+04	1.157443E-17	1.643946E-18
2.361700E+04	1.169077E-17	1.662890E-18
2.365661E+04	1.181185E-17	1.682536E-18
2.369622E+04	1.193723E-17	1.702822E-18
2.373583E+04	1.206648E-17	1.723690E-18
2.377544E+04	1.219919E-17	1.745081E-18
2.381505E+04	1.233494E-17	1.766939E-18
2.385466E+04	1.247336E-17	1.789211E-18
2.389427E+04	1.261403E-17	1.811836E-18
2.393388E+04	1.275655E-17	1.834760E-18
2.397349E+04	1.290052E-17	1.857923E-18
2.401310E+04	1.304552E-17	1.881268E-18
2.405271E+04	1.319115E-17	1.904734E-18
2.409232E+04	1.333696E-17	1.928258E-18
2.413193E+04	1.348257E-17	1.951782E-18
2.417154E+04	1.362753E-17	1.975243E-18
2.421115E+04	1.377145E-17	1.998580E-18
2.425076E+04	1.391394E-17	2.021738E-18
