#wls	flux	fluxerr
3.257341E+03	8.753008E-18	1.436424E-18
3.296951E+03	8.346914E-18	1.366200E-18
3.336561E+03	7.979754E-18	1.302657E-18
3.376171E+03	7.648916E-18	1.245323E-18
3.415782E+03	7.352143E-18	1.193788E-18
3.455392E+03	7.087420E-18	1.147682E-18
3.495002E+03	6.852911E-18	1.106670E-18
3.534612E+03	6.646935E-18	1.070442E-18
3.574223E+03	6.467925E-18	1.038711E-18
3.613833E+03	6.314476E-18	1.011216E-18
3.653443E+03	6.185286E-18	9.877170E-19
3.693053E+03	6.079185E-18	9.679950E-19
3.732664E+03	5.995114E-18	9.518517E-19
3.772274E+03	5.932121E-18	9.391065E-19
3.811884E+03	5.889348E-18	9.295955E-19
3.851494E+03	5.866027E-18	9.231701E-19
3.891105E+03	5.861469E-18	9.196950E-19
3.930715E+03	5.875058E-18	9.190479E-19
3.970325E+03	5.906245E-18	9.211170E-19
4.009935E+03	5.954539E-18	9.258012E-19
4.049545E+03	6.019501E-18	9.330073E-19
4.089156E+03	6.100734E-18	9.426499E-19
4.128766E+03	6.197877E-18	9.546494E-19
4.168376E+03	6.310596E-18	9.689306E-19
4.207986E+03	6.438569E-18	9.854210E-19
4.247597E+03	6.581486E-18	1.004050E-18
4.287207E+03	6.739029E-18	1.024746E-18
4.326817E+03	6.910858E-18	1.047436E-18
4.366427E+03	7.096606E-18	1.072041E-18
4.406038E+03	7.295845E-18	1.098476E-18
4.445648E+03	7.508064E-18	1.126641E-18
4.485258E+03	7.732653E-18	1.156426E-18
4.524868E+03	7.968885E-18	1.187703E-18
4.564479E+03	8.215876E-18	1.220320E-18
4.604089E+03	8.472592E-18	1.254107E-18
4.643699E+03	8.737832E-18	1.288872E-18
4.683309E+03	9.010166E-18	1.324388E-18
4.722919E+03	9.288002E-18	1.360413E-18
4.762530E+03	9.569517E-18	1.396669E-18
4.802140E+03	9.852749E-18	1.432864E-18
4.841750E+03	1.013568E-17	1.468704E-18
4.881360E+03	1.041631E-17	1.503896E-18
4.920971E+03	1.069250E-17	1.538139E-18
4.960581E+03	1.096202E-17	1.571118E-18
5.000191E+03	1.122258E-17	1.602514E-18
5.039801E+03	1.147186E-17	1.632013E-18
5.079412E+03	1.170763E-17	1.659312E-18
5.119022E+03	1.192778E-17	1.684136E-18
5.158632E+03	1.213040E-17	1.706241E-18
5.198242E+03	1.231388E-17	1.725429E-18
5.237853E+03	1.247697E-17	1.741555E-18
5.277463E+03	1.261887E-17	1.754540E-18
5.317073E+03	1.273929E-17	1.764380E-18
5.356683E+03	1.283856E-17	1.771153E-18
5.396293E+03	1.291759E-17	1.775021E-18
5.435904E+03	1.297791E-17	1.776224E-18
5.475514E+03	1.302154E-17	1.775070E-18
5.515124E+03	1.305093E-17	1.771918E-18
5.554734E+03	1.306881E-17	1.767163E-18
5.594345E+03	1.307808E-17	1.761213E-18
5.633955E+03	1.308158E-17	1.754466E-18
5.673565E+03	1.308205E-17	1.747297E-18
5.713175E+03	1.308191E-17	1.740033E-18
5.752786E+03	1.308325E-17	1.732954E-18
5.792396E+03	1.308778E-17	1.726282E-18
5.832006E+03	1.309677E-17	1.720181E-18
5.871616E+03	1.311107E-17	1.714756E-18
5.911227E+03	1.313114E-17	1.710057E-18
5.950837E+03	1.315706E-17	1.706086E-18
5.990447E+03	1.318855E-17	1.702801E-18
6.030057E+03	1.322506E-17	1.700119E-18
6.069667E+03	1.326576E-17	1.697928E-18
6.109278E+03	1.330959E-17	1.696088E-18
6.148888E+03	1.335535E-17	1.694441E-18
6.188498E+03	1.340168E-17	1.692815E-18
6.228108E+03	1.344717E-17	1.691032E-18
6.267719E+03	1.349041E-17	1.688918E-18
6.307329E+03	1.353006E-17	1.686312E-18
6.346939E+03	1.356508E-17	1.683092E-18
6.386549E+03	1.359495E-17	1.679203E-18
6.426160E+03	1.362042E-17	1.674748E-18
6.465770E+03	1.364356E-17	1.669987E-18
6.505380E+03	1.366695E-17	1.665239E-18
6.544990E+03	1.369324E-17	1.660824E-18
6.584601E+03	1.372497E-17	1.657045E-18
6.624211E+03	1.376437E-17	1.654163E-18
6.663821E+03	1.381339E-17	1.652395E-18
6.703431E+03	1.387356E-17	1.651912E-18
6.743041E+03	1.394611E-17	1.652840E-18
6.782652E+03	1.403190E-17	1.655261E-18
6.822262E+03	1.413144E-17	1.659214E-18
6.861872E+03	1.424496E-17	1.664702E-18
6.901482E+03	1.437240E-17	1.671700E-18
6.941093E+03	1.451351E-17	1.680154E-18
6.980703E+03	1.466791E-17	1.690001E-18
7.020313E+03	1.483512E-17	1.701166E-18
7.059923E+03	1.501474E-17	1.713582E-18
7.099534E+03	1.520646E-17	1.727198E-18
7.139144E+03	1.541022E-17	1.741989E-18
7.178754E+03	1.562627E-17	1.757965E-18
7.218364E+03	1.585527E-17	1.775183E-18
7.257975E+03	1.609835E-17	1.793752E-18
7.297585E+03	1.635725E-17	1.813844E-18
7.337195E+03	1.663440E-17	1.835706E-18
7.376805E+03	1.693297E-17	1.859662E-18
7.416415E+03	1.725681E-17	1.886100E-18
7.456026E+03	1.761017E-17	1.915450E-18
7.495636E+03	1.799722E-17	1.948119E-18
7.535246E+03	1.842089E-17	1.984378E-18
7.574856E+03	1.888106E-17	2.024163E-18
7.614467E+03	1.937158E-17	2.066766E-18
7.654077E+03	1.987735E-17	2.110548E-18
7.693687E+03	2.037630E-17	2.153160E-18
7.733297E+03	2.084309E-17	2.191953E-18
7.772908E+03	2.125398E-17	2.224502E-18
7.812518E+03	2.159410E-17	2.249346E-18
7.852128E+03	2.185883E-17	2.266120E-18
7.891738E+03	2.205026E-17	2.275155E-18
7.931349E+03	2.217490E-17	2.277229E-18
7.970959E+03	2.224213E-17	2.273402E-18
8.010569E+03	2.226289E-17	2.264873E-18
8.050179E+03	2.224878E-17	2.252883E-18
8.089789E+03	2.221129E-17	2.238643E-18
8.129400E+03	2.216136E-17	2.223283E-18
8.169010E+03	2.210904E-17	2.207827E-18
8.208620E+03	2.206333E-17	2.193174E-18
8.248230E+03	2.203205E-17	2.180090E-18
8.287841E+03	2.202171E-17	2.169199E-18
8.327451E+03	2.203737E-17	2.160972E-18
8.367061E+03	2.208266E-17	2.155732E-18
8.406671E+03	2.215974E-17	2.153653E-18
8.446282E+03	2.226952E-17	2.154786E-18
8.485892E+03	2.241174E-17	2.159071E-18
8.525502E+03	2.258530E-17	2.166367E-18
8.565112E+03	2.278834E-17	2.176463E-18
8.604723E+03	2.301849E-17	2.189106E-18
8.644333E+03	2.327309E-17	2.204020E-18
8.683943E+03	2.354926E-17	2.220912E-18
8.723553E+03	2.384419E-17	2.239504E-18
8.763163E+03	2.415524E-17	2.259539E-18
8.802774E+03	2.448013E-17	2.280797E-18
8.842384E+03	2.481704E-17	2.303108E-18
8.881994E+03	2.516463E-17	2.326347E-18
8.921604E+03	2.552198E-17	2.350433E-18
8.961215E+03	2.588859E-17	2.375324E-18
9.000825E+03	2.626433E-17	2.401015E-18
9.040435E+03	2.664938E-17	2.427529E-18
9.080045E+03	2.704394E-17	2.454894E-18
9.119656E+03	2.745172E-17	2.483454E-18
9.159266E+03	2.786703E-17	2.512702E-18
9.198876E+03	2.829049E-17	2.542705E-18
9.238486E+03	2.871968E-17	2.573250E-18
9.278097E+03	2.915120E-17	2.604039E-18
9.317707E+03	2.958071E-17	2.634696E-18
9.357317E+03	3.000326E-17	2.664793E-18
9.396927E+03	3.041367E-17	2.693888E-18
9.436537E+03	3.080718E-17	2.721581E-18
9.476148E+03	3.118014E-17	2.747571E-18
9.515758E+03	3.153076E-17	2.771725E-18
9.555368E+03	3.185986E-17	2.794140E-18
9.594978E+03	3.217148E-17	2.815190E-18
9.634589E+03	3.247345E-17	2.835578E-18
9.674199E+03	3.277780E-17	2.856367E-18
9.713809E+03	3.310067E-17	2.878968E-18
9.753419E+03	3.346155E-17	2.905071E-18
9.793030E+03	3.388125E-17	2.936474E-18
9.832640E+03	3.437781E-17	2.974725E-18
9.872250E+03	3.495914E-17	3.020485E-18
9.911857E+03	3.562483E-17	3.073693E-18
9.951468E+03	3.637111E-17	3.133998E-18
9.991078E+03	3.719261E-17	3.200917E-18
1.003069E+04	3.808299E-17	3.273890E-18
1.007030E+04	3.903452E-17	3.352240E-18
1.010991E+04	4.003712E-17	3.435095E-18
1.014952E+04	4.107714E-17	3.521282E-18
1.018913E+04	4.213670E-17	3.609268E-18
1.022874E+04	4.319397E-17	3.697190E-18
1.026835E+04	4.422513E-17	3.783016E-18
1.030796E+04	4.520759E-17	3.864828E-18
1.034757E+04	4.612371E-17	3.941127E-18
1.038718E+04	4.696304E-17	4.011034E-18
1.042679E+04	4.772176E-17	4.074232E-18
1.046640E+04	4.840030E-17	4.130764E-18
1.050601E+04	4.900057E-17	4.180802E-18
1.054562E+04	4.952424E-17	4.224489E-18
1.058523E+04	4.997207E-17	4.261893E-18
1.062484E+04	5.034412E-17	4.293016E-18
1.066445E+04	5.064025E-17	4.317848E-18
1.070406E+04	5.086059E-17	4.336394E-18
1.074367E+04	5.100576E-17	4.348705E-18
1.078328E+04	5.107698E-17	4.354880E-18
1.082289E+04	5.107609E-17	4.355069E-18
1.086250E+04	5.100555E-17	4.349478E-18
1.090211E+04	5.086843E-17	4.338359E-18
1.094172E+04	5.066834E-17	4.322015E-18
1.098133E+04	5.040952E-17	4.300800E-18
1.102094E+04	5.009674E-17	4.275114E-18
1.106055E+04	4.973534E-17	4.245405E-18
1.110016E+04	4.933114E-17	4.212164E-18
1.113977E+04	4.889038E-17	4.175918E-18
1.117938E+04	4.841972E-17	4.137228E-18
1.121900E+04	4.792603E-17	4.096678E-18
1.125861E+04	4.741639E-17	4.054868E-18
1.129822E+04	4.689789E-17	4.012403E-18
1.133783E+04	4.637760E-17	3.969885E-18
1.137744E+04	4.586237E-17	3.927898E-18
1.141705E+04	4.535870E-17	3.887002E-18
1.145666E+04	4.487267E-17	3.847721E-18
1.149627E+04	4.440982E-17	3.810531E-18
1.153588E+04	4.397502E-17	3.775857E-18
1.157549E+04	4.357240E-17	3.744062E-18
1.161510E+04	4.320524E-17	3.715436E-18
1.165471E+04	4.287594E-17	3.690195E-18
1.169432E+04	4.258584E-17	3.668467E-18
1.173393E+04	4.233519E-17	3.650288E-18
1.177354E+04	4.212307E-17	3.635593E-18
1.181315E+04	4.194725E-17	3.624204E-18
1.185276E+04	4.180421E-17	3.615835E-18
1.189237E+04	4.168900E-17	3.610073E-18
1.193198E+04	4.159529E-17	3.606386E-18
1.197159E+04	4.151539E-17	3.604122E-18
1.201120E+04	4.144032E-17	3.602513E-18
1.205081E+04	4.136008E-17	3.600701E-18
1.209042E+04	4.126386E-17	3.597750E-18
1.213003E+04	4.114056E-17	3.592694E-18
1.216964E+04	4.097922E-17	3.584571E-18
1.220925E+04	4.076966E-17	3.572479E-18
1.224886E+04	4.050306E-17	3.555629E-18
1.228847E+04	4.017267E-17	3.533397E-18
1.232808E+04	3.977451E-17	3.505379E-18
1.236769E+04	3.930853E-17	3.471512E-18
1.240730E+04	3.878016E-17	3.432215E-18
1.244691E+04	3.819923E-17	3.388300E-18
1.248652E+04	3.757783E-17	3.340786E-18
1.252613E+04	3.692920E-17	3.290804E-18
1.256574E+04	3.626689E-17	3.239523E-18
1.260535E+04	3.560421E-17	3.188103E-18
1.264496E+04	3.495367E-17	3.137646E-18
1.268457E+04	3.432676E-17	3.089171E-18
1.272418E+04	3.373370E-17	3.043600E-18
1.276379E+04	3.318329E-17	3.001734E-18
1.280340E+04	3.268295E-17	2.964259E-18
1.284301E+04	3.223862E-17	2.931737E-18
1.288262E+04	3.185488E-17	2.904611E-18
1.292224E+04	3.153499E-17	2.883213E-18
1.296185E+04	3.128096E-17	2.867763E-18
1.300146E+04	3.109371E-17	2.858384E-18
1.304107E+04	3.097303E-17	2.855098E-18
1.308068E+04	3.091778E-17	2.857841E-18
1.312029E+04	3.092586E-17	2.866462E-18
1.315990E+04	3.099429E-17	2.880726E-18
1.319951E+04	3.111929E-17	2.900317E-18
1.323912E+04	3.129630E-17	2.924850E-18
1.327873E+04	3.152004E-17	2.953861E-18
1.331834E+04	3.178455E-17	2.986822E-18
1.335795E+04	3.208332E-17	3.023145E-18
1.339756E+04	3.240933E-17	3.062188E-18
1.343717E+04	3.275522E-17	3.103270E-18
1.347678E+04	3.311338E-17	3.145677E-18
1.351639E+04	3.347616E-17	3.188685E-18
1.355600E+04	3.383598E-17	3.231570E-18
1.359561E+04	3.418556E-17	3.273627E-18
1.363522E+04	3.451802E-17	3.314183E-18
1.367483E+04	3.482705E-17	3.352614E-18
1.371444E+04	3.510701E-17	3.388355E-18
1.375405E+04	3.535312E-17	3.420917E-18
1.379366E+04	3.556144E-17	3.449891E-18
1.383327E+04	3.572901E-17	3.474958E-18
1.387288E+04	3.585389E-17	3.495896E-18
1.391249E+04	3.593515E-17	3.512583E-18
1.395210E+04	3.597291E-17	3.524996E-18
1.399171E+04	3.596828E-17	3.533213E-18
1.403132E+04	3.592323E-17	3.537400E-18
1.407093E+04	3.584062E-17	3.537807E-18
1.411054E+04	3.572398E-17	3.534761E-18
1.415015E+04	3.557747E-17	3.528650E-18
1.418976E+04	3.540577E-17	3.519922E-18
1.422937E+04	3.521391E-17	3.509063E-18
1.426898E+04	3.500725E-17	3.496598E-18
1.430859E+04	3.479128E-17	3.483067E-18
1.434820E+04	3.457159E-17	3.469031E-18
1.438781E+04	3.435367E-17	3.455043E-18
1.442742E+04	3.414290E-17	3.441650E-18
1.446703E+04	3.394437E-17	3.429376E-18
1.450664E+04	3.376284E-17	3.418716E-18
1.454625E+04	3.360264E-17	3.410125E-18
1.458587E+04	3.346759E-17	3.404014E-18
1.462548E+04	3.336101E-17	3.400740E-18
1.466509E+04	3.328561E-17	3.400607E-18
1.470470E+04	3.324348E-17	3.403856E-18
1.474431E+04	3.323614E-17	3.410669E-18
1.478392E+04	3.326445E-17	3.421168E-18
1.482353E+04	3.332870E-17	3.435411E-18
1.486314E+04	3.342852E-17	3.453393E-18
1.490275E+04	3.356305E-17	3.475057E-18
1.494236E+04	3.373086E-17	3.500285E-18
1.498197E+04	3.393000E-17	3.528908E-18
1.502158E+04	3.415809E-17	3.560708E-18
1.506119E+04	3.441232E-17	3.595421E-18
1.510080E+04	3.468948E-17	3.632740E-18
1.514041E+04	3.498601E-17	3.672319E-18
1.518002E+04	3.529800E-17	3.713774E-18
1.521963E+04	3.562124E-17	3.756682E-18
1.525924E+04	3.595122E-17	3.800588E-18
1.529885E+04	3.628315E-17	3.845004E-18
1.533846E+04	3.661201E-17	3.889411E-18
1.537807E+04	3.693251E-17	3.933260E-18
1.541768E+04	3.723918E-17	3.975974E-18
1.545729E+04	3.752639E-17	4.016953E-18
1.549690E+04	3.778835E-17	4.055577E-18
1.553651E+04	3.801928E-17	4.091218E-18
1.557612E+04	3.821342E-17	4.123243E-18
1.561573E+04	3.836521E-17	4.151032E-18
1.565534E+04	3.846933E-17	4.173988E-18
1.569495E+04	3.852096E-17	4.191555E-18
1.573456E+04	3.851579E-17	4.203226E-18
1.577417E+04	3.845027E-17	4.208571E-18
1.581378E+04	3.832176E-17	4.207252E-18
1.585339E+04	3.812863E-17	4.199036E-18
1.589300E+04	3.787052E-17	4.183824E-18
1.593261E+04	3.754842E-17	4.161661E-18
1.597222E+04	3.716476E-17	4.132755E-18
1.601183E+04	3.672347E-17	4.097464E-18
1.605144E+04	3.622985E-17	4.056295E-18
1.609105E+04	3.569026E-17	4.009883E-18
1.613066E+04	3.511159E-17	3.958926E-18
1.617027E+04	3.450078E-17	3.904141E-18
1.620988E+04	3.386483E-17	3.846260E-18
1.624949E+04	3.321068E-17	3.786019E-18
1.628911E+04	3.254509E-17	3.724147E-18
1.632872E+04	3.187442E-17	3.661335E-18
1.636833E+04	3.120450E-17	3.598230E-18
1.640794E+04	3.054057E-17	3.535416E-18
1.644755E+04	2.988716E-17	3.473409E-18
1.648716E+04	2.924809E-17	3.412649E-18
1.652677E+04	2.862645E-17	3.353499E-18
1.656638E+04	2.802467E-17	3.296252E-18
1.660599E+04	2.744451E-17	3.241129E-18
1.664560E+04	2.688721E-17	3.188293E-18
1.668521E+04	2.635357E-17	3.137857E-18
1.672482E+04	2.584399E-17	3.089889E-18
1.676443E+04	2.535860E-17	3.044428E-18
1.680404E+04	2.489730E-17	3.001487E-18
1.684365E+04	2.445989E-17	2.961068E-18
1.688326E+04	2.404611E-17	2.923164E-18
1.692287E+04	2.365569E-17	2.887768E-18
1.696248E+04	2.328841E-17	2.854881E-18
1.700209E+04	2.294414E-17	2.824514E-18
1.704170E+04	2.262286E-17	2.796693E-18
1.708131E+04	2.232468E-17	2.771460E-18
1.712092E+04	2.204985E-17	2.748877E-18
1.716053E+04	2.179874E-17	2.729019E-18
1.720014E+04	2.157189E-17	2.711988E-18
1.723975E+04	2.136993E-17	2.697894E-18
1.727936E+04	2.119365E-17	2.686874E-18
1.731897E+04	2.104394E-17	2.679078E-18
1.735858E+04	2.092176E-17	2.674666E-18
1.739819E+04	2.082820E-17	2.673817E-18
1.743780E+04	2.076436E-17	2.676717E-18
1.747741E+04	2.073137E-17	2.683555E-18
1.751702E+04	2.073036E-17	2.694525E-18
1.755663E+04	2.076234E-17	2.709808E-18
1.759624E+04	2.082827E-17	2.729578E-18
1.763585E+04	2.092887E-17	2.753982E-18
1.767546E+04	2.106465E-17	2.783142E-18
1.771507E+04	2.123581E-17	2.817136E-18
1.775468E+04	2.144214E-17	2.855991E-18
1.779429E+04	2.168300E-17	2.899677E-18
1.783390E+04	2.195722E-17	2.948087E-18
1.787351E+04	2.226307E-17	3.001038E-18
1.791312E+04	2.259815E-17	3.058255E-18
1.795274E+04	2.295940E-17	3.119364E-18
1.799235E+04	2.334309E-17	3.183894E-18
1.803196E+04	2.374482E-17	3.251278E-18
1.807157E+04	2.415955E-17	3.320846E-18
1.811118E+04	2.458170E-17	3.391845E-18
1.815079E+04	2.500528E-17	3.463453E-18
1.819040E+04	2.542397E-17	3.534790E-18
1.823001E+04	2.583136E-17	3.604952E-18
1.826962E+04	2.622110E-17	3.673025E-18
1.830923E+04	2.658707E-17	3.738118E-18
1.834884E+04	2.692357E-17	3.799385E-18
1.838845E+04	2.722548E-17	3.856054E-18
1.842806E+04	2.748835E-17	3.907432E-18
1.846767E+04	2.770854E-17	3.952938E-18
1.850728E+04	2.788328E-17	3.992108E-18
1.854689E+04	2.801076E-17	4.024607E-18
1.858650E+04	2.809013E-17	4.050240E-18
1.862611E+04	2.812146E-17	4.068941E-18
1.866572E+04	2.810572E-17	4.080778E-18
1.870533E+04	2.804468E-17	4.085935E-18
1.874494E+04	2.794077E-17	4.084701E-18
1.878455E+04	2.779703E-17	4.077455E-18
1.882416E+04	2.761697E-17	4.064656E-18
1.886377E+04	2.740449E-17	4.046826E-18
1.890338E+04	2.716382E-17	4.024545E-18
1.894299E+04	2.689934E-17	3.998423E-18
1.898260E+04	2.661555E-17	3.969098E-18
1.902221E+04	2.631693E-17	3.937214E-18
1.906182E+04	2.600787E-17	3.903410E-18
1.910143E+04	2.569258E-17	3.868307E-18
1.914104E+04	2.537502E-17	3.832496E-18
1.918065E+04	2.505884E-17	3.796528E-18
1.922026E+04	2.474727E-17	3.760901E-18
1.925987E+04	2.444320E-17	3.726059E-18
1.929948E+04	2.414903E-17	3.692386E-18
1.933909E+04	2.386672E-17	3.660196E-18
1.937870E+04	2.359777E-17	3.629739E-18
1.941831E+04	2.334324E-17	3.601201E-18
1.945792E+04	2.310380E-17	3.574704E-18
1.949753E+04	2.287971E-17	3.550311E-18
1.953714E+04	2.267088E-17	3.528033E-18
1.957675E+04	2.247689E-17	3.507825E-18
1.961636E+04	2.229703E-17	3.489597E-18
1.965598E+04	2.213034E-17	3.473219E-18
1.969559E+04	2.197560E-17	3.458517E-18
1.973520E+04	2.183144E-17	3.445294E-18
1.977481E+04	2.169630E-17	3.433316E-18
1.981442E+04	2.156848E-17	3.422328E-18
1.985403E+04	2.144623E-17	3.412061E-18
1.989364E+04	2.132771E-17	3.402231E-18
1.993325E+04	2.121106E-17	3.392545E-18
1.997286E+04	2.109444E-17	3.382712E-18
2.001247E+04	2.097603E-17	3.372443E-18
2.005208E+04	2.085417E-17	3.361466E-18
2.009169E+04	2.072725E-17	3.349521E-18
2.013130E+04	2.059389E-17	3.336376E-18
2.017091E+04	2.045285E-17	3.321827E-18
2.021052E+04	2.030312E-17	3.305701E-18
2.025013E+04	2.014392E-17	3.287860E-18
2.028974E+04	1.997469E-17	3.268202E-18
2.032935E+04	1.979509E-17	3.246665E-18
2.036896E+04	1.960504E-17	3.223221E-18
2.040857E+04	1.940463E-17	3.197876E-18
2.044818E+04	1.919416E-17	3.170670E-18
2.048779E+04	1.897413E-17	3.141676E-18
2.052740E+04	1.874520E-17	3.110995E-18
2.056701E+04	1.850819E-17	3.078752E-18
2.060662E+04	1.826405E-17	3.045101E-18
2.064623E+04	1.801385E-17	3.010216E-18
2.068584E+04	1.775883E-17	2.974295E-18
2.072545E+04	1.750026E-17	2.937554E-18
2.076506E+04	1.723959E-17	2.900230E-18
2.080467E+04	1.697828E-17	2.862573E-18
2.084428E+04	1.671794E-17	2.824854E-18
2.088389E+04	1.646019E-17	2.787349E-18
2.092350E+04	1.620670E-17	2.750351E-18
2.096311E+04	1.595916E-17	2.714150E-18
2.100272E+04	1.571925E-17	2.679043E-18
2.104233E+04	1.548860E-17	2.645317E-18
2.108194E+04	1.526882E-17	2.613260E-18
2.112155E+04	1.506136E-17	2.583134E-18
2.116116E+04	1.486758E-17	2.555183E-18
2.120077E+04	1.468861E-17	2.529622E-18
2.124038E+04	1.452532E-17	2.506616E-18
2.127999E+04	1.437814E-17	2.486254E-18
2.131961E+04	1.424663E-17	2.468480E-18
2.135922E+04	1.412930E-17	2.453051E-18
2.139883E+04	1.402419E-17	2.439640E-18
2.143844E+04	1.392909E-17	2.427877E-18
2.147805E+04	1.384178E-17	2.417385E-18
2.151766E+04	1.376011E-17	2.407793E-18
2.155727E+04	1.368202E-17	2.398749E-18
2.159688E+04	1.360565E-17	2.389929E-18
2.163649E+04	1.352933E-17	2.381040E-18
2.167610E+04	1.345160E-17	2.371827E-18
2.171571E+04	1.337124E-17	2.362071E-18
2.175532E+04	1.328724E-17	2.351594E-18
2.179493E+04	1.319885E-17	2.340256E-18
2.183454E+04	1.310552E-17	2.327959E-18
2.187415E+04	1.300695E-17	2.314643E-18
2.191376E+04	1.290303E-17	2.300283E-18
2.195337E+04	1.279387E-17	2.284895E-18
2.199298E+04	1.267973E-17	2.268523E-18
2.203259E+04	1.256107E-17	2.251243E-18
2.207220E+04	1.243847E-17	2.233155E-18
2.211181E+04	1.231262E-17	2.214382E-18
2.215142E+04	1.218432E-17	2.195064E-18
2.219103E+04	1.205442E-17	2.175354E-18
2.223064E+04	1.192379E-17	2.155407E-18
2.227025E+04	1.179331E-17	2.135386E-18
2.230986E+04	1.166390E-17	2.115454E-18
2.234947E+04	1.153638E-17	2.095764E-18
2.238908E+04	1.141156E-17	2.076467E-18
2.242869E+04	1.129021E-17	2.057704E-18
2.246830E+04	1.117300E-17	2.039602E-18
2.250791E+04	1.106054E-17	2.022278E-18
2.254752E+04	1.095339E-17	2.005838E-18
2.258713E+04	1.085202E-17	1.990374E-18
2.262674E+04	1.075685E-17	1.975967E-18
2.266635E+04	1.066822E-17	1.962688E-18
2.270596E+04	1.058643E-17	1.950598E-18
2.274557E+04	1.051174E-17	1.939749E-18
2.278518E+04	1.044435E-17	1.930186E-18
2.282479E+04	1.038441E-17	1.921943E-18
2.286440E+04	1.033205E-17	1.915052E-18
2.290401E+04	1.028738E-17	1.909537E-18
2.294362E+04	1.025047E-17	1.905418E-18
2.298323E+04	1.022134E-17	1.902707E-18
2.302285E+04	1.020001E-17	1.901413E-18
2.306246E+04	1.018648E-17	1.901545E-18
2.310207E+04	1.018073E-17	1.903100E-18
2.314168E+04	1.018273E-17	1.906081E-18
2.318129E+04	1.019239E-17	1.910480E-18
2.322090E+04	1.020969E-17	1.916294E-18
2.326051E+04	1.023453E-17	1.923513E-18
2.330012E+04	1.026683E-17	1.932129E-18
2.333973E+04	1.030651E-17	1.942128E-18
2.337934E+04	1.035345E-17	1.953496E-18
2.341895E+04	1.040755E-17	1.966217E-18
2.345856E+04	1.046870E-17	1.980275E-18
2.349817E+04	1.053675E-17	1.995649E-18
2.353778E+04	1.061156E-17	2.012315E-18
2.357739E+04	1.069296E-17	2.030247E-18
2.361700E+04	1.078078E-17	2.049414E-18
2.365661E+04	1.087482E-17	2.069782E-18
2.369622E+04	1.097484E-17	2.091312E-18
2.373583E+04	1.108064E-17	2.113968E-18
2.377544E+04	1.119196E-17	2.137703E-18
2.381505E+04	1.130858E-17	2.162477E-18
2.385466E+04	1.143022E-17	2.188242E-18
2.389427E+04	1.155663E-17	2.214949E-18
2.393388E+04	1.168752E-17	2.242550E-18
2.397349E+04	1.182258E-17	2.270983E-18
2.401310E+04	1.196150E-17	2.300194E-18
2.405271E+04	1.210395E-17	2.330118E-18
2.409232E+04	1.224957E-17	2.360688E-18
2.413193E+04	1.239798E-17	2.391833E-18
2.417154E+04	1.254879E-17	2.423478E-18
2.421115E+04	1.270158E-17	2.455542E-18
2.425076E+04	1.285595E-17	2.487950E-18
