#wls	flux	fluxerr
1.584409E+03	1.500566E-18	0.000000E+00
1.624020E+03	1.542282E-18	0.000000E+00
1.663630E+03	1.582510E-18	0.000000E+00
1.703240E+03	1.621250E-18	0.000000E+00
1.742850E+03	1.657795E-18	0.000000E+00
1.782461E+03	1.691740E-18	0.000000E+00
1.822071E+03	1.721213E-18	0.000000E+00
1.861681E+03	1.744729E-18	0.000000E+00
1.901291E+03	1.760216E-18	0.000000E+00
1.940902E+03	1.765462E-18	0.000000E+00
1.980512E+03	1.759937E-18	0.000000E+00
2.020122E+03	1.745472E-18	0.000000E+00
2.059732E+03	1.728676E-18	0.000000E+00
2.099342E+03	1.721507E-18	0.000000E+00
2.138953E+03	1.738079E-18	0.000000E+00
2.178563E+03	1.788321E-18	0.000000E+00
2.218173E+03	1.873104E-18	0.000000E+00
2.257783E+03	1.985108E-18	0.000000E+00
2.297394E+03	2.113850E-18	0.000000E+00
2.337004E+03	2.250737E-18	0.000000E+00
2.376614E+03	2.389786E-18	0.000000E+00
2.416224E+03	2.528031E-18	0.000000E+00
2.455835E+03	2.664085E-18	0.000000E+00
2.495445E+03	2.798066E-18	0.000000E+00
2.535055E+03	2.930353E-18	0.000000E+00
2.574665E+03	3.061796E-18	0.000000E+00
2.614276E+03	3.192914E-18	0.000000E+00
2.653886E+03	3.324160E-18	0.000000E+00
2.693496E+03	3.455891E-18	0.000000E+00
2.733106E+03	3.588022E-18	0.000000E+00
2.772716E+03	3.720396E-18	0.000000E+00
2.812327E+03	3.852698E-18	0.000000E+00
2.851937E+03	3.984810E-18	0.000000E+00
2.891547E+03	4.117017E-18	0.000000E+00
2.931157E+03	4.249980E-18	0.000000E+00
2.970768E+03	4.384901E-18	0.000000E+00
2.980670E+03	4.419101E-18	0.000000E+00
2.990573E+03	4.453452E-18	0.000000E+00
3.000475E+03	4.488145E-18	0.000000E+00
3.010378E+03	4.522968E-18	0.000000E+00
3.020280E+03	4.558112E-18	0.000000E+00
3.030183E+03	4.593565E-18	0.000000E+00
3.040086E+03	4.629467E-18	0.000000E+00
3.049988E+03	4.665802E-18	0.000000E+00
3.059891E+03	4.703043E-18	0.000000E+00
3.069793E+03	4.740926E-18	0.000000E+00
3.079696E+03	4.779579E-18	0.000000E+00
3.089598E+03	4.818940E-18	0.000000E+00
3.099501E+03	4.858857E-18	0.000000E+00
3.109403E+03	4.899466E-18	0.000000E+00
3.119306E+03	4.940622E-18	0.000000E+00
3.129209E+03	4.982371E-18	0.000000E+00
3.139111E+03	5.024670E-18	0.000000E+00
3.149014E+03	5.067476E-18	0.000000E+00
3.158916E+03	5.110844E-18	0.000000E+00
3.168819E+03	5.154734E-18	0.000000E+00
3.178721E+03	5.199025E-18	0.000000E+00
3.188624E+03	5.243863E-18	0.000000E+00
3.198526E+03	5.289130E-18	0.000000E+00
3.208429E+03	5.334886E-18	0.000000E+00
3.218332E+03	5.381105E-18	0.000000E+00
3.228234E+03	5.427675E-18	0.000000E+00
3.238137E+03	5.474748E-18	0.000000E+00
3.248039E+03	5.522132E-18	0.000000E+00
3.257942E+03	5.569978E-18	0.000000E+00
3.267844E+03	5.618269E-18	0.000000E+00
3.277747E+03	5.666818E-18	0.000000E+00
3.287650E+03	5.715782E-18	0.000000E+00
3.297552E+03	5.765145E-18	0.000000E+00
3.307455E+03	5.814812E-18	0.000000E+00
3.317357E+03	5.864775E-18	0.000000E+00
3.327260E+03	5.915023E-18	0.000000E+00
3.337162E+03	5.965551E-18	0.000000E+00
3.347065E+03	6.016352E-18	0.000000E+00
3.356967E+03	6.067421E-18	0.000000E+00
3.366870E+03	6.118674E-18	0.000000E+00
3.376773E+03	6.170032E-18	0.000000E+00
3.386675E+03	6.221655E-18	0.000000E+00
3.396578E+03	6.273299E-18	0.000000E+00
3.406480E+03	6.325059E-18	0.000000E+00
3.416383E+03	6.376849E-18	0.000000E+00
3.426285E+03	6.428687E-18	0.000000E+00
3.436188E+03	6.480413E-18	0.000000E+00
3.446090E+03	6.531976E-18	0.000000E+00
3.455993E+03	6.583383E-18	0.000000E+00
3.465896E+03	6.634497E-18	0.000000E+00
3.475798E+03	6.685331E-18	0.000000E+00
3.485701E+03	6.735614E-18	0.000000E+00
3.495603E+03	6.785363E-18	0.000000E+00
3.505506E+03	6.834386E-18	0.000000E+00
3.515408E+03	6.882560E-18	0.000000E+00
3.525311E+03	6.929778E-18	0.000000E+00
3.535213E+03	6.975786E-18	0.000000E+00
3.545116E+03	7.020619E-18	0.000000E+00
3.555019E+03	7.064102E-18	0.000000E+00
3.564921E+03	7.106066E-18	0.000000E+00
3.574824E+03	7.146563E-18	0.000000E+00
3.584726E+03	7.185357E-18	0.000000E+00
3.594629E+03	7.222349E-18	0.000000E+00
3.604531E+03	7.257470E-18	0.000000E+00
3.614434E+03	7.290621E-18	0.000000E+00
3.624337E+03	7.321725E-18	0.000000E+00
3.634239E+03	7.350708E-18	0.000000E+00
3.644142E+03	7.377547E-18	0.000000E+00
3.654044E+03	7.402242E-18	0.000000E+00
3.663947E+03	7.424714E-18	0.000000E+00
3.673849E+03	7.445143E-18	0.000000E+00
3.683752E+03	7.463400E-18	0.000000E+00
3.693654E+03	7.479589E-18	0.000000E+00
3.703557E+03	7.493704E-18	0.000000E+00
3.713460E+03	7.505795E-18	0.000000E+00
3.723362E+03	7.516042E-18	0.000000E+00
3.733265E+03	7.524301E-18	0.000000E+00
3.743167E+03	7.530740E-18	0.000000E+00
3.753070E+03	7.535464E-18	0.000000E+00
3.762972E+03	7.538402E-18	0.000000E+00
3.772875E+03	7.539710E-18	0.000000E+00
3.782777E+03	7.539486E-18	0.000000E+00
3.792680E+03	7.537710E-18	0.000000E+00
3.802583E+03	7.534418E-18	0.000000E+00
3.812485E+03	7.529827E-18	0.000000E+00
3.822388E+03	7.523842E-18	0.000000E+00
3.832290E+03	7.516617E-18	0.000000E+00
3.842193E+03	7.508175E-18	0.000000E+00
3.852095E+03	7.498601E-18	0.000000E+00
3.861998E+03	7.487983E-18	0.000000E+00
3.871900E+03	7.476285E-18	0.000000E+00
3.881803E+03	7.463587E-18	0.000000E+00
3.891706E+03	7.450019E-18	0.000000E+00
3.901608E+03	7.435611E-18	0.000000E+00
3.911511E+03	7.420365E-18	0.000000E+00
3.921413E+03	7.404361E-18	0.000000E+00
3.931316E+03	7.387610E-18	0.000000E+00
3.941218E+03	7.370190E-18	0.000000E+00
3.951121E+03	7.352156E-18	0.000000E+00
3.961024E+03	7.333582E-18	0.000000E+00
3.970926E+03	7.314420E-18	0.000000E+00
3.980829E+03	7.294738E-18	0.000000E+00
3.990731E+03	7.274589E-18	0.000000E+00
4.000634E+03	7.254035E-18	0.000000E+00
4.010536E+03	7.233093E-18	0.000000E+00
4.020439E+03	7.211752E-18	0.000000E+00
4.030341E+03	7.190075E-18	0.000000E+00
4.040244E+03	7.168065E-18	0.000000E+00
4.050147E+03	7.145777E-18	0.000000E+00
4.060049E+03	7.123208E-18	0.000000E+00
4.069952E+03	7.100420E-18	0.000000E+00
4.079854E+03	7.077411E-18	0.000000E+00
4.089757E+03	7.054170E-18	0.000000E+00
4.099659E+03	7.030755E-18	0.000000E+00
4.109562E+03	7.007161E-18	0.000000E+00
4.119464E+03	6.983445E-18	0.000000E+00
4.129367E+03	6.959541E-18	0.000000E+00
4.139270E+03	6.935502E-18	0.000000E+00
4.149172E+03	6.911276E-18	0.000000E+00
4.159075E+03	6.886951E-18	0.000000E+00
4.168977E+03	6.862478E-18	0.000000E+00
4.178880E+03	6.837909E-18	0.000000E+00
4.188782E+03	6.813122E-18	0.000000E+00
4.198685E+03	6.788220E-18	0.000000E+00
4.208587E+03	6.763091E-18	0.000000E+00
4.218490E+03	6.737841E-18	0.000000E+00
4.228393E+03	6.712352E-18	0.000000E+00
4.238295E+03	6.686562E-18	0.000000E+00
4.248198E+03	6.660579E-18	0.000000E+00
4.258100E+03	6.634232E-18	0.000000E+00
4.268003E+03	6.607628E-18	0.000000E+00
4.277905E+03	6.580594E-18	0.000000E+00
4.287808E+03	6.553234E-18	0.000000E+00
4.297711E+03	6.525489E-18	0.000000E+00
4.307613E+03	6.497299E-18	0.000000E+00
4.317516E+03	6.468711E-18	0.000000E+00
4.327418E+03	6.439718E-18	0.000000E+00
4.337321E+03	6.410415E-18	0.000000E+00
4.347223E+03	6.380745E-18	0.000000E+00
4.357126E+03	6.350852E-18	0.000000E+00
4.367028E+03	6.320781E-18	0.000000E+00
4.376931E+03	6.290573E-18	0.000000E+00
4.386834E+03	6.260272E-18	0.000000E+00
4.396736E+03	6.229971E-18	0.000000E+00
4.406639E+03	6.199661E-18	0.000000E+00
4.416541E+03	6.169433E-18	0.000000E+00
4.426444E+03	6.139332E-18	0.000000E+00
4.436346E+03	6.109397E-18	0.000000E+00
4.446249E+03	6.079619E-18	0.000000E+00
4.456151E+03	6.050041E-18	0.000000E+00
4.466054E+03	6.020652E-18	0.000000E+00
4.475957E+03	5.991547E-18	0.000000E+00
4.485859E+03	5.962664E-18	0.000000E+00
4.495762E+03	5.934046E-18	0.000000E+00
4.505664E+03	5.905735E-18	0.000000E+00
4.515567E+03	5.877672E-18	0.000000E+00
4.525469E+03	5.849950E-18	0.000000E+00
4.535372E+03	5.822510E-18	0.000000E+00
4.545274E+03	5.795396E-18	0.000000E+00
4.555177E+03	5.768549E-18	0.000000E+00
4.565080E+03	5.742062E-18	0.000000E+00
4.574982E+03	5.715928E-18	0.000000E+00
4.584885E+03	5.690091E-18	0.000000E+00
4.594787E+03	5.664593E-18	0.000000E+00
4.604690E+03	5.639478E-18	0.000000E+00
4.614592E+03	5.614740E-18	0.000000E+00
4.624495E+03	5.590323E-18	0.000000E+00
4.634398E+03	5.566369E-18	0.000000E+00
4.644300E+03	5.542923E-18	0.000000E+00
4.654203E+03	5.519929E-18	0.000000E+00
4.664105E+03	5.497432E-18	0.000000E+00
4.674008E+03	5.475475E-18	0.000000E+00
4.683910E+03	5.453955E-18	0.000000E+00
4.693813E+03	5.432918E-18	0.000000E+00
4.703715E+03	5.412309E-18	0.000000E+00
4.713618E+03	5.392174E-18	0.000000E+00
4.723521E+03	5.372510E-18	0.000000E+00
4.733423E+03	5.353263E-18	0.000000E+00
4.743326E+03	5.334479E-18	0.000000E+00
4.753228E+03	5.316108E-18	0.000000E+00
4.763131E+03	5.298195E-18	0.000000E+00
4.773033E+03	5.280688E-18	0.000000E+00
4.782936E+03	5.263586E-18	0.000000E+00
4.792838E+03	5.246888E-18	0.000000E+00
4.802741E+03	5.230639E-18	0.000000E+00
4.812644E+03	5.214790E-18	0.000000E+00
4.822546E+03	5.199340E-18	0.000000E+00
4.832449E+03	5.184240E-18	0.000000E+00
4.842351E+03	5.169588E-18	0.000000E+00
4.852254E+03	5.155331E-18	0.000000E+00
4.862156E+03	5.141472E-18	0.000000E+00
4.872059E+03	5.127963E-18	0.000000E+00
4.881961E+03	5.114852E-18	0.000000E+00
4.891864E+03	5.102091E-18	0.000000E+00
4.901767E+03	5.089683E-18	0.000000E+00
4.911669E+03	5.077676E-18	0.000000E+00
4.921572E+03	5.066023E-18	0.000000E+00
4.931474E+03	5.054726E-18	0.000000E+00
4.941377E+03	5.043741E-18	0.000000E+00
4.951279E+03	5.033115E-18	0.000000E+00
4.961182E+03	5.022854E-18	0.000000E+00
4.971085E+03	5.012910E-18	0.000000E+00
4.980987E+03	5.003289E-18	0.000000E+00
4.990890E+03	4.993991E-18	0.000000E+00
5.000792E+03	4.984975E-18	0.000000E+00
5.010695E+03	4.976290E-18	0.000000E+00
5.020597E+03	4.967943E-18	0.000000E+00
5.030500E+03	4.959840E-18	0.000000E+00
5.040402E+03	4.952035E-18	0.000000E+00
5.050305E+03	4.944532E-18	0.000000E+00
5.060208E+03	4.937289E-18	0.000000E+00
5.070110E+03	4.930311E-18	0.000000E+00
5.080013E+03	4.923604E-18	0.000000E+00
5.089915E+03	4.917174E-18	0.000000E+00
5.099818E+03	4.910978E-18	0.000000E+00
5.109720E+03	4.905071E-18	0.000000E+00
5.119623E+03	4.899364E-18	0.000000E+00
5.129525E+03	4.893911E-18	0.000000E+00
5.139428E+03	4.888671E-18	0.000000E+00
5.149331E+03	4.883651E-18	0.000000E+00
5.159233E+03	4.878860E-18	0.000000E+00
5.169136E+03	4.874302E-18	0.000000E+00
5.179038E+03	4.869893E-18	0.000000E+00
5.188941E+03	4.865732E-18	0.000000E+00
5.198843E+03	4.861783E-18	0.000000E+00
5.208746E+03	4.858050E-18	0.000000E+00
5.218648E+03	4.854497E-18	0.000000E+00
5.228551E+03	4.851130E-18	0.000000E+00
5.238454E+03	4.847958E-18	0.000000E+00
5.248356E+03	4.844989E-18	0.000000E+00
5.258259E+03	4.842231E-18	0.000000E+00
5.268161E+03	4.839645E-18	0.000000E+00
5.278064E+03	4.837335E-18	0.000000E+00
5.287966E+03	4.835215E-18	0.000000E+00
5.297869E+03	4.833292E-18	0.000000E+00
5.307772E+03	4.831671E-18	0.000000E+00
5.317674E+03	4.830264E-18	0.000000E+00
5.327577E+03	4.829177E-18	0.000000E+00
5.337479E+03	4.828369E-18	0.000000E+00
5.347382E+03	4.827897E-18	0.000000E+00
5.357284E+03	4.827723E-18	0.000000E+00
5.367187E+03	4.827951E-18	0.000000E+00
5.377089E+03	4.828541E-18	0.000000E+00
5.386992E+03	4.829551E-18	0.000000E+00
5.396895E+03	4.830893E-18	0.000000E+00
5.406797E+03	4.832623E-18	0.000000E+00
5.416700E+03	4.834702E-18	0.000000E+00
5.426602E+03	4.837090E-18	0.000000E+00
5.436505E+03	4.839843E-18	0.000000E+00
5.446407E+03	4.842872E-18	0.000000E+00
5.456310E+03	4.846135E-18	0.000000E+00
5.466212E+03	4.849640E-18	0.000000E+00
5.476115E+03	4.853295E-18	0.000000E+00
5.486018E+03	4.857155E-18	0.000000E+00
5.495920E+03	4.861080E-18	0.000000E+00
5.505823E+03	4.865172E-18	0.000000E+00
5.515725E+03	4.869385E-18	0.000000E+00
5.525628E+03	4.873677E-18	0.000000E+00
5.535530E+03	4.878049E-18	0.000000E+00
5.545433E+03	4.882505E-18	0.000000E+00
5.555335E+03	4.886996E-18	0.000000E+00
5.565238E+03	4.891625E-18	0.000000E+00
5.575141E+03	4.896292E-18	0.000000E+00
5.585043E+03	4.901097E-18	0.000000E+00
5.594946E+03	4.905939E-18	0.000000E+00
5.604848E+03	4.910918E-18	0.000000E+00
5.614751E+03	4.916032E-18	0.000000E+00
5.624653E+03	4.921226E-18	0.000000E+00
5.634556E+03	4.926549E-18	0.000000E+00
5.644459E+03	4.931996E-18	0.000000E+00
5.654361E+03	4.937615E-18	0.000000E+00
5.664264E+03	4.943401E-18	0.000000E+00
5.674166E+03	4.949299E-18	0.000000E+00
5.684069E+03	4.955406E-18	0.000000E+00
5.693971E+03	4.961719E-18	0.000000E+00
5.703874E+03	4.968181E-18	0.000000E+00
5.713776E+03	4.974838E-18	0.000000E+00
5.723679E+03	4.981740E-18	0.000000E+00
5.733582E+03	4.988882E-18	0.000000E+00
5.743484E+03	4.996206E-18	0.000000E+00
5.753387E+03	5.003760E-18	0.000000E+00
5.763289E+03	5.011595E-18	0.000000E+00
5.773192E+03	5.019705E-18	0.000000E+00
5.783094E+03	5.028031E-18	0.000000E+00
5.792997E+03	5.036623E-18	0.000000E+00
5.802899E+03	5.045477E-18	0.000000E+00
5.812802E+03	5.054641E-18	0.000000E+00
5.822705E+03	5.064112E-18	0.000000E+00
5.832607E+03	5.073829E-18	0.000000E+00
5.842510E+03	5.083843E-18	0.000000E+00
5.852412E+03	5.094092E-18	0.000000E+00
5.862315E+03	5.104740E-18	0.000000E+00
5.872217E+03	5.115611E-18	0.000000E+00
5.882120E+03	5.126754E-18	0.000000E+00
5.892022E+03	5.138221E-18	0.000000E+00
5.901925E+03	5.149946E-18	0.000000E+00
5.911828E+03	5.161920E-18	0.000000E+00
5.921730E+03	5.174194E-18	0.000000E+00
5.931633E+03	5.186702E-18	0.000000E+00
5.941535E+03	5.199491E-18	0.000000E+00
5.951438E+03	5.212436E-18	0.000000E+00
5.961340E+03	5.225645E-18	0.000000E+00
5.971243E+03	5.238989E-18	0.000000E+00
5.981146E+03	5.252578E-18	0.000000E+00
5.991048E+03	5.266218E-18	0.000000E+00
6.000951E+03	5.280020E-18	0.000000E+00
6.010853E+03	5.293910E-18	0.000000E+00
6.020756E+03	5.307873E-18	0.000000E+00
6.030658E+03	5.321767E-18	0.000000E+00
6.040561E+03	5.335702E-18	0.000000E+00
6.050463E+03	5.349468E-18	0.000000E+00
6.060366E+03	5.363172E-18	0.000000E+00
6.070269E+03	5.376599E-18	0.000000E+00
6.080171E+03	5.389722E-18	0.000000E+00
6.090074E+03	5.402450E-18	0.000000E+00
6.099976E+03	5.414755E-18	0.000000E+00
6.109879E+03	5.426404E-18	0.000000E+00
6.119781E+03	5.437366E-18	0.000000E+00
6.129684E+03	5.447539E-18	0.000000E+00
6.139586E+03	5.456890E-18	0.000000E+00
6.149489E+03	5.465383E-18	0.000000E+00
6.159392E+03	5.473125E-18	0.000000E+00
6.169294E+03	5.480300E-18	0.000000E+00
6.179197E+03	5.486952E-18	0.000000E+00
6.189099E+03	5.493203E-18	0.000000E+00
6.199002E+03	5.499178E-18	0.000000E+00
6.208904E+03	5.504934E-18	0.000000E+00
6.218807E+03	5.510606E-18	0.000000E+00
6.228709E+03	5.516256E-18	0.000000E+00
6.238612E+03	5.521949E-18	0.000000E+00
6.248515E+03	5.527827E-18	0.000000E+00
6.258417E+03	5.533887E-18	0.000000E+00
6.268320E+03	5.540275E-18	0.000000E+00
6.278222E+03	5.546912E-18	0.000000E+00
6.288125E+03	5.553873E-18	0.000000E+00
6.298027E+03	5.561156E-18	0.000000E+00
6.307930E+03	5.568837E-18	0.000000E+00
6.317833E+03	5.576840E-18	0.000000E+00
6.327735E+03	5.585164E-18	0.000000E+00
6.337638E+03	5.593728E-18	0.000000E+00
6.347540E+03	5.602373E-18	0.000000E+00
6.357443E+03	5.611015E-18	0.000000E+00
6.367345E+03	5.619652E-18	0.000000E+00
6.377248E+03	5.628284E-18	0.000000E+00
6.387150E+03	5.636914E-18	0.000000E+00
6.397053E+03	5.645629E-18	0.000000E+00
6.406956E+03	5.654522E-18	0.000000E+00
6.416858E+03	5.663604E-18	0.000000E+00
6.426761E+03	5.672802E-18	0.000000E+00
6.436663E+03	5.682302E-18	0.000000E+00
6.446566E+03	5.692122E-18	0.000000E+00
6.456468E+03	5.702189E-18	0.000000E+00
6.466371E+03	5.712610E-18	0.000000E+00
6.476273E+03	5.723404E-18	0.000000E+00
6.486176E+03	5.734495E-18	0.000000E+00
6.496079E+03	5.745897E-18	0.000000E+00
6.505981E+03	5.757807E-18	0.000000E+00
6.515884E+03	5.769963E-18	0.000000E+00
6.525786E+03	5.782557E-18	0.000000E+00
6.535689E+03	5.795596E-18	0.000000E+00
6.545591E+03	5.808901E-18	0.000000E+00
6.555494E+03	5.822661E-18	0.000000E+00
6.565396E+03	5.836687E-18	0.000000E+00
6.575299E+03	5.851171E-18	0.000000E+00
6.585202E+03	5.865916E-18	0.000000E+00
6.595104E+03	5.881017E-18	0.000000E+00
6.605007E+03	5.896472E-18	0.000000E+00
6.614909E+03	5.912178E-18	0.000000E+00
6.624812E+03	5.928133E-18	0.000000E+00
6.634714E+03	5.944438E-18	0.000000E+00
6.644617E+03	5.960994E-18	0.000000E+00
6.654520E+03	5.977807E-18	0.000000E+00
6.664422E+03	5.994886E-18	0.000000E+00
6.674325E+03	6.012243E-18	0.000000E+00
6.684227E+03	6.029895E-18	0.000000E+00
6.694130E+03	6.047863E-18	0.000000E+00
6.704032E+03	6.066066E-18	0.000000E+00
6.713935E+03	6.084637E-18	0.000000E+00
6.723837E+03	6.103607E-18	0.000000E+00
6.733740E+03	6.122900E-18	0.000000E+00
6.743643E+03	6.142658E-18	0.000000E+00
6.753545E+03	6.162803E-18	0.000000E+00
6.763448E+03	6.183365E-18	0.000000E+00
6.773350E+03	6.204371E-18	0.000000E+00
6.783253E+03	6.225847E-18	0.000000E+00
6.793155E+03	6.247929E-18	0.000000E+00
6.803058E+03	6.270405E-18	0.000000E+00
6.812960E+03	6.293404E-18	0.000000E+00
6.822863E+03	6.316935E-18	0.000000E+00
6.832766E+03	6.340887E-18	0.000000E+00
6.842668E+03	6.365379E-18	0.000000E+00
6.852571E+03	6.390410E-18	0.000000E+00
6.862473E+03	6.415859E-18	0.000000E+00
6.872376E+03	6.441716E-18	0.000000E+00
6.882278E+03	6.468093E-18	0.000000E+00
6.892181E+03	6.494859E-18	0.000000E+00
6.902083E+03	6.521998E-18	0.000000E+00
6.911986E+03	6.549496E-18	0.000000E+00
6.921889E+03	6.577333E-18	0.000000E+00
6.931791E+03	6.605366E-18	0.000000E+00
6.941694E+03	6.633830E-18	0.000000E+00
6.951596E+03	6.662449E-18	0.000000E+00
6.961499E+03	6.691334E-18	0.000000E+00
6.971401E+03	6.720337E-18	0.000000E+00
6.981304E+03	6.749440E-18	0.000000E+00
6.991207E+03	6.778764E-18	0.000000E+00
7.001109E+03	6.808166E-18	0.000000E+00
7.011012E+03	6.837501E-18	0.000000E+00
7.020914E+03	6.867036E-18	0.000000E+00
7.030817E+03	6.896635E-18	0.000000E+00
7.040719E+03	6.926158E-18	0.000000E+00
7.050622E+03	6.955746E-18	0.000000E+00
7.060524E+03	6.985259E-18	0.000000E+00
7.070427E+03	7.014843E-18	0.000000E+00
7.080330E+03	7.044357E-18	0.000000E+00
7.090232E+03	7.073948E-18	0.000000E+00
7.100135E+03	7.103328E-18	0.000000E+00
7.110037E+03	7.132644E-18	0.000000E+00
7.119940E+03	7.162051E-18	0.000000E+00
7.129842E+03	7.191254E-18	0.000000E+00
7.139745E+03	7.220260E-18	0.000000E+00
7.149647E+03	7.249223E-18	0.000000E+00
7.159550E+03	7.278154E-18	0.000000E+00
7.169453E+03	7.306901E-18	0.000000E+00
7.179355E+03	7.335625E-18	0.000000E+00
7.189258E+03	7.364172E-18	0.000000E+00
7.199160E+03	7.392540E-18	0.000000E+00
7.209063E+03	7.420882E-18	0.000000E+00
7.218965E+03	7.449032E-18	0.000000E+00
7.228868E+03	7.477141E-18	0.000000E+00
7.238770E+03	7.505034E-18	0.000000E+00
7.248673E+03	7.532692E-18	0.000000E+00
7.258576E+03	7.560428E-18	0.000000E+00
7.268478E+03	7.587893E-18	0.000000E+00
7.278381E+03	7.615402E-18	0.000000E+00
7.288283E+03	7.642763E-18	0.000000E+00
7.298186E+03	7.670129E-18	0.000000E+00
7.308088E+03	7.697652E-18	0.000000E+00
7.317991E+03	7.725140E-18	0.000000E+00
7.327894E+03	7.752925E-18	0.000000E+00
7.337796E+03	7.780993E-18	0.000000E+00
7.347699E+03	7.809513E-18	0.000000E+00
7.357601E+03	7.838475E-18	0.000000E+00
7.367504E+03	7.867874E-18	0.000000E+00
7.377406E+03	7.897889E-18	0.000000E+00
7.387309E+03	7.928153E-18	0.000000E+00
7.397211E+03	7.958660E-18	0.000000E+00
7.407114E+03	7.989221E-18	0.000000E+00
7.417017E+03	8.020021E-18	0.000000E+00
7.426919E+03	8.050872E-18	0.000000E+00
7.436822E+03	8.081584E-18	0.000000E+00
7.446724E+03	8.112151E-18	0.000000E+00
7.456627E+03	8.142589E-18	0.000000E+00
7.466529E+03	8.172687E-18	0.000000E+00
7.476432E+03	8.202656E-18	0.000000E+00
7.486334E+03	8.232105E-18	0.000000E+00
7.496237E+03	8.261432E-18	0.000000E+00
7.506140E+03	8.290433E-18	0.000000E+00
7.516042E+03	8.319132E-18	0.000000E+00
7.525945E+03	8.347325E-18	0.000000E+00
7.535847E+03	8.375224E-18	0.000000E+00
7.545750E+03	8.402826E-18	0.000000E+00
7.555652E+03	8.430149E-18	0.000000E+00
7.565555E+03	8.456988E-18	0.000000E+00
7.575457E+03	8.483546E-18	0.000000E+00
7.585360E+03	8.509626E-18	0.000000E+00
7.595263E+03	8.535636E-18	0.000000E+00
7.605165E+03	8.560931E-18	0.000000E+00
7.615068E+03	8.586138E-18	0.000000E+00
7.624970E+03	8.611028E-18	0.000000E+00
7.634873E+03	8.635348E-18	0.000000E+00
7.644775E+03	8.659293E-18	0.000000E+00
7.654678E+03	8.682813E-18	0.000000E+00
7.664581E+03	8.705867E-18	0.000000E+00
7.674483E+03	8.728412E-18	0.000000E+00
7.684386E+03	8.750620E-18	0.000000E+00
7.694288E+03	8.771967E-18	0.000000E+00
7.704191E+03	8.792861E-18	0.000000E+00
7.714093E+03	8.813218E-18	0.000000E+00
7.723996E+03	8.832514E-18	0.000000E+00
7.733898E+03	8.851370E-18	0.000000E+00
7.743801E+03	8.869474E-18	0.000000E+00
7.753704E+03	8.886514E-18	0.000000E+00
7.763606E+03	8.902888E-18	0.000000E+00
7.773509E+03	8.918277E-18	0.000000E+00
7.783411E+03	8.932843E-18	0.000000E+00
7.793314E+03	8.946511E-18	0.000000E+00
7.803216E+03	8.959461E-18	0.000000E+00
7.813119E+03	8.971386E-18	0.000000E+00
7.823021E+03	8.982467E-18	0.000000E+00
7.832924E+03	8.992883E-18	0.000000E+00
7.842827E+03	9.002353E-18	0.000000E+00
7.852729E+03	9.011312E-18	0.000000E+00
7.862632E+03	9.019719E-18	0.000000E+00
7.872534E+03	9.027803E-18	0.000000E+00
7.882437E+03	9.035786E-18	0.000000E+00
7.892339E+03	9.043149E-18	0.000000E+00
7.902242E+03	9.050385E-18	0.000000E+00
7.912144E+03	9.057238E-18	0.000000E+00
7.922047E+03	9.063699E-18	0.000000E+00
7.931950E+03	9.069281E-18	0.000000E+00
7.941852E+03	9.073989E-18	0.000000E+00
7.951755E+03	9.077832E-18	0.000000E+00
7.961657E+03	9.080576E-18	0.000000E+00
7.971560E+03	9.082245E-18	0.000000E+00
7.981462E+03	9.082861E-18	0.000000E+00
7.991365E+03	9.081944E-18	0.000000E+00
8.001268E+03	9.080037E-18	0.000000E+00
8.011170E+03	9.076675E-18	0.000000E+00
8.021073E+03	9.072164E-18	0.000000E+00
8.030975E+03	9.066277E-18	0.000000E+00
8.040878E+03	9.059087E-18	0.000000E+00
8.050780E+03	9.050377E-18	0.000000E+00
8.060683E+03	9.040734E-18	0.000000E+00
8.070585E+03	9.029709E-18	0.000000E+00
8.080488E+03	9.017623E-18	0.000000E+00
8.090391E+03	9.004301E-18	0.000000E+00
8.100293E+03	8.989825E-18	0.000000E+00
8.110196E+03	8.974542E-18	0.000000E+00
8.120098E+03	8.958277E-18	0.000000E+00
8.130001E+03	8.940895E-18	0.000000E+00
8.139903E+03	8.923019E-18	0.000000E+00
8.149806E+03	8.904499E-18	0.000000E+00
8.159708E+03	8.885485E-18	0.000000E+00
8.169611E+03	8.865842E-18	0.000000E+00
8.179514E+03	8.845962E-18	0.000000E+00
8.189416E+03	8.825986E-18	0.000000E+00
8.199319E+03	8.805805E-18	0.000000E+00
8.209221E+03	8.785813E-18	0.000000E+00
8.219124E+03	8.766127E-18	0.000000E+00
8.229026E+03	8.746629E-18	0.000000E+00
8.238929E+03	8.727446E-18	0.000000E+00
8.248831E+03	8.708938E-18	0.000000E+00
8.258734E+03	8.690963E-18	0.000000E+00
8.268637E+03	8.673857E-18	0.000000E+00
8.278539E+03	8.657479E-18	0.000000E+00
8.288442E+03	8.641888E-18	0.000000E+00
8.298344E+03	8.627168E-18	0.000000E+00
8.308247E+03	8.613381E-18	0.000000E+00
8.318149E+03	8.600577E-18	0.000000E+00
8.328052E+03	8.589059E-18	0.000000E+00
8.337955E+03	8.578367E-18	0.000000E+00
8.347857E+03	8.568779E-18	0.000000E+00
8.357760E+03	8.560322E-18	0.000000E+00
8.367662E+03	8.553013E-18	0.000000E+00
8.377565E+03	8.546888E-18	0.000000E+00
8.387467E+03	8.541932E-18	0.000000E+00
8.397370E+03	8.537917E-18	0.000000E+00
8.407272E+03	8.535080E-18	0.000000E+00
8.417175E+03	8.533180E-18	0.000000E+00
8.427078E+03	8.532460E-18	0.000000E+00
8.436980E+03	8.532661E-18	0.000000E+00
8.446883E+03	8.534029E-18	0.000000E+00
8.456785E+03	8.536311E-18	0.000000E+00
8.466688E+03	8.539500E-18	0.000000E+00
8.476590E+03	8.543841E-18	0.000000E+00
8.486493E+03	8.548821E-18	0.000000E+00
8.496395E+03	8.554947E-18	0.000000E+00
8.506298E+03	8.561958E-18	0.000000E+00
8.516201E+03	8.569846E-18	0.000000E+00
8.526103E+03	8.578333E-18	0.000000E+00
8.536006E+03	8.587928E-18	0.000000E+00
8.545908E+03	8.598089E-18	0.000000E+00
8.555811E+03	8.609054E-18	0.000000E+00
8.565713E+03	8.620519E-18	0.000000E+00
8.575616E+03	8.633001E-18	0.000000E+00
8.585518E+03	8.645644E-18	0.000000E+00
8.595421E+03	8.658950E-18	0.000000E+00
8.605324E+03	8.672604E-18	0.000000E+00
8.615226E+03	8.686836E-18	0.000000E+00
8.625129E+03	8.701035E-18	0.000000E+00
8.635031E+03	8.715710E-18	0.000000E+00
8.644934E+03	8.730539E-18	0.000000E+00
8.654836E+03	8.745471E-18	0.000000E+00
8.664739E+03	8.760192E-18	0.000000E+00
8.674642E+03	8.774912E-18	0.000000E+00
8.684544E+03	8.789616E-18	0.000000E+00
8.694447E+03	8.803979E-18	0.000000E+00
8.704349E+03	8.818239E-18	0.000000E+00
8.714252E+03	8.832090E-18	0.000000E+00
8.724154E+03	8.845786E-18	0.000000E+00
8.734057E+03	8.858715E-18	0.000000E+00
8.743959E+03	8.871427E-18	0.000000E+00
8.753862E+03	8.883319E-18	0.000000E+00
8.763765E+03	8.894944E-18	0.000000E+00
8.773667E+03	8.905686E-18	0.000000E+00
8.783570E+03	8.916415E-18	0.000000E+00
8.793472E+03	8.926500E-18	0.000000E+00
8.803375E+03	8.936230E-18	0.000000E+00
8.813277E+03	8.945553E-18	0.000000E+00
8.823180E+03	8.954751E-18	0.000000E+00
8.833082E+03	8.963798E-18	0.000000E+00
8.842985E+03	8.972326E-18	0.000000E+00
8.852888E+03	8.980932E-18	0.000000E+00
8.862790E+03	8.988950E-18	0.000000E+00
8.872693E+03	8.996962E-18	0.000000E+00
8.882595E+03	9.004614E-18	0.000000E+00
8.892498E+03	9.012200E-18	0.000000E+00
8.902400E+03	9.019358E-18	0.000000E+00
8.912303E+03	9.026713E-18	0.000000E+00
8.951913E+03	9.052500E-18	0.000000E+00
8.991523E+03	9.075889E-18	0.000000E+00
9.031134E+03	9.097407E-18	0.000000E+00
9.070744E+03	9.119896E-18	0.000000E+00
9.110354E+03	9.148020E-18	0.000000E+00
9.149964E+03	9.183941E-18	0.000000E+00
9.189575E+03	9.230599E-18	0.000000E+00
9.229185E+03	9.287974E-18	0.000000E+00
9.268795E+03	9.355173E-18	0.000000E+00
9.308405E+03	9.428146E-18	0.000000E+00
9.348016E+03	9.503159E-18	0.000000E+00
9.387626E+03	9.574191E-18	0.000000E+00
9.427236E+03	9.637908E-18	0.000000E+00
9.466846E+03	9.692447E-18	0.000000E+00
9.506456E+03	9.740114E-18	0.000000E+00
9.546067E+03	9.785737E-18	0.000000E+00
9.585677E+03	9.834797E-18	0.000000E+00
9.625287E+03	9.891818E-18	0.000000E+00
9.664897E+03	9.961477E-18	0.000000E+00
9.704508E+03	1.004659E-17	0.000000E+00
9.744118E+03	1.015130E-17	0.000000E+00
9.783728E+03	1.027977E-17	0.000000E+00
9.823338E+03	1.043350E-17	0.000000E+00
9.862949E+03	1.061679E-17	0.000000E+00
9.902559E+03	1.083194E-17	0.000000E+00
9.942169E+03	1.107927E-17	0.000000E+00
9.981779E+03	1.135973E-17	0.000000E+00
1.002139E+04	1.167193E-17	0.000000E+00
1.006100E+04	1.201404E-17	0.000000E+00
1.010061E+04	1.238084E-17	0.000000E+00
1.014022E+04	1.276769E-17	0.000000E+00
1.017983E+04	1.317247E-17	0.000000E+00
1.021944E+04	1.359076E-17	0.000000E+00
