#wls	flux	fluxerr
3.257341E+03	1.954724E-18	7.037902E-20
3.296951E+03	2.064607E-18	7.301249E-20
3.336561E+03	2.181721E-18	7.579253E-20
3.376171E+03	2.307110E-18	7.874950E-20
3.415782E+03	2.442136E-18	8.192313E-20
3.455392E+03	2.588451E-18	8.536118E-20
3.495002E+03	2.747372E-18	8.909868E-20
3.534612E+03	2.919236E-18	9.313869E-20
3.574223E+03	3.104235E-18	9.748130E-20
3.613833E+03	3.302611E-18	1.021303E-19
3.653443E+03	3.514747E-18	1.070948E-19
3.693053E+03	3.741226E-18	1.123896E-19
3.732664E+03	3.982898E-18	1.180380E-19
3.772274E+03	4.240866E-18	1.240718E-19
3.811884E+03	4.516301E-18	1.305247E-19
3.851494E+03	4.809712E-18	1.374112E-19
3.891105E+03	5.121163E-18	1.447318E-19
3.930715E+03	5.450599E-18	1.524845E-19
3.970325E+03	5.797970E-18	1.606683E-19
4.009935E+03	6.163287E-18	1.692849E-19
4.049545E+03	6.546676E-18	1.783396E-19
4.089156E+03	6.948407E-18	1.878418E-19
4.128766E+03	7.368875E-18	1.978048E-19
4.168376E+03	7.808587E-18	2.082445E-19
4.207986E+03	8.268136E-18	2.191791E-19
4.247597E+03	8.748177E-18	2.306284E-19
4.287207E+03	9.249384E-18	2.426123E-19
4.326817E+03	9.772399E-18	2.551497E-19
4.366427E+03	1.031773E-17	2.682562E-19
4.406038E+03	1.088583E-17	2.819456E-19
4.445648E+03	1.147715E-17	2.962320E-19
4.485258E+03	1.209217E-17	3.111304E-19
4.524868E+03	1.273149E-17	3.266588E-19
4.564479E+03	1.339598E-17	3.428423E-19
4.604089E+03	1.408701E-17	3.597200E-19
4.643699E+03	1.480671E-17	3.773493E-19
4.683309E+03	1.555810E-17	3.958113E-19
4.722919E+03	1.634509E-17	4.152102E-19
4.762530E+03	1.716869E-17	4.355766E-19
4.802140E+03	1.800604E-17	4.563382E-19
4.841750E+03	1.883497E-17	4.769421E-19
4.881360E+03	1.964597E-17	4.971588E-19
4.920971E+03	2.043163E-17	5.168119E-19
4.960581E+03	2.118482E-17	5.357252E-19
5.000191E+03	2.189850E-17	5.537119E-19
5.039801E+03	2.256557E-17	5.705782E-19
5.079412E+03	2.317865E-17	5.861205E-19
5.119022E+03	2.373041E-17	6.001350E-19
5.158632E+03	2.421396E-17	6.124270E-19
5.198242E+03	2.462291E-17	6.228144E-19
5.237853E+03	2.495175E-17	6.311370E-19
5.277463E+03	2.519617E-17	6.372663E-19
5.317073E+03	2.535357E-17	6.411185E-19
5.356683E+03	2.542363E-17	6.426700E-19
5.396293E+03	2.540929E-17	6.419830E-19
5.435904E+03	2.531727E-17	6.392176E-19
5.475514E+03	2.515776E-17	6.346256E-19
5.515124E+03	2.494379E-17	6.285326E-19
5.554734E+03	2.469123E-17	6.213385E-19
5.594345E+03	2.441859E-17	6.135096E-19
5.633955E+03	2.414426E-17	6.055096E-19
5.673565E+03	2.388375E-17	5.977286E-19
5.713175E+03	2.365003E-17	5.904903E-19
5.752786E+03	2.345510E-17	5.840929E-19
5.792396E+03	2.331109E-17	5.788342E-19
5.832006E+03	2.323037E-17	5.750131E-19
5.871616E+03	2.322587E-17	5.729387E-19
5.911227E+03	2.331189E-17	5.729465E-19
5.950837E+03	2.350458E-17	5.754111E-19
5.990447E+03	2.382265E-17	5.807608E-19
6.030057E+03	2.428787E-17	5.894873E-19
6.069667E+03	2.492535E-17	6.021519E-19
6.109278E+03	2.576363E-17	6.193834E-19
6.148888E+03	2.683423E-17	6.418655E-19
6.188498E+03	2.816729E-17	6.702314E-19
6.228108E+03	2.975241E-17	7.041380E-19
6.267719E+03	3.150330E-17	7.414601E-19
6.307329E+03	3.328933E-17	7.790773E-19
6.346939E+03	3.494560E-17	8.131405E-19
6.386549E+03	3.629605E-17	8.396351E-19
6.426160E+03	3.724962E-17	8.566022E-19
6.465770E+03	3.783654E-17	8.649086E-19
6.505380E+03	3.812494E-17	8.662537E-19
6.544990E+03	3.819248E-17	8.625076E-19
6.584601E+03	3.811376E-17	8.554310E-19
6.624211E+03	3.795417E-17	8.465396E-19
6.663821E+03	3.776661E-17	8.370372E-19
6.703431E+03	3.759120E-17	8.278148E-19
6.743041E+03	3.745519E-17	8.194562E-19
6.782652E+03	3.737155E-17	8.122205E-19
6.822262E+03	3.734022E-17	8.060791E-19
6.861872E+03	3.735312E-17	8.008340E-19
6.901482E+03	3.739854E-17	7.962157E-19
6.941093E+03	3.746252E-17	7.919166E-19
6.980703E+03	3.753109E-17	7.876397E-19
7.020313E+03	3.759011E-17	7.830952E-19
7.059923E+03	3.762598E-17	7.780157E-19
7.099534E+03	3.762851E-17	7.722159E-19
7.139144E+03	3.759243E-17	7.656195E-19
7.178754E+03	3.751752E-17	7.582583E-19
7.218364E+03	3.740793E-17	7.502547E-19
7.257975E+03	3.727154E-17	7.418047E-19
7.297585E+03	3.712183E-17	7.332130E-19
7.337195E+03	3.698231E-17	7.249738E-19
7.376805E+03	3.689153E-17	7.178623E-19
7.416415E+03	3.690517E-17	7.129654E-19
7.456026E+03	3.709601E-17	7.116705E-19
7.495636E+03	3.755390E-17	7.156588E-19
7.535246E+03	3.838739E-17	7.269316E-19
7.574856E+03	3.971673E-17	7.476771E-19
7.614467E+03	4.161822E-17	7.792356E-19
7.654077E+03	4.398187E-17	8.194820E-19
7.693687E+03	4.659431E-17	8.644232E-19
7.733297E+03	4.918050E-17	9.089929E-19
7.772908E+03	5.143260E-17	9.475961E-19
7.812518E+03	5.317662E-17	9.771512E-19
7.852128E+03	5.440448E-17	9.976053E-19
7.891738E+03	5.516635E-17	1.009896E-18
7.931349E+03	5.553882E-17	1.015405E-18
7.970959E+03	5.560834E-17	1.015663E-18
8.010569E+03	5.546366E-17	1.012229E-18
8.050179E+03	5.518520E-17	1.006502E-18
8.089789E+03	5.484133E-17	9.996591E-19
8.129400E+03	5.448579E-17	9.926114E-19
8.169010E+03	5.415390E-17	9.859393E-19
8.208620E+03	5.386412E-17	9.799206E-19
8.248230E+03	5.362724E-17	9.746982E-19
8.287841E+03	5.345172E-17	9.703773E-19
8.327451E+03	5.333786E-17	9.669185E-19
8.367061E+03	5.327737E-17	9.641309E-19
8.406671E+03	5.325528E-17	9.617074E-19
8.446282E+03	5.325386E-17	9.592979E-19
8.485892E+03	5.325796E-17	9.566055E-19
8.525502E+03	5.325568E-17	9.533998E-19
8.565112E+03	5.323786E-17	9.495078E-19
8.604723E+03	5.319981E-17	9.448438E-19
8.644333E+03	5.314325E-17	9.394433E-19
8.683943E+03	5.307589E-17	9.334528E-19
8.723553E+03	5.300966E-17	9.270958E-19
8.763163E+03	5.296013E-17	9.206597E-19
8.802774E+03	5.294541E-17	9.144739E-19
8.842384E+03	5.298375E-17	9.088659E-19
8.881994E+03	5.308907E-17	9.040845E-19
8.921604E+03	5.326841E-17	9.002582E-19
8.961215E+03	5.352064E-17	8.973783E-19
9.000825E+03	5.383270E-17	8.952416E-19
9.040435E+03	5.417295E-17	8.933503E-19
9.080045E+03	5.448849E-17	8.908816E-19
9.119656E+03	5.472895E-17	8.870832E-19
9.159266E+03	5.487844E-17	8.817391E-19
9.198876E+03	5.496452E-17	8.753105E-19
9.238486E+03	5.500447E-17	8.680859E-19
9.278097E+03	5.500864E-17	8.602420E-19
9.317707E+03	5.498244E-17	8.518800E-19
9.357317E+03	5.492684E-17	8.430393E-19
9.396927E+03	5.484120E-17	8.337427E-19
9.436537E+03	5.472692E-17	8.240550E-19
9.476148E+03	5.458779E-17	8.140865E-19
9.515758E+03	5.442993E-17	8.039912E-19
9.555368E+03	5.426415E-17	7.940003E-19
9.594978E+03	5.410617E-17	7.844225E-19
9.634589E+03	5.397611E-17	7.756348E-19
9.674199E+03	5.389887E-17	7.680857E-19
9.713809E+03	5.390576E-17	7.623185E-19
9.753419E+03	5.403368E-17	7.589597E-19
9.793030E+03	5.432106E-17	7.586653E-19
9.832640E+03	5.479833E-17	7.619951E-19
9.872250E+03	5.546214E-17	7.690348E-19
9.911857E+03	5.627917E-17	7.794531E-19
9.951468E+03	5.720582E-17	7.928112E-19
9.991078E+03	5.820160E-17	8.087442E-19
1.003069E+04	5.922908E-17	8.269510E-19
1.007030E+04	6.025671E-17	8.472221E-19
1.010991E+04	6.126001E-17	8.694473E-19
1.014952E+04	6.221982E-17	8.935826E-19
1.018913E+04	6.312141E-17	9.196307E-19
1.022874E+04	6.395499E-17	9.476412E-19
1.026835E+04	6.472147E-17	9.777948E-19
1.030796E+04	6.543935E-17	1.010519E-18
1.034757E+04	6.613710E-17	1.046398E-18
1.038718E+04	6.681568E-17	1.085537E-18
1.042679E+04	6.747096E-17	1.127789E-18
1.046640E+04	6.809635E-17	1.172906E-18
1.050601E+04	6.868382E-17	1.220583E-18
1.054562E+04	6.922641E-17	1.270502E-18
1.058523E+04	6.971532E-17	1.322284E-18
1.062484E+04	7.013967E-17	1.375476E-18
1.066445E+04	7.049013E-17	1.429625E-18
1.070406E+04	7.075932E-17	1.484288E-18
1.074367E+04	7.094233E-17	1.539050E-18
1.078328E+04	7.103761E-17	1.593558E-18
1.082289E+04	7.104661E-17	1.647521E-18
1.086250E+04	7.097452E-17	1.700743E-18
1.090211E+04	7.082858E-17	1.753097E-18
1.094172E+04	7.061594E-17	1.804478E-18
1.098133E+04	7.034343E-17	1.854802E-18
1.102094E+04	7.001874E-17	1.904034E-18
1.106055E+04	6.964984E-17	1.952177E-18
1.110016E+04	6.924373E-17	1.999239E-18
1.113977E+04	6.880544E-17	2.045197E-18
1.117938E+04	6.833762E-17	2.089978E-18
1.121900E+04	6.784104E-17	2.133466E-18
1.125861E+04	6.731452E-17	2.175487E-18
1.129822E+04	6.675436E-17	2.215785E-18
1.133783E+04	6.615366E-17	2.253986E-18
1.137744E+04	6.550312E-17	2.289611E-18
1.141705E+04	6.479255E-17	2.322122E-18
1.145666E+04	6.401334E-17	2.351002E-18
1.149627E+04	6.316028E-17	2.375839E-18
1.153588E+04	6.223442E-17	2.396442E-18
1.157549E+04	6.124812E-17	2.413074E-18
1.161510E+04	6.022285E-17	2.426413E-18
1.165471E+04	5.918314E-17	2.437342E-18
1.169432E+04	5.815238E-17	2.446785E-18
1.173393E+04	5.715087E-17	2.455620E-18
1.177354E+04	5.619504E-17	2.464632E-18
1.181315E+04	5.529734E-17	2.474485E-18
1.185276E+04	5.446602E-17	2.485701E-18
1.189237E+04	5.370543E-17	2.498648E-18
1.193198E+04	5.301719E-17	2.513583E-18
1.197159E+04	5.239953E-17	2.530604E-18
1.201120E+04	5.184680E-17	2.549614E-18
1.205081E+04	5.134997E-17	2.570327E-18
1.209042E+04	5.089705E-17	2.592272E-18
1.213003E+04	5.047258E-17	2.614759E-18
1.216964E+04	5.005718E-17	2.636839E-18
1.220925E+04	4.962729E-17	2.657267E-18
1.224886E+04	4.915484E-17	2.674476E-18
1.228847E+04	4.860753E-17	2.686570E-18
1.232808E+04	4.795086E-17	2.691415E-18
1.236769E+04	4.715874E-17	2.687247E-18
1.240730E+04	4.624806E-17	2.674696E-18
1.244691E+04	4.525910E-17	2.655830E-18
1.248652E+04	4.422954E-17	2.632700E-18
1.252613E+04	4.319114E-17	2.607126E-18
1.256574E+04	4.216975E-17	2.580679E-18
1.260535E+04	4.118607E-17	2.554692E-18
1.264496E+04	4.025641E-17	2.530295E-18
1.268457E+04	3.939340E-17	2.508434E-18
1.272418E+04	3.860660E-17	2.489899E-18
1.276379E+04	3.790295E-17	2.475338E-18
1.280340E+04	3.728679E-17	2.465247E-18
1.284301E+04	3.676034E-17	2.459993E-18
1.288262E+04	3.632430E-17	2.459846E-18
1.292224E+04	3.597806E-17	2.464984E-18
1.296185E+04	3.571964E-17	2.475487E-18
1.300146E+04	3.554564E-17	2.491327E-18
1.304107E+04	3.545129E-17	2.512367E-18
1.308068E+04	3.543105E-17	2.538394E-18
1.312029E+04	3.547924E-17	2.569169E-18
1.315990E+04	3.558962E-17	2.604391E-18
1.319951E+04	3.575521E-17	2.643685E-18
1.323912E+04	3.596832E-17	2.686597E-18
1.327873E+04	3.622052E-17	2.732596E-18
1.331834E+04	3.650284E-17	2.781080E-18
1.335795E+04	3.680615E-17	2.831411E-18
1.339756E+04	3.712138E-17	2.882923E-18
1.343717E+04	3.743958E-17	2.934935E-18
1.347678E+04	3.775197E-17	2.986755E-18
1.351639E+04	3.804989E-17	3.037674E-18
1.355600E+04	3.832503E-17	3.086983E-18
1.359561E+04	3.856968E-17	3.134004E-18
1.363522E+04	3.877706E-17	3.178113E-18
1.367483E+04	3.894191E-17	3.218790E-18
1.371444E+04	3.906058E-17	3.255641E-18
1.375405E+04	3.913093E-17	3.288387E-18
1.379366E+04	3.915202E-17	3.316849E-18
1.383327E+04	3.912428E-17	3.340960E-18
1.387288E+04	3.904900E-17	3.360734E-18
1.391249E+04	3.892818E-17	3.376250E-18
1.395210E+04	3.876454E-17	3.387656E-18
1.399171E+04	3.856120E-17	3.395143E-18
1.403132E+04	3.832169E-17	3.398951E-18
1.407093E+04	3.805027E-17	3.399394E-18
1.411054E+04	3.775142E-17	3.396818E-18
1.415015E+04	3.743001E-17	3.391616E-18
1.418976E+04	3.709159E-17	3.384256E-18
1.422937E+04	3.674192E-17	3.375243E-18
1.426898E+04	3.638658E-17	3.365077E-18
1.430859E+04	3.603100E-17	3.354256E-18
1.434820E+04	3.568055E-17	3.343293E-18
1.438781E+04	3.534065E-17	3.332712E-18
1.442742E+04	3.501648E-17	3.323030E-18
1.446703E+04	3.471263E-17	3.314718E-18
1.450664E+04	3.443343E-17	3.308234E-18
1.454625E+04	3.418315E-17	3.304040E-18
1.458587E+04	3.396551E-17	3.302550E-18
1.462548E+04	3.378295E-17	3.304065E-18
1.466509E+04	3.363681E-17	3.308778E-18
1.470470E+04	3.352741E-17	3.316788E-18
1.474431E+04	3.345416E-17	3.328098E-18
1.478392E+04	3.341567E-17	3.342631E-18
1.482353E+04	3.340958E-17	3.360209E-18
1.486314E+04	3.343294E-17	3.380587E-18
1.490275E+04	3.348276E-17	3.403509E-18
1.494236E+04	3.355608E-17	3.428713E-18
1.498197E+04	3.365040E-17	3.455981E-18
1.502158E+04	3.376404E-17	3.485172E-18
1.506119E+04	3.389577E-17	3.516187E-18
1.510080E+04	3.404481E-17	3.548969E-18
1.514041E+04	3.421097E-17	3.583526E-18
1.518002E+04	3.439490E-17	3.619950E-18
1.521963E+04	3.459816E-17	3.658429E-18
1.525924E+04	3.482228E-17	3.699153E-18
1.529885E+04	3.506436E-17	3.741841E-18
1.533846E+04	3.531631E-17	3.785648E-18
1.537807E+04	3.556919E-17	3.829623E-18
1.541768E+04	3.581401E-17	3.872792E-18
1.545729E+04	3.604158E-17	3.914144E-18
1.549690E+04	3.624257E-17	3.952634E-18
1.553651E+04	3.640804E-17	3.987244E-18
1.557612E+04	3.652995E-17	4.017042E-18
1.561573E+04	3.660115E-17	4.041176E-18
1.565534E+04	3.661567E-17	4.058918E-18
1.569495E+04	3.656932E-17	4.069726E-18
1.573456E+04	3.645988E-17	4.073276E-18
1.577417E+04	3.628715E-17	4.069465E-18
1.581378E+04	3.605228E-17	4.058345E-18
1.585339E+04	3.575773E-17	4.040120E-18
1.589300E+04	3.540733E-17	4.015153E-18
1.593261E+04	3.500652E-17	3.984002E-18
1.597222E+04	3.456264E-17	3.947447E-18
1.601183E+04	3.408525E-17	3.906541E-18
1.605144E+04	3.358725E-17	3.862733E-18
1.609105E+04	3.308686E-17	3.818109E-18
1.613066E+04	3.259573E-17	3.774022E-18
1.617027E+04	3.210440E-17	3.729394E-18
1.620988E+04	3.160741E-17	3.683592E-18
1.624949E+04	3.110414E-17	3.636548E-18
1.628911E+04	3.059669E-17	3.588506E-18
1.632872E+04	3.008809E-17	3.539826E-18
1.636833E+04	2.958133E-17	3.490868E-18
1.640794E+04	2.907911E-17	3.441959E-18
1.644755E+04	2.858392E-17	3.393408E-18
1.648716E+04	2.809790E-17	3.345482E-18
1.652677E+04	2.762283E-17	3.298414E-18
1.656638E+04	2.715981E-17	3.252349E-18
1.660599E+04	2.670951E-17	3.207391E-18
1.664560E+04	2.627261E-17	3.163637E-18
1.668521E+04	2.584961E-17	3.121168E-18
1.672482E+04	2.544093E-17	3.080056E-18
1.676443E+04	2.504686E-17	3.040354E-18
1.680404E+04	2.466751E-17	3.002093E-18
1.684365E+04	2.430270E-17	2.965275E-18
1.688326E+04	2.395215E-17	2.929880E-18
1.692287E+04	2.361557E-17	2.895892E-18
1.696248E+04	2.329258E-17	2.863283E-18
1.700209E+04	2.298274E-17	2.832013E-18
1.704170E+04	2.268550E-17	2.802031E-18
1.708131E+04	2.240055E-17	2.773314E-18
1.712092E+04	2.212786E-17	2.745872E-18
1.716053E+04	2.186754E-17	2.719733E-18
1.720014E+04	2.161984E-17	2.694943E-18
1.723975E+04	2.138524E-17	2.671576E-18
1.727936E+04	2.116473E-17	2.649769E-18
1.731897E+04	2.095946E-17	2.629681E-18
1.735858E+04	2.077073E-17	2.611490E-18
1.739819E+04	2.060005E-17	2.595403E-18
1.743780E+04	2.044899E-17	2.581634E-18
1.747741E+04	2.031905E-17	2.570392E-18
1.751702E+04	2.021179E-17	2.561889E-18
1.755663E+04	2.012881E-17	2.556350E-18
1.759624E+04	2.007168E-17	2.553994E-18
1.763585E+04	2.004171E-17	2.555007E-18
1.767546E+04	2.003980E-17	2.559526E-18
1.771507E+04	2.006650E-17	2.567641E-18
1.775468E+04	2.012182E-17	2.579373E-18
1.779429E+04	2.020519E-17	2.594672E-18
1.783390E+04	2.031555E-17	2.613417E-18
1.787351E+04	2.045119E-17	2.635408E-18
1.791312E+04	2.061008E-17	2.660399E-18
1.795274E+04	2.079015E-17	2.688136E-18
1.799235E+04	2.098898E-17	2.718318E-18
1.803196E+04	2.120360E-17	2.750572E-18
1.807157E+04	2.143070E-17	2.784478E-18
1.811118E+04	2.166688E-17	2.819597E-18
1.815079E+04	2.190838E-17	2.855446E-18
1.819040E+04	2.215122E-17	2.891506E-18
1.823001E+04	2.239137E-17	2.927249E-18
1.826962E+04	2.262500E-17	2.962172E-18
1.830923E+04	2.284851E-17	2.995800E-18
1.834884E+04	2.305888E-17	3.027726E-18
1.838845E+04	2.325363E-17	3.057619E-18
1.842806E+04	2.343046E-17	3.085163E-18
1.846767E+04	2.358692E-17	3.110030E-18
1.850728E+04	2.372083E-17	3.131915E-18
1.854689E+04	2.383018E-17	3.150544E-18
1.858650E+04	2.391378E-17	3.165745E-18
1.862611E+04	2.397121E-17	3.177451E-18
1.866572E+04	2.400255E-17	3.185657E-18
1.870533E+04	2.400792E-17	3.190370E-18
1.874494E+04	2.398773E-17	3.191628E-18
1.878455E+04	2.394270E-17	3.189519E-18
1.882416E+04	2.387405E-17	3.184194E-18
1.886377E+04	2.378347E-17	3.175868E-18
1.890338E+04	2.367330E-17	3.164846E-18
1.894299E+04	2.354678E-17	3.151553E-18
1.898260E+04	2.340767E-17	3.136487E-18
1.902221E+04	2.325978E-17	3.120156E-18
1.906182E+04	2.310685E-17	3.103060E-18
1.910143E+04	2.295251E-17	3.085685E-18
1.914104E+04	2.280034E-17	3.068517E-18
1.918065E+04	2.265373E-17	3.052012E-18
1.922026E+04	2.251554E-17	3.036564E-18
1.925987E+04	2.238806E-17	3.022483E-18
1.929948E+04	2.227289E-17	3.009995E-18
1.933909E+04	2.217115E-17	2.999254E-18
1.937870E+04	2.208349E-17	2.990359E-18
1.941831E+04	2.201023E-17	2.983359E-18
1.945792E+04	2.195147E-17	2.978274E-18
1.949753E+04	2.190670E-17	2.975041E-18
1.953714E+04	2.187476E-17	2.973510E-18
1.957675E+04	2.185400E-17	2.973464E-18
1.961636E+04	2.184247E-17	2.974640E-18
1.965598E+04	2.183803E-17	2.976753E-18
1.969559E+04	2.183857E-17	2.979516E-18
1.973520E+04	2.184215E-17	2.982670E-18
1.977481E+04	2.184701E-17	2.985976E-18
1.981442E+04	2.185159E-17	2.989220E-18
1.985403E+04	2.185443E-17	2.992205E-18
1.989364E+04	2.185400E-17	2.994720E-18
1.993325E+04	2.184874E-17	2.996553E-18
1.997286E+04	2.183705E-17	2.997484E-18
2.001247E+04	2.181719E-17	2.997270E-18
2.005208E+04	2.178718E-17	2.995638E-18
2.009169E+04	2.174496E-17	2.992303E-18
2.013130E+04	2.168869E-17	2.987008E-18
2.017091E+04	2.161688E-17	2.979545E-18
2.021052E+04	2.152862E-17	2.969784E-18
2.025013E+04	2.142381E-17	2.957705E-18
2.028974E+04	2.130310E-17	2.943397E-18
2.032935E+04	2.116782E-17	2.927036E-18
2.036896E+04	2.101963E-17	2.908851E-18
2.040857E+04	2.086031E-17	2.889085E-18
2.044818E+04	2.069146E-17	2.867956E-18
2.048779E+04	2.051442E-17	2.845650E-18
2.052740E+04	2.033032E-17	2.822319E-18
2.056701E+04	2.013982E-17	2.798058E-18
2.060662E+04	1.994317E-17	2.772897E-18
2.064623E+04	1.974038E-17	2.746838E-18
2.068584E+04	1.953146E-17	2.719882E-18
2.072545E+04	1.931658E-17	2.692051E-18
2.076506E+04	1.909610E-17	2.663393E-18
2.080467E+04	1.887057E-17	2.633986E-18
2.084428E+04	1.864092E-17	2.603958E-18
2.088389E+04	1.840827E-17	2.573465E-18
2.092350E+04	1.817407E-17	2.542709E-18
2.096311E+04	1.794010E-17	2.511941E-18
2.100272E+04	1.770829E-17	2.481431E-18
2.104233E+04	1.748080E-17	2.451483E-18
2.108194E+04	1.726020E-17	2.422462E-18
2.112155E+04	1.704956E-17	2.394799E-18
2.116116E+04	1.685228E-17	2.368974E-18
2.120077E+04	1.667219E-17	2.345532E-18
2.124038E+04	1.651316E-17	2.325023E-18
2.127999E+04	1.637831E-17	2.307893E-18
2.131961E+04	1.626825E-17	2.294234E-18
2.135922E+04	1.617989E-17	2.283621E-18
2.139883E+04	1.610851E-17	2.275391E-18
2.143844E+04	1.604918E-17	2.268853E-18
2.147805E+04	1.599709E-17	2.263333E-18
2.151766E+04	1.594781E-17	2.258203E-18
2.155727E+04	1.589727E-17	2.252889E-18
2.159688E+04	1.584193E-17	2.246886E-18
2.163649E+04	1.577885E-17	2.239775E-18
2.167610E+04	1.570567E-17	2.231219E-18
2.171571E+04	1.562071E-17	2.220975E-18
2.175532E+04	1.552295E-17	2.208892E-18
2.179493E+04	1.541180E-17	2.194883E-18
2.183454E+04	1.528693E-17	2.178894E-18
2.187415E+04	1.514817E-17	2.160896E-18
2.191376E+04	1.499580E-17	2.140926E-18
2.195337E+04	1.483068E-17	2.119098E-18
2.199298E+04	1.465396E-17	2.095574E-18
2.203259E+04	1.446695E-17	2.070538E-18
2.207220E+04	1.427115E-17	2.044198E-18
2.211181E+04	1.406829E-17	2.016801E-18
2.215142E+04	1.386029E-17	1.988618E-18
2.219103E+04	1.364913E-17	1.959933E-18
2.223064E+04	1.343686E-17	1.931039E-18
2.227025E+04	1.322536E-17	1.902204E-18
2.230986E+04	1.301654E-17	1.873703E-18
2.234947E+04	1.281229E-17	1.845813E-18
2.238908E+04	1.261447E-17	1.818799E-18
2.242869E+04	1.242483E-17	1.792918E-18
2.246830E+04	1.224492E-17	1.768395E-18
2.250791E+04	1.207607E-17	1.745429E-18
2.254752E+04	1.191955E-17	1.724203E-18
2.258713E+04	1.177645E-17	1.704883E-18
2.262674E+04	1.164766E-17	1.687600E-18
2.266635E+04	1.153357E-17	1.672415E-18
2.270596E+04	1.143404E-17	1.659316E-18
2.274557E+04	1.134900E-17	1.648296E-18
2.278518E+04	1.127851E-17	1.639366E-18
2.282479E+04	1.122246E-17	1.632519E-18
2.286440E+04	1.118027E-17	1.627674E-18
2.290401E+04	1.115118E-17	1.624725E-18
2.294362E+04	1.113449E-17	1.623573E-18
2.298323E+04	1.112962E-17	1.624140E-18
2.302285E+04	1.113605E-17	1.626351E-18
2.306246E+04	1.115326E-17	1.630137E-18
2.310207E+04	1.118087E-17	1.635444E-18
2.314168E+04	1.121848E-17	1.642216E-18
2.318129E+04	1.126571E-17	1.650404E-18
2.322090E+04	1.132216E-17	1.659949E-18
2.326051E+04	1.138735E-17	1.670786E-18
2.330012E+04	1.146071E-17	1.682832E-18
2.333973E+04	1.154154E-17	1.695987E-18
2.337934E+04	1.162903E-17	1.710135E-18
2.341895E+04	1.172236E-17	1.725157E-18
2.345856E+04	1.182077E-17	1.740943E-18
2.349817E+04	1.192352E-17	1.757385E-18
2.353778E+04	1.202992E-17	1.774382E-18
2.357739E+04	1.213925E-17	1.791830E-18
2.361700E+04	1.225086E-17	1.809633E-18
2.365661E+04	1.236404E-17	1.827686E-18
2.369622E+04	1.247810E-17	1.845889E-18
2.373583E+04	1.259232E-17	1.864134E-18
2.377544E+04	1.270596E-17	1.882309E-18
2.381505E+04	1.281821E-17	1.900298E-18
2.385466E+04	1.292828E-17	1.917980E-18
2.389427E+04	1.303530E-17	1.935226E-18
2.393388E+04	1.313842E-17	1.951909E-18
2.397349E+04	1.323688E-17	1.967913E-18
2.401310E+04	1.333001E-17	1.983137E-18
2.405271E+04	1.341736E-17	1.997514E-18
2.409232E+04	1.349864E-17	2.010997E-18
2.413193E+04	1.357370E-17	2.023561E-18
2.417154E+04	1.364250E-17	2.035199E-18
2.421115E+04	1.370511E-17	2.045921E-18
2.425076E+04	1.376178E-17	2.055758E-18
