#wls	flux	fluxerr
1.584409E+03	1.786156E-18	1.133810E-19
1.624020E+03	1.851137E-18	1.174495E-19
1.663630E+03	1.915561E-18	1.214772E-19
1.703240E+03	1.979775E-18	1.254860E-19
1.742850E+03	2.043103E-18	1.294328E-19
1.782461E+03	2.104424E-18	1.332464E-19
1.822071E+03	2.162079E-18	1.368220E-19
1.861681E+03	2.213481E-18	1.399962E-19
1.901291E+03	2.255772E-18	1.425887E-19
1.940902E+03	2.286156E-18	1.444237E-19
1.980512E+03	2.302833E-18	1.453887E-19
2.020122E+03	2.308146E-18	1.456332E-19
2.059732E+03	2.310105E-18	1.456634E-19
2.099342E+03	2.324381E-18	1.464673E-19
2.138953E+03	2.370748E-18	1.492882E-19
2.178563E+03	2.464153E-18	1.550626E-19
2.218173E+03	2.607524E-18	1.639681E-19
2.257783E+03	2.793060E-18	1.755072E-19
2.297394E+03	3.006609E-18	1.887848E-19
2.337004E+03	3.235474E-18	2.029996E-19
2.376614E+03	3.470744E-18	2.175898E-19
2.416224E+03	3.707513E-18	2.322461E-19
2.455835E+03	3.944047E-18	2.468590E-19
2.495445E+03	4.179775E-18	2.613918E-19
2.535055E+03	4.415719E-18	2.759073E-19
2.574665E+03	4.652402E-18	2.904374E-19
2.614276E+03	4.890542E-18	3.050255E-19
2.653886E+03	5.130372E-18	3.196849E-19
2.693496E+03	5.372089E-18	3.344265E-19
2.733106E+03	5.615287E-18	3.492234E-19
2.772716E+03	5.859154E-18	3.640240E-19
2.812327E+03	6.103000E-18	3.787840E-19
2.851937E+03	6.345735E-18	3.934346E-19
2.891547E+03	6.586584E-18	4.079269E-19
2.931157E+03	6.824909E-18	4.222205E-19
2.970768E+03	7.060197E-18	4.362831E-19
2.980670E+03	7.118449E-18	4.397567E-19
2.990573E+03	7.176483E-18	4.432141E-19
3.000475E+03	7.234267E-18	4.466532E-19
3.010378E+03	7.291918E-18	4.500813E-19
3.020280E+03	7.349237E-18	4.534862E-19
3.030183E+03	7.406198E-18	4.568661E-19
3.040086E+03	7.463158E-18	4.602432E-19
3.049988E+03	7.520065E-18	4.636142E-19
3.059891E+03	7.577515E-18	4.670158E-19
3.069793E+03	7.635205E-18	4.704293E-19
3.079696E+03	7.693021E-18	4.738476E-19
3.089598E+03	7.751149E-18	4.772822E-19
3.099501E+03	7.809159E-18	4.807066E-19
3.109403E+03	7.867107E-18	4.841242E-19
3.119306E+03	7.924886E-18	4.875283E-19
3.129209E+03	7.982549E-18	4.909223E-19
3.139111E+03	8.039856E-18	4.942914E-19
3.149014E+03	8.096876E-18	4.976398E-19
3.158916E+03	8.153516E-18	5.009618E-19
3.168819E+03	8.209563E-18	5.042442E-19
3.178721E+03	8.265081E-18	5.074912E-19
3.188624E+03	8.320159E-18	5.107081E-19
3.198526E+03	8.374434E-18	5.138727E-19
3.208429E+03	8.428147E-18	5.169998E-19
3.218332E+03	8.480948E-18	5.200678E-19
3.228234E+03	8.533225E-18	5.231008E-19
3.238137E+03	8.584508E-18	5.260698E-19
3.248039E+03	8.634900E-18	5.289812E-19
3.257942E+03	8.684505E-18	5.318415E-19
3.267844E+03	8.733163E-18	5.346408E-19
3.277747E+03	8.780988E-18	5.373861E-19
3.287650E+03	8.827691E-18	5.400600E-19
3.297552E+03	8.873406E-18	5.426705E-19
3.307455E+03	8.918131E-18	5.452175E-19
3.317357E+03	8.961874E-18	5.477017E-19
3.327260E+03	9.004637E-18	5.501232E-19
3.337162E+03	9.046322E-18	5.524761E-19
3.347065E+03	9.086948E-18	5.547616E-19
3.356967E+03	9.126555E-18	5.569821E-19
3.366870E+03	9.165180E-18	5.591400E-19
3.376773E+03	9.202747E-18	5.612308E-19
3.386675E+03	9.239309E-18	5.632576E-19
3.396578E+03	9.274925E-18	5.652240E-19
3.406480E+03	9.309549E-18	5.671275E-19
3.416383E+03	9.343247E-18	5.689720E-19
3.426285E+03	9.376108E-18	5.707631E-19
3.436188E+03	9.407972E-18	5.724910E-19
3.446090E+03	9.439052E-18	5.741686E-19
3.455993E+03	9.469339E-18	5.757957E-19
3.465896E+03	9.498807E-18	5.773705E-19
3.475798E+03	9.527584E-18	5.789008E-19
3.485701E+03	9.555548E-18	5.803795E-19
3.495603E+03	9.582821E-18	5.818138E-19
3.505506E+03	9.609418E-18	5.832048E-19
3.515408E+03	9.635366E-18	5.845541E-19
3.525311E+03	9.660680E-18	5.858626E-19
3.535213E+03	9.685394E-18	5.871324E-19
3.545116E+03	9.709438E-18	5.883594E-19
3.555019E+03	9.732957E-18	5.895525E-19
3.564921E+03	9.755884E-18	5.907073E-19
3.574824E+03	9.778375E-18	5.918336E-19
3.584726E+03	9.800265E-18	5.929214E-19
3.594629E+03	9.821812E-18	5.939862E-19
3.604531E+03	9.842763E-18	5.950128E-19
3.614434E+03	9.863278E-18	5.960110E-19
3.624337E+03	9.883318E-18	5.969783E-19
3.634239E+03	9.903032E-18	5.979238E-19
3.644142E+03	9.922283E-18	5.988393E-19
3.654044E+03	9.941239E-18	5.997349E-19
3.663947E+03	9.959852E-18	6.006077E-19
3.673849E+03	9.978276E-18	6.014670E-19
3.683752E+03	9.996469E-18	6.023104E-19
3.693654E+03	1.001468E-17	6.031528E-19
3.703557E+03	1.003277E-17	6.039856E-19
3.713460E+03	1.005095E-17	6.048223E-19
3.723362E+03	1.006929E-17	6.056658E-19
3.733265E+03	1.008789E-17	6.065235E-19
3.743167E+03	1.010681E-17	6.073978E-19
3.753070E+03	1.012623E-17	6.083004E-19
3.762972E+03	1.014610E-17	6.092277E-19
3.772875E+03	1.016662E-17	6.101912E-19
3.782777E+03	1.018787E-17	6.111970E-19
3.792680E+03	1.020997E-17	6.122510E-19
3.802583E+03	1.023299E-17	6.133582E-19
3.812485E+03	1.025694E-17	6.145185E-19
3.822388E+03	1.028207E-17	6.157471E-19
3.832290E+03	1.030847E-17	6.170490E-19
3.842193E+03	1.033610E-17	6.184219E-19
3.852095E+03	1.036512E-17	6.198757E-19
3.861998E+03	1.039561E-17	6.214138E-19
3.871900E+03	1.042768E-17	6.230439E-19
3.881803E+03	1.046131E-17	6.247643E-19
3.891706E+03	1.049671E-17	6.265871E-19
3.901608E+03	1.053384E-17	6.285098E-19
3.911511E+03	1.057291E-17	6.305449E-19
3.921413E+03	1.061384E-17	6.326877E-19
3.931316E+03	1.065666E-17	6.349399E-19
3.941218E+03	1.070158E-17	6.373128E-19
3.951121E+03	1.074851E-17	6.398022E-19
3.961024E+03	1.079756E-17	6.424132E-19
3.970926E+03	1.084872E-17	6.451463E-19
3.980829E+03	1.090210E-17	6.480067E-19
3.990731E+03	1.095769E-17	6.509945E-19
4.000634E+03	1.101550E-17	6.541091E-19
4.010536E+03	1.107561E-17	6.573556E-19
4.020439E+03	1.113811E-17	6.607397E-19
4.030341E+03	1.120282E-17	6.642498E-19
4.040244E+03	1.127003E-17	6.679023E-19
4.050147E+03	1.133953E-17	6.716862E-19
4.060049E+03	1.141154E-17	6.756123E-19
4.069952E+03	1.148595E-17	6.796757E-19
4.079854E+03	1.156288E-17	6.838819E-19
4.089757E+03	1.164235E-17	6.882326E-19
4.099659E+03	1.172438E-17	6.927281E-19
4.109562E+03	1.180899E-17	6.973703E-19
4.119464E+03	1.189624E-17	7.021613E-19
4.129367E+03	1.198624E-17	7.071083E-19
4.139270E+03	1.207906E-17	7.122144E-19
4.149172E+03	1.217465E-17	7.174771E-19
4.159075E+03	1.227309E-17	7.229001E-19
4.168977E+03	1.237444E-17	7.284869E-19
4.178880E+03	1.247889E-17	7.342489E-19
4.188782E+03	1.258644E-17	7.401854E-19
4.198685E+03	1.269719E-17	7.463016E-19
4.208587E+03	1.281115E-17	7.525980E-19
4.218490E+03	1.292855E-17	7.590879E-19
4.228393E+03	1.304942E-17	7.657725E-19
4.238295E+03	1.317391E-17	7.726607E-19
4.248198E+03	1.330218E-17	7.797611E-19
4.258100E+03	1.343417E-17	7.870697E-19
4.268003E+03	1.357028E-17	7.946101E-19
4.277905E+03	1.371048E-17	8.023791E-19
4.287808E+03	1.385495E-17	8.103880E-19
4.297711E+03	1.400377E-17	8.186398E-19
4.307613E+03	1.415735E-17	8.271588E-19
4.317516E+03	1.431552E-17	8.359346E-19
4.327418E+03	1.447867E-17	8.449894E-19
4.337321E+03	1.464696E-17	8.543315E-19
4.347223E+03	1.482060E-17	8.639732E-19
4.357126E+03	1.499993E-17	8.739330E-19
4.367028E+03	1.518509E-17	8.842197E-19
4.376931E+03	1.537648E-17	8.948544E-19
4.386834E+03	1.557388E-17	9.058253E-19
4.396736E+03	1.577758E-17	9.171472E-19
4.406639E+03	1.598740E-17	9.288092E-19
4.416541E+03	1.620323E-17	9.408050E-19
4.426444E+03	1.642521E-17	9.531414E-19
4.436346E+03	1.665271E-17	9.657818E-19
4.446249E+03	1.688594E-17	9.787372E-19
4.456151E+03	1.712417E-17	9.919646E-19
4.466054E+03	1.736739E-17	1.005463E-18
4.475957E+03	1.761509E-17	1.019203E-18
4.485859E+03	1.786688E-17	1.033160E-18
4.495762E+03	1.812235E-17	1.047312E-18
4.505664E+03	1.838071E-17	1.061611E-18
4.515567E+03	1.864181E-17	1.076049E-18
4.525469E+03	1.890478E-17	1.090575E-18
4.535372E+03	1.916905E-17	1.105156E-18
4.545274E+03	1.943402E-17	1.119757E-18
4.555177E+03	1.969906E-17	1.134342E-18
4.565080E+03	1.996332E-17	1.148862E-18
4.574982E+03	2.022589E-17	1.163266E-18
4.584885E+03	2.048603E-17	1.177509E-18
4.594787E+03	2.074297E-17	1.191548E-18
4.604690E+03	2.099587E-17	1.205336E-18
4.614592E+03	2.124355E-17	1.218804E-18
4.624495E+03	2.148533E-17	1.231915E-18
4.634398E+03	2.172017E-17	1.244609E-18
4.644300E+03	2.194700E-17	1.256827E-18
4.654203E+03	2.216500E-17	1.268521E-18
4.664105E+03	2.237316E-17	1.279635E-18
4.674008E+03	2.257053E-17	1.290116E-18
4.683910E+03	2.275624E-17	1.299915E-18
4.693813E+03	2.292952E-17	1.308989E-18
4.703715E+03	2.308973E-17	1.317303E-18
4.713618E+03	2.323640E-17	1.324832E-18
4.723521E+03	2.336925E-17	1.331562E-18
4.733423E+03	2.348799E-17	1.337477E-18
4.743326E+03	2.359295E-17	1.342598E-18
4.753228E+03	2.368398E-17	1.346917E-18
4.763131E+03	2.376204E-17	1.350491E-18
4.773033E+03	2.382737E-17	1.353335E-18
4.782936E+03	2.388107E-17	1.355512E-18
4.792838E+03	2.392419E-17	1.357083E-18
4.802741E+03	2.395739E-17	1.358088E-18
4.812644E+03	2.398233E-17	1.358621E-18
4.822546E+03	2.400006E-17	1.358742E-18
4.832449E+03	2.401207E-17	1.358538E-18
4.842351E+03	2.401890E-17	1.358038E-18
4.852254E+03	2.402246E-17	1.357352E-18
4.862156E+03	2.402344E-17	1.356518E-18
4.872059E+03	2.402315E-17	1.355611E-18
4.881961E+03	2.402233E-17	1.354673E-18
4.891864E+03	2.402213E-17	1.353768E-18
4.901767E+03	2.402287E-17	1.352915E-18
4.911669E+03	2.402547E-17	1.352165E-18
4.921572E+03	2.403080E-17	1.351567E-18
4.931474E+03	2.403889E-17	1.351122E-18
4.941377E+03	2.405016E-17	1.350854E-18
4.951279E+03	2.406520E-17	1.350795E-18
4.961182E+03	2.408429E-17	1.350960E-18
4.971085E+03	2.410713E-17	1.351334E-18
4.980987E+03	2.413412E-17	1.351936E-18
4.990890E+03	2.416535E-17	1.352772E-18
5.000792E+03	2.420088E-17	1.353845E-18
5.010695E+03	2.424051E-17	1.355142E-18
5.020597E+03	2.428423E-17	1.356664E-18
5.030500E+03	2.433229E-17	1.358423E-18
5.040402E+03	2.438420E-17	1.360391E-18
5.050305E+03	2.444020E-17	1.362583E-18
5.060208E+03	2.450004E-17	1.364982E-18
5.070110E+03	2.456373E-17	1.367590E-18
5.080013E+03	2.463130E-17	1.370407E-18
5.089915E+03	2.470274E-17	1.373432E-18
5.099818E+03	2.477784E-17	1.376654E-18
5.109720E+03	2.485684E-17	1.380084E-18
5.119623E+03	2.493924E-17	1.383697E-18
5.129525E+03	2.502527E-17	1.387502E-18
5.139428E+03	2.511464E-17	1.391484E-18
5.149331E+03	2.520727E-17	1.395638E-18
5.159233E+03	2.530306E-17	1.399958E-18
5.169136E+03	2.540186E-17	1.404436E-18
5.179038E+03	2.550300E-17	1.409033E-18
5.188941E+03	2.560678E-17	1.413767E-18
5.198843E+03	2.571217E-17	1.418580E-18
5.208746E+03	2.581942E-17	1.423485E-18
5.218648E+03	2.592769E-17	1.428437E-18
5.228551E+03	2.603689E-17	1.433431E-18
5.238454E+03	2.614642E-17	1.438432E-18
5.248356E+03	2.625560E-17	1.443403E-18
5.258259E+03	2.636429E-17	1.448338E-18
5.268161E+03	2.647151E-17	1.453182E-18
5.278064E+03	2.657709E-17	1.457926E-18
5.287966E+03	2.668030E-17	1.462530E-18
5.297869E+03	2.678042E-17	1.466956E-18
5.307772E+03	2.687698E-17	1.471177E-18
5.317674E+03	2.696958E-17	1.475172E-18
5.327577E+03	2.705778E-17	1.478918E-18
5.337479E+03	2.714072E-17	1.482369E-18
5.347382E+03	2.721837E-17	1.485522E-18
5.357284E+03	2.729027E-17	1.488355E-18
5.367187E+03	2.735658E-17	1.490876E-18
5.377089E+03	2.741678E-17	1.493057E-18
5.386992E+03	2.747181E-17	1.494951E-18
5.396895E+03	2.752222E-17	1.496588E-18
5.406797E+03	2.757005E-17	1.498079E-18
5.416700E+03	2.761526E-17	1.499423E-18
5.426602E+03	2.765652E-17	1.500549E-18
5.436505E+03	2.769313E-17	1.501417E-18
5.446407E+03	2.772528E-17	1.502040E-18
5.456310E+03	2.775430E-17	1.502490E-18
5.466212E+03	2.778013E-17	1.502764E-18
5.476115E+03	2.780437E-17	1.502949E-18
5.486018E+03	2.782717E-17	1.503053E-18
5.495920E+03	2.784946E-17	1.503127E-18
5.505823E+03	2.787206E-17	1.503215E-18
5.515725E+03	2.789573E-17	1.503358E-18
5.525628E+03	2.792051E-17	1.503558E-18
5.535530E+03	2.794690E-17	1.503843E-18
5.545433E+03	2.797531E-17	1.504232E-18
5.555335E+03	2.800571E-17	1.504726E-18
5.565238E+03	2.803799E-17	1.505318E-18
5.575141E+03	2.807251E-17	1.506027E-18
5.585043E+03	2.810869E-17	1.506822E-18
5.594946E+03	2.814642E-17	1.507696E-18
5.604848E+03	2.818527E-17	1.508627E-18
5.614751E+03	2.822504E-17	1.509604E-18
5.624653E+03	2.826523E-17	1.510599E-18
5.634556E+03	2.830530E-17	1.511585E-18
5.644459E+03	2.834504E-17	1.512550E-18
5.654361E+03	2.838426E-17	1.513483E-18
5.664264E+03	2.842221E-17	1.514347E-18
5.674166E+03	2.845881E-17	1.515134E-18
5.684069E+03	2.849373E-17	1.515830E-18
5.693971E+03	2.852672E-17	1.516421E-18
5.703874E+03	2.855822E-17	1.516930E-18
5.713776E+03	2.858754E-17	1.517322E-18
5.723679E+03	2.861531E-17	1.517629E-18
5.733582E+03	2.864130E-17	1.517840E-18
5.743484E+03	2.866596E-17	1.517979E-18
5.753387E+03	2.868952E-17	1.518059E-18
5.763289E+03	2.871225E-17	1.518094E-18
5.773192E+03	2.873476E-17	1.518117E-18
5.783094E+03	2.875710E-17	1.518129E-18
5.792997E+03	2.877992E-17	1.518166E-18
5.802899E+03	2.880356E-17	1.518245E-18
5.812802E+03	2.882806E-17	1.518369E-18
5.822705E+03	2.885437E-17	1.518588E-18
5.832607E+03	2.888216E-17	1.518884E-18
5.842510E+03	2.891233E-17	1.519304E-18
5.852412E+03	2.894480E-17	1.519844E-18
5.862315E+03	2.897978E-17	1.520516E-18
5.872217E+03	2.901779E-17	1.521344E-18
5.882120E+03	2.905833E-17	1.522305E-18
5.892022E+03	2.910186E-17	1.523420E-18
5.901925E+03	2.914885E-17	1.524715E-18
5.911828E+03	2.919874E-17	1.526161E-18
5.921730E+03	2.925196E-17	1.527778E-18
5.931633E+03	2.930859E-17	1.529572E-18
5.941535E+03	2.936838E-17	1.531529E-18
5.951438E+03	2.943138E-17	1.533651E-18
5.961340E+03	2.949763E-17	1.535940E-18
5.971243E+03	2.956685E-17	1.538381E-18
5.981146E+03	2.963904E-17	1.540975E-18
5.991048E+03	2.971454E-17	1.543738E-18
6.000951E+03	2.979232E-17	1.546617E-18
6.010853E+03	2.987304E-17	1.549645E-18
6.020756E+03	2.995558E-17	1.552766E-18
6.030658E+03	3.004058E-17	1.556010E-18
6.040561E+03	3.012685E-17	1.559319E-18
6.050463E+03	3.021460E-17	1.562701E-18
6.060366E+03	3.030296E-17	1.566112E-18
6.070269E+03	3.039207E-17	1.569559E-18
6.080171E+03	3.048099E-17	1.572995E-18
6.090074E+03	3.056913E-17	1.576388E-18
6.099976E+03	3.065661E-17	1.579745E-18
6.109879E+03	3.074246E-17	1.583017E-18
6.119781E+03	3.082686E-17	1.586212E-18
6.129684E+03	3.090966E-17	1.589325E-18
6.139586E+03	3.099073E-17	1.592348E-18
6.149489E+03	3.107003E-17	1.595279E-18
6.159392E+03	3.114834E-17	1.598160E-18
6.169294E+03	3.122573E-17	1.600993E-18
6.179197E+03	3.130273E-17	1.603808E-18
6.189099E+03	3.137994E-17	1.606633E-18
6.199002E+03	3.145873E-17	1.609541E-18
6.208904E+03	3.153895E-17	1.612523E-18
6.218807E+03	3.162125E-17	1.615612E-18
6.228709E+03	3.170674E-17	1.618865E-18
6.238612E+03	3.179614E-17	1.622318E-18
6.248515E+03	3.188971E-17	1.625985E-18
6.258417E+03	3.198770E-17	1.629879E-18
6.268320E+03	3.209122E-17	1.634053E-18
6.278222E+03	3.219999E-17	1.638496E-18
6.288125E+03	3.231462E-17	1.643236E-18
6.298027E+03	3.243522E-17	1.648278E-18
6.307930E+03	3.256183E-17	1.653626E-18
6.317833E+03	3.269447E-17	1.659278E-18
6.327735E+03	3.283311E-17	1.665233E-18
6.337638E+03	3.297769E-17	1.671486E-18
6.347540E+03	3.312764E-17	1.678010E-18
6.357443E+03	3.328330E-17	1.684821E-18
6.367345E+03	3.344454E-17	1.691910E-18
6.377248E+03	3.361168E-17	1.699296E-18
6.387150E+03	3.378510E-17	1.706995E-18
6.397053E+03	3.396416E-17	1.714975E-18
6.406956E+03	3.414974E-17	1.723281E-18
6.416858E+03	3.434174E-17	1.731907E-18
6.426761E+03	3.454054E-17	1.740871E-18
6.436663E+03	3.474555E-17	1.750143E-18
6.446566E+03	3.495772E-17	1.759771E-18
6.456468E+03	3.517642E-17	1.769723E-18
6.466371E+03	3.540208E-17	1.780018E-18
6.476273E+03	3.563402E-17	1.790625E-18
6.486176E+03	3.587264E-17	1.801560E-18
6.496079E+03	3.611837E-17	1.812847E-18
6.505981E+03	3.636985E-17	1.824416E-18
6.515884E+03	3.662744E-17	1.836285E-18
6.525786E+03	3.689146E-17	1.848469E-18
6.535689E+03	3.716042E-17	1.860895E-18
6.545591E+03	3.743522E-17	1.873606E-18
6.555494E+03	3.771428E-17	1.886523E-18
6.565396E+03	3.799844E-17	1.899689E-18
6.575299E+03	3.828607E-17	1.913022E-18
6.585202E+03	3.857741E-17	1.926532E-18
6.595104E+03	3.887206E-17	1.940201E-18
6.605007E+03	3.916898E-17	1.953977E-18
6.614909E+03	3.946849E-17	1.967876E-18
6.624812E+03	3.976962E-17	1.981849E-18
6.634714E+03	4.007208E-17	1.995882E-18
6.644617E+03	4.037633E-17	2.009999E-18
6.654520E+03	4.068152E-17	2.024156E-18
6.664422E+03	4.098678E-17	2.038312E-18
6.674325E+03	4.129346E-17	2.052533E-18
6.684227E+03	4.160003E-17	2.066743E-18
6.694130E+03	4.190715E-17	2.080977E-18
6.704032E+03	4.221479E-17	2.095231E-18
6.713935E+03	4.252213E-17	2.109467E-18
6.723837E+03	4.282907E-17	2.123679E-18
6.733740E+03	4.313548E-17	2.137861E-18
6.743643E+03	4.344194E-17	2.152043E-18
6.753545E+03	4.374748E-17	2.166177E-18
6.763448E+03	4.405097E-17	2.180206E-18
6.773350E+03	4.435284E-17	2.194154E-18
6.783253E+03	4.465267E-17	2.208000E-18
6.793155E+03	4.494995E-17	2.221718E-18
6.803058E+03	4.524330E-17	2.235242E-18
6.812960E+03	4.553210E-17	2.248541E-18
6.822863E+03	4.581655E-17	2.261625E-18
6.832766E+03	4.609511E-17	2.274421E-18
6.842668E+03	4.636712E-17	2.286895E-18
6.852571E+03	4.663187E-17	2.299013E-18
6.862473E+03	4.688871E-17	2.310745E-18
6.872376E+03	4.713699E-17	2.322059E-18
6.882278E+03	4.737610E-17	2.332925E-18
6.892181E+03	4.760459E-17	2.343274E-18
6.902083E+03	4.782191E-17	2.353080E-18
6.911986E+03	4.802854E-17	2.362367E-18
6.921889E+03	4.822409E-17	2.371116E-18
6.931791E+03	4.840637E-17	2.379221E-18
6.941694E+03	4.857697E-17	2.386761E-18
6.951596E+03	4.873478E-17	2.393683E-18
6.961499E+03	4.887967E-17	2.399982E-18
6.971401E+03	4.901065E-17	2.405609E-18
6.981304E+03	4.912875E-17	2.410617E-18
6.991207E+03	4.923414E-17	2.415014E-18
7.001109E+03	4.932710E-17	2.418816E-18
7.011012E+03	4.940706E-17	2.421994E-18
7.020914E+03	4.947451E-17	2.424575E-18
7.030817E+03	4.953110E-17	2.426639E-18
7.040719E+03	4.957659E-17	2.428177E-18
7.050622E+03	4.961087E-17	2.429182E-18
7.060524E+03	4.963691E-17	2.429802E-18
7.070427E+03	4.965480E-17	2.430042E-18
7.080330E+03	4.966570E-17	2.429957E-18
7.090232E+03	4.966978E-17	2.429558E-18
7.100135E+03	4.966927E-17	2.428955E-18
7.110037E+03	4.966540E-17	2.428207E-18
7.119940E+03	4.965833E-17	2.427323E-18
7.129842E+03	4.964921E-17	2.426358E-18
7.139745E+03	4.964008E-17	2.425415E-18
7.149647E+03	4.963089E-17	2.424490E-18
7.159550E+03	4.962245E-17	2.423622E-18
7.169453E+03	4.961541E-17	2.422845E-18
7.179355E+03	4.961033E-17	2.422186E-18
7.189258E+03	4.960651E-17	2.421610E-18
7.199160E+03	4.960623E-17	2.421229E-18
7.209063E+03	4.960851E-17	2.420996E-18
7.218965E+03	4.961118E-17	2.420805E-18
7.228868E+03	4.961714E-17	2.420798E-18
7.238770E+03	4.962297E-17	2.420807E-18
7.248673E+03	4.963038E-17	2.420918E-18
7.258576E+03	4.963789E-17	2.421058E-18
7.268478E+03	4.964507E-17	2.421207E-18
7.278381E+03	4.965045E-17	2.421292E-18
7.288283E+03	4.965363E-17	2.421295E-18
7.298186E+03	4.965429E-17	2.421201E-18
7.308088E+03	4.965217E-17	2.420998E-18
7.317991E+03	4.964500E-17	2.420575E-18
7.327894E+03	4.963379E-17	2.419981E-18
7.337796E+03	4.961643E-17	2.419114E-18
7.347699E+03	4.959201E-17	2.417931E-18
7.357601E+03	4.955971E-17	2.416390E-18
7.367504E+03	4.952100E-17	2.414566E-18
7.377406E+03	4.947634E-17	2.412479E-18
7.387309E+03	4.942850E-17	2.410265E-18
7.397211E+03	4.938034E-17	2.408065E-18
7.407114E+03	4.933157E-17	2.405863E-18
7.417017E+03	4.928412E-17	2.403755E-18
7.426919E+03	4.924113E-17	2.401894E-18
7.436822E+03	4.920139E-17	2.400222E-18
7.446724E+03	4.916815E-17	2.398897E-18
7.456627E+03	4.914248E-17	2.397972E-18
7.466529E+03	4.912547E-17	2.397500E-18
7.476432E+03	4.911826E-17	2.397538E-18
7.486334E+03	4.912194E-17	2.398140E-18
7.496237E+03	4.913877E-17	2.399416E-18
7.506140E+03	4.916873E-17	2.401366E-18
7.516042E+03	4.921402E-17	2.404099E-18
7.525945E+03	4.927458E-17	2.407613E-18
7.535847E+03	4.935258E-17	2.412014E-18
7.545750E+03	4.944898E-17	2.417351E-18
7.555652E+03	4.956351E-17	2.423611E-18
7.565555E+03	4.969806E-17	2.430890E-18
7.575457E+03	4.985326E-17	2.439219E-18
7.585360E+03	5.002826E-17	2.448557E-18
7.595263E+03	5.022419E-17	2.458963E-18
7.605165E+03	5.043953E-17	2.470363E-18
7.615068E+03	5.067614E-17	2.482850E-18
7.624970E+03	5.093092E-17	2.496274E-18
7.634873E+03	5.120423E-17	2.510654E-18
7.644775E+03	5.149386E-17	2.525884E-18
7.654678E+03	5.179997E-17	2.541970E-18
7.664581E+03	5.212141E-17	2.558859E-18
7.674483E+03	5.245697E-17	2.576493E-18
7.684386E+03	5.280412E-17	2.594747E-18
7.694288E+03	5.316281E-17	2.613621E-18
7.704191E+03	5.353172E-17	2.633051E-18
7.714093E+03	5.390819E-17	2.652906E-18
7.723996E+03	5.429218E-17	2.673186E-18
7.733898E+03	5.468103E-17	2.693760E-18
7.743801E+03	5.507475E-17	2.714630E-18
7.753704E+03	5.546936E-17	2.735600E-18
7.763606E+03	5.586775E-17	2.756812E-18
7.773509E+03	5.626465E-17	2.778007E-18
7.783411E+03	5.666037E-17	2.799201E-18
7.793314E+03	5.705252E-17	2.820275E-18
7.803216E+03	5.744165E-17	2.841256E-18
7.813119E+03	5.782554E-17	2.862035E-18
7.823021E+03	5.820207E-17	2.882505E-18
7.832924E+03	5.857060E-17	2.902636E-18
7.842827E+03	5.893063E-17	2.922400E-18
7.852729E+03	5.928022E-17	2.941701E-18
7.862632E+03	5.961746E-17	2.960444E-18
7.872534E+03	5.994048E-17	2.978533E-18
7.882437E+03	6.024892E-17	2.995951E-18
7.892339E+03	6.053940E-17	3.012526E-18
7.902242E+03	6.081630E-17	3.028475E-18
7.912144E+03	6.107944E-17	3.043787E-18
7.922047E+03	6.132867E-17	3.058454E-18
7.931950E+03	6.156706E-17	3.072626E-18
7.941852E+03	6.179458E-17	3.086301E-18
7.951755E+03	6.201446E-17	3.099639E-18
7.961657E+03	6.222351E-17	3.112479E-18
7.971560E+03	6.242667E-17	3.125067E-18
7.981462E+03	6.262243E-17	3.137326E-18
7.991365E+03	6.281092E-17	3.149262E-18
8.001268E+03	6.299395E-17	3.160964E-18
8.011170E+03	6.317173E-17	3.172442E-18
8.021073E+03	6.334279E-17	3.183621E-18
8.030975E+03	6.350908E-17	3.194598E-18
8.040878E+03	6.367088E-17	3.205385E-18
8.050780E+03	6.383027E-17	3.216089E-18
8.060683E+03	6.398420E-17	3.226552E-18
8.070585E+03	6.413482E-17	3.236884E-18
8.080488E+03	6.428265E-17	3.247109E-18
8.090391E+03	6.442824E-17	3.257255E-18
8.100293E+03	6.457223E-17	3.267353E-18
8.110196E+03	6.471528E-17	3.277436E-18
8.120098E+03	6.485634E-17	3.287451E-18
8.130001E+03	6.499795E-17	3.297525E-18
8.139903E+03	6.514094E-17	3.307701E-18
8.149806E+03	6.528613E-17	3.318021E-18
8.159708E+03	6.543257E-17	3.328434E-18
8.169611E+03	6.558109E-17	3.338985E-18
8.179514E+03	6.573436E-17	3.349808E-18
8.189416E+03	6.589138E-17	3.360854E-18
8.199319E+03	6.605293E-17	3.372161E-18
8.209221E+03	6.622159E-17	3.383862E-18
8.219124E+03	6.639430E-17	3.395802E-18
8.229026E+03	6.657536E-17	3.408201E-18
8.238929E+03	6.676336E-17	3.420987E-18
8.248831E+03	6.695668E-17	3.434077E-18
8.258734E+03	6.715931E-17	3.447678E-18
8.268637E+03	6.736738E-17	3.461590E-18
8.278539E+03	6.758261E-17	3.475905E-18
8.288442E+03	6.780460E-17	3.490600E-18
8.298344E+03	6.803081E-17	3.505547E-18
8.308247E+03	6.826242E-17	3.520806E-18
8.318149E+03	6.849652E-17	3.536226E-18
8.328052E+03	6.873199E-17	3.551753E-18
8.337955E+03	6.896961E-17	3.567423E-18
8.347857E+03	6.920608E-17	3.583068E-18
8.357760E+03	6.944004E-17	3.598616E-18
8.367662E+03	6.967214E-17	3.614101E-18
8.377565E+03	6.989695E-17	3.629239E-18
8.387467E+03	7.011521E-17	3.644067E-18
8.397370E+03	7.032571E-17	3.658523E-18
8.407272E+03	7.052735E-17	3.672546E-18
8.417175E+03	7.071712E-17	3.685977E-18
8.427078E+03	7.089629E-17	3.698883E-18
8.436980E+03	7.106426E-17	3.711228E-18
8.446883E+03	7.121847E-17	3.722878E-18
8.456785E+03	7.135863E-17	3.733814E-18
8.466688E+03	7.148678E-17	3.744141E-18
8.476590E+03	7.160083E-17	3.753748E-18
8.486493E+03	7.170099E-17	3.762642E-18
8.496395E+03	7.178760E-17	3.770840E-18
8.506298E+03	7.186114E-17	3.778363E-18
8.516201E+03	7.192001E-17	3.785127E-18
8.526103E+03	7.196933E-17	3.791396E-18
8.536006E+03	7.200550E-17	3.796981E-18
8.545908E+03	7.202941E-17	3.801926E-18
8.555811E+03	7.204425E-17	3.806397E-18
8.565713E+03	7.204885E-17	3.810329E-18
8.575616E+03	7.204428E-17	3.813780E-18
8.585518E+03	7.203166E-17	3.816805E-18
8.595421E+03	7.201214E-17	3.819464E-18
8.605324E+03	7.198687E-17	3.821817E-18
8.615226E+03	7.195469E-17	3.823802E-18
8.625129E+03	7.191672E-17	3.825476E-18
8.635031E+03	7.187629E-17	3.827015E-18
8.644934E+03	7.183216E-17	3.828352E-18
8.654836E+03	7.178529E-17	3.829540E-18
8.664739E+03	7.173431E-17	3.830502E-18
8.674642E+03	7.168237E-17	3.831407E-18
8.684544E+03	7.162795E-17	3.832173E-18
8.694447E+03	7.157175E-17	3.832836E-18
8.704349E+03	7.151208E-17	3.833307E-18
8.714252E+03	7.145180E-17	3.833736E-18
8.724154E+03	7.139139E-17	3.834151E-18
8.734057E+03	7.132653E-17	3.834318E-18
8.743959E+03	7.126223E-17	3.834505E-18
8.753862E+03	7.119396E-17	3.834470E-18
8.763765E+03	7.112425E-17	3.834347E-18
8.773667E+03	7.105314E-17	3.834138E-18
8.783570E+03	7.098064E-17	3.833843E-18
8.793472E+03	7.090910E-17	3.833589E-18
8.803375E+03	7.083839E-17	3.833369E-18
8.813277E+03	7.076831E-17	3.833172E-18
8.823180E+03	7.070107E-17	3.833118E-18
8.833082E+03	7.063884E-17	3.833323E-18
8.842985E+03	7.057879E-17	3.833637E-18
8.852888E+03	7.052047E-17	3.834033E-18
8.862790E+03	7.046846E-17	3.834762E-18
8.872693E+03	7.041974E-17	3.835660E-18
8.882595E+03	7.037378E-17	3.836698E-18
8.892498E+03	7.033524E-17	3.838130E-18
8.902400E+03	7.029842E-17	3.839647E-18
8.912303E+03	7.026807E-17	3.841508E-18
8.951913E+03	7.018719E-17	3.851082E-18
8.991523E+03	7.017621E-17	3.864365E-18
9.031134E+03	7.024854E-17	3.882129E-18
9.070744E+03	7.041668E-17	3.905109E-18
9.110354E+03	7.070751E-17	3.934846E-18
9.149964E+03	7.113046E-17	3.971930E-18
9.189575E+03	7.171140E-17	4.017875E-18
9.229185E+03	7.244870E-17	4.072668E-18
9.268795E+03	7.333110E-17	4.135752E-18
9.308405E+03	7.431927E-17	4.204969E-18
9.348016E+03	7.537248E-17	4.278055E-18
9.387626E+03	7.645004E-17	4.352715E-18
9.427236E+03	7.751326E-17	4.426740E-18
9.466846E+03	7.855173E-17	4.499516E-18
9.506456E+03	7.956725E-17	4.571122E-18
9.546067E+03	8.056949E-17	4.642093E-18
9.585677E+03	8.158459E-17	4.713922E-18
9.625287E+03	8.262059E-17	4.787073E-18
9.664897E+03	8.366781E-17	4.860983E-18
9.704508E+03	8.472049E-17	4.935312E-18
9.744118E+03	8.576284E-17	5.009132E-18
9.783728E+03	8.677172E-17	5.081073E-18
9.823338E+03	8.771158E-17	5.149027E-18
9.862949E+03	8.853532E-17	5.210181E-18
9.902559E+03	8.919077E-17	5.261404E-18
9.942169E+03	8.962708E-17	5.299611E-18
9.981779E+03	8.980665E-17	5.322481E-18
1.002139E+04	8.969212E-17	5.327689E-18
1.006100E+04	8.925113E-17	5.313193E-18
1.010061E+04	8.848755E-17	5.279101E-18
1.014022E+04	8.742764E-17	5.226866E-18
1.017983E+04	8.609795E-17	5.157978E-18
1.021944E+04	8.455121E-17	5.075514E-18
