#wls	flux	fluxerr
3.257341E+03	7.887623E-18	8.942470E-19
3.296951E+03	8.262653E-18	9.269529E-19
3.336561E+03	8.665329E-18	9.618145E-19
3.376171E+03	9.096879E-18	9.988670E-19
3.415782E+03	9.558776E-18	1.038167E-18
3.455392E+03	1.005317E-17	1.079835E-18
3.495002E+03	1.058357E-17	1.124127E-18
3.534612E+03	1.115521E-17	1.171467E-18
3.574223E+03	1.177468E-17	1.222388E-18
3.613833E+03	1.244921E-17	1.277462E-18
3.653443E+03	1.318604E-17	1.337227E-18
3.693053E+03	1.399184E-17	1.402131E-18
3.732664E+03	1.487246E-17	1.472506E-18
3.772274E+03	1.583304E-17	1.548590E-18
3.811884E+03	1.687869E-17	1.630595E-18
3.851494E+03	1.801576E-17	1.718823E-18
3.891105E+03	1.925138E-17	1.813627E-18
3.930715E+03	2.059242E-17	1.915299E-18
3.970325E+03	2.204430E-17	2.023966E-18
4.009935E+03	2.361003E-17	2.139517E-18
4.049545E+03	2.528941E-17	2.261536E-18
4.089156E+03	2.707831E-17	2.389271E-18
4.128766E+03	2.896821E-17	2.521609E-18
4.168376E+03	3.094560E-17	2.657049E-18
4.207986E+03	3.299163E-17	2.793712E-18
4.247597E+03	3.508194E-17	2.929348E-18
4.287207E+03	3.718650E-17	3.061360E-18
4.326817E+03	3.927000E-17	3.186870E-18
4.366427E+03	4.129281E-17	3.302819E-18
4.406038E+03	4.321734E-17	3.406499E-18
4.445648E+03	4.502103E-17	3.496544E-18
4.485258E+03	4.668745E-17	3.572163E-18
4.524868E+03	4.820138E-17	3.632724E-18
4.564479E+03	4.954683E-17	3.677604E-18
4.604089E+03	5.070534E-17	3.706069E-18
4.643699E+03	5.165464E-17	3.717191E-18
4.683309E+03	5.236875E-17	3.709871E-18
4.722919E+03	5.282214E-17	3.683156E-18
4.762530E+03	5.300492E-17	3.637265E-18
4.802140E+03	5.295550E-17	3.575717E-18
4.841750E+03	5.274892E-17	3.504277E-18
4.881360E+03	5.246763E-17	3.428851E-18
4.920971E+03	5.218085E-17	3.354119E-18
4.960581E+03	5.193622E-17	3.283104E-18
5.000191E+03	5.175726E-17	3.217127E-18
5.039801E+03	5.164474E-17	3.156026E-18
5.079412E+03	5.158019E-17	3.098485E-18
5.119022E+03	5.153005E-17	3.042378E-18
5.158632E+03	5.145060E-17	2.985132E-18
5.198242E+03	5.129346E-17	2.924089E-18
5.237853E+03	5.101237E-17	2.856903E-18
5.277463E+03	5.057094E-17	2.781954E-18
5.317073E+03	4.995142E-17	2.698768E-18
5.356683E+03	4.916666E-17	2.608553E-18
5.396293E+03	4.828475E-17	2.515331E-18
5.435904E+03	4.740821E-17	2.424619E-18
5.475514E+03	4.663828E-17	2.341477E-18
5.515124E+03	4.605184E-17	2.269394E-18
5.554734E+03	4.568269E-17	2.209495E-18
5.594345E+03	4.552435E-17	2.160889E-18
5.633955E+03	4.554889E-17	2.121724E-18
5.673565E+03	4.572021E-17	2.089894E-18
5.713175E+03	4.600204E-17	2.063429E-18
5.752786E+03	4.636299E-17	2.040715E-18
5.792396E+03	4.677991E-17	2.020613E-18
5.832006E+03	4.724024E-17	2.002520E-18
5.871616E+03	4.774356E-17	1.986390E-18
5.911227E+03	4.830325E-17	1.972755E-18
5.950837E+03	4.894770E-17	1.962720E-18
5.990447E+03	4.972137E-17	1.957957E-18
6.030057E+03	5.068511E-17	1.960667E-18
6.069667E+03	5.191485E-17	1.973489E-18
6.109278E+03	5.349559E-17	1.999249E-18
6.148888E+03	5.550089E-17	2.040194E-18
6.188498E+03	5.792404E-17	2.095577E-18
6.228108E+03	6.072630E-17	2.163618E-18
6.267719E+03	6.389799E-17	2.243734E-18
6.307329E+03	6.729937E-17	2.330941E-18
6.346939E+03	7.071768E-17	2.418042E-18
6.386549E+03	7.391567E-17	2.497385E-18
6.426160E+03	7.674008E-17	2.564406E-18
6.465770E+03	7.916918E-17	2.618983E-18
6.505380E+03	8.123428E-17	2.662654E-18
6.544990E+03	8.299158E-17	2.697605E-18
6.584601E+03	8.450092E-17	2.726000E-18
6.624211E+03	8.581154E-17	2.749547E-18
6.663821E+03	8.695464E-17	2.769298E-18
6.703431E+03	8.794090E-17	2.785602E-18
6.743041E+03	8.876144E-17	2.798168E-18
6.782652E+03	8.939104E-17	2.806179E-18
6.822262E+03	8.979301E-17	2.808464E-18
6.861872E+03	8.992520E-17	2.803687E-18
6.901482E+03	8.974662E-17	2.790556E-18
6.941093E+03	8.922428E-17	2.768029E-18
6.980703E+03	8.833909E-17	2.735497E-18
7.020313E+03	8.709049E-17	2.692919E-18
7.059923E+03	8.549902E-17	2.640895E-18
7.099534E+03	8.360676E-17	2.580683E-18
7.139144E+03	8.147580E-17	2.514147E-18
7.178754E+03	7.918577E-17	2.443687E-18
7.218364E+03	7.683137E-17	2.372167E-18
7.257975E+03	7.452050E-17	2.302865E-18
7.297585E+03	7.237338E-17	2.239459E-18
7.337195E+03	7.052086E-17	2.185990E-18
7.376805E+03	6.909932E-17	2.146721E-18
7.416415E+03	6.823548E-17	2.125686E-18
7.456026E+03	6.800256E-17	2.125336E-18
7.495636E+03	6.837400E-17	2.145003E-18
7.535246E+03	6.937940E-17	2.185768E-18
7.574856E+03	7.094195E-17	2.245411E-18
7.614467E+03	7.289047E-17	2.318697E-18
7.654077E+03	7.503767E-17	2.399792E-18
7.693687E+03	7.715954E-17	2.481562E-18
7.733297E+03	7.899428E-17	2.555483E-18
7.772908E+03	8.027043E-17	2.612460E-18
7.812518E+03	8.086276E-17	2.647932E-18
7.852128E+03	8.079230E-17	2.662040E-18
7.891738E+03	8.011604E-17	2.656130E-18
7.931349E+03	7.891287E-17	2.632331E-18
7.970959E+03	7.727158E-17	2.593186E-18
8.010569E+03	7.528217E-17	2.541374E-18
8.050179E+03	7.303004E-17	2.479515E-18
8.089789E+03	7.059293E-17	2.410062E-18
8.129400E+03	6.803962E-17	2.335247E-18
8.169010E+03	6.543014E-17	2.257072E-18
8.208620E+03	6.281660E-17	2.177326E-18
8.248230E+03	6.024484E-17	2.097635E-18
8.287841E+03	5.775631E-17	2.019507E-18
8.327451E+03	5.539034E-17	1.944411E-18
8.367061E+03	5.318642E-17	1.873846E-18
8.406671E+03	5.118617E-17	1.809407E-18
8.446282E+03	4.943496E-17	1.752835E-18
8.485892E+03	4.798279E-17	1.706047E-18
8.525502E+03	4.688431E-17	1.671135E-18
8.565112E+03	4.619776E-17	1.650319E-18
8.604723E+03	4.598046E-17	1.645790E-18
8.644333E+03	4.626934E-17	1.659000E-18
8.683943E+03	4.705285E-17	1.689643E-18
8.723553E+03	4.829381E-17	1.736467E-18
8.763163E+03	4.995053E-17	1.798035E-18
8.802774E+03	5.198040E-17	1.872864E-18
8.842384E+03	5.433845E-17	1.959373E-18
8.881994E+03	5.697412E-17	2.055775E-18
8.921604E+03	5.982641E-17	2.159906E-18
8.961215E+03	6.281814E-17	2.269024E-18
9.000825E+03	6.584921E-17	2.379565E-18
9.040435E+03	6.878964E-17	2.486897E-18
9.080045E+03	7.147269E-17	2.585069E-18
9.119656E+03	7.371628E-17	2.667577E-18
9.159266E+03	7.547450E-17	2.732847E-18
9.198876E+03	7.680090E-17	2.782885E-18
9.238486E+03	7.773704E-17	2.819188E-18
9.278097E+03	7.831966E-17	2.843060E-18
9.317707E+03	7.858236E-17	2.855691E-18
9.357317E+03	7.855833E-17	2.858257E-18
9.396927E+03	7.828299E-17	2.852014E-18
9.436537E+03	7.779583E-17	2.838373E-18
9.476148E+03	7.714145E-17	2.818934E-18
9.515758E+03	7.636953E-17	2.795491E-18
9.555368E+03	7.553412E-17	2.770013E-18
9.594978E+03	7.469220E-17	2.744585E-18
9.634589E+03	7.390152E-17	2.721340E-18
9.674199E+03	7.321652E-17	2.702311E-18
9.713809E+03	7.268153E-17	2.689173E-18
9.753419E+03	7.231877E-17	2.682807E-18
9.793030E+03	7.210880E-17	2.682555E-18
9.832640E+03	7.197496E-17	2.685607E-18
9.872250E+03	7.195692E-17	2.693370E-18
9.911857E+03	7.211031E-17	2.707827E-18
9.951468E+03	7.243316E-17	2.728822E-18
9.991078E+03	7.289502E-17	2.755120E-18
1.003069E+04	7.345297E-17	2.785000E-18
1.007030E+04	7.406154E-17	2.816617E-18
1.010991E+04	7.467958E-17	2.848271E-18
1.014952E+04	7.527475E-17	2.878577E-18
1.018913E+04	7.582749E-17	2.906628E-18
1.022874E+04	7.633388E-17	2.932113E-18
1.026835E+04	7.680724E-17	2.955389E-18
1.030796E+04	7.727764E-17	2.977465E-18
1.034757E+04	7.778829E-17	2.999868E-18
1.038718E+04	7.838857E-17	3.024368E-18
1.042679E+04	7.912473E-17	3.052612E-18
1.046640E+04	8.003011E-17	3.085738E-18
1.050601E+04	8.111760E-17	3.124074E-18
1.054562E+04	8.237607E-17	3.167000E-18
1.058523E+04	8.377170E-17	3.213005E-18
1.062484E+04	8.525318E-17	3.259903E-18
1.066445E+04	8.675884E-17	3.305117E-18
1.070406E+04	8.822419E-17	3.345995E-18
1.074367E+04	8.958835E-17	3.380071E-18
1.078328E+04	9.079906E-17	3.405260E-18
1.082289E+04	9.181570E-17	3.419988E-18
1.086250E+04	9.261090E-17	3.423246E-18
1.090211E+04	9.317062E-17	3.414588E-18
1.094172E+04	9.349271E-17	3.394062E-18
1.098133E+04	9.358486E-17	3.362127E-18
1.102094E+04	9.346175E-17	3.319526E-18
1.106055E+04	9.314225E-17	3.267177E-18
1.110016E+04	9.264701E-17	3.206071E-18
1.113977E+04	9.199644E-17	3.137196E-18
1.117938E+04	9.120943E-17	3.061491E-18
1.121900E+04	9.030270E-17	2.979819E-18
1.125861E+04	8.929071E-17	2.892964E-18
1.129822E+04	8.818595E-17	2.801649E-18
1.133783E+04	8.699934E-17	2.706544E-18
1.137744E+04	8.574090E-17	2.608291E-18
1.141705E+04	8.442014E-17	2.507518E-18
1.145666E+04	8.304675E-17	2.404857E-18
1.149627E+04	8.163129E-17	2.300960E-18
1.153588E+04	8.018595E-17	2.196520E-18
1.157549E+04	7.872510E-17	2.092271E-18
1.161510E+04	7.726547E-17	1.988991E-18
1.165471E+04	7.582594E-17	1.887483E-18
1.169432E+04	7.442694E-17	1.788554E-18
1.173393E+04	7.308969E-17	1.692996E-18
1.177354E+04	7.183561E-17	1.601577E-18
1.181315E+04	7.068592E-17	1.515042E-18
1.185276E+04	6.966139E-17	1.434126E-18
1.189237E+04	6.878213E-17	1.359574E-18
1.193198E+04	6.806708E-17	1.292159E-18
1.197159E+04	6.753302E-17	1.232703E-18
1.201120E+04	6.719318E-17	1.182087E-18
1.205081E+04	6.705509E-17	1.141257E-18
1.209042E+04	6.711819E-17	1.111207E-18
1.213003E+04	6.737017E-17	1.092914E-18
1.216964E+04	6.778068E-17	1.087188E-18
1.220925E+04	6.828688E-17	1.094331E-18
1.224886E+04	6.875248E-17	1.113262E-18
1.228847E+04	6.881383E-17	1.138220E-18
1.232808E+04	6.774825E-17	1.155757E-18
1.236769E+04	6.611524E-17	1.172510E-18
1.240730E+04	6.444022E-17	1.195212E-18
1.244691E+04	6.289761E-17	1.225347E-18
1.248652E+04	6.155724E-17	1.263106E-18
1.252613E+04	6.044688E-17	1.308358E-18
1.256574E+04	5.957421E-17	1.360933E-18
1.260535E+04	5.893629E-17	1.420713E-18
1.264496E+04	5.852417E-17	1.487635E-18
1.268457E+04	5.832525E-17	1.561678E-18
1.272418E+04	5.832460E-17	1.642832E-18
1.276379E+04	5.850577E-17	1.731072E-18
1.280340E+04	5.885122E-17	1.826334E-18
1.284301E+04	5.934294E-17	1.928502E-18
1.288262E+04	5.996256E-17	2.037396E-18
1.292224E+04	6.069173E-17	2.152762E-18
1.296185E+04	6.151220E-17	2.274271E-18
1.300146E+04	6.240618E-17	2.401520E-18
1.304107E+04	6.335645E-17	2.534038E-18
1.308068E+04	6.434664E-17	2.671297E-18
1.312029E+04	6.536136E-17	2.812719E-18
1.315990E+04	6.638638E-17	2.957690E-18
1.319951E+04	6.740852E-17	3.105564E-18
1.323912E+04	6.841568E-17	3.255671E-18
1.327873E+04	6.939670E-17	3.407314E-18
1.331834E+04	7.034105E-17	3.559768E-18
1.335795E+04	7.123886E-17	3.712280E-18
1.339756E+04	7.208069E-17	3.864066E-18
1.343717E+04	7.285754E-17	4.014312E-18
1.347678E+04	7.356103E-17	4.162191E-18
1.351639E+04	7.418348E-17	4.306873E-18
1.355600E+04	7.471811E-17	4.447539E-18
1.359561E+04	7.515937E-17	4.583414E-18
1.363522E+04	7.550309E-17	4.713781E-18
1.367483E+04	7.574671E-17	4.838012E-18
1.371444E+04	7.588935E-17	4.955578E-18
1.375405E+04	7.593194E-17	5.066076E-18
1.379366E+04	7.587713E-17	5.169234E-18
1.383327E+04	7.572938E-17	5.264925E-18
1.387288E+04	7.549465E-17	5.353166E-18
1.391249E+04	7.518031E-17	5.434114E-18
1.395210E+04	7.479470E-17	5.508046E-18
1.399171E+04	7.434679E-17	5.575338E-18
1.403132E+04	7.384578E-17	5.636438E-18
1.407093E+04	7.330072E-17	5.691840E-18
1.411054E+04	7.272033E-17	5.742063E-18
1.415015E+04	7.211293E-17	5.787642E-18
1.418976E+04	7.148630E-17	5.829118E-18
1.422937E+04	7.084788E-17	5.867045E-18
1.426898E+04	7.020493E-17	5.902000E-18
1.430859E+04	6.956473E-17	5.934606E-18
1.434820E+04	6.893474E-17	5.965533E-18
1.438781E+04	6.832258E-17	5.995503E-18
1.442742E+04	6.773571E-17	6.025261E-18
1.446703E+04	6.718114E-17	6.055549E-18
1.450664E+04	6.666491E-17	6.087047E-18
1.454625E+04	6.619172E-17	6.120338E-18
1.458587E+04	6.576455E-17	6.155867E-18
1.462548E+04	6.538448E-17	6.193902E-18
1.466509E+04	6.505046E-17	6.234515E-18
1.470470E+04	6.475938E-17	6.277565E-18
1.474431E+04	6.450605E-17	6.322692E-18
1.478392E+04	6.428326E-17	6.369310E-18
1.482353E+04	6.408186E-17	6.416606E-18
1.486314E+04	6.389073E-17	6.463527E-18
1.490275E+04	6.369683E-17	6.508775E-18
1.494236E+04	6.348536E-17	6.550820E-18
1.498197E+04	6.324015E-17	6.587930E-18
1.502158E+04	6.294432E-17	6.618240E-18
1.506119E+04	6.258108E-17	6.639830E-18
1.510080E+04	6.213463E-17	6.650828E-18
1.514041E+04	6.159113E-17	6.649526E-18
1.518002E+04	6.093967E-17	6.634489E-18
1.521963E+04	6.017288E-17	6.604644E-18
1.525924E+04	5.928730E-17	6.559333E-18
1.529885E+04	5.828327E-17	6.498323E-18
1.533846E+04	5.716459E-17	6.421782E-18
1.537807E+04	5.593796E-17	6.330231E-18
1.541768E+04	5.461251E-17	6.224501E-18
1.545729E+04	5.319926E-17	6.105679E-18
1.549690E+04	5.171090E-17	5.975090E-18
1.553651E+04	5.016172E-17	5.834293E-18
1.557612E+04	4.856779E-17	5.685103E-18
1.561573E+04	4.694710E-17	5.529619E-18
1.565534E+04	4.531974E-17	5.370239E-18
1.569495E+04	4.370783E-17	5.209667E-18
1.573456E+04	4.213543E-17	5.050896E-18
1.577417E+04	4.062831E-17	4.897190E-18
1.581378E+04	3.921346E-17	4.752025E-18
1.585339E+04	3.791824E-17	4.618983E-18
1.589300E+04	3.676898E-17	4.501574E-18
1.593261E+04	3.578911E-17	4.403009E-18
1.597222E+04	3.499691E-17	4.325899E-18
1.601183E+04	3.440338E-17	4.271976E-18
1.605144E+04	3.401079E-17	4.241890E-18
1.609105E+04	3.381223E-17	4.235126E-18
1.613066E+04	3.379265E-17	4.250110E-18
1.617027E+04	3.393076E-17	4.284433E-18
1.620988E+04	3.420160E-17	4.335161E-18
1.624949E+04	3.457880E-17	4.399118E-18
1.628911E+04	3.503659E-17	4.473146E-18
1.632872E+04	3.555088E-17	4.554248E-18
1.636833E+04	3.610019E-17	4.639709E-18
1.640794E+04	3.666595E-17	4.727155E-18
1.644755E+04	3.723268E-17	4.814577E-18
1.648716E+04	3.778781E-17	4.900320E-18
1.652677E+04	3.832132E-17	4.983041E-18
1.656638E+04	3.882520E-17	5.061650E-18
1.660599E+04	3.929331E-17	5.135290E-18
1.664560E+04	3.972125E-17	5.203329E-18
1.668521E+04	4.010663E-17	5.265398E-18
1.672482E+04	4.044928E-17	5.321421E-18
1.676443E+04	4.075124E-17	5.371615E-18
1.680404E+04	4.101629E-17	5.416439E-18
1.684365E+04	4.124916E-17	5.456477E-18
1.688326E+04	4.145442E-17	5.492307E-18
1.692287E+04	4.163572E-17	5.524386E-18
1.696248E+04	4.179512E-17	5.552968E-18
1.700209E+04	4.193317E-17	5.578112E-18
1.704170E+04	4.204925E-17	5.599716E-18
1.708131E+04	4.214198E-17	5.617587E-18
1.712092E+04	4.220971E-17	5.631494E-18
1.716053E+04	4.225101E-17	5.641234E-18
1.720014E+04	4.226506E-17	5.646694E-18
1.723975E+04	4.225219E-17	5.647911E-18
1.727936E+04	4.221417E-17	5.645122E-18
1.731897E+04	4.215444E-17	5.638786E-18
1.735858E+04	4.207810E-17	5.629589E-18
1.739819E+04	4.199171E-17	5.618416E-18
1.743780E+04	4.190303E-17	5.606310E-18
1.747741E+04	4.182044E-17	5.594403E-18
1.751702E+04	4.175261E-17	5.583858E-18
1.755663E+04	4.170773E-17	5.575779E-18
1.759624E+04	4.169317E-17	5.571150E-18
1.763585E+04	4.171510E-17	5.570796E-18
1.767546E+04	4.177829E-17	5.575349E-18
1.771507E+04	4.188609E-17	5.585244E-18
1.775468E+04	4.204022E-17	5.600699E-18
1.779429E+04	4.224069E-17	5.621696E-18
1.783390E+04	4.248566E-17	5.647967E-18
1.787351E+04	4.277159E-17	5.679019E-18
1.791312E+04	4.309339E-17	5.714151E-18
1.795274E+04	4.344481E-17	5.752510E-18
1.799235E+04	4.381883E-17	5.793143E-18
1.803196E+04	4.420796E-17	5.835037E-18
1.807157E+04	4.460452E-17	5.877166E-18
1.811118E+04	4.500074E-17	5.918493E-18
1.815079E+04	4.538898E-17	5.958008E-18
1.819040E+04	4.576192E-17	5.994751E-18
1.823001E+04	4.611267E-17	6.027830E-18
1.826962E+04	4.643515E-17	6.056464E-18
1.830923E+04	4.672411E-17	6.079995E-18
1.834884E+04	4.697516E-17	6.097880E-18
1.838845E+04	4.718484E-17	6.109710E-18
1.842806E+04	4.735043E-17	6.115176E-18
1.846767E+04	4.746988E-17	6.114066E-18
1.850728E+04	4.754187E-17	6.106265E-18
1.854689E+04	4.756567E-17	6.091740E-18
1.858650E+04	4.754120E-17	6.070546E-18
1.862611E+04	4.746899E-17	6.042818E-18
1.866572E+04	4.735004E-17	6.008754E-18
1.870533E+04	4.718581E-17	5.968615E-18
1.874494E+04	4.697826E-17	5.922719E-18
1.878455E+04	4.672966E-17	5.871426E-18
1.882416E+04	4.644278E-17	5.815159E-18
1.886377E+04	4.612086E-17	5.754394E-18
1.890338E+04	4.576770E-17	5.689672E-18
1.894299E+04	4.538761E-17	5.621598E-18
1.898260E+04	4.498550E-17	5.550837E-18
1.902221E+04	4.456668E-17	5.478098E-18
1.906182E+04	4.413676E-17	5.404120E-18
1.910143E+04	4.370144E-17	5.329640E-18
1.914104E+04	4.326634E-17	5.255374E-18
1.918065E+04	4.283673E-17	5.181986E-18
1.922026E+04	4.241741E-17	5.110073E-18
1.925987E+04	4.201250E-17	5.040139E-18
1.929948E+04	4.162522E-17	4.972573E-18
1.933909E+04	4.125775E-17	4.907634E-18
1.937870E+04	4.091114E-17	4.845440E-18
1.941831E+04	4.058517E-17	4.785959E-18
1.945792E+04	4.027846E-17	4.729022E-18
1.949753E+04	3.998850E-17	4.674330E-18
1.953714E+04	3.971192E-17	4.621493E-18
1.957675E+04	3.944488E-17	4.570068E-18
1.961636E+04	3.918333E-17	4.519600E-18
1.965598E+04	3.892345E-17	4.469667E-18
1.969559E+04	3.866192E-17	4.419913E-18
1.973520E+04	3.839614E-17	4.370070E-18
1.977481E+04	3.812416E-17	4.319950E-18
1.981442E+04	3.784457E-17	4.269429E-18
1.985403E+04	3.755616E-17	4.218407E-18
1.989364E+04	3.725760E-17	4.166777E-18
1.993325E+04	3.694724E-17	4.114393E-18
1.997286E+04	3.662288E-17	4.061054E-18
2.001247E+04	3.628182E-17	4.006504E-18
2.005208E+04	3.592102E-17	3.950458E-18
2.009169E+04	3.553733E-17	3.892617E-18
2.013130E+04	3.512792E-17	3.832725E-18
2.017091E+04	3.469048E-17	3.770583E-18
2.021052E+04	3.422361E-17	3.706090E-18
2.025013E+04	3.372675E-17	3.639238E-18
2.028974E+04	3.320021E-17	3.570106E-18
2.032935E+04	3.264499E-17	3.498842E-18
2.036896E+04	3.206242E-17	3.425626E-18
2.040857E+04	3.145404E-17	3.350651E-18
2.044818E+04	3.082140E-17	3.274105E-18
2.048779E+04	3.016595E-17	3.196155E-18
2.052740E+04	2.948910E-17	3.116964E-18
2.056701E+04	2.879224E-17	3.036679E-18
2.060662E+04	2.807682E-17	2.955447E-18
2.064623E+04	2.734431E-17	2.873414E-18
2.068584E+04	2.659639E-17	2.790735E-18
2.072545E+04	2.583500E-17	2.707591E-18
2.076506E+04	2.506252E-17	2.624198E-18
2.080467E+04	2.428204E-17	2.540843E-18
2.084428E+04	2.349770E-17	2.457914E-18
2.088389E+04	2.271477E-17	2.375913E-18
2.092350E+04	2.193996E-17	2.295489E-18
2.096311E+04	2.118151E-17	2.217449E-18
2.100272E+04	2.044927E-17	2.142770E-18
2.104233E+04	1.975486E-17	2.072619E-18
2.108194E+04	1.911155E-17	2.008336E-18
2.112155E+04	1.853422E-17	1.951432E-18
2.116116E+04	1.803880E-17	1.903552E-18
2.120077E+04	1.764137E-17	1.866392E-18
2.124038E+04	1.735590E-17	1.841461E-18
2.127999E+04	1.718960E-17	1.829584E-18
2.131961E+04	1.714081E-17	1.830674E-18
2.135922E+04	1.720320E-17	1.844160E-18
2.139883E+04	1.736142E-17	1.868513E-18
2.143844E+04	1.759700E-17	1.901858E-18
2.147805E+04	1.789157E-17	1.942309E-18
2.151766E+04	1.822820E-17	1.988111E-18
2.155727E+04	1.859185E-17	2.037690E-18
2.159688E+04	1.896942E-17	2.089655E-18
2.163649E+04	1.934961E-17	2.142788E-18
2.167610E+04	1.972273E-17	2.196024E-18
2.171571E+04	2.008042E-17	2.248421E-18
2.175532E+04	2.041549E-17	2.299145E-18
2.179493E+04	2.072163E-17	2.347438E-18
2.183454E+04	2.099335E-17	2.392617E-18
2.187415E+04	2.122590E-17	2.434063E-18
2.191376E+04	2.141541E-17	2.471241E-18
2.195337E+04	2.155893E-17	2.503708E-18
2.199298E+04	2.165462E-17	2.531134E-18
2.203259E+04	2.170181E-17	2.553321E-18
2.207220E+04	2.170095E-17	2.570193E-18
2.211181E+04	2.165354E-17	2.581802E-18
2.215142E+04	2.156203E-17	2.588312E-18
2.219103E+04	2.142959E-17	2.589978E-18
2.223064E+04	2.125996E-17	2.587138E-18
2.227025E+04	2.105736E-17	2.580192E-18
2.230986E+04	2.082629E-17	2.569596E-18
2.234947E+04	2.057151E-17	2.555845E-18
2.238908E+04	2.029785E-17	2.539465E-18
2.242869E+04	2.001009E-17	2.520988E-18
2.246830E+04	1.971286E-17	2.500947E-18
2.250791E+04	1.941045E-17	2.479847E-18
2.254752E+04	1.910672E-17	2.458155E-18
2.258713E+04	1.880503E-17	2.436286E-18
2.262674E+04	1.850821E-17	2.414600E-18
2.266635E+04	1.821848E-17	2.393391E-18
2.270596E+04	1.793762E-17	2.372897E-18
2.274557E+04	1.766694E-17	2.353310E-18
2.278518E+04	1.740740E-17	2.334772E-18
2.282479E+04	1.715957E-17	2.317385E-18
2.286440E+04	1.692389E-17	2.301228E-18
2.290401E+04	1.670053E-17	2.286354E-18
2.294362E+04	1.648961E-17	2.272803E-18
2.298323E+04	1.629120E-17	2.260615E-18
2.302285E+04	1.610531E-17	2.249819E-18
2.306246E+04	1.593204E-17	2.240456E-18
2.310207E+04	1.577145E-17	2.232568E-18
2.314168E+04	1.562367E-17	2.226203E-18
2.318129E+04	1.548885E-17	2.221413E-18
2.322090E+04	1.536713E-17	2.218251E-18
2.326051E+04	1.525862E-17	2.216765E-18
2.330012E+04	1.516335E-17	2.216993E-18
2.333973E+04	1.508127E-17	2.218962E-18
2.337934E+04	1.501227E-17	2.222688E-18
2.341895E+04	1.495617E-17	2.228177E-18
2.345856E+04	1.491271E-17	2.235424E-18
2.349817E+04	1.488154E-17	2.244409E-18
2.353778E+04	1.486226E-17	2.255100E-18
2.357739E+04	1.485433E-17	2.267446E-18
2.361700E+04	1.485716E-17	2.281385E-18
2.365661E+04	1.487008E-17	2.296840E-18
2.369622E+04	1.489236E-17	2.313722E-18
2.373583E+04	1.492324E-17	2.331935E-18
2.377544E+04	1.496190E-17	2.351373E-18
2.381505E+04	1.500752E-17	2.371921E-18
2.385466E+04	1.505924E-17	2.393463E-18
2.389427E+04	1.511623E-17	2.415875E-18
2.393388E+04	1.517765E-17	2.439037E-18
2.397349E+04	1.524272E-17	2.462830E-18
2.401310E+04	1.531071E-17	2.487145E-18
2.405271E+04	1.538098E-17	2.511880E-18
2.409232E+04	1.545298E-17	2.536950E-18
2.413193E+04	1.552624E-17	2.562280E-18
2.417154E+04	1.560042E-17	2.587811E-18
2.421115E+04	1.567523E-17	2.613499E-18
2.425076E+04	1.575049E-17	2.639310E-18
