#wls	flux	fluxerr
3.257341E+03	2.267235E-18	4.271928E-19
3.296951E+03	2.266148E-18	4.266135E-19
3.336561E+03	2.263631E-18	4.257616E-19
3.376171E+03	2.259829E-18	4.246648E-19
3.415782E+03	2.254933E-18	4.233597E-19
3.455392E+03	2.249157E-18	4.218869E-19
3.495002E+03	2.242719E-18	4.202879E-19
3.534612E+03	2.235831E-18	4.186025E-19
3.574223E+03	2.228687E-18	4.168675E-19
3.613833E+03	2.221463E-18	4.151156E-19
3.653443E+03	2.214312E-18	4.133756E-19
3.693053E+03	2.207364E-18	4.116717E-19
3.732664E+03	2.200730E-18	4.100244E-19
3.772274E+03	2.194499E-18	4.084502E-19
3.811884E+03	2.188744E-18	4.069621E-19
3.851494E+03	2.183519E-18	4.055705E-19
3.891105E+03	2.178869E-18	4.042827E-19
3.930715E+03	2.174823E-18	4.031044E-19
3.970325E+03	2.171403E-18	4.020388E-19
4.009935E+03	2.168620E-18	4.010879E-19
4.049545E+03	2.166482E-18	4.002524E-19
4.089156E+03	2.164988E-18	3.995320E-19
4.128766E+03	2.164134E-18	3.989255E-19
4.168376E+03	2.163914E-18	3.984311E-19
4.207986E+03	2.164316E-18	3.980465E-19
4.247597E+03	2.165329E-18	3.977689E-19
4.287207E+03	2.166939E-18	3.975956E-19
4.326817E+03	2.169131E-18	3.975233E-19
4.366427E+03	2.171891E-18	3.975488E-19
4.406038E+03	2.175201E-18	3.976687E-19
4.445648E+03	2.179046E-18	3.978797E-19
4.485258E+03	2.183410E-18	3.981784E-19
4.524868E+03	2.188277E-18	3.985613E-19
4.564479E+03	2.193631E-18	3.990253E-19
4.604089E+03	2.199456E-18	3.995672E-19
4.643699E+03	2.205738E-18	4.001836E-19
4.683309E+03	2.212461E-18	4.008716E-19
4.722919E+03	2.219612E-18	4.016282E-19
4.762530E+03	2.227178E-18	4.024507E-19
4.802140E+03	2.235146E-18	4.033362E-19
4.841750E+03	2.243503E-18	4.042823E-19
4.881360E+03	2.252239E-18	4.052865E-19
4.920971E+03	2.261344E-18	4.063465E-19
4.960581E+03	2.270805E-18	4.074601E-19
5.000191E+03	2.280614E-18	4.086249E-19
5.039801E+03	2.290761E-18	4.098391E-19
5.079412E+03	2.301237E-18	4.111004E-19
5.119022E+03	2.312030E-18	4.124064E-19
5.158632E+03	2.323130E-18	4.137550E-19
5.198242E+03	2.334524E-18	4.151434E-19
5.237853E+03	2.346197E-18	4.165685E-19
5.277463E+03	2.358133E-18	4.180272E-19
5.317073E+03	2.370310E-18	4.195153E-19
5.356683E+03	2.382707E-18	4.210284E-19
5.396293E+03	2.395292E-18	4.225610E-19
5.435904E+03	2.408037E-18	4.241073E-19
5.475514E+03	2.420902E-18	4.256605E-19
5.515124E+03	2.433846E-18	4.272128E-19
5.554734E+03	2.446826E-18	4.287564E-19
5.594345E+03	2.459793E-18	4.302827E-19
5.633955E+03	2.472699E-18	4.317832E-19
5.673565E+03	2.485501E-18	4.332500E-19
5.713175E+03	2.498154E-18	4.346755E-19
5.752786E+03	2.510625E-18	4.360538E-19
5.792396E+03	2.522886E-18	4.373803E-19
5.832006E+03	2.534923E-18	4.386521E-19
5.871616E+03	2.546732E-18	4.398690E-19
5.911227E+03	2.558325E-18	4.410331E-19
5.950837E+03	2.569730E-18	4.421490E-19
5.990447E+03	2.580992E-18	4.432247E-19
6.030057E+03	2.592180E-18	4.442719E-19
6.069667E+03	2.603382E-18	4.453055E-19
6.109278E+03	2.614716E-18	4.463456E-19
6.148888E+03	2.626324E-18	4.474162E-19
6.188498E+03	2.638382E-18	4.485465E-19
6.228108E+03	2.651097E-18	4.497711E-19
6.267719E+03	2.664711E-18	4.511300E-19
6.307329E+03	2.679499E-18	4.526687E-19
6.346939E+03	2.695777E-18	4.544390E-19
6.386549E+03	2.713899E-18	4.564984E-19
6.426160E+03	2.734256E-18	4.589105E-19
6.465770E+03	2.757279E-18	4.617446E-19
6.505380E+03	2.783432E-18	4.650748E-19
6.544990E+03	2.813208E-18	4.689798E-19
6.584601E+03	2.847125E-18	4.735410E-19
6.624211E+03	2.885709E-18	4.788407E-19
6.663821E+03	2.929492E-18	4.849608E-19
6.703431E+03	2.978992E-18	4.919805E-19
6.743041E+03	3.034705E-18	4.999740E-19
6.782652E+03	3.097091E-18	5.090090E-19
6.822262E+03	3.166562E-18	5.191442E-19
6.861872E+03	3.243474E-18	5.304286E-19
6.901482E+03	3.328124E-18	5.429004E-19
6.941093E+03	3.420738E-18	5.565860E-19
6.980703E+03	3.521477E-18	5.715007E-19
7.020313E+03	3.630433E-18	5.876477E-19
7.059923E+03	3.747620E-18	6.050177E-19
7.099534E+03	3.872967E-18	6.235875E-19
7.139144E+03	4.006304E-18	6.433180E-19
7.178754E+03	4.147344E-18	6.641509E-19
7.218364E+03	4.295662E-18	6.860070E-19
7.257975E+03	4.450684E-18	7.087833E-19
7.297585E+03	4.611679E-18	7.323532E-19
7.337195E+03	4.777763E-18	7.565668E-19
7.376805E+03	4.947906E-18	7.812528E-19
7.416415E+03	5.120954E-18	8.062216E-19
7.456026E+03	5.295633E-18	8.312677E-19
7.495636E+03	5.470579E-18	8.561731E-19
7.535246E+03	5.644349E-18	8.807105E-19
7.574856E+03	5.815444E-18	9.046462E-19
7.614467E+03	5.982331E-18	9.277443E-19
7.654077E+03	6.143468E-18	9.497707E-19
7.693687E+03	6.297344E-18	9.704990E-19
7.733297E+03	6.442525E-18	9.897177E-19
7.772908E+03	6.577713E-18	1.007239E-18
7.812518E+03	6.701824E-18	1.022911E-18
7.852128E+03	6.814064E-18	1.036628E-18
7.891738E+03	6.914007E-18	1.048341E-18
7.931349E+03	7.001648E-18	1.058069E-18
7.970959E+03	7.077433E-18	1.065894E-18
8.010569E+03	7.142243E-18	1.071968E-18
8.050179E+03	7.197360E-18	1.076498E-18
8.089789E+03	7.244392E-18	1.079739E-18
8.129400E+03	7.285194E-18	1.081978E-18
8.169010E+03	7.321774E-18	1.083521E-18
8.208620E+03	7.356201E-18	1.084681E-18
8.248230E+03	7.390509E-18	1.085759E-18
8.287841E+03	7.426601E-18	1.087033E-18
8.327451E+03	7.466159E-18	1.088747E-18
8.367061E+03	7.510565E-18	1.091093E-18
8.406671E+03	7.560842E-18	1.094213E-18
8.446282E+03	7.617630E-18	1.098189E-18
8.485892E+03	7.681197E-18	1.103046E-18
8.525502E+03	7.751482E-18	1.108766E-18
8.565112E+03	7.828162E-18	1.115289E-18
8.604723E+03	7.910750E-18	1.122536E-18
8.644333E+03	7.998675E-18	1.130415E-18
8.683943E+03	8.091406E-18	1.138841E-18
8.723553E+03	8.188507E-18	1.147744E-18
8.763163E+03	8.289735E-18	1.157082E-18
8.802774E+03	8.395110E-18	1.166849E-18
8.842384E+03	8.504883E-18	1.177073E-18
8.881994E+03	8.619593E-18	1.187819E-18
8.921604E+03	8.739992E-18	1.199181E-18
8.961215E+03	8.867024E-18	1.211277E-18
9.000825E+03	9.001794E-18	1.224244E-18
9.040435E+03	9.145497E-18	1.238230E-18
9.080045E+03	9.299383E-18	1.253386E-18
9.119656E+03	9.466004E-18	1.270034E-18
9.159266E+03	9.644872E-18	1.288086E-18
9.198876E+03	9.837956E-18	1.307780E-18
9.238486E+03	1.004653E-17	1.329256E-18
9.278097E+03	1.027194E-17	1.352662E-18
9.317707E+03	1.051569E-17	1.378164E-18
9.357317E+03	1.077947E-17	1.405946E-18
9.396927E+03	1.106522E-17	1.436221E-18
9.436537E+03	1.137514E-17	1.469230E-18
9.476148E+03	1.171169E-17	1.505244E-18
9.515758E+03	1.207753E-17	1.544549E-18
9.555368E+03	1.247547E-17	1.587446E-18
9.594978E+03	1.290833E-17	1.634231E-18
9.634589E+03	1.337883E-17	1.685176E-18
9.674199E+03	1.388942E-17	1.740517E-18
9.713809E+03	1.444215E-17	1.800430E-18
9.753419E+03	1.503861E-17	1.865030E-18
9.793030E+03	1.567972E-17	1.934345E-18
9.832640E+03	1.636575E-17	2.008323E-18
9.872250E+03	1.709615E-17	2.086807E-18
9.911857E+03	1.786943E-17	2.169531E-18
9.951468E+03	1.868306E-17	2.256107E-18
9.991078E+03	1.953336E-17	2.346016E-18
1.003069E+04	2.041529E-17	2.438586E-18
1.007030E+04	2.132253E-17	2.533010E-18
1.010991E+04	2.224747E-17	2.628342E-18
1.014952E+04	2.318148E-17	2.723537E-18
1.018913E+04	2.411517E-17	2.817488E-18
1.022874E+04	2.503888E-17	2.909081E-18
1.026835E+04	2.594318E-17	2.997253E-18
1.030796E+04	2.681932E-17	3.081046E-18
1.034757E+04	2.765962E-17	3.159649E-18
1.038718E+04	2.845780E-17	3.232429E-18
1.042679E+04	2.920894E-17	3.298923E-18
1.046640E+04	2.990943E-17	3.358830E-18
1.050601E+04	3.055679E-17	3.411984E-18
1.054562E+04	3.114934E-17	3.458317E-18
1.058523E+04	3.168611E-17	3.497837E-18
1.062484E+04	3.216657E-17	3.530611E-18
1.066445E+04	3.259067E-17	3.556754E-18
1.070406E+04	3.295863E-17	3.576412E-18
1.074367E+04	3.327105E-17	3.589771E-18
1.078328E+04	3.352876E-17	3.597039E-18
1.082289E+04	3.373286E-17	3.598450E-18
1.086250E+04	3.388464E-17	3.594255E-18
1.090211E+04	3.398552E-17	3.584714E-18
1.094172E+04	3.403710E-17	3.570102E-18
1.098133E+04	3.404110E-17	3.550700E-18
1.102094E+04	3.399939E-17	3.526800E-18
1.106055E+04	3.391405E-17	3.498710E-18
1.110016E+04	3.378740E-17	3.466754E-18
1.113977E+04	3.362200E-17	3.431276E-18
1.117938E+04	3.342071E-17	3.392644E-18
1.121900E+04	3.318668E-17	3.351241E-18
1.125861E+04	3.292327E-17	3.307470E-18
1.129822E+04	3.263404E-17	3.261738E-18
1.133783E+04	3.232268E-17	3.214462E-18
1.137744E+04	3.199298E-17	3.166055E-18
1.141705E+04	3.164871E-17	3.116922E-18
1.145666E+04	3.129371E-17	3.067464E-18
1.149627E+04	3.093179E-17	3.018070E-18
1.153588E+04	3.056674E-17	2.969122E-18
1.157549E+04	3.020236E-17	2.920993E-18
1.161510E+04	2.984236E-17	2.874041E-18
1.165471E+04	2.949031E-17	2.828604E-18
1.169432E+04	2.914957E-17	2.784994E-18
1.173393E+04	2.882313E-17	2.743483E-18
1.177354E+04	2.851345E-17	2.704290E-18
1.181315E+04	2.822242E-17	2.667577E-18
1.185276E+04	2.795119E-17	2.633435E-18
1.189237E+04	2.770005E-17	2.601875E-18
1.193198E+04	2.746846E-17	2.572829E-18
1.197159E+04	2.725492E-17	2.546146E-18
1.201120E+04	2.705704E-17	2.521590E-18
1.205081E+04	2.687159E-17	2.498855E-18
1.209042E+04	2.669459E-17	2.477566E-18
1.213003E+04	2.652154E-17	2.457304E-18
1.216964E+04	2.634762E-17	2.437623E-18
1.220925E+04	2.616794E-17	2.418076E-18
1.224886E+04	2.597789E-17	2.398236E-18
1.228847E+04	2.577339E-17	2.377724E-18
1.232808E+04	2.555127E-17	2.356228E-18
1.236769E+04	2.530986E-17	2.333567E-18
1.240730E+04	2.504993E-17	2.309782E-18
1.244691E+04	2.477423E-17	2.285097E-18
1.248652E+04	2.448651E-17	2.259824E-18
1.252613E+04	2.419117E-17	2.234335E-18
1.256574E+04	2.389304E-17	2.209043E-18
1.260535E+04	2.359716E-17	2.184381E-18
1.264496E+04	2.330869E-17	2.160797E-18
1.268457E+04	2.303279E-17	2.138744E-18
1.272418E+04	2.277453E-17	2.118669E-18
1.276379E+04	2.253886E-17	2.101015E-18
1.280340E+04	2.233043E-17	2.086204E-18
1.284301E+04	2.215357E-17	2.074634E-18
1.288262E+04	2.201215E-17	2.066669E-18
1.292224E+04	2.190949E-17	2.062626E-18
1.296185E+04	2.184825E-17	2.062768E-18
1.300146E+04	2.183040E-17	2.067302E-18
1.304107E+04	2.185709E-17	2.076360E-18
1.308068E+04	2.192866E-17	2.090003E-18
1.312029E+04	2.204456E-17	2.108213E-18
1.315990E+04	2.220339E-17	2.130887E-18
1.319951E+04	2.240281E-17	2.157842E-18
1.323912E+04	2.263965E-17	2.188806E-18
1.327873E+04	2.290985E-17	2.223423E-18
1.331834E+04	2.320857E-17	2.261254E-18
1.335795E+04	2.353020E-17	2.301782E-18
1.339756E+04	2.386851E-17	2.344420E-18
1.343717E+04	2.421679E-17	2.388522E-18
1.347678E+04	2.456804E-17	2.433407E-18
1.351639E+04	2.491519E-17	2.478373E-18
1.355600E+04	2.525131E-17	2.522720E-18
1.359561E+04	2.556985E-17	2.565771E-18
1.363522E+04	2.586475E-17	2.606890E-18
1.367483E+04	2.613067E-17	2.645501E-18
1.371444E+04	2.636305E-17	2.681094E-18
1.375405E+04	2.655818E-17	2.713241E-18
1.379366E+04	2.671337E-17	2.741605E-18
1.383327E+04	2.682683E-17	2.765941E-18
1.387288E+04	2.689782E-17	2.786105E-18
1.391249E+04	2.692653E-17	2.802047E-18
1.395210E+04	2.691402E-17	2.813812E-18
1.399171E+04	2.686218E-17	2.821527E-18
1.403132E+04	2.677349E-17	2.825391E-18
1.407093E+04	2.665101E-17	2.825664E-18
1.411054E+04	2.649823E-17	2.822661E-18
1.415015E+04	2.631895E-17	2.816735E-18
1.418976E+04	2.611725E-17	2.808278E-18
1.422937E+04	2.589740E-17	2.797709E-18
1.426898E+04	2.566380E-17	2.785473E-18
1.430859E+04	2.542096E-17	2.772033E-18
1.434820E+04	2.517334E-17	2.757860E-18
1.438781E+04	2.492545E-17	2.743435E-18
1.442742E+04	2.468160E-17	2.729230E-18
1.446703E+04	2.444597E-17	2.715711E-18
1.450664E+04	2.422246E-17	2.703320E-18
1.454625E+04	2.401460E-17	2.692471E-18
1.458587E+04	2.382557E-17	2.683538E-18
1.462548E+04	2.365800E-17	2.676848E-18
1.466509E+04	2.351407E-17	2.672679E-18
1.470470E+04	2.339537E-17	2.671243E-18
1.474431E+04	2.330292E-17	2.672697E-18
1.478392E+04	2.323715E-17	2.677128E-18
1.482353E+04	2.319795E-17	2.684562E-18
1.486314E+04	2.318467E-17	2.694963E-18
1.490275E+04	2.319617E-17	2.708235E-18
1.494236E+04	2.323089E-17	2.724235E-18
1.498197E+04	2.328696E-17	2.742774E-18
1.502158E+04	2.336216E-17	2.763622E-18
1.506119E+04	2.345403E-17	2.786516E-18
1.510080E+04	2.355990E-17	2.811160E-18
1.514041E+04	2.367684E-17	2.837225E-18
1.518002E+04	2.380178E-17	2.864357E-18
1.521963E+04	2.393150E-17	2.892178E-18
1.525924E+04	2.406261E-17	2.920284E-18
1.529885E+04	2.419168E-17	2.948258E-18
1.533846E+04	2.431522E-17	2.975670E-18
1.537807E+04	2.442975E-17	3.002082E-18
1.541768E+04	2.453183E-17	3.027057E-18
1.545729E+04	2.461810E-17	3.050159E-18
1.549690E+04	2.468535E-17	3.070964E-18
1.553651E+04	2.473058E-17	3.089072E-18
1.557612E+04	2.475111E-17	3.104111E-18
1.561573E+04	2.474460E-17	3.115748E-18
1.565534E+04	2.470918E-17	3.123710E-18
1.569495E+04	2.464346E-17	3.127776E-18
1.573456E+04	2.454664E-17	3.127799E-18
1.577417E+04	2.441845E-17	3.123699E-18
1.581378E+04	2.425915E-17	3.115465E-18
1.585339E+04	2.406960E-17	3.103159E-18
1.589300E+04	2.385113E-17	3.086911E-18
1.593261E+04	2.360560E-17	3.066922E-18
1.597222E+04	2.333532E-17	3.043453E-18
1.601183E+04	2.304302E-17	3.016821E-18
1.605144E+04	2.273170E-17	2.987389E-18
1.609105E+04	2.240461E-17	2.955555E-18
1.613066E+04	2.206502E-17	2.921728E-18
1.617027E+04	2.171615E-17	2.886314E-18
1.620988E+04	2.136111E-17	2.849714E-18
1.624949E+04	2.100284E-17	2.812313E-18
1.628911E+04	2.064409E-17	2.774473E-18
1.632872E+04	2.028734E-17	2.736529E-18
1.636833E+04	1.993476E-17	2.698777E-18
1.640794E+04	1.958823E-17	2.661477E-18
1.644755E+04	1.924931E-17	2.624853E-18
1.648716E+04	1.891921E-17	2.589080E-18
1.652677E+04	1.859887E-17	2.554299E-18
1.656638E+04	1.828889E-17	2.520611E-18
1.660599E+04	1.798966E-17	2.488081E-18
1.664560E+04	1.770131E-17	2.456746E-18
1.668521E+04	1.742385E-17	2.426621E-18
1.672482E+04	1.715712E-17	2.397701E-18
1.676443E+04	1.690094E-17	2.369977E-18
1.680404E+04	1.665509E-17	2.343431E-18
1.684365E+04	1.641935E-17	2.318051E-18
1.688326E+04	1.619357E-17	2.293830E-18
1.692287E+04	1.597768E-17	2.270770E-18
1.696248E+04	1.577171E-17	2.248891E-18
1.700209E+04	1.557582E-17	2.228231E-18
1.704170E+04	1.539030E-17	2.208846E-18
1.708131E+04	1.521561E-17	2.190816E-18
1.712092E+04	1.505228E-17	2.174236E-18
1.716053E+04	1.490106E-17	2.159228E-18
1.720014E+04	1.476274E-17	2.145925E-18
1.723975E+04	1.463830E-17	2.134486E-18
1.727936E+04	1.452876E-17	2.125084E-18
1.731897E+04	1.443531E-17	2.117910E-18
1.735858E+04	1.435921E-17	2.113173E-18
1.739819E+04	1.430185E-17	2.111100E-18
1.743780E+04	1.426465E-17	2.111930E-18
1.747741E+04	1.424913E-17	2.115911E-18
1.751702E+04	1.425682E-17	2.123302E-18
1.755663E+04	1.428922E-17	2.134357E-18
1.759624E+04	1.434779E-17	2.149324E-18
1.763585E+04	1.443383E-17	2.168435E-18
1.767546E+04	1.454845E-17	2.191890E-18
1.771507E+04	1.469246E-17	2.219847E-18
1.775468E+04	1.486628E-17	2.252407E-18
1.779429E+04	1.506988E-17	2.289600E-18
1.783390E+04	1.530261E-17	2.331365E-18
1.787351E+04	1.556320E-17	2.377541E-18
1.791312E+04	1.584963E-17	2.427851E-18
1.795274E+04	1.615907E-17	2.481891E-18
1.799235E+04	1.648788E-17	2.539127E-18
1.803196E+04	1.683163E-17	2.598894E-18
1.807157E+04	1.718508E-17	2.660396E-18
1.811118E+04	1.754235E-17	2.722731E-18
1.815079E+04	1.789704E-17	2.784905E-18
1.819040E+04	1.824247E-17	2.845868E-18
1.823001E+04	1.857195E-17	2.904560E-18
1.826962E+04	1.887898E-17	2.959943E-18
1.830923E+04	1.915762E-17	3.011052E-18
1.834884E+04	1.940260E-17	3.057022E-18
1.838845E+04	1.960952E-17	3.097119E-18
1.842806E+04	1.977500E-17	3.130759E-18
1.846767E+04	1.989674E-17	3.157532E-18
1.850728E+04	1.997352E-17	3.177192E-18
1.854689E+04	2.000527E-17	3.189678E-18
1.858650E+04	1.999298E-17	3.195095E-18
1.862611E+04	1.993853E-17	3.193700E-18
1.866572E+04	1.984468E-17	3.185885E-18
1.870533E+04	1.971474E-17	3.172144E-18
1.874494E+04	1.955252E-17	3.153053E-18
1.878455E+04	1.936206E-17	3.129231E-18
1.882416E+04	1.914758E-17	3.101331E-18
1.886377E+04	1.891328E-17	3.070015E-18
1.890338E+04	1.866336E-17	3.035944E-18
1.894299E+04	1.840187E-17	2.999768E-18
1.898260E+04	1.813276E-17	2.962117E-18
1.902221E+04	1.785977E-17	2.923602E-18
1.906182E+04	1.758645E-17	2.884803E-18
1.910143E+04	1.731612E-17	2.846265E-18
1.914104E+04	1.705180E-17	2.808495E-18
1.918065E+04	1.679620E-17	2.771945E-18
1.922026E+04	1.655166E-17	2.737012E-18
1.925987E+04	1.632008E-17	2.704026E-18
1.929948E+04	1.610296E-17	2.673250E-18
1.933909E+04	1.590138E-17	2.644881E-18
1.937870E+04	1.571607E-17	2.619054E-18
1.941831E+04	1.554740E-17	2.595850E-18
1.945792E+04	1.539545E-17	2.575301E-18
1.949753E+04	1.526007E-17	2.557396E-18
1.953714E+04	1.514088E-17	2.542089E-18
1.957675E+04	1.503730E-17	2.529297E-18
1.961636E+04	1.494858E-17	2.518913E-18
1.965598E+04	1.487380E-17	2.510793E-18
1.969559E+04	1.481190E-17	2.504772E-18
1.973520E+04	1.476170E-17	2.500662E-18
1.977481E+04	1.472188E-17	2.498250E-18
1.981442E+04	1.469108E-17	2.497315E-18
1.985403E+04	1.466785E-17	2.497617E-18
1.989364E+04	1.465074E-17	2.498919E-18
1.993325E+04	1.463829E-17	2.500973E-18
1.997286E+04	1.462904E-17	2.503537E-18
2.001247E+04	1.462163E-17	2.506379E-18
2.005208E+04	1.461469E-17	2.509268E-18
2.009169E+04	1.460698E-17	2.511988E-18
2.013130E+04	1.459732E-17	2.514339E-18
2.017091E+04	1.458467E-17	2.516137E-18
2.021052E+04	1.456808E-17	2.517219E-18
2.025013E+04	1.454673E-17	2.517438E-18
2.028974E+04	1.451995E-17	2.516676E-18
2.032935E+04	1.448720E-17	2.514834E-18
2.036896E+04	1.444805E-17	2.511836E-18
2.040857E+04	1.440222E-17	2.507625E-18
2.044818E+04	1.434952E-17	2.502164E-18
2.048779E+04	1.428985E-17	2.495434E-18
2.052740E+04	1.422321E-17	2.487427E-18
2.056701E+04	1.414966E-17	2.478149E-18
2.060662E+04	1.406929E-17	2.467613E-18
2.064623E+04	1.398227E-17	2.455843E-18
2.068584E+04	1.388878E-17	2.442868E-18
2.072545E+04	1.378905E-17	2.428724E-18
2.076506E+04	1.368336E-17	2.413455E-18
2.080467E+04	1.357200E-17	2.397111E-18
2.084428E+04	1.345537E-17	2.379758E-18
2.088389E+04	1.333389E-17	2.361469E-18
2.092350E+04	1.320810E-17	2.342335E-18
2.096311E+04	1.307858E-17	2.322460E-18
2.100272E+04	1.294598E-17	2.301954E-18
2.104233E+04	1.281099E-17	2.280942E-18
2.108194E+04	1.267435E-17	2.259553E-18
2.112155E+04	1.253682E-17	2.237925E-18
2.116116E+04	1.239917E-17	2.216191E-18
2.120077E+04	1.226211E-17	2.194483E-18
2.124038E+04	1.212631E-17	2.172920E-18
2.127999E+04	1.199229E-17	2.151598E-18
2.131961E+04	1.186027E-17	2.130555E-18
2.135922E+04	1.173006E-17	2.109764E-18
2.139883E+04	1.160133E-17	2.089164E-18
2.143844E+04	1.147364E-17	2.068677E-18
2.147805E+04	1.134658E-17	2.048231E-18
2.151766E+04	1.121973E-17	2.027752E-18
2.155727E+04	1.109274E-17	2.007177E-18
2.159688E+04	1.096532E-17	1.986453E-18
2.163649E+04	1.083722E-17	1.965536E-18
2.167610E+04	1.070830E-17	1.944399E-18
2.171571E+04	1.057842E-17	1.923018E-18
2.175532E+04	1.044754E-17	1.901387E-18
2.179493E+04	1.031566E-17	1.879504E-18
2.183454E+04	1.018284E-17	1.857379E-18
2.187415E+04	1.004917E-17	1.835032E-18
2.191376E+04	9.914842E-18	1.812495E-18
2.195337E+04	9.780054E-18	1.789806E-18
2.199298E+04	9.645099E-18	1.767019E-18
2.203259E+04	9.510284E-18	1.744189E-18
2.207220E+04	9.375975E-18	1.721386E-18
2.211181E+04	9.242570E-18	1.698684E-18
2.215142E+04	9.110461E-18	1.676155E-18
2.219103E+04	8.980080E-18	1.653880E-18
2.223064E+04	8.851831E-18	1.631936E-18
2.227025E+04	8.726099E-18	1.610396E-18
2.230986E+04	8.603233E-18	1.589325E-18
2.234947E+04	8.483545E-18	1.568784E-18
2.238908E+04	8.367282E-18	1.548821E-18
2.242869E+04	8.254642E-18	1.529474E-18
2.246830E+04	8.145767E-18	1.510773E-18
2.250791E+04	8.040764E-18	1.492741E-18
2.254752E+04	7.939675E-18	1.475386E-18
2.258713E+04	7.842521E-18	1.458717E-18
2.262674E+04	7.749306E-18	1.442736E-18
2.266635E+04	7.660001E-18	1.427440E-18
2.270596E+04	7.574588E-18	1.412828E-18
2.274557E+04	7.493042E-18	1.398898E-18
2.278518E+04	7.415337E-18	1.385648E-18
2.282479E+04	7.341448E-18	1.373075E-18
2.286440E+04	7.271393E-18	1.361185E-18
2.290401E+04	7.205162E-18	1.349978E-18
2.294362E+04	7.142794E-18	1.339464E-18
2.298323E+04	7.084316E-18	1.329649E-18
2.302285E+04	7.029787E-18	1.320548E-18
2.306246E+04	6.979258E-18	1.312173E-18
2.310207E+04	6.932807E-18	1.304538E-18
2.314168E+04	6.890514E-18	1.297663E-18
2.318129E+04	6.852471E-18	1.291566E-18
2.322090E+04	6.818776E-18	1.286269E-18
2.326051E+04	6.789536E-18	1.281793E-18
2.330012E+04	6.764857E-18	1.278161E-18
2.333973E+04	6.744844E-18	1.275395E-18
2.337934E+04	6.729600E-18	1.273517E-18
2.341895E+04	6.719219E-18	1.272546E-18
2.345856E+04	6.713786E-18	1.272501E-18
2.349817E+04	6.713373E-18	1.273398E-18
2.353778E+04	6.718038E-18	1.275250E-18
2.357739E+04	6.727819E-18	1.278067E-18
2.361700E+04	6.742732E-18	1.281853E-18
2.365661E+04	6.762777E-18	1.286612E-18
2.369622E+04	6.787928E-18	1.292340E-18
2.373583E+04	6.818142E-18	1.299030E-18
2.377544E+04	6.853355E-18	1.306674E-18
2.381505E+04	6.893485E-18	1.315256E-18
2.385466E+04	6.938438E-18	1.324762E-18
2.389427E+04	6.988104E-18	1.335172E-18
2.393388E+04	7.042370E-18	1.346465E-18
2.397349E+04	7.101111E-18	1.358621E-18
2.401310E+04	7.164200E-18	1.371615E-18
2.405271E+04	7.231501E-18	1.385424E-18
2.409232E+04	7.302874E-18	1.400022E-18
2.413193E+04	7.378165E-18	1.415381E-18
2.417154E+04	7.457211E-18	1.431471E-18
2.421115E+04	7.539826E-18	1.448256E-18
2.425076E+04	7.625826E-18	1.465704E-18
