#wls	flux	fluxerr
3.257341E+03	1.545523E-18	0.000000E+00
3.296951E+03	1.645716E-18	0.000000E+00
3.336561E+03	1.753207E-18	0.000000E+00
3.376171E+03	1.867469E-18	0.000000E+00
3.415782E+03	1.987490E-18	0.000000E+00
3.455392E+03	2.111409E-18	0.000000E+00
3.495002E+03	2.236436E-18	0.000000E+00
3.534612E+03	2.358043E-18	0.000000E+00
3.574223E+03	2.470688E-18	0.000000E+00
3.613833E+03	2.569846E-18	0.000000E+00
3.653443E+03	2.653414E-18	0.000000E+00
3.693053E+03	2.721128E-18	0.000000E+00
3.732664E+03	2.773803E-18	0.000000E+00
3.772274E+03	2.812838E-18	0.000000E+00
3.811884E+03	2.839854E-18	0.000000E+00
3.851494E+03	2.856545E-18	0.000000E+00
3.891105E+03	2.864391E-18	0.000000E+00
3.930715E+03	2.864721E-18	0.000000E+00
3.970325E+03	2.858570E-18	0.000000E+00
4.009935E+03	2.846776E-18	0.000000E+00
4.049545E+03	2.829908E-18	0.000000E+00
4.089156E+03	2.808391E-18	0.000000E+00
4.128766E+03	2.782531E-18	0.000000E+00
4.168376E+03	2.752749E-18	0.000000E+00
4.207986E+03	2.719634E-18	0.000000E+00
4.247597E+03	2.684402E-18	0.000000E+00
4.287207E+03	2.649261E-18	0.000000E+00
4.326817E+03	2.617224E-18	0.000000E+00
4.366427E+03	2.588569E-18	0.000000E+00
4.406038E+03	2.560870E-18	0.000000E+00
4.445648E+03	2.532697E-18	0.000000E+00
4.485258E+03	2.503696E-18	0.000000E+00
4.524868E+03	2.474034E-18	0.000000E+00
4.564479E+03	2.444175E-18	0.000000E+00
4.604089E+03	2.414511E-18	0.000000E+00
4.643699E+03	2.385346E-18	0.000000E+00
4.683309E+03	2.356840E-18	0.000000E+00
4.722919E+03	2.329281E-18	0.000000E+00
4.762530E+03	2.303052E-18	0.000000E+00
4.802140E+03	2.278335E-18	0.000000E+00
4.841750E+03	2.255215E-18	0.000000E+00
4.881360E+03	2.233709E-18	0.000000E+00
4.920971E+03	2.213868E-18	0.000000E+00
4.960581E+03	2.195656E-18	0.000000E+00
5.000191E+03	2.179086E-18	0.000000E+00
5.039801E+03	2.164088E-18	0.000000E+00
5.079412E+03	2.150600E-18	0.000000E+00
5.119022E+03	2.138496E-18	0.000000E+00
5.158632E+03	2.127652E-18	0.000000E+00
5.198242E+03	2.117969E-18	0.000000E+00
5.237853E+03	2.109245E-18	0.000000E+00
5.277463E+03	2.101316E-18	0.000000E+00
5.317073E+03	2.093979E-18	0.000000E+00
5.356683E+03	2.086985E-18	0.000000E+00
5.396293E+03	2.080041E-18	0.000000E+00
5.435904E+03	2.072497E-18	0.000000E+00
5.475514E+03	2.064104E-18	0.000000E+00
5.515124E+03	2.054652E-18	0.000000E+00
5.554734E+03	2.043901E-18	0.000000E+00
5.594345E+03	2.031711E-18	0.000000E+00
5.633955E+03	2.017906E-18	0.000000E+00
5.673565E+03	2.002419E-18	0.000000E+00
5.713175E+03	1.985188E-18	0.000000E+00
5.752786E+03	1.966214E-18	0.000000E+00
5.792396E+03	1.945559E-18	0.000000E+00
5.832006E+03	1.923327E-18	0.000000E+00
5.871616E+03	1.899730E-18	0.000000E+00
5.911227E+03	1.874985E-18	0.000000E+00
5.950837E+03	1.849516E-18	0.000000E+00
5.990447E+03	1.823831E-18	0.000000E+00
6.030057E+03	1.798660E-18	0.000000E+00
6.069667E+03	1.775067E-18	0.000000E+00
6.109278E+03	1.754609E-18	0.000000E+00
6.148888E+03	1.737935E-18	0.000000E+00
6.188498E+03	1.723965E-18	0.000000E+00
6.228108E+03	1.712165E-18	0.000000E+00
6.267719E+03	1.702299E-18	0.000000E+00
6.307329E+03	1.694121E-18	0.000000E+00
6.346939E+03	1.687248E-18	0.000000E+00
6.386549E+03	1.681615E-18	0.000000E+00
6.426160E+03	1.677309E-18	0.000000E+00
6.465770E+03	1.674161E-18	0.000000E+00
6.505380E+03	1.671807E-18	0.000000E+00
6.544990E+03	1.669807E-18	0.000000E+00
6.584601E+03	1.667952E-18	0.000000E+00
6.624211E+03	1.665955E-18	0.000000E+00
6.663821E+03	1.663748E-18	0.000000E+00
6.703431E+03	1.661223E-18	0.000000E+00
6.743041E+03	1.658388E-18	0.000000E+00
6.782652E+03	1.655164E-18	0.000000E+00
6.822262E+03	1.651585E-18	0.000000E+00
6.861872E+03	1.647658E-18	0.000000E+00
6.901482E+03	1.643365E-18	0.000000E+00
6.941093E+03	1.638782E-18	0.000000E+00
6.980703E+03	1.633861E-18	0.000000E+00
7.020313E+03	1.628717E-18	0.000000E+00
7.059923E+03	1.623442E-18	0.000000E+00
7.099534E+03	1.618104E-18	0.000000E+00
7.139144E+03	1.612907E-18	0.000000E+00
7.178754E+03	1.608005E-18	0.000000E+00
7.218364E+03	1.603600E-18	0.000000E+00
7.257975E+03	1.599692E-18	0.000000E+00
7.297585E+03	1.595890E-18	0.000000E+00
7.337195E+03	1.590978E-18	0.000000E+00
7.376805E+03	1.583305E-18	0.000000E+00
7.416415E+03	1.573821E-18	0.000000E+00
7.456026E+03	1.564372E-18	0.000000E+00
7.495636E+03	1.555729E-18	0.000000E+00
7.535246E+03	1.548037E-18	0.000000E+00
7.574856E+03	1.541135E-18	0.000000E+00
7.614467E+03	1.534930E-18	0.000000E+00
7.654077E+03	1.529328E-18	0.000000E+00
7.693687E+03	1.524472E-18	0.000000E+00
7.733297E+03	1.520680E-18	0.000000E+00
7.772908E+03	1.518366E-18	0.000000E+00
7.812518E+03	1.517794E-18	0.000000E+00
7.852128E+03	1.519103E-18	0.000000E+00
7.891738E+03	1.521257E-18	0.000000E+00
7.931349E+03	1.523878E-18	0.000000E+00
7.970959E+03	1.528390E-18	0.000000E+00
8.010569E+03	1.535060E-18	0.000000E+00
8.050179E+03	1.543385E-18	0.000000E+00
8.089789E+03	1.552524E-18	0.000000E+00
8.129400E+03	1.561697E-18	0.000000E+00
8.169010E+03	1.570281E-18	0.000000E+00
8.208620E+03	1.577503E-18	0.000000E+00
8.248230E+03	1.582897E-18	0.000000E+00
8.287841E+03	1.586046E-18	0.000000E+00
8.327451E+03	1.586528E-18	0.000000E+00
8.367061E+03	1.584069E-18	0.000000E+00
8.406671E+03	1.578544E-18	0.000000E+00
8.446282E+03	1.569788E-18	0.000000E+00
8.485892E+03	1.557843E-18	0.000000E+00
8.525502E+03	1.542712E-18	0.000000E+00
8.565112E+03	1.524557E-18	0.000000E+00
8.604723E+03	1.503741E-18	0.000000E+00
8.644333E+03	1.480545E-18	0.000000E+00
8.683943E+03	1.455399E-18	0.000000E+00
8.723553E+03	1.428504E-18	0.000000E+00
8.763163E+03	1.399780E-18	0.000000E+00
8.802774E+03	1.368359E-18	0.000000E+00
8.842384E+03	1.333768E-18	0.000000E+00
8.881994E+03	1.297096E-18	0.000000E+00
8.921604E+03	1.258818E-18	0.000000E+00
8.961215E+03	1.219359E-18	0.000000E+00
9.000825E+03	1.178954E-18	0.000000E+00
9.040435E+03	1.137886E-18	0.000000E+00
9.080045E+03	1.096385E-18	0.000000E+00
9.119656E+03	1.054822E-18	0.000000E+00
9.159266E+03	1.013299E-18	0.000000E+00
9.198876E+03	9.721076E-19	0.000000E+00
9.238486E+03	9.314460E-19	0.000000E+00
9.278097E+03	8.915032E-19	0.000000E+00
9.317707E+03	8.525002E-19	0.000000E+00
9.357317E+03	8.145196E-19	0.000000E+00
9.396927E+03	7.776784E-19	0.000000E+00
9.436537E+03	7.421242E-19	0.000000E+00
9.476148E+03	7.078730E-19	0.000000E+00
9.515758E+03	6.749751E-19	0.000000E+00
9.555368E+03	6.434731E-19	0.000000E+00
9.594978E+03	6.134031E-19	0.000000E+00
9.634589E+03	5.846804E-19	0.000000E+00
9.674199E+03	5.573704E-19	0.000000E+00
9.713809E+03	5.314193E-19	0.000000E+00
9.753419E+03	5.067723E-19	0.000000E+00
9.793030E+03	4.834453E-19	0.000000E+00
9.832640E+03	4.613434E-19	0.000000E+00
9.872250E+03	4.404434E-19	0.000000E+00
9.911857E+03	4.207195E-19	0.000000E+00
9.951468E+03	4.020439E-19	0.000000E+00
9.991078E+03	3.844583E-19	0.000000E+00
1.003069E+04	3.678695E-19	0.000000E+00
1.007030E+04	3.521875E-19	0.000000E+00
1.010991E+04	3.374505E-19	0.000000E+00
1.014952E+04	3.235382E-19	0.000000E+00
1.018913E+04	3.104268E-19	0.000000E+00
1.022874E+04	2.980922E-19	0.000000E+00
1.026835E+04	2.864804E-19	0.000000E+00
1.030796E+04	2.755109E-19	0.000000E+00
1.034757E+04	2.651913E-19	0.000000E+00
1.038718E+04	2.554723E-19	0.000000E+00
1.042679E+04	2.514394E-19	0.000000E+00
1.046640E+04	2.475100E-19	0.000000E+00
1.050601E+04	2.436843E-19	0.000000E+00
1.054562E+04	2.399626E-19	0.000000E+00
1.058523E+04	2.363444E-19	0.000000E+00
1.062484E+04	2.328289E-19	0.000000E+00
1.066445E+04	2.294154E-19	0.000000E+00
1.070406E+04	2.261023E-19	0.000000E+00
1.074367E+04	2.228885E-19	0.000000E+00
1.078328E+04	2.197721E-19	0.000000E+00
1.082289E+04	2.167514E-19	0.000000E+00
1.086250E+04	2.138242E-19	0.000000E+00
1.090211E+04	2.109888E-19	0.000000E+00
1.094172E+04	2.082426E-19	0.000000E+00
1.098133E+04	2.055834E-19	0.000000E+00
1.102094E+04	2.030093E-19	0.000000E+00
1.106055E+04	2.005173E-19	0.000000E+00
1.110016E+04	1.981056E-19	0.000000E+00
1.113977E+04	1.957713E-19	0.000000E+00
1.117938E+04	1.935125E-19	0.000000E+00
1.121900E+04	1.913267E-19	0.000000E+00
1.125861E+04	1.892115E-19	0.000000E+00
1.129822E+04	1.871648E-19	0.000000E+00
1.133783E+04	1.851843E-19	0.000000E+00
1.137744E+04	1.832679E-19	0.000000E+00
1.141705E+04	1.814136E-19	0.000000E+00
1.145666E+04	1.796194E-19	0.000000E+00
1.149627E+04	1.778831E-19	0.000000E+00
1.153588E+04	1.762033E-19	0.000000E+00
1.157549E+04	1.745778E-19	0.000000E+00
1.161510E+04	1.730051E-19	0.000000E+00
1.165471E+04	1.714836E-19	0.000000E+00
1.169432E+04	1.700117E-19	0.000000E+00
1.173393E+04	1.685877E-19	0.000000E+00
1.177354E+04	1.672105E-19	0.000000E+00
1.181315E+04	1.658785E-19	0.000000E+00
1.185276E+04	1.645904E-19	0.000000E+00
1.189237E+04	1.633451E-19	0.000000E+00
1.193198E+04	1.621413E-19	0.000000E+00
1.197159E+04	1.609779E-19	0.000000E+00
1.201120E+04	1.598537E-19	0.000000E+00
1.205081E+04	1.587678E-19	0.000000E+00
1.209042E+04	1.577190E-19	0.000000E+00
1.213003E+04	1.567065E-19	0.000000E+00
1.216964E+04	1.557291E-19	0.000000E+00
1.220925E+04	1.547861E-19	0.000000E+00
1.224886E+04	1.538765E-19	0.000000E+00
1.228847E+04	1.529995E-19	0.000000E+00
1.232808E+04	1.521541E-19	0.000000E+00
1.236769E+04	1.513394E-19	0.000000E+00
1.240730E+04	1.505548E-19	0.000000E+00
1.244691E+04	1.497993E-19	0.000000E+00
1.248652E+04	1.490721E-19	0.000000E+00
1.252613E+04	1.483724E-19	0.000000E+00
1.256574E+04	1.476994E-19	0.000000E+00
1.260535E+04	1.470522E-19	0.000000E+00
1.264496E+04	1.464302E-19	0.000000E+00
1.268457E+04	1.458324E-19	0.000000E+00
1.272418E+04	1.452580E-19	0.000000E+00
1.276379E+04	1.447063E-19	0.000000E+00
1.280340E+04	1.441764E-19	0.000000E+00
1.284301E+04	1.436675E-19	0.000000E+00
1.288262E+04	1.431788E-19	0.000000E+00
1.292224E+04	1.427095E-19	0.000000E+00
1.296185E+04	1.422587E-19	0.000000E+00
1.300146E+04	1.418257E-19	0.000000E+00
1.304107E+04	1.414096E-19	0.000000E+00
1.308068E+04	1.410097E-19	0.000000E+00
1.312029E+04	1.406252E-19	0.000000E+00
1.315990E+04	1.402553E-19	0.000000E+00
1.319951E+04	1.398993E-19	0.000000E+00
1.323912E+04	1.395566E-19	0.000000E+00
1.327873E+04	1.392264E-19	0.000000E+00
1.331834E+04	1.389081E-19	0.000000E+00
1.335795E+04	1.386013E-19	0.000000E+00
1.339756E+04	1.383053E-19	0.000000E+00
1.343717E+04	1.380198E-19	0.000000E+00
1.347678E+04	1.377444E-19	0.000000E+00
1.351639E+04	1.374789E-19	0.000000E+00
1.355600E+04	1.372229E-19	0.000000E+00
1.359561E+04	1.369764E-19	0.000000E+00
1.363522E+04	1.367395E-19	0.000000E+00
1.367483E+04	1.365121E-19	0.000000E+00
1.371444E+04	1.362945E-19	0.000000E+00
1.375405E+04	1.360870E-19	0.000000E+00
1.379366E+04	1.358900E-19	0.000000E+00
1.383327E+04	1.357040E-19	0.000000E+00
1.387288E+04	1.355296E-19	0.000000E+00
1.391249E+04	1.353677E-19	0.000000E+00
1.395210E+04	1.352191E-19	0.000000E+00
1.399171E+04	1.350847E-19	0.000000E+00
1.403132E+04	1.349656E-19	0.000000E+00
1.407093E+04	1.348629E-19	0.000000E+00
1.411054E+04	1.347780E-19	0.000000E+00
1.415015E+04	1.347122E-19	0.000000E+00
1.418976E+04	1.346668E-19	0.000000E+00
1.422937E+04	1.346434E-19	0.000000E+00
1.426898E+04	1.346435E-19	0.000000E+00
1.430859E+04	1.346688E-19	0.000000E+00
1.434820E+04	1.347209E-19	0.000000E+00
1.438781E+04	1.348015E-19	0.000000E+00
1.442742E+04	1.349122E-19	0.000000E+00
1.446703E+04	1.350549E-19	0.000000E+00
1.450664E+04	1.352312E-19	0.000000E+00
1.454625E+04	1.354428E-19	0.000000E+00
1.458587E+04	1.356915E-19	0.000000E+00
1.462548E+04	1.359789E-19	0.000000E+00
1.466509E+04	1.363067E-19	0.000000E+00
1.470470E+04	1.366765E-19	0.000000E+00
1.474431E+04	1.370897E-19	0.000000E+00
1.478392E+04	1.375479E-19	0.000000E+00
1.482353E+04	1.380524E-19	0.000000E+00
1.486314E+04	1.386045E-19	0.000000E+00
1.490275E+04	1.392056E-19	0.000000E+00
1.494236E+04	1.398565E-19	0.000000E+00
1.498197E+04	1.405585E-19	0.000000E+00
1.502158E+04	1.413124E-19	0.000000E+00
1.506119E+04	1.421190E-19	0.000000E+00
1.510080E+04	1.429790E-19	0.000000E+00
1.514041E+04	1.438928E-19	0.000000E+00
1.518002E+04	1.448610E-19	0.000000E+00
1.521963E+04	1.458839E-19	0.000000E+00
1.525924E+04	1.469616E-19	0.000000E+00
1.529885E+04	1.480943E-19	0.000000E+00
1.533846E+04	1.492820E-19	0.000000E+00
1.537807E+04	1.505245E-19	0.000000E+00
1.541768E+04	1.518216E-19	0.000000E+00
1.545729E+04	1.531732E-19	0.000000E+00
1.549690E+04	1.545788E-19	0.000000E+00
1.553651E+04	1.560383E-19	0.000000E+00
1.557612E+04	1.575511E-19	0.000000E+00
1.561573E+04	1.591171E-19	0.000000E+00
1.565534E+04	1.607358E-19	0.000000E+00
1.569495E+04	1.624072E-19	0.000000E+00
1.573456E+04	1.641309E-19	0.000000E+00
1.577417E+04	1.659072E-19	0.000000E+00
1.581378E+04	1.677360E-19	0.000000E+00
1.585339E+04	1.696178E-19	0.000000E+00
1.589300E+04	1.715531E-19	0.000000E+00
1.593261E+04	1.735427E-19	0.000000E+00
1.597222E+04	1.755879E-19	0.000000E+00
1.601183E+04	1.776896E-19	0.000000E+00
1.605144E+04	1.798501E-19	0.000000E+00
1.609105E+04	1.820713E-19	0.000000E+00
1.613066E+04	1.843556E-19	0.000000E+00
1.617027E+04	1.867060E-19	0.000000E+00
1.620988E+04	1.891256E-19	0.000000E+00
1.624949E+04	1.916182E-19	0.000000E+00
1.628911E+04	1.941881E-19	0.000000E+00
1.632872E+04	1.968396E-19	0.000000E+00
1.636833E+04	1.995778E-19	0.000000E+00
1.640794E+04	2.024083E-19	0.000000E+00
1.644755E+04	2.053370E-19	0.000000E+00
1.648716E+04	2.083700E-19	0.000000E+00
1.652677E+04	2.115142E-19	0.000000E+00
1.656638E+04	2.147767E-19	0.000000E+00
1.660599E+04	2.181653E-19	0.000000E+00
1.664560E+04	2.216876E-19	0.000000E+00
1.668521E+04	2.253524E-19	0.000000E+00
1.672482E+04	2.291685E-19	0.000000E+00
1.676443E+04	2.331449E-19	0.000000E+00
1.680404E+04	2.372914E-19	0.000000E+00
1.684365E+04	2.416177E-19	0.000000E+00
1.688326E+04	2.461344E-19	0.000000E+00
1.692287E+04	2.508525E-19	0.000000E+00
1.696248E+04	2.557828E-19	0.000000E+00
1.700209E+04	2.609373E-19	0.000000E+00
1.704170E+04	2.663278E-19	0.000000E+00
1.708131E+04	2.719671E-19	0.000000E+00
1.712092E+04	2.778678E-19	0.000000E+00
1.716053E+04	2.840438E-19	0.000000E+00
1.720014E+04	2.905090E-19	0.000000E+00
1.723975E+04	2.972780E-19	0.000000E+00
1.727936E+04	3.043658E-19	0.000000E+00
1.731897E+04	3.117884E-19	0.000000E+00
1.735858E+04	3.195621E-19	0.000000E+00
1.739819E+04	3.277043E-19	0.000000E+00
1.743780E+04	3.362328E-19	0.000000E+00
1.747741E+04	3.451664E-19	0.000000E+00
1.751702E+04	3.545245E-19	0.000000E+00
1.755663E+04	3.643278E-19	0.000000E+00
1.759624E+04	3.745979E-19	0.000000E+00
1.763585E+04	3.853570E-19	0.000000E+00
1.767546E+04	3.966291E-19	0.000000E+00
1.771507E+04	4.084389E-19	0.000000E+00
1.775468E+04	4.208121E-19	0.000000E+00
1.779429E+04	4.337766E-19	0.000000E+00
1.783390E+04	4.473608E-19	0.000000E+00
1.787351E+04	4.615950E-19	0.000000E+00
1.791312E+04	4.765111E-19	0.000000E+00
1.795274E+04	4.921424E-19	0.000000E+00
1.799235E+04	5.085242E-19	0.000000E+00
1.803196E+04	5.256933E-19	0.000000E+00
1.807157E+04	5.436889E-19	0.000000E+00
1.811118E+04	5.625515E-19	0.000000E+00
1.815079E+04	5.823245E-19	0.000000E+00
1.819040E+04	6.030531E-19	0.000000E+00
1.823001E+04	6.247846E-19	0.000000E+00
1.826962E+04	6.475690E-19	0.000000E+00
1.830923E+04	6.714592E-19	0.000000E+00
1.834884E+04	6.965097E-19	0.000000E+00
1.838845E+04	7.227787E-19	0.000000E+00
1.842806E+04	7.503267E-19	0.000000E+00
1.846767E+04	7.792172E-19	0.000000E+00
1.850728E+04	8.095168E-19	0.000000E+00
1.854689E+04	8.412951E-19	0.000000E+00
1.858650E+04	8.746244E-19	0.000000E+00
1.862611E+04	9.095813E-19	0.000000E+00
1.866572E+04	9.462444E-19	0.000000E+00
1.870533E+04	9.846965E-19	0.000000E+00
1.874494E+04	1.025023E-18	0.000000E+00
1.878455E+04	1.067313E-18	0.000000E+00
1.882416E+04	1.111658E-18	0.000000E+00
1.886377E+04	1.158154E-18	0.000000E+00
1.890338E+04	1.206899E-18	0.000000E+00
1.894299E+04	1.257992E-18	0.000000E+00
1.898260E+04	1.311539E-18	0.000000E+00
1.902221E+04	1.367644E-18	0.000000E+00
1.906182E+04	1.426413E-18	0.000000E+00
1.910143E+04	1.487957E-18	0.000000E+00
1.914104E+04	1.552383E-18	0.000000E+00
1.918065E+04	1.619800E-18	0.000000E+00
1.922026E+04	1.690318E-18	0.000000E+00
1.925987E+04	1.764042E-18	0.000000E+00
1.929948E+04	1.841075E-18	0.000000E+00
1.933909E+04	1.921519E-18	0.000000E+00
1.937870E+04	2.005464E-18	0.000000E+00
1.941831E+04	2.093000E-18	0.000000E+00
1.945792E+04	2.184205E-18	0.000000E+00
1.949753E+04	2.279143E-18	0.000000E+00
1.953714E+04	2.377870E-18	0.000000E+00
1.957675E+04	2.480426E-18	0.000000E+00
1.961636E+04	2.586827E-18	0.000000E+00
1.965598E+04	2.697072E-18	0.000000E+00
1.969559E+04	2.811140E-18	0.000000E+00
1.973520E+04	2.928975E-18	0.000000E+00
1.977481E+04	3.050493E-18	0.000000E+00
1.981442E+04	3.175579E-18	0.000000E+00
1.985403E+04	3.304073E-18	0.000000E+00
1.989364E+04	3.435776E-18	0.000000E+00
1.993325E+04	3.570445E-18	0.000000E+00
1.997286E+04	3.707784E-18	0.000000E+00
2.001247E+04	3.847443E-18	0.000000E+00
2.005208E+04	3.989016E-18	0.000000E+00
2.009169E+04	4.132034E-18	0.000000E+00
2.013130E+04	4.275972E-18	0.000000E+00
2.017091E+04	4.420230E-18	0.000000E+00
2.021052E+04	4.564146E-18	0.000000E+00
2.025013E+04	4.706992E-18	0.000000E+00
2.028974E+04	4.847972E-18	0.000000E+00
2.032935E+04	4.986224E-18	0.000000E+00
2.036896E+04	5.120826E-18	0.000000E+00
2.040857E+04	5.250800E-18	0.000000E+00
2.044818E+04	5.375122E-18	0.000000E+00
2.048779E+04	5.492723E-18	0.000000E+00
2.052740E+04	5.602510E-18	0.000000E+00
2.056701E+04	5.703371E-18	0.000000E+00
2.060662E+04	5.794197E-18	0.000000E+00
2.064623E+04	5.873897E-18	0.000000E+00
2.068584E+04	5.941418E-18	0.000000E+00
2.072545E+04	5.995769E-18	0.000000E+00
2.076506E+04	6.036038E-18	0.000000E+00
2.080467E+04	6.061430E-18	0.000000E+00
2.084428E+04	6.071274E-18	0.000000E+00
2.088389E+04	6.065069E-18	0.000000E+00
2.092350E+04	6.042484E-18	0.000000E+00
2.096311E+04	6.003401E-18	0.000000E+00
2.100272E+04	5.947918E-18	0.000000E+00
2.104233E+04	5.876378E-18	0.000000E+00
2.108194E+04	5.789360E-18	0.000000E+00
2.112155E+04	5.687701E-18	0.000000E+00
2.116116E+04	5.572490E-18	0.000000E+00
2.120077E+04	5.445079E-18	0.000000E+00
2.124038E+04	5.307136E-18	0.000000E+00
2.127999E+04	5.160781E-18	0.000000E+00
2.131961E+04	5.008816E-18	0.000000E+00
2.135922E+04	4.854652E-18	0.000000E+00
2.139883E+04	4.701706E-18	0.000000E+00
2.143844E+04	4.552854E-18	0.000000E+00
2.147805E+04	4.410129E-18	0.000000E+00
2.151766E+04	4.274688E-18	0.000000E+00
2.155727E+04	4.147051E-18	0.000000E+00
2.159688E+04	4.027338E-18	0.000000E+00
2.163649E+04	3.915435E-18	0.000000E+00
2.167610E+04	3.811093E-18	0.000000E+00
2.171571E+04	3.713989E-18	0.000000E+00
2.175532E+04	3.623759E-18	0.000000E+00
2.179493E+04	3.540032E-18	0.000000E+00
2.183454E+04	3.462433E-18	0.000000E+00
2.187415E+04	3.390605E-18	0.000000E+00
2.191376E+04	3.324207E-18	0.000000E+00
2.195337E+04	3.262922E-18	0.000000E+00
2.199298E+04	3.206449E-18	0.000000E+00
2.203259E+04	3.154515E-18	0.000000E+00
2.207220E+04	3.106865E-18	0.000000E+00
2.211181E+04	3.063265E-18	0.000000E+00
2.215142E+04	3.023499E-18	0.000000E+00
2.219103E+04	2.987372E-18	0.000000E+00
2.223064E+04	2.954700E-18	0.000000E+00
2.227025E+04	2.925319E-18	0.000000E+00
2.230986E+04	2.899076E-18	0.000000E+00
2.234947E+04	2.875831E-18	0.000000E+00
2.238908E+04	2.855456E-18	0.000000E+00
2.242869E+04	2.837834E-18	0.000000E+00
2.246830E+04	2.822856E-18	0.000000E+00
2.250791E+04	2.810423E-18	0.000000E+00
2.254752E+04	2.800447E-18	0.000000E+00
2.258713E+04	2.792841E-18	0.000000E+00
2.262674E+04	2.787532E-18	0.000000E+00
2.266635E+04	2.784447E-18	0.000000E+00
2.270596E+04	2.783526E-18	0.000000E+00
2.274557E+04	2.784708E-18	0.000000E+00
2.278518E+04	2.787941E-18	0.000000E+00
2.282479E+04	2.793172E-18	0.000000E+00
2.286440E+04	2.800360E-18	0.000000E+00
2.290401E+04	2.809462E-18	0.000000E+00
2.294362E+04	2.820438E-18	0.000000E+00
2.298323E+04	2.833257E-18	0.000000E+00
2.302285E+04	2.847882E-18	0.000000E+00
2.306246E+04	2.864288E-18	0.000000E+00
2.310207E+04	2.882446E-18	0.000000E+00
2.314168E+04	2.902330E-18	0.000000E+00
2.318129E+04	2.923916E-18	0.000000E+00
2.322090E+04	2.947184E-18	0.000000E+00
2.326051E+04	2.972110E-18	0.000000E+00
2.330012E+04	2.998676E-18	0.000000E+00
2.333973E+04	3.026863E-18	0.000000E+00
2.337934E+04	3.056653E-18	0.000000E+00
2.341895E+04	3.088028E-18	0.000000E+00
2.345856E+04	3.120971E-18	0.000000E+00
2.349817E+04	3.155462E-18	0.000000E+00
2.353778E+04	3.191487E-18	0.000000E+00
2.357739E+04	3.229028E-18	0.000000E+00
2.361700E+04	3.268064E-18	0.000000E+00
2.365661E+04	3.308582E-18	0.000000E+00
2.369622E+04	3.350558E-18	0.000000E+00
2.373583E+04	3.393976E-18	0.000000E+00
2.377544E+04	3.438815E-18	0.000000E+00
2.381505E+04	3.485053E-18	0.000000E+00
2.385466E+04	3.532670E-18	0.000000E+00
2.389427E+04	3.581642E-18	0.000000E+00
2.393388E+04	3.631944E-18	0.000000E+00
2.397349E+04	3.683552E-18	0.000000E+00
2.401310E+04	3.736440E-18	0.000000E+00
2.405271E+04	3.790579E-18	0.000000E+00
2.409232E+04	3.845942E-18	0.000000E+00
2.413193E+04	3.902500E-18	0.000000E+00
2.417154E+04	3.960221E-18	0.000000E+00
2.421115E+04	4.019073E-18	0.000000E+00
2.425076E+04	4.079023E-18	0.000000E+00
