#wls	flux	fluxerr
3.257341E+03	1.051053E-18	2.045436E-19
3.296951E+03	1.105502E-18	2.149219E-19
3.336561E+03	1.162616E-18	2.257940E-19
3.376171E+03	1.222164E-18	2.371129E-19
3.415782E+03	1.283803E-18	2.488104E-19
3.455392E+03	1.346860E-18	2.607544E-19
3.495002E+03	1.410253E-18	2.727345E-19
3.534612E+03	1.471948E-18	2.843569E-19
3.574223E+03	1.529246E-18	2.951014E-19
3.613833E+03	1.579777E-18	3.045139E-19
3.653443E+03	1.622114E-18	3.123233E-19
3.693053E+03	1.655998E-18	3.184848E-19
3.732664E+03	1.681762E-18	3.230677E-19
3.772274E+03	1.700064E-18	3.262035E-19
3.811884E+03	1.711641E-18	3.280382E-19
3.851494E+03	1.717336E-18	3.287376E-19
3.891105E+03	1.717911E-18	3.284515E-19
3.930715E+03	1.714130E-18	3.273292E-19
3.970325E+03	1.706669E-18	3.255026E-19
4.009935E+03	1.696124E-18	3.230878E-19
4.049545E+03	1.683041E-18	3.201913E-19
4.089156E+03	1.667873E-18	3.169005E-19
4.128766E+03	1.650982E-18	3.132860E-19
4.168376E+03	1.632699E-18	3.094120E-19
4.207986E+03	1.613201E-18	3.053129E-19
4.247597E+03	1.592530E-18	3.009977E-19
4.287207E+03	1.570500E-18	2.964323E-19
4.326817E+03	1.546921E-18	2.915824E-19
4.366427E+03	1.522165E-18	2.865188E-19
4.406038E+03	1.497075E-18	2.814014E-19
4.445648E+03	1.472308E-18	2.763541E-19
4.485258E+03	1.448274E-18	2.714532E-19
4.524868E+03	1.425183E-18	2.667379E-19
4.564479E+03	1.403174E-18	2.622335E-19
4.604089E+03	1.382353E-18	2.579590E-19
4.643699E+03	1.362778E-18	2.539243E-19
4.683309E+03	1.344690E-18	2.501737E-19
4.722919E+03	1.328406E-18	2.467644E-19
4.762530E+03	1.313983E-18	2.437058E-19
4.802140E+03	1.301434E-18	2.409989E-19
4.841750E+03	1.290731E-18	2.386367E-19
4.881360E+03	1.281837E-18	2.366110E-19
4.920971E+03	1.274672E-18	2.349055E-19
4.960581E+03	1.269123E-18	2.334979E-19
5.000191E+03	1.265057E-18	2.323621E-19
5.039801E+03	1.262343E-18	2.314727E-19
5.079412E+03	1.260812E-18	2.307980E-19
5.119022E+03	1.260288E-18	2.303042E-19
5.158632E+03	1.260592E-18	2.299578E-19
5.198242E+03	1.261579E-18	2.297316E-19
5.237853E+03	1.263081E-18	2.295944E-19
5.277463E+03	1.265037E-18	2.295346E-19
5.317073E+03	1.267439E-18	2.295502E-19
5.356683E+03	1.270328E-18	2.296482E-19
5.396293E+03	1.273736E-18	2.298337E-19
5.435904E+03	1.277453E-18	2.300682E-19
5.475514E+03	1.281160E-18	2.302942E-19
5.515124E+03	1.284425E-18	2.304342E-19
5.554734E+03	1.286854E-18	2.304177E-19
5.594345E+03	1.288264E-18	2.302131E-19
5.633955E+03	1.288638E-18	2.298183E-19
5.673565E+03	1.288026E-18	2.292434E-19
5.713175E+03	1.286604E-18	2.285206E-19
5.752786E+03	1.284516E-18	2.276761E-19
5.792396E+03	1.281979E-18	2.267493E-19
5.832006E+03	1.279127E-18	2.257645E-19
5.871616E+03	1.276132E-18	2.247518E-19
5.911227E+03	1.273088E-18	2.237283E-19
5.950837E+03	1.270053E-18	2.227041E-19
5.990447E+03	1.266973E-18	2.216699E-19
6.030057E+03	1.263716E-18	2.206024E-19
6.069667E+03	1.259988E-18	2.194508E-19
6.109278E+03	1.255492E-18	2.181641E-19
6.148888E+03	1.250068E-18	2.167155E-19
6.188498E+03	1.243890E-18	2.151361E-19
6.228108E+03	1.237883E-18	2.135866E-19
6.267719E+03	1.233345E-18	2.122901E-19
6.307329E+03	1.231519E-18	2.114585E-19
6.346939E+03	1.233290E-18	2.112399E-19
6.386549E+03	1.238631E-18	2.116246E-19
6.426160E+03	1.247076E-18	2.125291E-19
6.465770E+03	1.258686E-18	2.139594E-19
6.505380E+03	1.273794E-18	2.159676E-19
6.544990E+03	1.292649E-18	2.185910E-19
6.584601E+03	1.315634E-18	2.218890E-19
6.624211E+03	1.343081E-18	2.259115E-19
6.663821E+03	1.375417E-18	2.307239E-19
6.703431E+03	1.413058E-18	2.363885E-19
6.743041E+03	1.456436E-18	2.429698E-19
6.782652E+03	1.506039E-18	2.505401E-19
6.822262E+03	1.562314E-18	2.591645E-19
6.861872E+03	1.625814E-18	2.689241E-19
6.901482E+03	1.696987E-18	2.798815E-19
6.941093E+03	1.776339E-18	2.921083E-19
6.980703E+03	1.864338E-18	3.056681E-19
7.020313E+03	1.961347E-18	3.206066E-19
7.059923E+03	2.067750E-18	3.369715E-19
7.099534E+03	2.183765E-18	3.547828E-19
7.139144E+03	2.309529E-18	3.740470E-19
7.178754E+03	2.444916E-18	3.947272E-19
7.218364E+03	2.590017E-18	4.168214E-19
7.257975E+03	2.744894E-18	4.403228E-19
7.297585E+03	2.910400E-18	4.653504E-19
7.337195E+03	3.088608E-18	4.922157E-19
7.376805E+03	3.282901E-18	5.214337E-19
7.416415E+03	3.494166E-18	5.531164E-19
7.456026E+03	3.720051E-18	5.868627E-19
7.495636E+03	3.957553E-18	6.221737E-19
7.535246E+03	4.204357E-18	6.586645E-19
7.574856E+03	4.458680E-18	6.960382E-19
7.614467E+03	4.718709E-18	7.339968E-19
7.654077E+03	4.982465E-18	7.722206E-19
7.693687E+03	5.248714E-18	8.105092E-19
7.733297E+03	5.516168E-18	8.486565E-19
7.772908E+03	5.784638E-18	8.866277E-19
7.812518E+03	6.056124E-18	9.247230E-19
7.852128E+03	6.335466E-18	9.636696E-19
7.891738E+03	6.630636E-18	1.004658E-18
7.931349E+03	6.947319E-18	1.048514E-18
7.970959E+03	7.280714E-18	1.094473E-18
8.010569E+03	7.625191E-18	1.141658E-18
8.050179E+03	7.976221E-18	1.189368E-18
8.089789E+03	8.332039E-18	1.237326E-18
8.129400E+03	8.691868E-18	1.285402E-18
8.169010E+03	9.056032E-18	1.333632E-18
8.208620E+03	9.425605E-18	1.382161E-18
8.248230E+03	9.802090E-18	1.431193E-18
8.287841E+03	1.018675E-17	1.480894E-18
8.327451E+03	1.058173E-17	1.531552E-18
8.367061E+03	1.098808E-17	1.583295E-18
8.406671E+03	1.140651E-17	1.636198E-18
8.446282E+03	1.183833E-17	1.690418E-18
8.485892E+03	1.228339E-17	1.745904E-18
8.525502E+03	1.274090E-17	1.802510E-18
8.565112E+03	1.320982E-17	1.860060E-18
8.604723E+03	1.368753E-17	1.918159E-18
8.644333E+03	1.417145E-17	1.976425E-18
8.683943E+03	1.465821E-17	2.034368E-18
8.723553E+03	1.514507E-17	2.091600E-18
8.763163E+03	1.563029E-17	2.147877E-18
8.802774E+03	1.611527E-17	2.203387E-18
8.842384E+03	1.659826E-17	2.257888E-18
8.881994E+03	1.707678E-17	2.311042E-18
8.921604E+03	1.754990E-17	2.362729E-18
8.961215E+03	1.801673E-17	2.412835E-18
9.000825E+03	1.847854E-17	2.461541E-18
9.040435E+03	1.893712E-17	2.509087E-18
9.080045E+03	1.939310E-17	2.555560E-18
9.119656E+03	1.985013E-17	2.601441E-18
9.159266E+03	2.030576E-17	2.646402E-18
9.198876E+03	2.075915E-17	2.690336E-18
9.238486E+03	2.120953E-17	2.733144E-18
9.278097E+03	2.165512E-17	2.774602E-18
9.317707E+03	2.209286E-17	2.814328E-18
9.357317E+03	2.251836E-17	2.851780E-18
9.396927E+03	2.292701E-17	2.886404E-18
9.436537E+03	2.331292E-17	2.917498E-18
9.476148E+03	2.367024E-17	2.944384E-18
9.515758E+03	2.399644E-17	2.966814E-18
9.555368E+03	2.428246E-17	2.983746E-18
9.594978E+03	2.452734E-17	2.995153E-18
9.634589E+03	2.472669E-17	3.000597E-18
9.674199E+03	2.487693E-17	2.999754E-18
9.713809E+03	2.497550E-17	2.992433E-18
9.753419E+03	2.502271E-17	2.978790E-18
9.793030E+03	2.501822E-17	2.958911E-18
9.832640E+03	2.496280E-17	2.933007E-18
9.872250E+03	2.485818E-17	2.901406E-18
9.911857E+03	2.470710E-17	2.864543E-18
9.951468E+03	2.451735E-17	2.823429E-18
9.991078E+03	2.428899E-17	2.778166E-18
1.003069E+04	2.402869E-17	2.729610E-18
1.007030E+04	2.374116E-17	2.678371E-18
1.010991E+04	2.343322E-17	2.625283E-18
1.014952E+04	2.310920E-17	2.570882E-18
1.018913E+04	2.277297E-17	2.515639E-18
1.022874E+04	2.242788E-17	2.459956E-18
1.026835E+04	2.207902E-17	2.404412E-18
1.030796E+04	2.172857E-17	2.349259E-18
1.034757E+04	2.137812E-17	2.294676E-18
1.038718E+04	2.103334E-17	2.241272E-18
1.042679E+04	2.110021E-17	2.231985E-18
1.046640E+04	2.115377E-17	2.221237E-18
1.050601E+04	2.119500E-17	2.209169E-18
1.054562E+04	2.122460E-17	2.195891E-18
1.058523E+04	2.124310E-17	2.181491E-18
1.062484E+04	2.125087E-17	2.166043E-18
1.066445E+04	2.124822E-17	2.149608E-18
1.070406E+04	2.123543E-17	2.132249E-18
1.074367E+04	2.121280E-17	2.114028E-18
1.078328E+04	2.118071E-17	2.095013E-18
1.082289E+04	2.113957E-17	2.075275E-18
1.086250E+04	2.108984E-17	2.054888E-18
1.090211E+04	2.103199E-17	2.033928E-18
1.094172E+04	2.096659E-17	2.012474E-18
1.098133E+04	2.089417E-17	1.990605E-18
1.102094E+04	2.081535E-17	1.968405E-18
1.106055E+04	2.073077E-17	1.945957E-18
1.110016E+04	2.064117E-17	1.923351E-18
1.113977E+04	2.054733E-17	1.900680E-18
1.117938E+04	2.045008E-17	1.878040E-18
1.121900E+04	2.035027E-17	1.855525E-18
1.125861E+04	2.024880E-17	1.833232E-18
1.129822E+04	2.014657E-17	1.811257E-18
1.133783E+04	2.004447E-17	1.789687E-18
1.137744E+04	1.994336E-17	1.768613E-18
1.141705E+04	1.984413E-17	1.748120E-18
1.145666E+04	1.974768E-17	1.728294E-18
1.149627E+04	1.965494E-17	1.709222E-18
1.153588E+04	1.956693E-17	1.690998E-18
1.157549E+04	1.948477E-17	1.673721E-18
1.161510E+04	1.940961E-17	1.657491E-18
1.165471E+04	1.934269E-17	1.642417E-18
1.169432E+04	1.928520E-17	1.628597E-18
1.173393E+04	1.923822E-17	1.616123E-18
1.177354E+04	1.920264E-17	1.605069E-18
1.181315E+04	1.917899E-17	1.595478E-18
1.185276E+04	1.916743E-17	1.587364E-18
1.189237E+04	1.916755E-17	1.580696E-18
1.193198E+04	1.917840E-17	1.575399E-18
1.197159E+04	1.919830E-17	1.571343E-18
1.201120E+04	1.922492E-17	1.568347E-18
1.205081E+04	1.925515E-17	1.566172E-18
1.209042E+04	1.928524E-17	1.564526E-18
1.213003E+04	1.931072E-17	1.563068E-18
1.216964E+04	1.932660E-17	1.561413E-18
1.220925E+04	1.932751E-17	1.559148E-18
1.224886E+04	1.930786E-17	1.555842E-18
1.228847E+04	1.926234E-17	1.551083E-18
1.232808E+04	1.918636E-17	1.544505E-18
1.236769E+04	1.907710E-17	1.535866E-18
1.240730E+04	1.893515E-17	1.525189E-18
1.244691E+04	1.876378E-17	1.512705E-18
1.248652E+04	1.856740E-17	1.498738E-18
1.252613E+04	1.835109E-17	1.483655E-18
1.256574E+04	1.812009E-17	1.467842E-18
1.260535E+04	1.787972E-17	1.451689E-18
1.264496E+04	1.763515E-17	1.435577E-18
1.268457E+04	1.739138E-17	1.419876E-18
1.272418E+04	1.715318E-17	1.404947E-18
1.276379E+04	1.692506E-17	1.391129E-18
1.280340E+04	1.671118E-17	1.378745E-18
1.284301E+04	1.651534E-17	1.368094E-18
1.288262E+04	1.634086E-17	1.359441E-18
1.292224E+04	1.619054E-17	1.353020E-18
1.296185E+04	1.606662E-17	1.349022E-18
1.300146E+04	1.597070E-17	1.347591E-18
1.304107E+04	1.590370E-17	1.348824E-18
1.308068E+04	1.586594E-17	1.352767E-18
1.312029E+04	1.585708E-17	1.359416E-18
1.315990E+04	1.587618E-17	1.368719E-18
1.319951E+04	1.592169E-17	1.380567E-18
1.323912E+04	1.599152E-17	1.394811E-18
1.327873E+04	1.608306E-17	1.411248E-18
1.331834E+04	1.619324E-17	1.429634E-18
1.335795E+04	1.631860E-17	1.449684E-18
1.339756E+04	1.645537E-17	1.471080E-18
1.343717E+04	1.659957E-17	1.493476E-18
1.347678E+04	1.674715E-17	1.516512E-18
1.351639E+04	1.689407E-17	1.539820E-18
1.355600E+04	1.703645E-17	1.563037E-18
1.359561E+04	1.717073E-17	1.585819E-18
1.363522E+04	1.729365E-17	1.607842E-18
1.367483E+04	1.740246E-17	1.628822E-18
1.371444E+04	1.749489E-17	1.648510E-18
1.375405E+04	1.756921E-17	1.666705E-18
1.379366E+04	1.762424E-17	1.683252E-18
1.383327E+04	1.765933E-17	1.698045E-18
1.387288E+04	1.767436E-17	1.711026E-18
1.391249E+04	1.766967E-17	1.722181E-18
1.395210E+04	1.764602E-17	1.731539E-18
1.399171E+04	1.760450E-17	1.739163E-18
1.403132E+04	1.754648E-17	1.745146E-18
1.407093E+04	1.747351E-17	1.749605E-18
1.411054E+04	1.738735E-17	1.752679E-18
1.415015E+04	1.728985E-17	1.754523E-18
1.418976E+04	1.718296E-17	1.755308E-18
1.422937E+04	1.706868E-17	1.755216E-18
1.426898E+04	1.694910E-17	1.754440E-18
1.430859E+04	1.682627E-17	1.753182E-18
1.434820E+04	1.670226E-17	1.751644E-18
1.438781E+04	1.657909E-17	1.750034E-18
1.442742E+04	1.645867E-17	1.748555E-18
1.446703E+04	1.634285E-17	1.747403E-18
1.450664E+04	1.623331E-17	1.746767E-18
1.454625E+04	1.613159E-17	1.746823E-18
1.458587E+04	1.603903E-17	1.747731E-18
1.462548E+04	1.595681E-17	1.749637E-18
1.466509E+04	1.588588E-17	1.752663E-18
1.470470E+04	1.582699E-17	1.756914E-18
1.474431E+04	1.578063E-17	1.762467E-18
1.478392E+04	1.574708E-17	1.769377E-18
1.482353E+04	1.572642E-17	1.777678E-18
1.486314E+04	1.571853E-17	1.787380E-18
1.490275E+04	1.572306E-17	1.798467E-18
1.494236E+04	1.573953E-17	1.810909E-18
1.498197E+04	1.576729E-17	1.824651E-18
1.502158E+04	1.580553E-17	1.839621E-18
1.506119E+04	1.585330E-17	1.855728E-18
1.510080E+04	1.590945E-17	1.872853E-18
1.514041E+04	1.597273E-17	1.890866E-18
1.518002E+04	1.604171E-17	1.909607E-18
1.521963E+04	1.611483E-17	1.928899E-18
1.525924E+04	1.619039E-17	1.948547E-18
1.529885E+04	1.626662E-17	1.968339E-18
1.533846E+04	1.634162E-17	1.988044E-18
1.537807E+04	1.641348E-17	2.007426E-18
1.541768E+04	1.648019E-17	2.026231E-18
1.545729E+04	1.653978E-17	2.044202E-18
1.549690E+04	1.659025E-17	2.061080E-18
1.553651E+04	1.662968E-17	2.076606E-18
1.557612E+04	1.665624E-17	2.090529E-18
1.561573E+04	1.666829E-17	2.102615E-18
1.565534E+04	1.666435E-17	2.112652E-18
1.569495E+04	1.664325E-17	2.120459E-18
1.573456E+04	1.660410E-17	2.125890E-18
1.577417E+04	1.654636E-17	2.128843E-18
1.581378E+04	1.646981E-17	2.129255E-18
1.585339E+04	1.637462E-17	2.127114E-18
1.589300E+04	1.626126E-17	2.122447E-18
1.593261E+04	1.613052E-17	2.115325E-18
1.597222E+04	1.598346E-17	2.105859E-18
1.601183E+04	1.582140E-17	2.094191E-18
1.605144E+04	1.564579E-17	2.080490E-18
1.609105E+04	1.545827E-17	2.064948E-18
1.613066E+04	1.526058E-17	2.047779E-18
1.617027E+04	1.505455E-17	2.029210E-18
1.620988E+04	1.484201E-17	2.009477E-18
1.624949E+04	1.462476E-17	1.988810E-18
1.628911E+04	1.440447E-17	1.967434E-18
1.632872E+04	1.418271E-17	1.945556E-18
1.636833E+04	1.396091E-17	1.923373E-18
1.640794E+04	1.374032E-17	1.901059E-18
1.644755E+04	1.352204E-17	1.878771E-18
1.648716E+04	1.330701E-17	1.856645E-18
1.652677E+04	1.309603E-17	1.834799E-18
1.656638E+04	1.288977E-17	1.813337E-18
1.660599E+04	1.268878E-17	1.792344E-18
1.664560E+04	1.249348E-17	1.771893E-18
1.668521E+04	1.230424E-17	1.752045E-18
1.672482E+04	1.212133E-17	1.732851E-18
1.676443E+04	1.194497E-17	1.714355E-18
1.680404E+04	1.177531E-17	1.696591E-18
1.684365E+04	1.161249E-17	1.679592E-18
1.688326E+04	1.145665E-17	1.663390E-18
1.692287E+04	1.130793E-17	1.648019E-18
1.696248E+04	1.116649E-17	1.633515E-18
1.700209E+04	1.103256E-17	1.619923E-18
1.704170E+04	1.090641E-17	1.607298E-18
1.708131E+04	1.078838E-17	1.595705E-18
1.712092E+04	1.067884E-17	1.585212E-18
1.716053E+04	1.057829E-17	1.575905E-18
1.720014E+04	1.048720E-17	1.567874E-18
1.723975E+04	1.040614E-17	1.561216E-18
1.727936E+04	1.033568E-17	1.556037E-18
1.731897E+04	1.027640E-17	1.552440E-18
1.735858E+04	1.022894E-17	1.550540E-18
1.739819E+04	1.019390E-17	1.550446E-18
1.743780E+04	1.017190E-17	1.552275E-18
1.747741E+04	1.016354E-17	1.556135E-18
1.751702E+04	1.016940E-17	1.562138E-18
1.755663E+04	1.019004E-17	1.570391E-18
1.759624E+04	1.022593E-17	1.580989E-18
1.763585E+04	1.027747E-17	1.594015E-18
1.767546E+04	1.034493E-17	1.609535E-18
1.771507E+04	1.042837E-17	1.627581E-18
1.775468E+04	1.052766E-17	1.648154E-18
1.779429E+04	1.064237E-17	1.671209E-18
1.783390E+04	1.077172E-17	1.696645E-18
1.787351E+04	1.091458E-17	1.724302E-18
1.791312E+04	1.106939E-17	1.753951E-18
1.795274E+04	1.123414E-17	1.785287E-18
1.799235E+04	1.140639E-17	1.817934E-18
1.803196E+04	1.158327E-17	1.851443E-18
1.807157E+04	1.176155E-17	1.885300E-18
1.811118E+04	1.193769E-17	1.918935E-18
1.815079E+04	1.210796E-17	1.951744E-18
1.819040E+04	1.226860E-17	1.983110E-18
1.823001E+04	1.241597E-17	2.012426E-18
1.826962E+04	1.254668E-17	2.039125E-18
1.830923E+04	1.265776E-17	2.062698E-18
1.834884E+04	1.274677E-17	2.082719E-18
1.838845E+04	1.281185E-17	2.098857E-18
1.842806E+04	1.285182E-17	2.110885E-18
1.846767E+04	1.286617E-17	2.118685E-18
1.850728E+04	1.285503E-17	2.122249E-18
1.854689E+04	1.281920E-17	2.121675E-18
1.858650E+04	1.276002E-17	2.117156E-18
1.862611E+04	1.267933E-17	2.108971E-18
1.866572E+04	1.257937E-17	2.097466E-18
1.870533E+04	1.246264E-17	2.083038E-18
1.874494E+04	1.233182E-17	2.066115E-18
1.878455E+04	1.218965E-17	2.047142E-18
1.882416E+04	1.203886E-17	2.026570E-18
1.886377E+04	1.188215E-17	2.004842E-18
1.890338E+04	1.172210E-17	1.982388E-18
1.894299E+04	1.156111E-17	1.959618E-18
1.898260E+04	1.140144E-17	1.936912E-18
1.902221E+04	1.124511E-17	1.914618E-18
1.906182E+04	1.109387E-17	1.893041E-18
1.910143E+04	1.094927E-17	1.872452E-18
1.914104E+04	1.081255E-17	1.853075E-18
1.918065E+04	1.068471E-17	1.835088E-18
1.922026E+04	1.056650E-17	1.818634E-18
1.925987E+04	1.045844E-17	1.803814E-18
1.929948E+04	1.036083E-17	1.790692E-18
1.933909E+04	1.027382E-17	1.779306E-18
1.937870E+04	1.019738E-17	1.769662E-18
1.941831E+04	1.013138E-17	1.761751E-18
1.945792E+04	1.007556E-17	1.755539E-18
1.949753E+04	1.002959E-17	1.750979E-18
1.953714E+04	9.993019E-18	1.748005E-18
1.957675E+04	9.965350E-18	1.746537E-18
1.961636E+04	9.945981E-18	1.746481E-18
1.965598E+04	9.934258E-18	1.747729E-18
1.969559E+04	9.929471E-18	1.750165E-18
1.973520E+04	9.930868E-18	1.753663E-18
1.977481E+04	9.937657E-18	1.758089E-18
1.981442E+04	9.949024E-18	1.763305E-18
1.985403E+04	9.964150E-18	1.769168E-18
1.989364E+04	9.982228E-18	1.775541E-18
1.993325E+04	1.000245E-17	1.782280E-18
1.997286E+04	1.002403E-17	1.789249E-18
2.001247E+04	1.004620E-17	1.796313E-18
2.005208E+04	1.006823E-17	1.803337E-18
2.009169E+04	1.008941E-17	1.810198E-18
2.013130E+04	1.010910E-17	1.816779E-18
2.017091E+04	1.012669E-17	1.822968E-18
2.021052E+04	1.014163E-17	1.828667E-18
2.025013E+04	1.015347E-17	1.833788E-18
2.028974E+04	1.016176E-17	1.838252E-18
2.032935E+04	1.016616E-17	1.841989E-18
2.036896E+04	1.016634E-17	1.844941E-18
2.040857E+04	1.016204E-17	1.847054E-18
2.044818E+04	1.015303E-17	1.848282E-18
2.048779E+04	1.013909E-17	1.848586E-18
2.052740E+04	1.012007E-17	1.847931E-18
2.056701E+04	1.009584E-17	1.846290E-18
2.060662E+04	1.006629E-17	1.843637E-18
2.064623E+04	1.003133E-17	1.839955E-18
2.068584E+04	9.990927E-18	1.835233E-18
2.072545E+04	9.945092E-18	1.829469E-18
2.076506E+04	9.893844E-18	1.822662E-18
2.080467E+04	9.837255E-18	1.814821E-18
2.084428E+04	9.775436E-18	1.805965E-18
2.088389E+04	9.708529E-18	1.796115E-18
2.092350E+04	9.636732E-18	1.785305E-18
2.096311E+04	9.560286E-18	1.773577E-18
2.100272E+04	9.479487E-18	1.760982E-18
2.104233E+04	9.394673E-18	1.747581E-18
2.108194E+04	9.306226E-18	1.733444E-18
2.112155E+04	9.214580E-18	1.718648E-18
2.116116E+04	9.120203E-18	1.703279E-18
2.120077E+04	9.023565E-18	1.687425E-18
2.124038E+04	8.925141E-18	1.671172E-18
2.127999E+04	8.825367E-18	1.654602E-18
2.131961E+04	8.724565E-18	1.637776E-18
2.135922E+04	8.622923E-18	1.620727E-18
2.139883E+04	8.520539E-18	1.603476E-18
2.143844E+04	8.417479E-18	1.586033E-18
2.147805E+04	8.313794E-18	1.568410E-18
2.151766E+04	8.209534E-18	1.550616E-18
2.155727E+04	8.104744E-18	1.532659E-18
2.159688E+04	7.999506E-18	1.514556E-18
2.163649E+04	7.893917E-18	1.496324E-18
2.167610E+04	7.788097E-18	1.477988E-18
2.171571E+04	7.682174E-18	1.459572E-18
2.175532E+04	7.576315E-18	1.441108E-18
2.179493E+04	7.470683E-18	1.422628E-18
2.183454E+04	7.365449E-18	1.404166E-18
2.187415E+04	7.260783E-18	1.385754E-18
2.191376E+04	7.156852E-18	1.367426E-18
2.195337E+04	7.053837E-18	1.349218E-18
2.199298E+04	6.951924E-18	1.331165E-18
2.203259E+04	6.851292E-18	1.313304E-18
2.207220E+04	6.752136E-18	1.295674E-18
2.211181E+04	6.654660E-18	1.278315E-18
2.215142E+04	6.559065E-18	1.261267E-18
2.219103E+04	6.465558E-18	1.244571E-18
2.223064E+04	6.374340E-18	1.228270E-18
2.227025E+04	6.285607E-18	1.212401E-18
2.230986E+04	6.199541E-18	1.197002E-18
2.234947E+04	6.116307E-18	1.182107E-18
2.238908E+04	6.036049E-18	1.167746E-18
2.242869E+04	5.958888E-18	1.153945E-18
2.246830E+04	5.884918E-18	1.140724E-18
2.250791E+04	5.814203E-18	1.128097E-18
2.254752E+04	5.746780E-18	1.116074E-18
2.258713E+04	5.682660E-18	1.104660E-18
2.262674E+04	5.621835E-18	1.093854E-18
2.266635E+04	5.564280E-18	1.083655E-18
2.270596E+04	5.509959E-18	1.074056E-18
2.274557E+04	5.458833E-18	1.065054E-18
2.278518E+04	5.410863E-18	1.056641E-18
2.282479E+04	5.366011E-18	1.048813E-18
2.286440E+04	5.324245E-18	1.041565E-18
2.290401E+04	5.285545E-18	1.034895E-18
2.294362E+04	5.249898E-18	1.028802E-18
2.298323E+04	5.217301E-18	1.023288E-18
2.302285E+04	5.187766E-18	1.018356E-18
2.306246E+04	5.161311E-18	1.014012E-18
2.310207E+04	5.137968E-18	1.010263E-18
2.314168E+04	5.117772E-18	1.007119E-18
2.318129E+04	5.100766E-18	1.004589E-18
2.322090E+04	5.086996E-18	1.002684E-18
2.326051E+04	5.076506E-18	1.001415E-18
2.330012E+04	5.069334E-18	1.000791E-18
2.333973E+04	5.065513E-18	1.000819E-18
2.337934E+04	5.065063E-18	1.001505E-18
2.341895E+04	5.067992E-18	1.002853E-18
2.345856E+04	5.074297E-18	1.004863E-18
2.349817E+04	5.083956E-18	1.007533E-18
2.353778E+04	5.096933E-18	1.010857E-18
2.357739E+04	5.113175E-18	1.014826E-18
2.361700E+04	5.132611E-18	1.019427E-18
2.365661E+04	5.155155E-18	1.024645E-18
2.369622E+04	5.180703E-18	1.030460E-18
2.373583E+04	5.209136E-18	1.036849E-18
2.377544E+04	5.240322E-18	1.043788E-18
2.381505E+04	5.274115E-18	1.051249E-18
2.385466E+04	5.310359E-18	1.059201E-18
2.389427E+04	5.348893E-18	1.067613E-18
2.393388E+04	5.389551E-18	1.076453E-18
2.397349E+04	5.432171E-18	1.085689E-18
2.401310E+04	5.476589E-18	1.095289E-18
2.405271E+04	5.522650E-18	1.105223E-18
2.409232E+04	5.570197E-18	1.115460E-18
2.413193E+04	5.619078E-18	1.125969E-18
2.417154E+04	5.669141E-18	1.136721E-18
2.421115E+04	5.720237E-18	1.147687E-18
2.425076E+04	5.772218E-18	1.158835E-18
