#wls	flux	fluxerr
3.257341E+03	3.138987E-18	0.000000E+00
3.296951E+03	3.085401E-18	0.000000E+00
3.336561E+03	3.030895E-18	0.000000E+00
3.376171E+03	2.975715E-18	0.000000E+00
3.415782E+03	2.920154E-18	0.000000E+00
3.455392E+03	2.864511E-18	0.000000E+00
3.495002E+03	2.809074E-18	0.000000E+00
3.534612E+03	2.754097E-18	0.000000E+00
3.574223E+03	2.699801E-18	0.000000E+00
3.613833E+03	2.646362E-18	0.000000E+00
3.653443E+03	2.593923E-18	0.000000E+00
3.693053E+03	2.542587E-18	0.000000E+00
3.732664E+03	2.492423E-18	0.000000E+00
3.772274E+03	2.443477E-18	0.000000E+00
3.811884E+03	2.395767E-18	0.000000E+00
3.851494E+03	2.349290E-18	0.000000E+00
3.891105E+03	2.304033E-18	0.000000E+00
3.930715E+03	2.259965E-18	0.000000E+00
3.970325E+03	2.217049E-18	0.000000E+00
4.009935E+03	2.175242E-18	0.000000E+00
4.049545E+03	2.134493E-18	0.000000E+00
4.089156E+03	2.094754E-18	0.000000E+00
4.128766E+03	2.055971E-18	0.000000E+00
4.168376E+03	2.018094E-18	0.000000E+00
4.207986E+03	1.981074E-18	0.000000E+00
4.247597E+03	1.944861E-18	0.000000E+00
4.287207E+03	1.909410E-18	0.000000E+00
4.326817E+03	1.874680E-18	0.000000E+00
4.366427E+03	1.840630E-18	0.000000E+00
4.406038E+03	1.807225E-18	0.000000E+00
4.445648E+03	1.774430E-18	0.000000E+00
4.485258E+03	1.742218E-18	0.000000E+00
4.524868E+03	1.710560E-18	0.000000E+00
4.564479E+03	1.679433E-18	0.000000E+00
4.604089E+03	1.648818E-18	0.000000E+00
4.643699E+03	1.618694E-18	0.000000E+00
4.683309E+03	1.589047E-18	0.000000E+00
4.722919E+03	1.559861E-18	0.000000E+00
4.762530E+03	1.531127E-18	0.000000E+00
4.802140E+03	1.502835E-18	0.000000E+00
4.841750E+03	1.474976E-18	0.000000E+00
4.881360E+03	1.447542E-18	0.000000E+00
4.920971E+03	1.420530E-18	0.000000E+00
4.960581E+03	1.393933E-18	0.000000E+00
5.000191E+03	1.367748E-18	0.000000E+00
5.039801E+03	1.341974E-18	0.000000E+00
5.079412E+03	1.316606E-18	0.000000E+00
5.119022E+03	1.291643E-18	0.000000E+00
5.158632E+03	1.267084E-18	0.000000E+00
5.198242E+03	1.242927E-18	0.000000E+00
5.237853E+03	1.219171E-18	0.000000E+00
5.277463E+03	1.195815E-18	0.000000E+00
5.317073E+03	1.172858E-18	0.000000E+00
5.356683E+03	1.150299E-18	0.000000E+00
5.396293E+03	1.128135E-18	0.000000E+00
5.435904E+03	1.106368E-18	0.000000E+00
5.475514E+03	1.084995E-18	0.000000E+00
5.515124E+03	1.064014E-18	0.000000E+00
5.554734E+03	1.043422E-18	0.000000E+00
5.594345E+03	1.023219E-18	0.000000E+00
5.633955E+03	1.003402E-18	0.000000E+00
5.673565E+03	9.839684E-19	0.000000E+00
5.713175E+03	9.649145E-19	0.000000E+00
5.752786E+03	9.462382E-19	0.000000E+00
5.792396E+03	9.279353E-19	0.000000E+00
5.832006E+03	9.100031E-19	0.000000E+00
5.871616E+03	8.924372E-19	0.000000E+00
5.911227E+03	8.752344E-19	0.000000E+00
5.950837E+03	8.583890E-19	0.000000E+00
5.990447E+03	8.418978E-19	0.000000E+00
6.030057E+03	8.257559E-19	0.000000E+00
6.069667E+03	8.099585E-19	0.000000E+00
6.109278E+03	7.945007E-19	0.000000E+00
6.148888E+03	7.793774E-19	0.000000E+00
6.188498E+03	7.645834E-19	0.000000E+00
6.228108E+03	7.501134E-19	0.000000E+00
6.267719E+03	7.359620E-19	0.000000E+00
6.307329E+03	7.221238E-19	0.000000E+00
6.346939E+03	7.085931E-19	0.000000E+00
6.386549E+03	6.953644E-19	0.000000E+00
6.426160E+03	6.824320E-19	0.000000E+00
6.465770E+03	6.697903E-19	0.000000E+00
6.505380E+03	6.574334E-19	0.000000E+00
6.544990E+03	6.453558E-19	0.000000E+00
6.584601E+03	6.335515E-19	0.000000E+00
6.624211E+03	6.220149E-19	0.000000E+00
6.663821E+03	6.107403E-19	0.000000E+00
6.703431E+03	5.997219E-19	0.000000E+00
6.743041E+03	5.889541E-19	0.000000E+00
6.782652E+03	5.784313E-19	0.000000E+00
6.822262E+03	5.681478E-19	0.000000E+00
6.861872E+03	5.580981E-19	0.000000E+00
6.901482E+03	5.482768E-19	0.000000E+00
6.941093E+03	5.386783E-19	0.000000E+00
6.980703E+03	5.292974E-19	0.000000E+00
7.020313E+03	5.201286E-19	0.000000E+00
7.059923E+03	5.111670E-19	0.000000E+00
7.099534E+03	5.024071E-19	0.000000E+00
7.139144E+03	4.938439E-19	0.000000E+00
7.178754E+03	4.854725E-19	0.000000E+00
7.218364E+03	4.772880E-19	0.000000E+00
7.257975E+03	4.692855E-19	0.000000E+00
7.297585E+03	4.614602E-19	0.000000E+00
7.337195E+03	4.538076E-19	0.000000E+00
7.376805E+03	4.463230E-19	0.000000E+00
7.416415E+03	4.390019E-19	0.000000E+00
7.456026E+03	4.318400E-19	0.000000E+00
7.495636E+03	4.248330E-19	0.000000E+00
7.535246E+03	4.179766E-19	0.000000E+00
7.574856E+03	4.112668E-19	0.000000E+00
7.614467E+03	4.046995E-19	0.000000E+00
7.654077E+03	3.982708E-19	0.000000E+00
7.693687E+03	3.919768E-19	0.000000E+00
7.733297E+03	3.858138E-19	0.000000E+00
7.772908E+03	3.797781E-19	0.000000E+00
7.812518E+03	3.738662E-19	0.000000E+00
7.852128E+03	3.680746E-19	0.000000E+00
7.891738E+03	3.623998E-19	0.000000E+00
7.931349E+03	3.568385E-19	0.000000E+00
7.970959E+03	3.513877E-19	0.000000E+00
8.010569E+03	3.460441E-19	0.000000E+00
8.050179E+03	3.408046E-19	0.000000E+00
8.089789E+03	3.356663E-19	0.000000E+00
8.129400E+03	3.306263E-19	0.000000E+00
8.169010E+03	3.256819E-19	0.000000E+00
8.208620E+03	3.208303E-19	0.000000E+00
8.248230E+03	3.160688E-19	0.000000E+00
8.287841E+03	3.113951E-19	0.000000E+00
8.327451E+03	3.068063E-19	0.000000E+00
8.367061E+03	3.023004E-19	0.000000E+00
8.406671E+03	2.978749E-19	0.000000E+00
8.446282E+03	2.935275E-19	0.000000E+00
8.485892E+03	2.892561E-19	0.000000E+00
8.525502E+03	2.850586E-19	0.000000E+00
8.565112E+03	2.809329E-19	0.000000E+00
8.604723E+03	2.768770E-19	0.000000E+00
8.644333E+03	2.728892E-19	0.000000E+00
8.683943E+03	2.689675E-19	0.000000E+00
8.723553E+03	2.651101E-19	0.000000E+00
8.763163E+03	2.613155E-19	0.000000E+00
8.802774E+03	2.575819E-19	0.000000E+00
8.842384E+03	2.539077E-19	0.000000E+00
8.881994E+03	2.502914E-19	0.000000E+00
8.921604E+03	2.467316E-19	0.000000E+00
8.961215E+03	2.432269E-19	0.000000E+00
9.000825E+03	2.397759E-19	0.000000E+00
9.040435E+03	2.363772E-19	0.000000E+00
9.080045E+03	2.330298E-19	0.000000E+00
9.119656E+03	2.297642E-19	0.000000E+00
9.159266E+03	2.265354E-19	0.000000E+00
9.198876E+03	2.233602E-19	0.000000E+00
9.238486E+03	2.202375E-19	0.000000E+00
9.278097E+03	2.171663E-19	0.000000E+00
9.317707E+03	2.141455E-19	0.000000E+00
9.357317E+03	2.111740E-19	0.000000E+00
9.396927E+03	2.082510E-19	0.000000E+00
9.436537E+03	2.053752E-19	0.000000E+00
9.476148E+03	2.025460E-19	0.000000E+00
9.515758E+03	1.997625E-19	0.000000E+00
9.555368E+03	1.970237E-19	0.000000E+00
9.594978E+03	1.943289E-19	0.000000E+00
9.634589E+03	1.916772E-19	0.000000E+00
9.674199E+03	1.890679E-19	0.000000E+00
9.713809E+03	1.865003E-19	0.000000E+00
9.753419E+03	1.839735E-19	0.000000E+00
9.793030E+03	1.814871E-19	0.000000E+00
9.832640E+03	1.790402E-19	0.000000E+00
9.872250E+03	1.766323E-19	0.000000E+00
9.911857E+03	1.742625E-19	0.000000E+00
9.951468E+03	1.719305E-19	0.000000E+00
9.991078E+03	1.696356E-19	0.000000E+00
1.003069E+04	1.673774E-19	0.000000E+00
1.007030E+04	1.651550E-19	0.000000E+00
1.010991E+04	1.629681E-19	0.000000E+00
1.014952E+04	1.608161E-19	0.000000E+00
1.018913E+04	1.586986E-19	0.000000E+00
1.022874E+04	1.566149E-19	0.000000E+00
1.026835E+04	1.545648E-19	0.000000E+00
1.030796E+04	1.525476E-19	0.000000E+00
1.034757E+04	1.505630E-19	0.000000E+00
1.038718E+04	1.486104E-19	0.000000E+00
1.042679E+04	1.466895E-19	0.000000E+00
1.046640E+04	1.447999E-19	0.000000E+00
1.050601E+04	1.429410E-19	0.000000E+00
1.054562E+04	1.411125E-19	0.000000E+00
1.058523E+04	1.393140E-19	0.000000E+00
1.062484E+04	1.375451E-19	0.000000E+00
1.066445E+04	1.358054E-19	0.000000E+00
1.070406E+04	1.340946E-19	0.000000E+00
1.074367E+04	1.324122E-19	0.000000E+00
1.078328E+04	1.307579E-19	0.000000E+00
1.082289E+04	1.291313E-19	0.000000E+00
1.086250E+04	1.275322E-19	0.000000E+00
1.090211E+04	1.259600E-19	0.000000E+00
1.094172E+04	1.244145E-19	0.000000E+00
1.098133E+04	1.228954E-19	0.000000E+00
1.102094E+04	1.214022E-19	0.000000E+00
1.106055E+04	1.199348E-19	0.000000E+00
1.110016E+04	1.184925E-19	0.000000E+00
1.113977E+04	1.170753E-19	0.000000E+00
1.117938E+04	1.156829E-19	0.000000E+00
1.121900E+04	1.143148E-19	0.000000E+00
1.125861E+04	1.129707E-19	0.000000E+00
1.129822E+04	1.116504E-19	0.000000E+00
1.133783E+04	1.103534E-19	0.000000E+00
1.137744E+04	1.090797E-19	0.000000E+00
1.141705E+04	1.078288E-19	0.000000E+00
1.145666E+04	1.066005E-19	0.000000E+00
1.149627E+04	1.053943E-19	0.000000E+00
1.153588E+04	1.042101E-19	0.000000E+00
1.157549E+04	1.030476E-19	0.000000E+00
1.161510E+04	1.019065E-19	0.000000E+00
1.165471E+04	1.007865E-19	0.000000E+00
1.169432E+04	9.968733E-20	0.000000E+00
1.173393E+04	9.860878E-20	0.000000E+00
1.177354E+04	9.755053E-20	0.000000E+00
1.181315E+04	9.651236E-20	0.000000E+00
1.185276E+04	9.549398E-20	0.000000E+00
1.189237E+04	9.449517E-20	0.000000E+00
1.193198E+04	9.351567E-20	0.000000E+00
1.197159E+04	9.255524E-20	0.000000E+00
1.201120E+04	9.161364E-20	0.000000E+00
1.205081E+04	9.069065E-20	0.000000E+00
1.209042E+04	8.978603E-20	0.000000E+00
1.213003E+04	8.889956E-20	0.000000E+00
1.216964E+04	8.803105E-20	0.000000E+00
1.220925E+04	8.718024E-20	0.000000E+00
1.224886E+04	8.634698E-20	0.000000E+00
1.228847E+04	8.553103E-20	0.000000E+00
1.232808E+04	8.473221E-20	0.000000E+00
1.236769E+04	8.395033E-20	0.000000E+00
1.240730E+04	8.318521E-20	0.000000E+00
1.244691E+04	8.243666E-20	0.000000E+00
1.248652E+04	8.170452E-20	0.000000E+00
1.252613E+04	8.098863E-20	0.000000E+00
1.256574E+04	8.028882E-20	0.000000E+00
1.260535E+04	7.960493E-20	0.000000E+00
1.264496E+04	7.893684E-20	0.000000E+00
1.268457E+04	7.828438E-20	0.000000E+00
1.272418E+04	7.764743E-20	0.000000E+00
1.276379E+04	7.702586E-20	0.000000E+00
1.280340E+04	7.641957E-20	0.000000E+00
1.284301E+04	7.582843E-20	0.000000E+00
1.288262E+04	7.525232E-20	0.000000E+00
1.292224E+04	7.469117E-20	0.000000E+00
1.296185E+04	7.414486E-20	0.000000E+00
1.300146E+04	7.361333E-20	0.000000E+00
1.304107E+04	7.309651E-20	0.000000E+00
1.308068E+04	7.259430E-20	0.000000E+00
1.312029E+04	7.210667E-20	0.000000E+00
1.315990E+04	7.163354E-20	0.000000E+00
1.319951E+04	7.117488E-20	0.000000E+00
1.323912E+04	7.073065E-20	0.000000E+00
1.327873E+04	7.030084E-20	0.000000E+00
1.331834E+04	6.988539E-20	0.000000E+00
1.335795E+04	6.948432E-20	0.000000E+00
1.339756E+04	6.909761E-20	0.000000E+00
1.343717E+04	6.872528E-20	0.000000E+00
1.347678E+04	6.836733E-20	0.000000E+00
1.351639E+04	6.802380E-20	0.000000E+00
1.355600E+04	6.769470E-20	0.000000E+00
1.359561E+04	6.738009E-20	0.000000E+00
1.363522E+04	6.708001E-20	0.000000E+00
1.367483E+04	6.679452E-20	0.000000E+00
1.371444E+04	6.652370E-20	0.000000E+00
1.375405E+04	6.626763E-20	0.000000E+00
1.379366E+04	6.602639E-20	0.000000E+00
1.383327E+04	6.580009E-20	0.000000E+00
1.387288E+04	6.558883E-20	0.000000E+00
1.391249E+04	6.539276E-20	0.000000E+00
1.395210E+04	6.521198E-20	0.000000E+00
1.399171E+04	6.504664E-20	0.000000E+00
1.403132E+04	6.489691E-20	0.000000E+00
1.407093E+04	6.476295E-20	0.000000E+00
1.411054E+04	6.464494E-20	0.000000E+00
1.415015E+04	6.454308E-20	0.000000E+00
1.418976E+04	6.445755E-20	0.000000E+00
1.422937E+04	6.438859E-20	0.000000E+00
1.426898E+04	6.433643E-20	0.000000E+00
1.430859E+04	6.430130E-20	0.000000E+00
1.434820E+04	6.428348E-20	0.000000E+00
1.438781E+04	6.428323E-20	0.000000E+00
1.442742E+04	6.430083E-20	0.000000E+00
1.446703E+04	6.433661E-20	0.000000E+00
1.450664E+04	6.439086E-20	0.000000E+00
1.454625E+04	6.446395E-20	0.000000E+00
1.458587E+04	6.455620E-20	0.000000E+00
1.462548E+04	6.466802E-20	0.000000E+00
1.466509E+04	6.479977E-20	0.000000E+00
1.470470E+04	6.495188E-20	0.000000E+00
1.474431E+04	6.512477E-20	0.000000E+00
1.478392E+04	6.531890E-20	0.000000E+00
1.482353E+04	6.553474E-20	0.000000E+00
1.486314E+04	6.577279E-20	0.000000E+00
1.490275E+04	6.603357E-20	0.000000E+00
1.494236E+04	6.631763E-20	0.000000E+00
1.498197E+04	6.662553E-20	0.000000E+00
1.502158E+04	6.695787E-20	0.000000E+00
1.506119E+04	6.731527E-20	0.000000E+00
1.510080E+04	6.769842E-20	0.000000E+00
1.514041E+04	6.810797E-20	0.000000E+00
1.518002E+04	6.854464E-20	0.000000E+00
1.521963E+04	6.900920E-20	0.000000E+00
1.525924E+04	6.950242E-20	0.000000E+00
1.529885E+04	7.002513E-20	0.000000E+00
1.533846E+04	7.057820E-20	0.000000E+00
1.537807E+04	7.116251E-20	0.000000E+00
1.541768E+04	7.177901E-20	0.000000E+00
1.545729E+04	7.242871E-20	0.000000E+00
1.549690E+04	7.311260E-20	0.000000E+00
1.553651E+04	7.383179E-20	0.000000E+00
1.557612E+04	7.458740E-20	0.000000E+00
1.561573E+04	7.538061E-20	0.000000E+00
1.565534E+04	7.621266E-20	0.000000E+00
1.569495E+04	7.708483E-20	0.000000E+00
1.573456E+04	7.799850E-20	0.000000E+00
1.577417E+04	7.895506E-20	0.000000E+00
1.581378E+04	7.995600E-20	0.000000E+00
1.585339E+04	8.100288E-20	0.000000E+00
1.589300E+04	8.209730E-20	0.000000E+00
1.593261E+04	8.324095E-20	0.000000E+00
1.597222E+04	8.443563E-20	0.000000E+00
1.601183E+04	8.568317E-20	0.000000E+00
1.605144E+04	8.698553E-20	0.000000E+00
1.609105E+04	8.834472E-20	0.000000E+00
1.613066E+04	8.976287E-20	0.000000E+00
1.617027E+04	9.124219E-20	0.000000E+00
1.620988E+04	9.278500E-20	0.000000E+00
1.624949E+04	9.439373E-20	0.000000E+00
1.628911E+04	9.607091E-20	0.000000E+00
1.632872E+04	9.781918E-20	0.000000E+00
1.636833E+04	9.964134E-20	0.000000E+00
1.640794E+04	1.015402E-19	0.000000E+00
1.644755E+04	1.035189E-19	0.000000E+00
1.648716E+04	1.055806E-19	0.000000E+00
1.652677E+04	1.077284E-19	0.000000E+00
1.656638E+04	1.099660E-19	0.000000E+00
1.660599E+04	1.122968E-19	0.000000E+00
1.664560E+04	1.147247E-19	0.000000E+00
1.668521E+04	1.172536E-19	0.000000E+00
1.672482E+04	1.198875E-19	0.000000E+00
1.676443E+04	1.226307E-19	0.000000E+00
1.680404E+04	1.254876E-19	0.000000E+00
1.684365E+04	1.284631E-19	0.000000E+00
1.688326E+04	1.315617E-19	0.000000E+00
1.692287E+04	1.347887E-19	0.000000E+00
1.696248E+04	1.381492E-19	0.000000E+00
1.700209E+04	1.416488E-19	0.000000E+00
1.704170E+04	1.452930E-19	0.000000E+00
1.708131E+04	1.490880E-19	0.000000E+00
1.712092E+04	1.530398E-19	0.000000E+00
1.716053E+04	1.571548E-19	0.000000E+00
1.720014E+04	1.614397E-19	0.000000E+00
1.723975E+04	1.659015E-19	0.000000E+00
1.727936E+04	1.705473E-19	0.000000E+00
1.731897E+04	1.753846E-19	0.000000E+00
1.735858E+04	1.804211E-19	0.000000E+00
1.739819E+04	1.856648E-19	0.000000E+00
1.743780E+04	1.911241E-19	0.000000E+00
1.747741E+04	1.968075E-19	0.000000E+00
1.751702E+04	2.027239E-19	0.000000E+00
1.755663E+04	2.088825E-19	0.000000E+00
1.759624E+04	2.152928E-19	0.000000E+00
1.763585E+04	2.219645E-19	0.000000E+00
1.767546E+04	2.289077E-19	0.000000E+00
1.771507E+04	2.361328E-19	0.000000E+00
1.775468E+04	2.436504E-19	0.000000E+00
1.779429E+04	2.514715E-19	0.000000E+00
1.783390E+04	2.596073E-19	0.000000E+00
1.787351E+04	2.680692E-19	0.000000E+00
1.791312E+04	2.768692E-19	0.000000E+00
1.795274E+04	2.860190E-19	0.000000E+00
1.799235E+04	2.955311E-19	0.000000E+00
1.803196E+04	3.054178E-19	0.000000E+00
1.807157E+04	3.156917E-19	0.000000E+00
1.811118E+04	3.263657E-19	0.000000E+00
1.815079E+04	3.374527E-19	0.000000E+00
1.819040E+04	3.489659E-19	0.000000E+00
1.823001E+04	3.609182E-19	0.000000E+00
1.826962E+04	3.733229E-19	0.000000E+00
1.830923E+04	3.861931E-19	0.000000E+00
1.834884E+04	3.995421E-19	0.000000E+00
1.838845E+04	4.133825E-19	0.000000E+00
1.842806E+04	4.277276E-19	0.000000E+00
1.846767E+04	4.425898E-19	0.000000E+00
1.850728E+04	4.579813E-19	0.000000E+00
1.854689E+04	4.739141E-19	0.000000E+00
1.858650E+04	4.903998E-19	0.000000E+00
1.862611E+04	5.074494E-19	0.000000E+00
1.866572E+04	5.250731E-19	0.000000E+00
1.870533E+04	5.432807E-19	0.000000E+00
1.874494E+04	5.620809E-19	0.000000E+00
1.878455E+04	5.814818E-19	0.000000E+00
1.882416E+04	6.014901E-19	0.000000E+00
1.886377E+04	6.221117E-19	0.000000E+00
1.890338E+04	6.433512E-19	0.000000E+00
1.894299E+04	6.652116E-19	0.000000E+00
1.898260E+04	6.876948E-19	0.000000E+00
1.902221E+04	7.108005E-19	0.000000E+00
1.906182E+04	7.345272E-19	0.000000E+00
1.910143E+04	7.588713E-19	0.000000E+00
1.914104E+04	7.838273E-19	0.000000E+00
1.918065E+04	8.093874E-19	0.000000E+00
1.922026E+04	8.355418E-19	0.000000E+00
1.925987E+04	8.622780E-19	0.000000E+00
1.929948E+04	8.895816E-19	0.000000E+00
1.933909E+04	9.174351E-19	0.000000E+00
1.937870E+04	9.458186E-19	0.000000E+00
1.941831E+04	9.747094E-19	0.000000E+00
1.945792E+04	1.004082E-18	0.000000E+00
1.949753E+04	1.033908E-18	0.000000E+00
1.953714E+04	1.064157E-18	0.000000E+00
1.957675E+04	1.094793E-18	0.000000E+00
1.961636E+04	1.125782E-18	0.000000E+00
1.965598E+04	1.157082E-18	0.000000E+00
1.969559E+04	1.188650E-18	0.000000E+00
1.973520E+04	1.220442E-18	0.000000E+00
1.977481E+04	1.252409E-18	0.000000E+00
1.981442E+04	1.284503E-18	0.000000E+00
1.985403E+04	1.316668E-18	0.000000E+00
1.989364E+04	1.348851E-18	0.000000E+00
1.993325E+04	1.380996E-18	0.000000E+00
1.997286E+04	1.413043E-18	0.000000E+00
2.001247E+04	1.444933E-18	0.000000E+00
2.005208E+04	1.476605E-18	0.000000E+00
2.009169E+04	1.507998E-18	0.000000E+00
2.013130E+04	1.539050E-18	0.000000E+00
2.017091E+04	1.569699E-18	0.000000E+00
2.021052E+04	1.599884E-18	0.000000E+00
2.025013E+04	1.629544E-18	0.000000E+00
2.028974E+04	1.658620E-18	0.000000E+00
2.032935E+04	1.687056E-18	0.000000E+00
2.036896E+04	1.714795E-18	0.000000E+00
2.040857E+04	1.741783E-18	0.000000E+00
2.044818E+04	1.767972E-18	0.000000E+00
2.048779E+04	1.793315E-18	0.000000E+00
2.052740E+04	1.817768E-18	0.000000E+00
2.056701E+04	1.841294E-18	0.000000E+00
2.060662E+04	1.863857E-18	0.000000E+00
2.064623E+04	1.885428E-18	0.000000E+00
2.068584E+04	1.905982E-18	0.000000E+00
2.072545E+04	1.925499E-18	0.000000E+00
2.076506E+04	1.943965E-18	0.000000E+00
2.080467E+04	1.961370E-18	0.000000E+00
2.084428E+04	1.977711E-18	0.000000E+00
2.088389E+04	1.992990E-18	0.000000E+00
2.092350E+04	2.007211E-18	0.000000E+00
2.096311E+04	2.020390E-18	0.000000E+00
2.100272E+04	2.032540E-18	0.000000E+00
2.104233E+04	2.043684E-18	0.000000E+00
2.108194E+04	2.053847E-18	0.000000E+00
2.112155E+04	2.063060E-18	0.000000E+00
2.116116E+04	2.071355E-18	0.000000E+00
2.120077E+04	2.078768E-18	0.000000E+00
2.124038E+04	2.085338E-18	0.000000E+00
2.127999E+04	2.091108E-18	0.000000E+00
2.131961E+04	2.096119E-18	0.000000E+00
2.135922E+04	2.100419E-18	0.000000E+00
2.139883E+04	2.104051E-18	0.000000E+00
2.143844E+04	2.107066E-18	0.000000E+00
2.147805E+04	2.109510E-18	0.000000E+00
2.151766E+04	2.111433E-18	0.000000E+00
2.155727E+04	2.112882E-18	0.000000E+00
2.159688E+04	2.113911E-18	0.000000E+00
2.163649E+04	2.114565E-18	0.000000E+00
2.167610E+04	2.114896E-18	0.000000E+00
2.171571E+04	2.114954E-18	0.000000E+00
2.175532E+04	2.114785E-18	0.000000E+00
2.179493E+04	2.114440E-18	0.000000E+00
2.183454E+04	2.113964E-18	0.000000E+00
2.187415E+04	2.113408E-18	0.000000E+00
2.191376E+04	2.112814E-18	0.000000E+00
2.195337E+04	2.112229E-18	0.000000E+00
2.199298E+04	2.111697E-18	0.000000E+00
2.203259E+04	2.111261E-18	0.000000E+00
2.207220E+04	2.110962E-18	0.000000E+00
2.211181E+04	2.110841E-18	0.000000E+00
2.215142E+04	2.110935E-18	0.000000E+00
2.219103E+04	2.111285E-18	0.000000E+00
2.223064E+04	2.111924E-18	0.000000E+00
2.227025E+04	2.112889E-18	0.000000E+00
2.230986E+04	2.114212E-18	0.000000E+00
2.234947E+04	2.115926E-18	0.000000E+00
2.238908E+04	2.118060E-18	0.000000E+00
2.242869E+04	2.120645E-18	0.000000E+00
2.246830E+04	2.123708E-18	0.000000E+00
2.250791E+04	2.127277E-18	0.000000E+00
2.254752E+04	2.131376E-18	0.000000E+00
2.258713E+04	2.136030E-18	0.000000E+00
2.262674E+04	2.141263E-18	0.000000E+00
2.266635E+04	2.147096E-18	0.000000E+00
2.270596E+04	2.153549E-18	0.000000E+00
2.274557E+04	2.160646E-18	0.000000E+00
2.278518E+04	2.168403E-18	0.000000E+00
2.282479E+04	2.176841E-18	0.000000E+00
2.286440E+04	2.185976E-18	0.000000E+00
2.290401E+04	2.195825E-18	0.000000E+00
2.294362E+04	2.206406E-18	0.000000E+00
2.298323E+04	2.217734E-18	0.000000E+00
2.302285E+04	2.229825E-18	0.000000E+00
2.306246E+04	2.242693E-18	0.000000E+00
2.310207E+04	2.256352E-18	0.000000E+00
2.314168E+04	2.270817E-18	0.000000E+00
2.318129E+04	2.286102E-18	0.000000E+00
2.322090E+04	2.302220E-18	0.000000E+00
2.326051E+04	2.319184E-18	0.000000E+00
2.330012E+04	2.337006E-18	0.000000E+00
2.333973E+04	2.355700E-18	0.000000E+00
2.337934E+04	2.375278E-18	0.000000E+00
2.341895E+04	2.395753E-18	0.000000E+00
2.345856E+04	2.417136E-18	0.000000E+00
2.349817E+04	2.439441E-18	0.000000E+00
2.353778E+04	2.462678E-18	0.000000E+00
2.357739E+04	2.486860E-18	0.000000E+00
2.361700E+04	2.512000E-18	0.000000E+00
2.365661E+04	2.538108E-18	0.000000E+00
2.369622E+04	2.565196E-18	0.000000E+00
2.373583E+04	2.593278E-18	0.000000E+00
2.377544E+04	2.622364E-18	0.000000E+00
2.381505E+04	2.652467E-18	0.000000E+00
2.385466E+04	2.683598E-18	0.000000E+00
2.389427E+04	2.715770E-18	0.000000E+00
2.393388E+04	2.748994E-18	0.000000E+00
2.397349E+04	2.783283E-18	0.000000E+00
2.401310E+04	2.818647E-18	0.000000E+00
2.405271E+04	2.855100E-18	0.000000E+00
2.409232E+04	2.892653E-18	0.000000E+00
2.413193E+04	2.931318E-18	0.000000E+00
2.417154E+04	2.971108E-18	0.000000E+00
2.421115E+04	3.012033E-18	0.000000E+00
2.425076E+04	3.054106E-18	0.000000E+00
