#wls	flux	fluxerr
3.257341E+03	5.409931E-18	7.976306E-19
3.296951E+03	5.246302E-18	7.723341E-19
3.336561E+03	5.090192E-18	7.482055E-19
3.376171E+03	4.941671E-18	7.252512E-19
3.415782E+03	4.800896E-18	7.034897E-19
3.455392E+03	4.668051E-18	6.829434E-19
3.495002E+03	4.543304E-18	6.636323E-19
3.534612E+03	4.426784E-18	6.455700E-19
3.574223E+03	4.318570E-18	6.287631E-19
3.613833E+03	4.218688E-18	6.132100E-19
3.653443E+03	4.127114E-18	5.989016E-19
3.693053E+03	4.043773E-18	5.858220E-19
3.732664E+03	3.968558E-18	5.739498E-19
3.772274E+03	3.901327E-18	5.632590E-19
3.811884E+03	3.841916E-18	5.537205E-19
3.851494E+03	3.790146E-18	5.453030E-19
3.891105E+03	3.745828E-18	5.379741E-19
3.930715E+03	3.708773E-18	5.317008E-19
3.970325E+03	3.678786E-18	5.264503E-19
4.009935E+03	3.655683E-18	5.221906E-19
4.049545E+03	3.639279E-18	5.188903E-19
4.089156E+03	3.629405E-18	5.165200E-19
4.128766E+03	3.625897E-18	5.150513E-19
4.168376E+03	3.628607E-18	5.144583E-19
4.207986E+03	3.637399E-18	5.147163E-19
4.247597E+03	3.652151E-18	5.158034E-19
4.287207E+03	3.672756E-18	5.176992E-19
4.326817E+03	3.699118E-18	5.203855E-19
4.366427E+03	3.731157E-18	5.238458E-19
4.406038E+03	3.768805E-18	5.280657E-19
4.445648E+03	3.812005E-18	5.330322E-19
4.485258E+03	3.860716E-18	5.387344E-19
4.524868E+03	3.914900E-18	5.451621E-19
4.564479E+03	3.974530E-18	5.523062E-19
4.604089E+03	4.039579E-18	5.601579E-19
4.643699E+03	4.110015E-18	5.687076E-19
4.683309E+03	4.185794E-18	5.779440E-19
4.722919E+03	4.266852E-18	5.878526E-19
4.762530E+03	4.353089E-18	5.984148E-19
4.802140E+03	4.444368E-18	6.096063E-19
4.841750E+03	4.540498E-18	6.213958E-19
4.881360E+03	4.641234E-18	6.337445E-19
4.920971E+03	4.746269E-18	6.466060E-19
4.960581E+03	4.855236E-18	6.599252E-19
5.000191E+03	4.967708E-18	6.736401E-19
5.039801E+03	5.083202E-18	6.876813E-19
5.079412E+03	5.201187E-18	7.019733E-19
5.119022E+03	5.321088E-18	7.164355E-19
5.158632E+03	5.442297E-18	7.309837E-19
5.198242E+03	5.564176E-18	7.455303E-19
5.237853E+03	5.686073E-18	7.599867E-19
5.277463E+03	5.807326E-18	7.742638E-19
5.317073E+03	5.927269E-18	7.882729E-19
5.356683E+03	6.045247E-18	8.019277E-19
5.396293E+03	6.160621E-18	8.151447E-19
5.435904E+03	6.272775E-18	8.278449E-19
5.475514E+03	6.381126E-18	8.399539E-19
5.515124E+03	6.485139E-18	8.514046E-19
5.554734E+03	6.584310E-18	8.621352E-19
5.594345E+03	6.678182E-18	8.720902E-19
5.633955E+03	6.766369E-18	8.812245E-19
5.673565E+03	6.848505E-18	8.894960E-19
5.713175E+03	6.924296E-18	8.968728E-19
5.752786E+03	6.993494E-18	9.033290E-19
5.792396E+03	7.055889E-18	9.088444E-19
5.832006E+03	7.111341E-18	9.134079E-19
5.871616E+03	7.159729E-18	9.170117E-19
5.911227E+03	7.201019E-18	9.196586E-19
5.950837E+03	7.235196E-18	9.213547E-19
5.990447E+03	7.262313E-18	9.221143E-19
6.030057E+03	7.282484E-18	9.219598E-19
6.069667E+03	7.295872E-18	9.209193E-19
6.109278E+03	7.302728E-18	9.190323E-19
6.148888E+03	7.303395E-18	9.163493E-19
6.188498E+03	7.298300E-18	9.129310E-19
6.228108E+03	7.288031E-18	9.088574E-19
6.267719E+03	7.273286E-18	9.042214E-19
6.307329E+03	7.254948E-18	8.991378E-19
6.346939E+03	7.234024E-18	8.937358E-19
6.386549E+03	7.211641E-18	8.881572E-19
6.426160E+03	7.188955E-18	8.825459E-19
6.465770E+03	7.167172E-18	8.770504E-19
6.505380E+03	7.147536E-18	8.718211E-19
6.544990E+03	7.131428E-18	8.670238E-19
6.584601E+03	7.120294E-18	8.628297E-19
6.624211E+03	7.115642E-18	8.594152E-19
6.663821E+03	7.118998E-18	8.569562E-19
6.703431E+03	7.131829E-18	8.556193E-19
6.743041E+03	7.155508E-18	8.555571E-19
6.782652E+03	7.191247E-18	8.569011E-19
6.822262E+03	7.240041E-18	8.597544E-19
6.861872E+03	7.302623E-18	8.641880E-19
6.901482E+03	7.379453E-18	8.702388E-19
6.941093E+03	7.470728E-18	8.779122E-19
6.980703E+03	7.576359E-18	8.871799E-19
7.020313E+03	7.696026E-18	8.979861E-19
7.059923E+03	7.829142E-18	9.102449E-19
7.099534E+03	7.974950E-18	9.238515E-19
7.139144E+03	8.132474E-18	9.386766E-19
7.178754E+03	8.300624E-18	9.545802E-19
7.218364E+03	8.478189E-18	9.714094E-19
7.257975E+03	8.663864E-18	9.890031E-19
7.297585E+03	8.856319E-18	1.007199E-18
7.337195E+03	9.054189E-18	1.025834E-18
7.376805E+03	9.256138E-18	1.044750E-18
7.416415E+03	9.460858E-18	1.063795E-18
7.456026E+03	9.667100E-18	1.082824E-18
7.495636E+03	9.873710E-18	1.101706E-18
7.535246E+03	1.007955E-17	1.120316E-18
7.574856E+03	1.028354E-17	1.138533E-18
7.614467E+03	1.048454E-17	1.156237E-18
7.654077E+03	1.068141E-17	1.173304E-18
7.693687E+03	1.087285E-17	1.189598E-18
7.733297E+03	1.105749E-17	1.204976E-18
7.772908E+03	1.123374E-17	1.219278E-18
7.812518E+03	1.139988E-17	1.232327E-18
7.852128E+03	1.155405E-17	1.243937E-18
7.891738E+03	1.169447E-17	1.253934E-18
7.931349E+03	1.181960E-17	1.262170E-18
7.970959E+03	1.192826E-17	1.268543E-18
8.010569E+03	1.201984E-17	1.273006E-18
8.050179E+03	1.209431E-17	1.275583E-18
8.089789E+03	1.215229E-17	1.276361E-18
8.129400E+03	1.219503E-17	1.275492E-18
8.169010E+03	1.222427E-17	1.273179E-18
8.208620E+03	1.224216E-17	1.269662E-18
8.248230E+03	1.225107E-17	1.265203E-18
8.287841E+03	1.225347E-17	1.260070E-18
8.327451E+03	1.225180E-17	1.254519E-18
8.367061E+03	1.224826E-17	1.248782E-18
8.406671E+03	1.224477E-17	1.243057E-18
8.446282E+03	1.224282E-17	1.237496E-18
8.485892E+03	1.224352E-17	1.232209E-18
8.525502E+03	1.224750E-17	1.227258E-18
8.565112E+03	1.225503E-17	1.222665E-18
8.604723E+03	1.226603E-17	1.218420E-18
8.644333E+03	1.228018E-17	1.214486E-18
8.683943E+03	1.229699E-17	1.210814E-18
8.723553E+03	1.231595E-17	1.207350E-18
8.763163E+03	1.233656E-17	1.204045E-18
8.802774E+03	1.235845E-17	1.200862E-18
8.842384E+03	1.238144E-17	1.197783E-18
8.881994E+03	1.240554E-17	1.194810E-18
8.921604E+03	1.243103E-17	1.191969E-18
8.961215E+03	1.245846E-17	1.189312E-18
9.000825E+03	1.248868E-17	1.186919E-18
9.040435E+03	1.252278E-17	1.184893E-18
9.080045E+03	1.256213E-17	1.183358E-18
9.119656E+03	1.260990E-17	1.182609E-18
9.159266E+03	1.266522E-17	1.182553E-18
9.198876E+03	1.273036E-17	1.183395E-18
9.238486E+03	1.280647E-17	1.185228E-18
9.278097E+03	1.289433E-17	1.188114E-18
9.317707E+03	1.299430E-17	1.192071E-18
9.357317E+03	1.310622E-17	1.197072E-18
9.396927E+03	1.322943E-17	1.203043E-18
9.436537E+03	1.336279E-17	1.209871E-18
9.476148E+03	1.350477E-17	1.217407E-18
9.515758E+03	1.365351E-17	1.225475E-18
9.555368E+03	1.380692E-17	1.233884E-18
9.594978E+03	1.396276E-17	1.242429E-18
9.634589E+03	1.411872E-17	1.250908E-18
9.674199E+03	1.427253E-17	1.259122E-18
9.713809E+03	1.442206E-17	1.266889E-18
9.753419E+03	1.456541E-17	1.274050E-18
9.793030E+03	1.470098E-17	1.280476E-18
9.832640E+03	1.482746E-17	1.286064E-18
9.872250E+03	1.494386E-17	1.290741E-18
9.911857E+03	1.504950E-17	1.294461E-18
9.951468E+03	1.514414E-17	1.297216E-18
9.991078E+03	1.522798E-17	1.299035E-18
1.003069E+04	1.530174E-17	1.299991E-18
1.007030E+04	1.536653E-17	1.300190E-18
1.010991E+04	1.542391E-17	1.299774E-18
1.014952E+04	1.547575E-17	1.298907E-18
1.018913E+04	1.552409E-17	1.297768E-18
1.022874E+04	1.557112E-17	1.296543E-18
1.026835E+04	1.561890E-17	1.295405E-18
1.030796E+04	1.566933E-17	1.294512E-18
1.034757E+04	1.572401E-17	1.293994E-18
1.038718E+04	1.578412E-17	1.293946E-18
1.042679E+04	1.585035E-17	1.294420E-18
1.046640E+04	1.592284E-17	1.295424E-18
1.050601E+04	1.600121E-17	1.296924E-18
1.054562E+04	1.608460E-17	1.298847E-18
1.058523E+04	1.617171E-17	1.301088E-18
1.062484E+04	1.626102E-17	1.303523E-18
1.066445E+04	1.635080E-17	1.306016E-18
1.070406E+04	1.643932E-17	1.308432E-18
1.074367E+04	1.652493E-17	1.310644E-18
1.078328E+04	1.660616E-17	1.312544E-18
1.082289E+04	1.668180E-17	1.314042E-18
1.086250E+04	1.675088E-17	1.315072E-18
1.090211E+04	1.681275E-17	1.315591E-18
1.094172E+04	1.686703E-17	1.315580E-18
1.098133E+04	1.691363E-17	1.315041E-18
1.102094E+04	1.695268E-17	1.313996E-18
1.106055E+04	1.698456E-17	1.312482E-18
1.110016E+04	1.700987E-17	1.310556E-18
1.113977E+04	1.702937E-17	1.308285E-18
1.117938E+04	1.704403E-17	1.305752E-18
1.121900E+04	1.705495E-17	1.303049E-18
1.125861E+04	1.706336E-17	1.300276E-18
1.129822E+04	1.707062E-17	1.297543E-18
1.133783E+04	1.707810E-17	1.294960E-18
1.137744E+04	1.708729E-17	1.292644E-18
1.141705E+04	1.709966E-17	1.290712E-18
1.145666E+04	1.711672E-17	1.289279E-18
1.149627E+04	1.713999E-17	1.288466E-18
1.153588E+04	1.717101E-17	1.288389E-18
1.157549E+04	1.721133E-17	1.289168E-18
1.161510E+04	1.726249E-17	1.290924E-18
1.165471E+04	1.732598E-17	1.293769E-18
1.169432E+04	1.740319E-17	1.297811E-18
1.173393E+04	1.749528E-17	1.303142E-18
1.177354E+04	1.760311E-17	1.309830E-18
1.181315E+04	1.772710E-17	1.317914E-18
1.185276E+04	1.786712E-17	1.327391E-18
1.189237E+04	1.802242E-17	1.338215E-18
1.193198E+04	1.819142E-17	1.350278E-18
1.197159E+04	1.837168E-17	1.363413E-18
1.201120E+04	1.855981E-17	1.377381E-18
1.205081E+04	1.875127E-17	1.391859E-18
1.209042E+04	1.894046E-17	1.406446E-18
1.213003E+04	1.912059E-17	1.420652E-18
1.216964E+04	1.928374E-17	1.433903E-18
1.220925E+04	1.942110E-17	1.445553E-18
1.224886E+04	1.952320E-17	1.454902E-18
1.228847E+04	1.958056E-17	1.461247E-18
1.232808E+04	1.958482E-17	1.463956E-18
1.236769E+04	1.953071E-17	1.462614E-18
1.240730E+04	1.941869E-17	1.457221E-18
1.244691E+04	1.925390E-17	1.448123E-18
1.248652E+04	1.904384E-17	1.435844E-18
1.252613E+04	1.879695E-17	1.420979E-18
1.256574E+04	1.852199E-17	1.404151E-18
1.260535E+04	1.822751E-17	1.385975E-18
1.264496E+04	1.792173E-17	1.367043E-18
1.268457E+04	1.761228E-17	1.347910E-18
1.272418E+04	1.730619E-17	1.329097E-18
1.276379E+04	1.700981E-17	1.311075E-18
1.280340E+04	1.672878E-17	1.294271E-18
1.284301E+04	1.646794E-17	1.279058E-18
1.288262E+04	1.623142E-17	1.265759E-18
1.292224E+04	1.602252E-17	1.254644E-18
1.296185E+04	1.584376E-17	1.245921E-18
1.300146E+04	1.569689E-17	1.239750E-18
1.304107E+04	1.558286E-17	1.236227E-18
1.308068E+04	1.550194E-17	1.235399E-18
1.312029E+04	1.545366E-17	1.237257E-18
1.315990E+04	1.543694E-17	1.241741E-18
1.319951E+04	1.545001E-17	1.248740E-18
1.323912E+04	1.549060E-17	1.258098E-18
1.327873E+04	1.555587E-17	1.269610E-18
1.331834E+04	1.564257E-17	1.283036E-18
1.335795E+04	1.574705E-17	1.298096E-18
1.339756E+04	1.586541E-17	1.314487E-18
1.343717E+04	1.599354E-17	1.331881E-18
1.347678E+04	1.612730E-17	1.349941E-18
1.351639E+04	1.626261E-17	1.368326E-18
1.355600E+04	1.639558E-17	1.386709E-18
1.359561E+04	1.652260E-17	1.404775E-18
1.363522E+04	1.664039E-17	1.422236E-18
1.367483E+04	1.674617E-17	1.438833E-18
1.371444E+04	1.683758E-17	1.454345E-18
1.375405E+04	1.691279E-17	1.468591E-18
1.379366E+04	1.697050E-17	1.481431E-18
1.383327E+04	1.700992E-17	1.492766E-18
1.387288E+04	1.703074E-17	1.502543E-18
1.391249E+04	1.703314E-17	1.510747E-18
1.395210E+04	1.701772E-17	1.517400E-18
1.399171E+04	1.698537E-17	1.522556E-18
1.403132E+04	1.693733E-17	1.526296E-18
1.407093E+04	1.687504E-17	1.528728E-18
1.411054E+04	1.680014E-17	1.529975E-18
1.415015E+04	1.671439E-17	1.530178E-18
1.418976E+04	1.661969E-17	1.529492E-18
1.422937E+04	1.651802E-17	1.528086E-18
1.426898E+04	1.641144E-17	1.526137E-18
1.430859E+04	1.630203E-17	1.523830E-18
1.434820E+04	1.619185E-17	1.521353E-18
1.438781E+04	1.608292E-17	1.518892E-18
1.442742E+04	1.597712E-17	1.516626E-18
1.446703E+04	1.587623E-17	1.514727E-18
1.450664E+04	1.578184E-17	1.513352E-18
1.454625E+04	1.569532E-17	1.512642E-18
1.458587E+04	1.561786E-17	1.512721E-18
1.462548E+04	1.555044E-17	1.513696E-18
1.466509E+04	1.549382E-17	1.515656E-18
1.470470E+04	1.544858E-17	1.518670E-18
1.474431E+04	1.541510E-17	1.522793E-18
1.478392E+04	1.539360E-17	1.528061E-18
1.482353E+04	1.538410E-17	1.534494E-18
1.486314E+04	1.538649E-17	1.542094E-18
1.490275E+04	1.540051E-17	1.550853E-18
1.494236E+04	1.542575E-17	1.560745E-18
1.498197E+04	1.546170E-17	1.571733E-18
1.502158E+04	1.550769E-17	1.583763E-18
1.506119E+04	1.556297E-17	1.596771E-18
1.510080E+04	1.562661E-17	1.610674E-18
1.514041E+04	1.569756E-17	1.625373E-18
1.518002E+04	1.577460E-17	1.640752E-18
1.521963E+04	1.585639E-17	1.656678E-18
1.525924E+04	1.594146E-17	1.673002E-18
1.529885E+04	1.602820E-17	1.689560E-18
1.533846E+04	1.611493E-17	1.706172E-18
1.537807E+04	1.619984E-17	1.722648E-18
1.541768E+04	1.628104E-17	1.738782E-18
1.545729E+04	1.635658E-17	1.754359E-18
1.549690E+04	1.642447E-17	1.769156E-18
1.553651E+04	1.648271E-17	1.782945E-18
1.557612E+04	1.652934E-17	1.795502E-18
1.561573E+04	1.656253E-17	1.806609E-18
1.565534E+04	1.658064E-17	1.816067E-18
1.569495E+04	1.658225E-17	1.823702E-18
1.573456E+04	1.656625E-17	1.829367E-18
1.577417E+04	1.653183E-17	1.832950E-18
1.581378E+04	1.647854E-17	1.834375E-18
1.585339E+04	1.640619E-17	1.833597E-18
1.589300E+04	1.631495E-17	1.830610E-18
1.593261E+04	1.620522E-17	1.825434E-18
1.597222E+04	1.607768E-17	1.818122E-18
1.601183E+04	1.593318E-17	1.808750E-18
1.605144E+04	1.577283E-17	1.797419E-18
1.609105E+04	1.559794E-17	1.784261E-18
1.613066E+04	1.541014E-17	1.769443E-18
1.617027E+04	1.521147E-17	1.753184E-18
1.620988E+04	1.500408E-17	1.735719E-18
1.624949E+04	1.479012E-17	1.717287E-18
1.628911E+04	1.457163E-17	1.698119E-18
1.632872E+04	1.435053E-17	1.678433E-18
1.636833E+04	1.412856E-17	1.658430E-18
1.640794E+04	1.390724E-17	1.638291E-18
1.644755E+04	1.368796E-17	1.618180E-18
1.648716E+04	1.347185E-17	1.598236E-18
1.652677E+04	1.325991E-17	1.578582E-18
1.656638E+04	1.305297E-17	1.559324E-18
1.660599E+04	1.285175E-17	1.540555E-18
1.664560E+04	1.265685E-17	1.522354E-18
1.668521E+04	1.246873E-17	1.504788E-18
1.672482E+04	1.228777E-17	1.487908E-18
1.676443E+04	1.211422E-17	1.471758E-18
1.680404E+04	1.194825E-17	1.456365E-18
1.684365E+04	1.178995E-17	1.441754E-18
1.688326E+04	1.163939E-17	1.427940E-18
1.692287E+04	1.149663E-17	1.414941E-18
1.696248E+04	1.136173E-17	1.402776E-18
1.700209E+04	1.123483E-17	1.391471E-18
1.704170E+04	1.111613E-17	1.381061E-18
1.708131E+04	1.100588E-17	1.371587E-18
1.712092E+04	1.090442E-17	1.363103E-18
1.716053E+04	1.081218E-17	1.355671E-18
1.720014E+04	1.072962E-17	1.349364E-18
1.723975E+04	1.065729E-17	1.344259E-18
1.727936E+04	1.059579E-17	1.340445E-18
1.731897E+04	1.054572E-17	1.338011E-18
1.735858E+04	1.050770E-17	1.337049E-18
1.739819E+04	1.048237E-17	1.337653E-18
1.743780E+04	1.047035E-17	1.339917E-18
1.747741E+04	1.047225E-17	1.343934E-18
1.751702E+04	1.048869E-17	1.349798E-18
1.755663E+04	1.052020E-17	1.357595E-18
1.759624E+04	1.056734E-17	1.367411E-18
1.763585E+04	1.063052E-17	1.379315E-18
1.767546E+04	1.071003E-17	1.393364E-18
1.771507E+04	1.080604E-17	1.409593E-18
1.775468E+04	1.091842E-17	1.428005E-18
1.779429E+04	1.104680E-17	1.448564E-18
1.783390E+04	1.119038E-17	1.471183E-18
1.787351E+04	1.134801E-17	1.495724E-18
1.791312E+04	1.151807E-17	1.521986E-18
1.795274E+04	1.169845E-17	1.549699E-18
1.799235E+04	1.188655E-17	1.578530E-18
1.803196E+04	1.207936E-17	1.608082E-18
1.807157E+04	1.227342E-17	1.637898E-18
1.811118E+04	1.246498E-17	1.667475E-18
1.815079E+04	1.265010E-17	1.696281E-18
1.819040E+04	1.282480E-17	1.723775E-18
1.823001E+04	1.298523E-17	1.749426E-18
1.826962E+04	1.312781E-17	1.772736E-18
1.830923E+04	1.324941E-17	1.793265E-18
1.834884E+04	1.334747E-17	1.810644E-18
1.838845E+04	1.342007E-17	1.824589E-18
1.842806E+04	1.346596E-17	1.834907E-18
1.846767E+04	1.348462E-17	1.841503E-18
1.850728E+04	1.347625E-17	1.844379E-18
1.854689E+04	1.344169E-17	1.843626E-18
1.858650E+04	1.338244E-17	1.839429E-18
1.862611E+04	1.330053E-17	1.832044E-18
1.866572E+04	1.319841E-17	1.821791E-18
1.870533E+04	1.307883E-17	1.809034E-18
1.874494E+04	1.294472E-17	1.794164E-18
1.878455E+04	1.279909E-17	1.777590E-18
1.882416E+04	1.264499E-17	1.759725E-18
1.886377E+04	1.248538E-17	1.740977E-18
1.890338E+04	1.232312E-17	1.721743E-18
1.894299E+04	1.216092E-17	1.702401E-18
1.898260E+04	1.200128E-17	1.683303E-18
1.902221E+04	1.184642E-17	1.664762E-18
1.906182E+04	1.169827E-17	1.647059E-18
1.910143E+04	1.155844E-17	1.630424E-18
1.914104E+04	1.142820E-17	1.615046E-18
1.918065E+04	1.130849E-17	1.601065E-18
1.922026E+04	1.119999E-17	1.588588E-18
1.925987E+04	1.110308E-17	1.577678E-18
1.929948E+04	1.101795E-17	1.568372E-18
1.933909E+04	1.094463E-17	1.560684E-18
1.937870E+04	1.088302E-17	1.554608E-18
1.941831E+04	1.083290E-17	1.550124E-18
1.945792E+04	1.079398E-17	1.547197E-18
1.949753E+04	1.076587E-17	1.545781E-18
1.953714E+04	1.074810E-17	1.545816E-18
1.957675E+04	1.074009E-17	1.547227E-18
1.961636E+04	1.074119E-17	1.549927E-18
1.965598E+04	1.075068E-17	1.553818E-18
1.969559E+04	1.076773E-17	1.558787E-18
1.973520E+04	1.079146E-17	1.564711E-18
1.977481E+04	1.082095E-17	1.571460E-18
1.981442E+04	1.085523E-17	1.578898E-18
1.985403E+04	1.089333E-17	1.586888E-18
1.989364E+04	1.093428E-17	1.595289E-18
1.993325E+04	1.097715E-17	1.603969E-18
1.997286E+04	1.102102E-17	1.612792E-18
2.001247E+04	1.106502E-17	1.621632E-18
2.005208E+04	1.110833E-17	1.630370E-18
2.009169E+04	1.115015E-17	1.638887E-18
2.013130E+04	1.118979E-17	1.647081E-18
2.017091E+04	1.122656E-17	1.654847E-18
2.021052E+04	1.125986E-17	1.662097E-18
2.025013E+04	1.128915E-17	1.668746E-18
2.028974E+04	1.131393E-17	1.674721E-18
2.032935E+04	1.133378E-17	1.679955E-18
2.036896E+04	1.134832E-17	1.684389E-18
2.040857E+04	1.135719E-17	1.687968E-18
2.044818E+04	1.136012E-17	1.690646E-18
2.048779E+04	1.135684E-17	1.692380E-18
2.052740E+04	1.134713E-17	1.693135E-18
2.056701E+04	1.133081E-17	1.692878E-18
2.060662E+04	1.130771E-17	1.691585E-18
2.064623E+04	1.127777E-17	1.689238E-18
2.068584E+04	1.124090E-17	1.685824E-18
2.072545E+04	1.119714E-17	1.681343E-18
2.076506E+04	1.114654E-17	1.675799E-18
2.080467E+04	1.108921E-17	1.669208E-18
2.084428E+04	1.102536E-17	1.661594E-18
2.088389E+04	1.095522E-17	1.652992E-18
2.092350E+04	1.087912E-17	1.643449E-18
2.096311E+04	1.079750E-17	1.633026E-18
2.100272E+04	1.071082E-17	1.621794E-18
2.104233E+04	1.061967E-17	1.609837E-18
2.108194E+04	1.052467E-17	1.597251E-18
2.112155E+04	1.042654E-17	1.584141E-18
2.116116E+04	1.032600E-17	1.570616E-18
2.120077E+04	1.022381E-17	1.556791E-18
2.124038E+04	1.012071E-17	1.542778E-18
2.127999E+04	1.001730E-17	1.528671E-18
2.131961E+04	9.913988E-18	1.514530E-18
2.135922E+04	9.810885E-18	1.500375E-18
2.139883E+04	9.707910E-18	1.486191E-18
2.143844E+04	9.604931E-18	1.471961E-18
2.147805E+04	9.501765E-18	1.457657E-18
2.151766E+04	9.398261E-18	1.443255E-18
2.155727E+04	9.294258E-18	1.428732E-18
2.159688E+04	9.189653E-18	1.414071E-18
2.163649E+04	9.084390E-18	1.399265E-18
2.167610E+04	8.978482E-18	1.384315E-18
2.171571E+04	8.871965E-18	1.369228E-18
2.175532E+04	8.764954E-18	1.354020E-18
2.179493E+04	8.657553E-18	1.338710E-18
2.183454E+04	8.549923E-18	1.323321E-18
2.187415E+04	8.442198E-18	1.307875E-18
2.191376E+04	8.334552E-18	1.292399E-18
2.195337E+04	8.227149E-18	1.276920E-18
2.199298E+04	8.120161E-18	1.261464E-18
2.203259E+04	8.013775E-18	1.246062E-18
2.207220E+04	7.908208E-18	1.230747E-18
2.211181E+04	7.803690E-18	1.215557E-18
2.215142E+04	7.700451E-18	1.200528E-18
2.219103E+04	7.598756E-18	1.185702E-18
2.223064E+04	7.498868E-18	1.171122E-18
2.227025E+04	7.401046E-18	1.156829E-18
2.230986E+04	7.305543E-18	1.142865E-18
2.234947E+04	7.212603E-18	1.129267E-18
2.238908E+04	7.122447E-18	1.116074E-18
2.242869E+04	7.035273E-18	1.103316E-18
2.246830E+04	6.951250E-18	1.091022E-18
2.250791E+04	6.870512E-18	1.079215E-18
2.254752E+04	6.793156E-18	1.067912E-18
2.258713E+04	6.719250E-18	1.057125E-18
2.262674E+04	6.648834E-18	1.046861E-18
2.266635E+04	6.581926E-18	1.037125E-18
2.270596E+04	6.518531E-18	1.027919E-18
2.274557E+04	6.458643E-18	1.019245E-18
2.278518E+04	6.402255E-18	1.011102E-18
2.282479E+04	6.349368E-18	1.003492E-18
2.286440E+04	6.299988E-18	9.964171E-19
2.290401E+04	6.254138E-18	9.898829E-19
2.294362E+04	6.211850E-18	9.838957E-19
2.298323E+04	6.173170E-18	9.784642E-19
2.302285E+04	6.138157E-18	9.735990E-19
2.306246E+04	6.106876E-18	9.693120E-19
2.310207E+04	6.079401E-18	9.656161E-19
2.314168E+04	6.055808E-18	9.625251E-19
2.318129E+04	6.036179E-18	9.600530E-19
2.322090E+04	6.020589E-18	9.582135E-19
2.326051E+04	6.009114E-18	9.570197E-19
2.330012E+04	6.001823E-18	9.564844E-19
2.333973E+04	5.998782E-18	9.566191E-19
2.337934E+04	6.000043E-18	9.574338E-19
2.341895E+04	6.005654E-18	9.589372E-19
2.345856E+04	6.015646E-18	9.611360E-19
2.349817E+04	6.030039E-18	9.640343E-19
2.353778E+04	6.048837E-18	9.676343E-19
2.357739E+04	6.072024E-18	9.719347E-19
2.361700E+04	6.099570E-18	9.769320E-19
2.365661E+04	6.131424E-18	9.826192E-19
2.369622E+04	6.167518E-18	9.889864E-19
2.373583E+04	6.207770E-18	9.960218E-19
2.377544E+04	6.252078E-18	1.003710E-18
2.381505E+04	6.300335E-18	1.012035E-18
2.385466E+04	6.352421E-18	1.020979E-18
2.389427E+04	6.408214E-18	1.030522E-18
2.393388E+04	6.467589E-18	1.040646E-18
2.397349E+04	6.530424E-18	1.051331E-18
2.401310E+04	6.596599E-18	1.062560E-18
2.405271E+04	6.666000E-18	1.074315E-18
2.409232E+04	6.738513E-18	1.086577E-18
2.413193E+04	6.814026E-18	1.099330E-18
2.417154E+04	6.892428E-18	1.112556E-18
2.421115E+04	6.973612E-18	1.126238E-18
2.425076E+04	7.057470E-18	1.140360E-18
