#wls	flux	fluxerr
3.257341E+03	9.242159E-19	2.229799E-19
3.296951E+03	9.169945E-19	2.211896E-19
3.336561E+03	9.092711E-19	2.192786E-19
3.376171E+03	9.011121E-19	2.172630E-19
3.415782E+03	8.926011E-19	2.151629E-19
3.455392E+03	8.838280E-19	2.130002E-19
3.495002E+03	8.748807E-19	2.107960E-19
3.534612E+03	8.658410E-19	2.085702E-19
3.574223E+03	8.567828E-19	2.063404E-19
3.613833E+03	8.477689E-19	2.041219E-19
3.653443E+03	8.388522E-19	2.019273E-19
3.693053E+03	8.300756E-19	1.997671E-19
3.732664E+03	8.214722E-19	1.976491E-19
3.772274E+03	8.130664E-19	1.955792E-19
3.811884E+03	8.048762E-19	1.935617E-19
3.851494E+03	7.969121E-19	1.915992E-19
3.891105E+03	7.891802E-19	1.896929E-19
3.930715E+03	7.816817E-19	1.878433E-19
3.970325E+03	7.744145E-19	1.860497E-19
4.009935E+03	7.673737E-19	1.843109E-19
4.049545E+03	7.605528E-19	1.826254E-19
4.089156E+03	7.539426E-19	1.809909E-19
4.128766E+03	7.475347E-19	1.794053E-19
4.168376E+03	7.413183E-19	1.778661E-19
4.207986E+03	7.352838E-19	1.763709E-19
4.247597E+03	7.294209E-19	1.749172E-19
4.287207E+03	7.237194E-19	1.735025E-19
4.326817E+03	7.181697E-19	1.721246E-19
4.366427E+03	7.127629E-19	1.707811E-19
4.406038E+03	7.074907E-19	1.694703E-19
4.445648E+03	7.023450E-19	1.681900E-19
4.485258E+03	6.973189E-19	1.669385E-19
4.524868E+03	6.924061E-19	1.657145E-19
4.564479E+03	6.876007E-19	1.645164E-19
4.604089E+03	6.828981E-19	1.633432E-19
4.643699E+03	6.782946E-19	1.621939E-19
4.683309E+03	6.737862E-19	1.610675E-19
4.722919E+03	6.693708E-19	1.599636E-19
4.762530E+03	6.650460E-19	1.588815E-19
4.802140E+03	6.608113E-19	1.578212E-19
4.841750E+03	6.566657E-19	1.567823E-19
4.881360E+03	6.526092E-19	1.557648E-19
4.920971E+03	6.486427E-19	1.547691E-19
4.960581E+03	6.447680E-19	1.537953E-19
5.000191E+03	6.409874E-19	1.528442E-19
5.039801E+03	6.373029E-19	1.519161E-19
5.079412E+03	6.337189E-19	1.510121E-19
5.119022E+03	6.302392E-19	1.501330E-19
5.158632E+03	6.268694E-19	1.492803E-19
5.198242E+03	6.236151E-19	1.484551E-19
5.237853E+03	6.204831E-19	1.476591E-19
5.277463E+03	6.174810E-19	1.468941E-19
5.317073E+03	6.146178E-19	1.461621E-19
5.356683E+03	6.119025E-19	1.454654E-19
5.396293E+03	6.093471E-19	1.448066E-19
5.435904E+03	6.069630E-19	1.441885E-19
5.475514E+03	6.047637E-19	1.436142E-19
5.515124E+03	6.027651E-19	1.430875E-19
5.554734E+03	6.009825E-19	1.426120E-19
5.594345E+03	5.994351E-19	1.421920E-19
5.633955E+03	5.981428E-19	1.418324E-19
5.673565E+03	5.971282E-19	1.415384E-19
5.713175E+03	5.964152E-19	1.413155E-19
5.752786E+03	5.960309E-19	1.411702E-19
5.792396E+03	5.960051E-19	1.411093E-19
5.832006E+03	5.963696E-19	1.411403E-19
5.871616E+03	5.971608E-19	1.412716E-19
5.911227E+03	5.984162E-19	1.415121E-19
5.950837E+03	6.001794E-19	1.418720E-19
5.990447E+03	6.024963E-19	1.423618E-19
6.030057E+03	6.054177E-19	1.429934E-19
6.069667E+03	6.089987E-19	1.437797E-19
6.109278E+03	6.133009E-19	1.447350E-19
6.148888E+03	6.183897E-19	1.458744E-19
6.188498E+03	6.243381E-19	1.472150E-19
6.228108E+03	6.312243E-19	1.487748E-19
6.267719E+03	6.391344E-19	1.505739E-19
6.307329E+03	6.481631E-19	1.526343E-19
6.346939E+03	6.584123E-19	1.549794E-19
6.386549E+03	6.699931E-19	1.576352E-19
6.426160E+03	6.830270E-19	1.606296E-19
6.465770E+03	6.976464E-19	1.639933E-19
6.505380E+03	7.139939E-19	1.677594E-19
6.544990E+03	7.322247E-19	1.719634E-19
6.584601E+03	7.525066E-19	1.766443E-19
6.624211E+03	7.750214E-19	1.818440E-19
6.663821E+03	7.999650E-19	1.876075E-19
6.703431E+03	8.275478E-19	1.939834E-19
6.743041E+03	8.579957E-19	2.010235E-19
6.782652E+03	8.915500E-19	2.087833E-19
6.822262E+03	9.284697E-19	2.173222E-19
6.861872E+03	9.690287E-19	2.267032E-19
6.901482E+03	1.013517E-18	2.369925E-19
6.941093E+03	1.062241E-18	2.482602E-19
6.980703E+03	1.115522E-18	2.605798E-19
7.020313E+03	1.173693E-18	2.740272E-19
7.059923E+03	1.237102E-18	2.886817E-19
7.099534E+03	1.306105E-18	3.046243E-19
7.139144E+03	1.381065E-18	3.219372E-19
7.178754E+03	1.462350E-18	3.407037E-19
7.218364E+03	1.550326E-18	3.610064E-19
7.257975E+03	1.645357E-18	3.829271E-19
7.297585E+03	1.747793E-18	4.065447E-19
7.337195E+03	1.857974E-18	4.319347E-19
7.376805E+03	1.976218E-18	4.591675E-19
7.416415E+03	2.102816E-18	4.883074E-19
7.456026E+03	2.238029E-18	5.194111E-19
7.495636E+03	2.382079E-18	5.525265E-19
7.535246E+03	2.535150E-18	5.876920E-19
7.574856E+03	2.697377E-18	6.249349E-19
7.614467E+03	2.868851E-18	6.642716E-19
7.654077E+03	3.049610E-18	7.057071E-19
7.693687E+03	3.239643E-18	7.492342E-19
7.733297E+03	3.438895E-18	7.948353E-19
7.772908E+03	3.647262E-18	8.424823E-19
7.812518E+03	3.864603E-18	8.921379E-19
7.852128E+03	4.090741E-18	9.437565E-19
7.891738E+03	4.325474E-18	9.972870E-19
7.931349E+03	4.568577E-18	1.052673E-18
7.970959E+03	4.819811E-18	1.109855E-18
8.010569E+03	5.078930E-18	1.168772E-18
8.050179E+03	5.345683E-18	1.229362E-18
8.089789E+03	5.619816E-18	1.291562E-18
8.129400E+03	5.901076E-18	1.355309E-18
8.169010E+03	6.189190E-18	1.420537E-18
8.208620E+03	6.483899E-18	1.487181E-18
8.248230E+03	6.784904E-18	1.555170E-18
8.287841E+03	7.091884E-18	1.624425E-18
8.327451E+03	7.404464E-18	1.694857E-18
8.367061E+03	7.722243E-18	1.766370E-18
8.406671E+03	8.044721E-18	1.838847E-18
8.446282E+03	8.371341E-18	1.912156E-18
8.485892E+03	8.701448E-18	1.986144E-18
8.525502E+03	9.034294E-18	2.060639E-18
8.565112E+03	9.369017E-18	2.135441E-18
8.604723E+03	9.704653E-18	2.210327E-18
8.644333E+03	1.004013E-17	2.285052E-18
8.683943E+03	1.037426E-17	2.359346E-18
8.723553E+03	1.070576E-17	2.432915E-18
8.763163E+03	1.103324E-17	2.505445E-18
8.802774E+03	1.135524E-17	2.576603E-18
8.842384E+03	1.167020E-17	2.646039E-18
8.881994E+03	1.197650E-17	2.713388E-18
8.921604E+03	1.227246E-17	2.778272E-18
8.961215E+03	1.255637E-17	2.840309E-18
9.000825E+03	1.282647E-17	2.899106E-18
9.040435E+03	1.308099E-17	2.954268E-18
9.080045E+03	1.331816E-17	3.005408E-18
9.119656E+03	1.353810E-17	3.052558E-18
9.159266E+03	1.373662E-17	3.094781E-18
9.198876E+03	1.391313E-17	3.131958E-18
9.238486E+03	1.406611E-17	3.163758E-18
9.278097E+03	1.419416E-17	3.189877E-18
9.317707E+03	1.429605E-17	3.210057E-18
9.357317E+03	1.437075E-17	3.224075E-18
9.396927E+03	1.441745E-17	3.231771E-18
9.436537E+03	1.443564E-17	3.233043E-18
9.476148E+03	1.442511E-17	3.227860E-18
9.515758E+03	1.438595E-17	3.216261E-18
9.555368E+03	1.431865E-17	3.198372E-18
9.594978E+03	1.422402E-17	3.174392E-18
9.634589E+03	1.410327E-17	3.144603E-18
9.674199E+03	1.395792E-17	3.109365E-18
9.713809E+03	1.378984E-17	3.069107E-18
9.753419E+03	1.360116E-17	3.024320E-18
9.793030E+03	1.339430E-17	2.975551E-18
9.832640E+03	1.317184E-17	2.923387E-18
9.872250E+03	1.293652E-17	2.868444E-18
9.911857E+03	1.269114E-17	2.811356E-18
9.951468E+03	1.243854E-17	2.752757E-18
9.991078E+03	1.218156E-17	2.693277E-18
1.003069E+04	1.192292E-17	2.633524E-18
1.007030E+04	1.166522E-17	2.574076E-18
1.010991E+04	1.141093E-17	2.515473E-18
1.014952E+04	1.116227E-17	2.458206E-18
1.018913E+04	1.092123E-17	2.402708E-18
1.022874E+04	1.068952E-17	2.349352E-18
1.026835E+04	1.046853E-17	2.298439E-18
1.030796E+04	1.025938E-17	2.250208E-18
1.034757E+04	1.006289E-17	2.204829E-18
1.038718E+04	9.879592E-18	2.162414E-18
1.042679E+04	9.709760E-18	2.123013E-18
1.046640E+04	9.553441E-18	2.086629E-18
1.050601E+04	9.410482E-18	2.053217E-18
1.054562E+04	9.280528E-18	2.022694E-18
1.058523E+04	9.163105E-18	1.994948E-18
1.062484E+04	9.057606E-18	1.969837E-18
1.066445E+04	8.963365E-18	1.947209E-18
1.070406E+04	8.879661E-18	1.926901E-18
1.074367E+04	8.805753E-18	1.908744E-18
1.078328E+04	8.740888E-18	1.892568E-18
1.082289E+04	8.684320E-18	1.878207E-18
1.086250E+04	8.635323E-18	1.865496E-18
1.090211E+04	8.593214E-18	1.854285E-18
1.094172E+04	8.557322E-18	1.844423E-18
1.098133E+04	8.527040E-18	1.835775E-18
1.102094E+04	8.501799E-18	1.828215E-18
1.106055E+04	8.481079E-18	1.821627E-18
1.110016E+04	8.464417E-18	1.815909E-18
1.113977E+04	8.451429E-18	1.810976E-18
1.117938E+04	8.441799E-18	1.806758E-18
1.121900E+04	8.435283E-18	1.803199E-18
1.125861E+04	8.431736E-18	1.800267E-18
1.129822E+04	8.431089E-18	1.797945E-18
1.133783E+04	8.433356E-18	1.796233E-18
1.137744E+04	8.438610E-18	1.795145E-18
1.141705E+04	8.446947E-18	1.794699E-18
1.145666E+04	8.458504E-18	1.794921E-18
1.149627E+04	8.473428E-18	1.795842E-18
1.153588E+04	8.491868E-18	1.797488E-18
1.157549E+04	8.513958E-18	1.799887E-18
1.161510E+04	8.539820E-18	1.803061E-18
1.165471E+04	8.569540E-18	1.807024E-18
1.169432E+04	8.603146E-18	1.811780E-18
1.173393E+04	8.640621E-18	1.817323E-18
1.177354E+04	8.681839E-18	1.823622E-18
1.181315E+04	8.726562E-18	1.830625E-18
1.185276E+04	8.774443E-18	1.838256E-18
1.189237E+04	8.824963E-18	1.846404E-18
1.193198E+04	8.877480E-18	1.854933E-18
1.197159E+04	8.931172E-18	1.863669E-18
1.201120E+04	8.985053E-18	1.872406E-18
1.205081E+04	9.037991E-18	1.880909E-18
1.209042E+04	9.088695E-18	1.888910E-18
1.213003E+04	9.135762E-18	1.896120E-18
1.216964E+04	9.177700E-18	1.902233E-18
1.220925E+04	9.212989E-18	1.906939E-18
1.224886E+04	9.240146E-18	1.909936E-18
1.228847E+04	9.257887E-18	1.910968E-18
1.232808E+04	9.265191E-18	1.909832E-18
1.236769E+04	9.261507E-18	1.906423E-18
1.240730E+04	9.246777E-18	1.900740E-18
1.244691E+04	9.221495E-18	1.892895E-18
1.248652E+04	9.186646E-18	1.883097E-18
1.252613E+04	9.143608E-18	1.871638E-18
1.256574E+04	9.094069E-18	1.858871E-18
1.260535E+04	9.039924E-18	1.845188E-18
1.264496E+04	8.983212E-18	1.831009E-18
1.268457E+04	8.926047E-18	1.816768E-18
1.272418E+04	8.870521E-18	1.802890E-18
1.276379E+04	8.818694E-18	1.789793E-18
1.280340E+04	8.772526E-18	1.777870E-18
1.284301E+04	8.733813E-18	1.767481E-18
1.288262E+04	8.704179E-18	1.758948E-18
1.292224E+04	8.685042E-18	1.752550E-18
1.296185E+04	8.677563E-18	1.748512E-18
1.300146E+04	8.682642E-18	1.747004E-18
1.304107E+04	8.700893E-18	1.748141E-18
1.308068E+04	8.732640E-18	1.751975E-18
1.312029E+04	8.777889E-18	1.758497E-18
1.315990E+04	8.836326E-18	1.767633E-18
1.319951E+04	8.907351E-18	1.779252E-18
1.323912E+04	8.990031E-18	1.793157E-18
1.327873E+04	9.083148E-18	1.809096E-18
1.331834E+04	9.185207E-18	1.826764E-18
1.335795E+04	9.294482E-18	1.845811E-18
1.339756E+04	9.409028E-18	1.865845E-18
1.343717E+04	9.526769E-18	1.886453E-18
1.347678E+04	9.645557E-18	1.907206E-18
1.351639E+04	9.763264E-18	1.927685E-18
1.355600E+04	9.877843E-18	1.947489E-18
1.359561E+04	9.987395E-18	1.966247E-18
1.363522E+04	1.009020E-17	1.983627E-18
1.367483E+04	1.018477E-17	1.999343E-18
1.371444E+04	1.026986E-17	2.013160E-18
1.375405E+04	1.034453E-17	2.024900E-18
1.379366E+04	1.040808E-17	2.034440E-18
1.383327E+04	1.046012E-17	2.041712E-18
1.387288E+04	1.050055E-17	2.046710E-18
1.391249E+04	1.052955E-17	2.049477E-18
1.395210E+04	1.054755E-17	2.050105E-18
1.399171E+04	1.055517E-17	2.048730E-18
1.403132E+04	1.055325E-17	2.045519E-18
1.407093E+04	1.054271E-17	2.040663E-18
1.411054E+04	1.052463E-17	2.034376E-18
1.415015E+04	1.050013E-17	2.026882E-18
1.418976E+04	1.047041E-17	2.018419E-18
1.422937E+04	1.043673E-17	2.009232E-18
1.426898E+04	1.040034E-17	1.999568E-18
1.430859E+04	1.036251E-17	1.989671E-18
1.434820E+04	1.032448E-17	1.979784E-18
1.438781E+04	1.028746E-17	1.970139E-18
1.442742E+04	1.025258E-17	1.960949E-18
1.446703E+04	1.022087E-17	1.952413E-18
1.450664E+04	1.019327E-17	1.944708E-18
1.454625E+04	1.017059E-17	1.937987E-18
1.458587E+04	1.015355E-17	1.932383E-18
1.462548E+04	1.014274E-17	1.928008E-18
1.466509E+04	1.013868E-17	1.924955E-18
1.470470E+04	1.014179E-17	1.923302E-18
1.474431E+04	1.015247E-17	1.923119E-18
1.478392E+04	1.017100E-17	1.924458E-18
1.482353E+04	1.019762E-17	1.927361E-18
1.486314E+04	1.023249E-17	1.931853E-18
1.490275E+04	1.027569E-17	1.937945E-18
1.494236E+04	1.032717E-17	1.945628E-18
1.498197E+04	1.038683E-17	1.954879E-18
1.502158E+04	1.045447E-17	1.965656E-18
1.506119E+04	1.052975E-17	1.977896E-18
1.510080E+04	1.061224E-17	1.991516E-18
1.514041E+04	1.070136E-17	2.006404E-18
1.518002E+04	1.079639E-17	2.022427E-18
1.521963E+04	1.089646E-17	2.039423E-18
1.525924E+04	1.100063E-17	2.057216E-18
1.529885E+04	1.110778E-17	2.075598E-18
1.533846E+04	1.121671E-17	2.094345E-18
1.537807E+04	1.132601E-17	2.113201E-18
1.541768E+04	1.143421E-17	2.131894E-18
1.545729E+04	1.153967E-17	2.150123E-18
1.549690E+04	1.164067E-17	2.167572E-18
1.553651E+04	1.173540E-17	2.183909E-18
1.557612E+04	1.182204E-17	2.198802E-18
1.561573E+04	1.189882E-17	2.211929E-18
1.565534E+04	1.196409E-17	2.222989E-18
1.569495E+04	1.201640E-17	2.231720E-18
1.573456E+04	1.205458E-17	2.237910E-18
1.577417E+04	1.207778E-17	2.241409E-18
1.581378E+04	1.208553E-17	2.242132E-18
1.585339E+04	1.207772E-17	2.240067E-18
1.589300E+04	1.205464E-17	2.235272E-18
1.593261E+04	1.201700E-17	2.227878E-18
1.597222E+04	1.196579E-17	2.218076E-18
1.601183E+04	1.190232E-17	2.206108E-18
1.605144E+04	1.182805E-17	2.192245E-18
1.609105E+04	1.174446E-17	2.176761E-18
1.613066E+04	1.165289E-17	2.159898E-18
1.617027E+04	1.155439E-17	2.141849E-18
1.620988E+04	1.144988E-17	2.122778E-18
1.624949E+04	1.134016E-17	2.102830E-18
1.628911E+04	1.122606E-17	2.082150E-18
1.632872E+04	1.110835E-17	2.060881E-18
1.636833E+04	1.098786E-17	2.039168E-18
1.640794E+04	1.086538E-17	2.017153E-18
1.644755E+04	1.074169E-17	1.994978E-18
1.648716E+04	1.061754E-17	1.972776E-18
1.652677E+04	1.049362E-17	1.950671E-18
1.656638E+04	1.037059E-17	1.928782E-18
1.660599E+04	1.024903E-17	1.907213E-18
1.664560E+04	1.012950E-17	1.886062E-18
1.668521E+04	1.001242E-17	1.865409E-18
1.672482E+04	9.898202E-18	1.845323E-18
1.676443E+04	9.787103E-18	1.825852E-18
1.680404E+04	9.679328E-18	1.807032E-18
1.684365E+04	9.575041E-18	1.788890E-18
1.688326E+04	9.474362E-18	1.771448E-18
1.692287E+04	9.377399E-18	1.754724E-18
1.696248E+04	9.284294E-18	1.738743E-18
1.700209E+04	9.195238E-18	1.723541E-18
1.704170E+04	9.110454E-18	1.709158E-18
1.708131E+04	9.030241E-18	1.695649E-18
1.712092E+04	8.954926E-18	1.683078E-18
1.716053E+04	8.884922E-18	1.671520E-18
1.720014E+04	8.820670E-18	1.661060E-18
1.723975E+04	8.762625E-18	1.651785E-18
1.727936E+04	8.711290E-18	1.643792E-18
1.731897E+04	8.667160E-18	1.637175E-18
1.735858E+04	8.630711E-18	1.632028E-18
1.739819E+04	8.602416E-18	1.628444E-18
1.743780E+04	8.582713E-18	1.626508E-18
1.747741E+04	8.572007E-18	1.626301E-18
1.751702E+04	8.570686E-18	1.627903E-18
1.755663E+04	8.579095E-18	1.631384E-18
1.759624E+04	8.597538E-18	1.636806E-18
1.763585E+04	8.626243E-18	1.644220E-18
1.767546E+04	8.665374E-18	1.653663E-18
1.771507E+04	8.714967E-18	1.665148E-18
1.775468E+04	8.774891E-18	1.678657E-18
1.779429E+04	8.844855E-18	1.694141E-18
1.783390E+04	8.924302E-18	1.711500E-18
1.787351E+04	9.012450E-18	1.730591E-18
1.791312E+04	9.108187E-18	1.751205E-18
1.795274E+04	9.210137E-18	1.773083E-18
1.799235E+04	9.316607E-18	1.795904E-18
1.803196E+04	9.425644E-18	1.819292E-18
1.807157E+04	9.535038E-18	1.842824E-18
1.811118E+04	9.642411E-18	1.866038E-18
1.815079E+04	9.745266E-18	1.888450E-18
1.819040E+04	9.841141E-18	1.909577E-18
1.823001E+04	9.927630E-18	1.928946E-18
1.826962E+04	1.000257E-17	1.946128E-18
1.830923E+04	1.006409E-17	1.960752E-18
1.834884E+04	1.011068E-17	1.972508E-18
1.838845E+04	1.014125E-17	1.981173E-18
1.842806E+04	1.015510E-17	1.986594E-18
1.846767E+04	1.015195E-17	1.988706E-18
1.850728E+04	1.013195E-17	1.987523E-18
1.854689E+04	1.009568E-17	1.983141E-18
1.858650E+04	1.004407E-17	1.975733E-18
1.862611E+04	9.978431E-18	1.965542E-18
1.866572E+04	9.900349E-18	1.952868E-18
1.870533E+04	9.811570E-18	1.938046E-18
1.874494E+04	9.713967E-18	1.921437E-18
1.878455E+04	9.609424E-18	1.903405E-18
1.882416E+04	9.499836E-18	1.884320E-18
1.886377E+04	9.387067E-18	1.864548E-18
1.890338E+04	9.272941E-18	1.844447E-18
1.894299E+04	9.159164E-18	1.824357E-18
1.898260E+04	9.047323E-18	1.804592E-18
1.902221E+04	8.938827E-18	1.785435E-18
1.906182E+04	8.834880E-18	1.767131E-18
1.910143E+04	8.736470E-18	1.749879E-18
1.914104E+04	8.644345E-18	1.733834E-18
1.918065E+04	8.559061E-18	1.719112E-18
1.922026E+04	8.480936E-18	1.705783E-18
1.925987E+04	8.410155E-18	1.693889E-18
1.929948E+04	8.346757E-18	1.683445E-18
1.933909E+04	8.290699E-18	1.674447E-18
1.937870E+04	8.241868E-18	1.666878E-18
1.941831E+04	8.200093E-18	1.660710E-18
1.945792E+04	8.165161E-18	1.655905E-18
1.949753E+04	8.136817E-18	1.652416E-18
1.953714E+04	8.114744E-18	1.650185E-18
1.957675E+04	8.098593E-18	1.649144E-18
1.961636E+04	8.087957E-18	1.649216E-18
1.965598E+04	8.082387E-18	1.650314E-18
1.969559E+04	8.081395E-18	1.652342E-18
1.973520E+04	8.084481E-18	1.655200E-18
1.977481E+04	8.091113E-18	1.658783E-18
1.981442E+04	8.100749E-18	1.662983E-18
1.985403E+04	8.112868E-18	1.667694E-18
1.989364E+04	8.126960E-18	1.672814E-18
1.993325E+04	8.142528E-18	1.678241E-18
1.997286E+04	8.159116E-18	1.683882E-18
2.001247E+04	8.176272E-18	1.689644E-18
2.005208E+04	8.193594E-18	1.695445E-18
2.009169E+04	8.210688E-18	1.701203E-18
2.013130E+04	8.227204E-18	1.706845E-18
2.017091E+04	8.242801E-18	1.712299E-18
2.021052E+04	8.257168E-18	1.717500E-18
2.025013E+04	8.270044E-18	1.722393E-18
2.028974E+04	8.281168E-18	1.726921E-18
2.032935E+04	8.290305E-18	1.731033E-18
2.036896E+04	8.297221E-18	1.734680E-18
2.040857E+04	8.301691E-18	1.737812E-18
2.044818E+04	8.303486E-18	1.740380E-18
2.048779E+04	8.302386E-18	1.742334E-18
2.052740E+04	8.298138E-18	1.743620E-18
2.056701E+04	8.290498E-18	1.744183E-18
2.060662E+04	8.279195E-18	1.743963E-18
2.064623E+04	8.263977E-18	1.742905E-18
2.068584E+04	8.244585E-18	1.740952E-18
2.072545E+04	8.220764E-18	1.738044E-18
2.076506E+04	8.192295E-18	1.734134E-18
2.080467E+04	8.158968E-18	1.729172E-18
2.084428E+04	8.120625E-18	1.723122E-18
2.088389E+04	8.077143E-18	1.715954E-18
2.092350E+04	8.028468E-18	1.707652E-18
2.096311E+04	7.974625E-18	1.698218E-18
2.100272E+04	7.915693E-18	1.687664E-18
2.104233E+04	7.851833E-18	1.676022E-18
2.108194E+04	7.783277E-18	1.663338E-18
2.112155E+04	7.710315E-18	1.649670E-18
2.116116E+04	7.633296E-18	1.635090E-18
2.120077E+04	7.552610E-18	1.619678E-18
2.124038E+04	7.468707E-18	1.603529E-18
2.127999E+04	7.382003E-18	1.586729E-18
2.131961E+04	7.292908E-18	1.569365E-18
2.135922E+04	7.201753E-18	1.551506E-18
2.139883E+04	7.108834E-18	1.533216E-18
2.143844E+04	7.014424E-18	1.514552E-18
2.147805E+04	6.918806E-18	1.495573E-18
2.151766E+04	6.822221E-18	1.476333E-18
2.155727E+04	6.724949E-18	1.456890E-18
2.159688E+04	6.627239E-18	1.437299E-18
2.163649E+04	6.529364E-18	1.417618E-18
2.167610E+04	6.431592E-18	1.397907E-18
2.171571E+04	6.334191E-18	1.378223E-18
2.175532E+04	6.237426E-18	1.358626E-18
2.179493E+04	6.141541E-18	1.339168E-18
2.183454E+04	6.046761E-18	1.319900E-18
2.187415E+04	5.953285E-18	1.300867E-18
2.191376E+04	5.861290E-18	1.282107E-18
2.195337E+04	5.770929E-18	1.263657E-18
2.199298E+04	5.682345E-18	1.245549E-18
2.203259E+04	5.595662E-18	1.227811E-18
2.207220E+04	5.511005E-18	1.210472E-18
2.211181E+04	5.428491E-18	1.193561E-18
2.215142E+04	5.348242E-18	1.177104E-18
2.219103E+04	5.270371E-18	1.161130E-18
2.223064E+04	5.194990E-18	1.145664E-18
2.227025E+04	5.122201E-18	1.130731E-18
2.230986E+04	5.052097E-18	1.116353E-18
2.234947E+04	4.984763E-18	1.102552E-18
2.238908E+04	4.920275E-18	1.089345E-18
2.242869E+04	4.858694E-18	1.076749E-18
2.246830E+04	4.800068E-18	1.064777E-18
2.250791E+04	4.744430E-18	1.053437E-18
2.254752E+04	4.691793E-18	1.042734E-18
2.258713E+04	4.642160E-18	1.032672E-18
2.262674E+04	4.595525E-18	1.023252E-18
2.266635E+04	4.551876E-18	1.014471E-18
2.270596E+04	4.511195E-18	1.006329E-18
2.274557E+04	4.473463E-18	9.988235E-19
2.278518E+04	4.438666E-18	9.919527E-19
2.282479E+04	4.406793E-18	9.857164E-19
2.286440E+04	4.377841E-18	9.801156E-19
2.290401E+04	4.351817E-18	9.751538E-19
2.294362E+04	4.328729E-18	9.708347E-19
2.298323E+04	4.308592E-18	9.671635E-19
2.302285E+04	4.291421E-18	9.641454E-19
2.306246E+04	4.277233E-18	9.617858E-19
2.310207E+04	4.266038E-18	9.600891E-19
2.314168E+04	4.257846E-18	9.590590E-19
2.318129E+04	4.252659E-18	9.586977E-19
2.322090E+04	4.250473E-18	9.590063E-19
2.326051E+04	4.251282E-18	9.599850E-19
2.330012E+04	4.255076E-18	9.616331E-19
2.333973E+04	4.261842E-18	9.639496E-19
2.337934E+04	4.271566E-18	9.669326E-19
2.341895E+04	4.284227E-18	9.705793E-19
2.345856E+04	4.299802E-18	9.748857E-19
2.349817E+04	4.318256E-18	9.798456E-19
2.353778E+04	4.339548E-18	9.854512E-19
2.357739E+04	4.363624E-18	9.916917E-19
2.361700E+04	4.390417E-18	9.985532E-19
2.365661E+04	4.419846E-18	1.006018E-18
2.369622E+04	4.451816E-18	1.014067E-18
2.373583E+04	4.486218E-18	1.022676E-18
2.377544E+04	4.522934E-18	1.031819E-18
2.381505E+04	4.561839E-18	1.041468E-18
2.385466E+04	4.602799E-18	1.051594E-18
2.389427E+04	4.645684E-18	1.062169E-18
2.393388E+04	4.690364E-18	1.073163E-18
2.397349E+04	4.736717E-18	1.084549E-18
2.401310E+04	4.784631E-18	1.096302E-18
2.405271E+04	4.834000E-18	1.108398E-18
2.409232E+04	4.884729E-18	1.120816E-18
2.413193E+04	4.936731E-18	1.133538E-18
2.417154E+04	4.989933E-18	1.146545E-18
2.421115E+04	5.044268E-18	1.159824E-18
2.425076E+04	5.099684E-18	1.173362E-18
