#wls	flux	fluxerr
3.257341E+03	2.882393E-19	4.930981E-20
3.296951E+03	3.029982E-19	5.172236E-20
3.336561E+03	3.186343E-19	5.427250E-20
3.376171E+03	3.352144E-19	5.697051E-20
3.415782E+03	3.528156E-19	5.982822E-20
3.455392E+03	3.715212E-19	6.285845E-20
3.495002E+03	3.914190E-19	6.607457E-20
3.534612E+03	4.125980E-19	6.949007E-20
3.574223E+03	4.351474E-19	7.311827E-20
3.613833E+03	4.591549E-19	7.697207E-20
3.653443E+03	4.847055E-19	8.106379E-20
3.693053E+03	5.118805E-19	8.540496E-20
3.732664E+03	5.407559E-19	9.000607E-20
3.772274E+03	5.714003E-19	9.487624E-20
3.811884E+03	6.038720E-19	1.000227E-19
3.851494E+03	6.382153E-19	1.054504E-19
3.891105E+03	6.744602E-19	1.111616E-19
3.930715E+03	7.126205E-19	1.171559E-19
3.970325E+03	7.526925E-19	1.234302E-19
4.009935E+03	7.946577E-19	1.299786E-19
4.049545E+03	8.384833E-19	1.367932E-19
4.089156E+03	8.841209E-19	1.438632E-19
4.128766E+03	9.315111E-19	1.511765E-19
4.168376E+03	9.805824E-19	1.587189E-19
4.207986E+03	1.031253E-18	1.664745E-19
4.247597E+03	1.083433E-18	1.744266E-19
4.287207E+03	1.137026E-18	1.825573E-19
4.326817E+03	1.191930E-18	1.908477E-19
4.366427E+03	1.248034E-18	1.992785E-19
4.406038E+03	1.305229E-18	2.078299E-19
4.445648E+03	1.363399E-18	2.164819E-19
4.485258E+03	1.422432E-18	2.252148E-19
4.524868E+03	1.482217E-18	2.340097E-19
4.564479E+03	1.542653E-18	2.428493E-19
4.604089E+03	1.603646E-18	2.517174E-19
4.643699E+03	1.665112E-18	2.605999E-19
4.683309E+03	1.726977E-18	2.694839E-19
4.722919E+03	1.789172E-18	2.783580E-19
4.762530E+03	1.851636E-18	2.872119E-19
4.802140E+03	1.914304E-18	2.960346E-19
4.841750E+03	1.977100E-18	3.048139E-19
4.881360E+03	2.039935E-18	3.135356E-19
4.920971E+03	2.102711E-18	3.221841E-19
4.960581E+03	2.165318E-18	3.307426E-19
5.000191E+03	2.227639E-18	3.391930E-19
5.039801E+03	2.289546E-18	3.475161E-19
5.079412E+03	2.350905E-18	3.556917E-19
5.119022E+03	2.411569E-18	3.636983E-19
5.158632E+03	2.471383E-18	3.715133E-19
5.198242E+03	2.530180E-18	3.791125E-19
5.237853E+03	2.587777E-18	3.864700E-19
5.277463E+03	2.643978E-18	3.935581E-19
5.317073E+03	2.698568E-18	4.003466E-19
5.356683E+03	2.751318E-18	4.068040E-19
5.396293E+03	2.801986E-18	4.128972E-19
5.435904E+03	2.850319E-18	4.185921E-19
5.475514E+03	2.896065E-18	4.238550E-19
5.515124E+03	2.938970E-18	4.286529E-19
5.554734E+03	2.978798E-18	4.329556E-19
5.594345E+03	3.015336E-18	4.367368E-19
5.633955E+03	3.048407E-18	4.399762E-19
5.673565E+03	3.077884E-18	4.426607E-19
5.713175E+03	3.103694E-18	4.447854E-19
5.752786E+03	3.125822E-18	4.463539E-19
5.792396E+03	3.144311E-18	4.473782E-19
5.832006E+03	3.159259E-18	4.478777E-19
5.871616E+03	3.170815E-18	4.478793E-19
5.911227E+03	3.179181E-18	4.474169E-19
5.950837E+03	3.184604E-18	4.465302E-19
5.990447E+03	3.187373E-18	4.452643E-19
6.030057E+03	3.187814E-18	4.436690E-19
6.069667E+03	3.186283E-18	4.417976E-19
6.109278E+03	3.183160E-18	4.397060E-19
6.148888E+03	3.178847E-18	4.374522E-19
6.188498E+03	3.173755E-18	4.350948E-19
6.228108E+03	3.168312E-18	4.326937E-19
6.267719E+03	3.162945E-18	4.303078E-19
6.307329E+03	3.158073E-18	4.279942E-19
6.346939E+03	3.154095E-18	4.258062E-19
6.386549E+03	3.151361E-18	4.237898E-19
6.426160E+03	3.150145E-18	4.219803E-19
6.465770E+03	3.150645E-18	4.204015E-19
6.505380E+03	3.153000E-18	4.190695E-19
6.544990E+03	3.157319E-18	4.179960E-19
6.584601E+03	3.163678E-18	4.171882E-19
6.624211E+03	3.172137E-18	4.166507E-19
6.663821E+03	3.182730E-18	4.163852E-19
6.703431E+03	3.195474E-18	4.163908E-19
6.743041E+03	3.210362E-18	4.166632E-19
6.782652E+03	3.227363E-18	4.171955E-19
6.822262E+03	3.246416E-18	4.179770E-19
6.861872E+03	3.267439E-18	4.189940E-19
6.901482E+03	3.290328E-18	4.202306E-19
6.941093E+03	3.314961E-18	4.216688E-19
6.980703E+03	3.341201E-18	4.232890E-19
7.020313E+03	3.368899E-18	4.250703E-19
7.059923E+03	3.397893E-18	4.269905E-19
7.099534E+03	3.428004E-18	4.290256E-19
7.139144E+03	3.459040E-18	4.311508E-19
7.178754E+03	3.490803E-18	4.333403E-19
7.218364E+03	3.523087E-18	4.355683E-19
7.257975E+03	3.555689E-18	4.378096E-19
7.297585E+03	3.588414E-18	4.400405E-19
7.337195E+03	3.621073E-18	4.422383E-19
7.376805E+03	3.653486E-18	4.443820E-19
7.416415E+03	3.685485E-18	4.464525E-19
7.456026E+03	3.716918E-18	4.484328E-19
7.495636E+03	3.747655E-18	4.503088E-19
7.535246E+03	3.777581E-18	4.520687E-19
7.574856E+03	3.806603E-18	4.537035E-19
7.614467E+03	3.834641E-18	4.552059E-19
7.654077E+03	3.861633E-18	4.565711E-19
7.693687E+03	3.887530E-18	4.577956E-19
7.733297E+03	3.912284E-18	4.588763E-19
7.772908E+03	3.935819E-18	4.598070E-19
7.812518E+03	3.957999E-18	4.605747E-19
7.852128E+03	3.978634E-18	4.611596E-19
7.891738E+03	3.997523E-18	4.615412E-19
7.931349E+03	4.014485E-18	4.617017E-19
7.970959E+03	4.029374E-18	4.616274E-19
8.010569E+03	4.042093E-18	4.613107E-19
8.050179E+03	4.052604E-18	4.607506E-19
8.089789E+03	4.060942E-18	4.599545E-19
8.129400E+03	4.067216E-18	4.589381E-19
8.169010E+03	4.071620E-18	4.577264E-19
8.208620E+03	4.074425E-18	4.563526E-19
8.248230E+03	4.075965E-18	4.548564E-19
8.287841E+03	4.076623E-18	4.532826E-19
8.327451E+03	4.076802E-18	4.516774E-19
8.367061E+03	4.076909E-18	4.500869E-19
8.406671E+03	4.077338E-18	4.485551E-19
8.446282E+03	4.078449E-18	4.471217E-19
8.485892E+03	4.080558E-18	4.458213E-19
8.525502E+03	4.083927E-18	4.446816E-19
8.565112E+03	4.088755E-18	4.437238E-19
8.604723E+03	4.095182E-18	4.429622E-19
8.644333E+03	4.103286E-18	4.424043E-19
8.683943E+03	4.113091E-18	4.420519E-19
8.723553E+03	4.124574E-18	4.419015E-19
8.763163E+03	4.137669E-18	4.419458E-19
8.802774E+03	4.152272E-18	4.421729E-19
8.842384E+03	4.168243E-18	4.425678E-19
8.881994E+03	4.185409E-18	4.431119E-19
8.921604E+03	4.203566E-18	4.437840E-19
8.961215E+03	4.222490E-18	4.445610E-19
9.000825E+03	4.241947E-18	4.454187E-19
9.040435E+03	4.261702E-18	4.463339E-19
9.080045E+03	4.281544E-18	4.472853E-19
9.119656E+03	4.301889E-18	4.483179E-19
9.159266E+03	4.321790E-18	4.493338E-19
9.198876E+03	4.341472E-18	4.503571E-19
9.238486E+03	4.360850E-18	4.513796E-19
9.278097E+03	4.379848E-18	4.523942E-19
9.317707E+03	4.398386E-18	4.533931E-19
9.357317E+03	4.416378E-18	4.543683E-19
9.396927E+03	4.433733E-18	4.553111E-19
9.436537E+03	4.450361E-18	4.562130E-19
9.476148E+03	4.466171E-18	4.570657E-19
9.515758E+03	4.481080E-18	4.578611E-19
9.555368E+03	4.495006E-18	4.585918E-19
9.594978E+03	4.507876E-18	4.592512E-19
9.634589E+03	4.519623E-18	4.598331E-19
9.674199E+03	4.530197E-18	4.603332E-19
9.713809E+03	4.539579E-18	4.607502E-19
9.753419E+03	4.547790E-18	4.610868E-19
9.793030E+03	4.554907E-18	4.613516E-19
9.832640E+03	4.561059E-18	4.615576E-19
9.872250E+03	4.566390E-18	4.617192E-19
9.911857E+03	4.571077E-18	4.618527E-19
9.951468E+03	4.575347E-18	4.619797E-19
9.991078E+03	4.579475E-18	4.621266E-19
1.003069E+04	4.583775E-18	4.623236E-19
1.007030E+04	4.588593E-18	4.626041E-19
1.010991E+04	4.594297E-18	4.630037E-19
1.014952E+04	4.601276E-18	4.635600E-19
1.018913E+04	4.609934E-18	4.643121E-19
1.022874E+04	4.620688E-18	4.653007E-19
1.026835E+04	4.633962E-18	4.665668E-19
1.030796E+04	4.650175E-18	4.681514E-19
1.034757E+04	4.669727E-18	4.700933E-19
1.038718E+04	4.692982E-18	4.724280E-19
1.042679E+04	4.720254E-18	4.751861E-19
1.046640E+04	4.751802E-18	4.783924E-19
1.050601E+04	4.787825E-18	4.820661E-19
1.054562E+04	4.828466E-18	4.862208E-19
1.058523E+04	4.873808E-18	4.908641E-19
1.062484E+04	4.923890E-18	4.959991E-19
1.066445E+04	4.978702E-18	5.016243E-19
1.070406E+04	5.038201E-18	5.077347E-19
1.074367E+04	5.102306E-18	5.143215E-19
1.078328E+04	5.170904E-18	5.213730E-19
1.082289E+04	5.243843E-18	5.288733E-19
1.086250E+04	5.320927E-18	5.368019E-19
1.090211E+04	5.401880E-18	5.451308E-19
1.094172E+04	5.486337E-18	5.538223E-19
1.098133E+04	5.573818E-18	5.628274E-19
1.102094E+04	5.663716E-18	5.720843E-19
1.106055E+04	5.755307E-18	5.815189E-19
1.110016E+04	5.847737E-18	5.910443E-19
1.113977E+04	5.940033E-18	6.005611E-19
1.117938E+04	6.031094E-18	6.099569E-19
1.121900E+04	6.119702E-18	6.191075E-19
1.125861E+04	6.204524E-18	6.278767E-19
1.129822E+04	6.284136E-18	6.361189E-19
1.133783E+04	6.357042E-18	6.436812E-19
1.137744E+04	6.421725E-18	6.504086E-19
1.141705E+04	6.476722E-18	6.561510E-19
1.145666E+04	6.520724E-18	6.607744E-19
1.149627E+04	6.552746E-18	6.641770E-19
1.153588E+04	6.572300E-18	6.663079E-19
1.157549E+04	6.579573E-18	6.671845E-19
1.161510E+04	6.575378E-18	6.668880E-19
1.165471E+04	6.560954E-18	6.655425E-19
1.169432E+04	6.537776E-18	6.632961E-19
1.173393E+04	6.507400E-18	6.603046E-19
1.177354E+04	6.471342E-18	6.567205E-19
1.181315E+04	6.431019E-18	6.526863E-19
1.185276E+04	6.387703E-18	6.483298E-19
1.189237E+04	6.342509E-18	6.437633E-19
1.193198E+04	6.296390E-18	6.390828E-19
1.197159E+04	6.250136E-18	6.343676E-19
1.201120E+04	6.204386E-18	6.296819E-19
1.205081E+04	6.159625E-18	6.250744E-19
1.209042E+04	6.116202E-18	6.205799E-19
1.213003E+04	6.074349E-18	6.162216E-19
1.216964E+04	6.034196E-18	6.120118E-19
1.220925E+04	5.995783E-18	6.079545E-19
1.224886E+04	5.959074E-18	6.040454E-19
1.228847E+04	5.923958E-18	6.002728E-19
1.232808E+04	5.890255E-18	5.966181E-19
1.236769E+04	5.857726E-18	5.930567E-19
1.240730E+04	5.826096E-18	5.895607E-19
1.244691E+04	5.795097E-18	5.861024E-19
1.248652E+04	5.764509E-18	5.826596E-19
1.252613E+04	5.734198E-18	5.792188E-19
1.256574E+04	5.704155E-18	5.757789E-19
1.260535E+04	5.674504E-18	5.723525E-19
1.264496E+04	5.645500E-18	5.689655E-19
1.268457E+04	5.617517E-18	5.656553E-19
1.272418E+04	5.591005E-18	5.624674E-19
1.276379E+04	5.566473E-18	5.594528E-19
1.280340E+04	5.544442E-18	5.566633E-19
1.284301E+04	5.525417E-18	5.541493E-19
1.288262E+04	5.509852E-18	5.519555E-19
1.292224E+04	5.498129E-18	5.501191E-19
1.296185E+04	5.490541E-18	5.486684E-19
1.300146E+04	5.487288E-18	5.476220E-19
1.304107E+04	5.488476E-18	5.469890E-19
1.308068E+04	5.494117E-18	5.467690E-19
1.312029E+04	5.504114E-18	5.469505E-19
1.315990E+04	5.518255E-18	5.475110E-19
1.319951E+04	5.536212E-18	5.484160E-19
1.323912E+04	5.557524E-18	5.496185E-19
1.327873E+04	5.581614E-18	5.510598E-19
1.331834E+04	5.607784E-18	5.526703E-19
1.335795E+04	5.635238E-18	5.543704E-19
1.339756E+04	5.663099E-18	5.560740E-19
1.343717E+04	5.690441E-18	5.576902E-19
1.347678E+04	5.716325E-18	5.591282E-19
1.351639E+04	5.739840E-18	5.603003E-19
1.355600E+04	5.760141E-18	5.611263E-19
1.359561E+04	5.776478E-18	5.615361E-19
1.363522E+04	5.788216E-18	5.614712E-19
1.367483E+04	5.794842E-18	5.608863E-19
1.371444E+04	5.795975E-18	5.597486E-19
1.375405E+04	5.791367E-18	5.580395E-19
1.379366E+04	5.780905E-18	5.557531E-19
1.383327E+04	5.764604E-18	5.528964E-19
1.387288E+04	5.742599E-18	5.494878E-19
1.391249E+04	5.715130E-18	5.455559E-19
1.395210E+04	5.682532E-18	5.411383E-19
1.399171E+04	5.645218E-18	5.362796E-19
1.403132E+04	5.603653E-18	5.310292E-19
1.407093E+04	5.558341E-18	5.254395E-19
1.411054E+04	5.509810E-18	5.195652E-19
1.415015E+04	5.458608E-18	5.134620E-19
1.418976E+04	5.405302E-18	5.071872E-19
1.422937E+04	5.350466E-18	5.007979E-19
1.426898E+04	5.294681E-18	4.943515E-19
1.430859E+04	5.238521E-18	4.879040E-19
1.434820E+04	5.182553E-18	4.815106E-19
1.438781E+04	5.127332E-18	4.752244E-19
1.442742E+04	5.073405E-18	4.690975E-19
1.446703E+04	5.021317E-18	4.631812E-19
1.450664E+04	4.971607E-18	4.575257E-19
1.454625E+04	4.924803E-18	4.521800E-19
1.458587E+04	4.881418E-18	4.471910E-19
1.462548E+04	4.841928E-18	4.426021E-19
1.466509E+04	4.806778E-18	4.384535E-19
1.470470E+04	4.776379E-18	4.347820E-19
1.474431E+04	4.751110E-18	4.316214E-19
1.478392E+04	4.731321E-18	4.290029E-19
1.482353E+04	4.717352E-18	4.269567E-19
1.486314E+04	4.709541E-18	4.255128E-19
1.490275E+04	4.708256E-18	4.247041E-19
1.494236E+04	4.713923E-18	4.245688E-19
1.498197E+04	4.727050E-18	4.251529E-19
1.502158E+04	4.748245E-18	4.265115E-19
1.506119E+04	4.778214E-18	4.287086E-19
1.510080E+04	4.817745E-18	4.318162E-19
1.514041E+04	4.867694E-18	4.359129E-19
1.518002E+04	4.928945E-18	4.410803E-19
1.521963E+04	5.002349E-18	4.473977E-19
1.525924E+04	5.088613E-18	4.549329E-19
1.529885E+04	5.188142E-18	4.637275E-19
1.533846E+04	5.300984E-18	4.737929E-19
1.537807E+04	5.426939E-18	4.851197E-19
1.541768E+04	5.565637E-18	4.976840E-19
1.545729E+04	5.716560E-18	5.114483E-19
1.549690E+04	5.879066E-18	5.263648E-19
1.553651E+04	6.052349E-18	5.423721E-19
1.557612E+04	6.235391E-18	5.593901E-19
1.561573E+04	6.426924E-18	5.773176E-19
1.565534E+04	6.625433E-18	5.960307E-19
1.569495E+04	6.829134E-18	6.153818E-19
1.573456E+04	7.035969E-18	6.351976E-19
1.577417E+04	7.243550E-18	6.552740E-19
1.581378E+04	7.449088E-18	6.753691E-19
1.585339E+04	7.649310E-18	6.951944E-19
1.589300E+04	7.840378E-18	7.144064E-19
1.593261E+04	8.017843E-18	7.326017E-19
1.597222E+04	8.176650E-18	7.493154E-19
1.601183E+04	8.311257E-18	7.640305E-19
1.605144E+04	8.415995E-18	7.762099E-19
1.609105E+04	8.486043E-18	7.853849E-19
1.613066E+04	8.519572E-18	7.913558E-19
1.617027E+04	8.519008E-18	7.943129E-19
1.620988E+04	8.488942E-18	7.946483E-19
1.624949E+04	8.434541E-18	7.928091E-19
1.628911E+04	8.360818E-18	7.892331E-19
1.632872E+04	8.272335E-18	7.843217E-19
1.636833E+04	8.173100E-18	7.784298E-19
1.640794E+04	8.066557E-18	7.718644E-19
1.644755E+04	7.955612E-18	7.648867E-19
1.648716E+04	7.842671E-18	7.577143E-19
1.652677E+04	7.729694E-18	7.505265E-19
1.656638E+04	7.618255E-18	7.434688E-19
1.660599E+04	7.509599E-18	7.366580E-19
1.664560E+04	7.404700E-18	7.301869E-19
1.668521E+04	7.304298E-18	7.241278E-19
1.672482E+04	7.208923E-18	7.185342E-19
1.676443E+04	7.118938E-18	7.134443E-19
1.680404E+04	7.034563E-18	7.088836E-19
1.684365E+04	6.955910E-18	7.048673E-19
1.688326E+04	6.883021E-18	7.014041E-19
1.692287E+04	6.815875E-18	6.984976E-19
1.696248E+04	6.754420E-18	6.961476E-19
1.700209E+04	6.698576E-18	6.943522E-19
1.704170E+04	6.648246E-18	6.931071E-19
1.708131E+04	6.603321E-18	6.924075E-19
1.712092E+04	6.563687E-18	6.922480E-19
1.716053E+04	6.529237E-18	6.926237E-19
1.720014E+04	6.499871E-18	6.935308E-19
1.723975E+04	6.475502E-18	6.949668E-19
1.727936E+04	6.456057E-18	6.969306E-19
1.731897E+04	6.441471E-18	6.994222E-19
1.735858E+04	6.431689E-18	7.024427E-19
1.739819E+04	6.426661E-18	7.059936E-19
1.743780E+04	6.426337E-18	7.100765E-19
1.747741E+04	6.430664E-18	7.146930E-19
1.751702E+04	6.439584E-18	7.198437E-19
1.755663E+04	6.453031E-18	7.255286E-19
1.759624E+04	6.470927E-18	7.317459E-19
1.763585E+04	6.493174E-18	7.384919E-19
1.767546E+04	6.519651E-18	7.457598E-19
1.771507E+04	6.550211E-18	7.535394E-19
1.775468E+04	6.584679E-18	7.618174E-19
1.779429E+04	6.622865E-18	7.705779E-19
1.783390E+04	6.664564E-18	7.798029E-19
1.787351E+04	6.709561E-18	7.894731E-19
1.791312E+04	6.757634E-18	7.995671E-19
1.795274E+04	6.808545E-18	8.100618E-19
1.799235E+04	6.862026E-18	8.209292E-19
1.803196E+04	6.917770E-18	8.321365E-19
1.807157E+04	6.975431E-18	8.436449E-19
1.811118E+04	7.034617E-18	8.554097E-19
1.815079E+04	7.094905E-18	8.673806E-19
1.819040E+04	7.155848E-18	8.795037E-19
1.823001E+04	7.216978E-18	8.917214E-19
1.826962E+04	7.277808E-18	9.039726E-19
1.830923E+04	7.337841E-18	9.161933E-19
1.834884E+04	7.396560E-18	9.283159E-19
1.838845E+04	7.453445E-18	9.402712E-19
1.842806E+04	7.507985E-18	9.519897E-19
1.846767E+04	7.559699E-18	9.634046E-19
1.850728E+04	7.608172E-18	9.744561E-19
1.854689E+04	7.653076E-18	9.850949E-19
1.858650E+04	7.694201E-18	9.952858E-19
1.862611E+04	7.731458E-18	1.005009E-18
1.866572E+04	7.764874E-18	1.014261E-18
1.870533E+04	7.794576E-18	1.023048E-18
1.874494E+04	7.820776E-18	1.031392E-18
1.878455E+04	7.843757E-18	1.039323E-18
1.882416E+04	7.863871E-18	1.046880E-18
1.886377E+04	7.881535E-18	1.054114E-18
1.890338E+04	7.897223E-18	1.061083E-18
1.894299E+04	7.911462E-18	1.067854E-18
1.898260E+04	7.924808E-18	1.074498E-18
1.902221E+04	7.937829E-18	1.081092E-18
1.906182E+04	7.951096E-18	1.087713E-18
1.910143E+04	7.965160E-18	1.094435E-18
1.914104E+04	7.980537E-18	1.101331E-18
1.918065E+04	7.997696E-18	1.108468E-18
1.922026E+04	8.017047E-18	1.115906E-18
1.925987E+04	8.038929E-18	1.123695E-18
1.929948E+04	8.063610E-18	1.131878E-18
1.933909E+04	8.091290E-18	1.140487E-18
1.937870E+04	8.122110E-18	1.149546E-18
1.941831E+04	8.156158E-18	1.159073E-18
1.945792E+04	8.193468E-18	1.169077E-18
1.949753E+04	8.234026E-18	1.179563E-18
1.953714E+04	8.277767E-18	1.190526E-18
1.957675E+04	8.324574E-18	1.201953E-18
1.961636E+04	8.374279E-18	1.213824E-18
1.965598E+04	8.426658E-18	1.226113E-18
1.969559E+04	8.481436E-18	1.238781E-18
1.973520E+04	8.538285E-18	1.251784E-18
1.977481E+04	8.596842E-18	1.265072E-18
1.981442E+04	8.656723E-18	1.278590E-18
1.985403E+04	8.717546E-18	1.292283E-18
1.989364E+04	8.778947E-18	1.306097E-18
1.993325E+04	8.840587E-18	1.319983E-18
1.997286E+04	8.902158E-18	1.333894E-18
2.001247E+04	8.963362E-18	1.347783E-18
2.005208E+04	9.023908E-18	1.361607E-18
2.009169E+04	9.083493E-18	1.375317E-18
2.013130E+04	9.141799E-18	1.388864E-18
2.017091E+04	9.198484E-18	1.402192E-18
2.021052E+04	9.253191E-18	1.415243E-18
2.025013E+04	9.305551E-18	1.427958E-18
2.028974E+04	9.355198E-18	1.440277E-18
2.032935E+04	9.401768E-18	1.452138E-18
2.036896E+04	9.444903E-18	1.463481E-18
2.040857E+04	9.484250E-18	1.474246E-18
2.044818E+04	9.519460E-18	1.484372E-18
2.048779E+04	9.550188E-18	1.493798E-18
2.052740E+04	9.576102E-18	1.502468E-18
2.056701E+04	9.596886E-18	1.510322E-18
2.060662E+04	9.612252E-18	1.517309E-18
2.064623E+04	9.621935E-18	1.523379E-18
2.068584E+04	9.625702E-18	1.528487E-18
2.072545E+04	9.623360E-18	1.532593E-18
2.076506E+04	9.614759E-18	1.535666E-18
2.080467E+04	9.599807E-18	1.537682E-18
2.084428E+04	9.578481E-18	1.538629E-18
2.088389E+04	9.550830E-18	1.538507E-18
2.092350E+04	9.516973E-18	1.537327E-18
2.096311E+04	9.477104E-18	1.535112E-18
2.100272E+04	9.431484E-18	1.531897E-18
2.104233E+04	9.380438E-18	1.527729E-18
2.108194E+04	9.324351E-18	1.522663E-18
2.112155E+04	9.263663E-18	1.516765E-18
2.116116E+04	9.198856E-18	1.510111E-18
2.120077E+04	9.130445E-18	1.502779E-18
2.124038E+04	9.058960E-18	1.494853E-18
2.127999E+04	8.984902E-18	1.486413E-18
2.131961E+04	8.908698E-18	1.477528E-18
2.135922E+04	8.830655E-18	1.468246E-18
2.139883E+04	8.751012E-18	1.458605E-18
2.143844E+04	8.669986E-18	1.448642E-18
2.147805E+04	8.587781E-18	1.438388E-18
2.151766E+04	8.504596E-18	1.427877E-18
2.155727E+04	8.420632E-18	1.417143E-18
2.159688E+04	8.336092E-18	1.406219E-18
2.163649E+04	8.251181E-18	1.395140E-18
2.167610E+04	8.166106E-18	1.383942E-18
2.171571E+04	8.081084E-18	1.372662E-18
2.175532E+04	7.996335E-18	1.361339E-18
2.179493E+04	7.912089E-18	1.350012E-18
2.183454E+04	7.828573E-18	1.338723E-18
2.187415E+04	7.746018E-18	1.327512E-18
2.191376E+04	7.664652E-18	1.316420E-18
2.195337E+04	7.584704E-18	1.305490E-18
2.199298E+04	7.506402E-18	1.294762E-18
2.203259E+04	7.429967E-18	1.284277E-18
2.207220E+04	7.355619E-18	1.274077E-18
2.211181E+04	7.283582E-18	1.264203E-18
2.215142E+04	7.214081E-18	1.254697E-18
2.219103E+04	7.147350E-18	1.245604E-18
2.223064E+04	7.083620E-18	1.236968E-18
2.227025E+04	7.023112E-18	1.228831E-18
2.230986E+04	6.966025E-18	1.221231E-18
2.234947E+04	6.912532E-18	1.214204E-18
2.238908E+04	6.862776E-18	1.207778E-18
2.242869E+04	6.816865E-18	1.201978E-18
2.246830E+04	6.774884E-18	1.196822E-18
2.250791E+04	6.736891E-18	1.192325E-18
2.254752E+04	6.702929E-18	1.188499E-18
2.258713E+04	6.673020E-18	1.185352E-18
2.262674E+04	6.647181E-18	1.182891E-18
2.266635E+04	6.625418E-18	1.181122E-18
2.270596E+04	6.607733E-18	1.180050E-18
2.274557E+04	6.594131E-18	1.179679E-18
2.278518E+04	6.584615E-18	1.180013E-18
2.282479E+04	6.579197E-18	1.181059E-18
2.286440E+04	6.577887E-18	1.182824E-18
2.290401E+04	6.580706E-18	1.185313E-18
2.294362E+04	6.587674E-18	1.188535E-18
2.298323E+04	6.598814E-18	1.192497E-18
2.302285E+04	6.614154E-18	1.197209E-18
2.306246E+04	6.633727E-18	1.202680E-18
2.310207E+04	6.657563E-18	1.208918E-18
2.314168E+04	6.685703E-18	1.215936E-18
2.318129E+04	6.718189E-18	1.223745E-18
2.322090E+04	6.755075E-18	1.232357E-18
2.326051E+04	6.796426E-18	1.241787E-18
2.330012E+04	6.842320E-18	1.252055E-18
2.333973E+04	6.892846E-18	1.263180E-18
2.337934E+04	6.948102E-18	1.275183E-18
2.341895E+04	7.008188E-18	1.288086E-18
2.345856E+04	7.073195E-18	1.301909E-18
2.349817E+04	7.143197E-18	1.316670E-18
2.353778E+04	7.218242E-18	1.332380E-18
2.357739E+04	7.298346E-18	1.349047E-18
2.361700E+04	7.383485E-18	1.366670E-18
2.365661E+04	7.473602E-18	1.385240E-18
2.369622E+04	7.568592E-18	1.404743E-18
2.373583E+04	7.668319E-18	1.425155E-18
2.377544E+04	7.772600E-18	1.446446E-18
2.381505E+04	7.881214E-18	1.468578E-18
2.385466E+04	7.993908E-18	1.491504E-18
2.389427E+04	8.110396E-18	1.515175E-18
2.393388E+04	8.230379E-18	1.539537E-18
2.397349E+04	8.353546E-18	1.564532E-18
2.401310E+04	8.479581E-18	1.590104E-18
2.405271E+04	8.608183E-18	1.616197E-18
2.409232E+04	8.739075E-18	1.642760E-18
2.413193E+04	8.872022E-18	1.669749E-18
2.417154E+04	9.006838E-18	1.697131E-18
2.421115E+04	9.143390E-18	1.724880E-18
2.425076E+04	9.281589E-18	1.752981E-18
