#wls	flux	fluxerr
3.257341E+03	5.997147E-18	8.867837E-19
3.296951E+03	5.807733E-18	8.572385E-19
3.336561E+03	5.627481E-18	8.291304E-19
3.376171E+03	5.456397E-18	8.024542E-19
3.415782E+03	5.294616E-18	7.772236E-19
3.455392E+03	5.142305E-18	7.534563E-19
3.495002E+03	4.999654E-18	7.311735E-19
3.534612E+03	4.866810E-18	7.103895E-19
3.574223E+03	4.743868E-18	6.911109E-19
3.613833E+03	4.630856E-18	6.733342E-19
3.653443E+03	4.527734E-18	6.570461E-19
3.693053E+03	4.434398E-18	6.422236E-19
3.732664E+03	4.350692E-18	6.288362E-19
3.772274E+03	4.276419E-18	6.168479E-19
3.811884E+03	4.211363E-18	6.062197E-19
3.851494E+03	4.155294E-18	5.969108E-19
3.891105E+03	4.107980E-18	5.888803E-19
3.930715E+03	4.069185E-18	5.820871E-19
3.970325E+03	4.038675E-18	5.764899E-19
4.009935E+03	4.016213E-18	5.720478E-19
4.049545E+03	4.001568E-18	5.687208E-19
4.089156E+03	3.994520E-18	5.664701E-19
4.128766E+03	3.994859E-18	5.652594E-19
4.168376E+03	4.002395E-18	5.650545E-19
4.207986E+03	4.016954E-18	5.658240E-19
4.247597E+03	4.038381E-18	5.675394E-19
4.287207E+03	4.066537E-18	5.701743E-19
4.326817E+03	4.101297E-18	5.737044E-19
4.366427E+03	4.142549E-18	5.781073E-19
4.406038E+03	4.190194E-18	5.833626E-19
4.445648E+03	4.244150E-18	5.894519E-19
4.485258E+03	4.304354E-18	5.963598E-19
4.524868E+03	4.370764E-18	6.040740E-19
4.564479E+03	4.443365E-18	6.125851E-19
4.604089E+03	4.522160E-18	6.218869E-19
4.643699E+03	4.607164E-18	6.319744E-19
4.683309E+03	4.698390E-18	6.428422E-19
4.722919E+03	4.795834E-18	6.544825E-19
4.762530E+03	4.899445E-18	6.668812E-19
4.802140E+03	5.009106E-18	6.800149E-19
4.841750E+03	5.124601E-18	6.938471E-19
4.881360E+03	5.245610E-18	7.083275E-19
4.920971E+03	5.371708E-18	7.233917E-19
4.960581E+03	5.502374E-18	7.389635E-19
5.000191E+03	5.637004E-18	7.549559E-19
5.039801E+03	5.774924E-18	7.712735E-19
5.079412E+03	5.915406E-18	7.878146E-19
5.119022E+03	6.057679E-18	8.044731E-19
5.158632E+03	6.200955E-18	8.211412E-19
5.198242E+03	6.344433E-18	8.377114E-19
5.237853E+03	6.487317E-18	8.540775E-19
5.277463E+03	6.628830E-18	8.701371E-19
5.317073E+03	6.768197E-18	8.857895E-19
5.356683E+03	6.904694E-18	9.009417E-19
5.396293E+03	7.037621E-18	9.155052E-19
5.435904E+03	7.166346E-18	9.294013E-19
5.475514E+03	7.290292E-18	9.425596E-19
5.515124E+03	7.408969E-18	9.549220E-19
5.554734E+03	7.521967E-18	9.664412E-19
5.594345E+03	7.628940E-18	9.770791E-19
5.633955E+03	7.729620E-18	9.868085E-19
5.673565E+03	7.823788E-18	9.956085E-19
5.713175E+03	7.911279E-18	1.003466E-18
5.752786E+03	7.991968E-18	1.010372E-18
5.792396E+03	8.065760E-18	1.016324E-18
5.832006E+03	8.132578E-18	1.021320E-18
5.871616E+03	8.192390E-18	1.025364E-18
5.911227E+03	8.245186E-18	1.028464E-18
5.950837E+03	8.290946E-18	1.030627E-18
5.990447E+03	8.329677E-18	1.031861E-18
6.030057E+03	8.361382E-18	1.032178E-18
6.069667E+03	8.386060E-18	1.031584E-18
6.109278E+03	8.403717E-18	1.030092E-18
6.148888E+03	8.414372E-18	1.027711E-18
6.188498E+03	8.418080E-18	1.024458E-18
6.228108E+03	8.414953E-18	1.020357E-18
6.267719E+03	8.405187E-18	1.015439E-18
6.307329E+03	8.389128E-18	1.009757E-18
6.346939E+03	8.367353E-18	1.003388E-18
6.386549E+03	8.340814E-18	9.964537E-19
6.426160E+03	8.310898E-18	9.891261E-19
6.465770E+03	8.279446E-18	9.816281E-19
6.505380E+03	8.248637E-18	9.742196E-19
6.544990E+03	8.220807E-18	9.671746E-19
6.584601E+03	8.198313E-18	9.607655E-19
6.624211E+03	8.183439E-18	9.552517E-19
6.663821E+03	8.178267E-18	9.508650E-19
6.703431E+03	8.184605E-18	9.478014E-19
6.743041E+03	8.203916E-18	9.462136E-19
6.782652E+03	8.237290E-18	9.462088E-19
6.822262E+03	8.285406E-18	9.478448E-19
6.861872E+03	8.348558E-18	9.511345E-19
6.901482E+03	8.426655E-18	9.560458E-19
6.941093E+03	8.519314E-18	9.625141E-19
6.980703E+03	8.625872E-18	9.704440E-19
7.020313E+03	8.745482E-18	9.797202E-19
7.059923E+03	8.877129E-18	9.902106E-19
7.099534E+03	9.019723E-18	1.001776E-18
7.139144E+03	9.172106E-18	1.014273E-18
7.178754E+03	9.333041E-18	1.027551E-18
7.218364E+03	9.501195E-18	1.041450E-18
7.257975E+03	9.675151E-18	1.055805E-18
7.297585E+03	9.853460E-18	1.070449E-18
7.337195E+03	1.003474E-17	1.085227E-18
7.376805E+03	1.021776E-17	1.100002E-18
7.416415E+03	1.040158E-17	1.114670E-18
7.456026E+03	1.058559E-17	1.129164E-18
7.495636E+03	1.076955E-17	1.143459E-18
7.535246E+03	1.095349E-17	1.157558E-18
7.574856E+03	1.113765E-17	1.171486E-18
7.614467E+03	1.132236E-17	1.185278E-18
7.654077E+03	1.150792E-17	1.198963E-18
7.693687E+03	1.169445E-17	1.212554E-18
7.733297E+03	1.188181E-17	1.226035E-18
7.772908E+03	1.206920E-17	1.239323E-18
7.812518E+03	1.225476E-17	1.252230E-18
7.852128E+03	1.243558E-17	1.264459E-18
7.891738E+03	1.260812E-17	1.275663E-18
7.931349E+03	1.276880E-17	1.285493E-18
7.970959E+03	1.291442E-17	1.293646E-18
8.010569E+03	1.304258E-17	1.299908E-18
8.050179E+03	1.315187E-17	1.304163E-18
8.089789E+03	1.324194E-17	1.306407E-18
8.129400E+03	1.331357E-17	1.306746E-18
8.169010E+03	1.336849E-17	1.305378E-18
8.208620E+03	1.340924E-17	1.302576E-18
8.248230E+03	1.343893E-17	1.298662E-18
8.287841E+03	1.346089E-17	1.293974E-18
8.327451E+03	1.347840E-17	1.288838E-18
8.367061E+03	1.349450E-17	1.283551E-18
8.406671E+03	1.351171E-17	1.278355E-18
8.446282E+03	1.353207E-17	1.273441E-18
8.485892E+03	1.355698E-17	1.268936E-18
8.525502E+03	1.358729E-17	1.264915E-18
8.565112E+03	1.362333E-17	1.261400E-18
8.604723E+03	1.366495E-17	1.258370E-18
8.644333E+03	1.371165E-17	1.255773E-18
8.683943E+03	1.376265E-17	1.253532E-18
8.723553E+03	1.381702E-17	1.251557E-18
8.763163E+03	1.387388E-17	1.249765E-18
8.802774E+03	1.393240E-17	1.248081E-18
8.842384E+03	1.399196E-17	1.246448E-18
8.881994E+03	1.405216E-17	1.244833E-18
8.921604E+03	1.411283E-17	1.243219E-18
8.961215E+03	1.417403E-17	1.241615E-18
9.000825E+03	1.423610E-17	1.240052E-18
9.040435E+03	1.429973E-17	1.238590E-18
9.080045E+03	1.436599E-17	1.237322E-18
9.119656E+03	1.443839E-17	1.236546E-18
9.159266E+03	1.451606E-17	1.236182E-18
9.198876E+03	1.460212E-17	1.236489E-18
9.238486E+03	1.469860E-17	1.237625E-18
9.278097E+03	1.480725E-17	1.239723E-18
9.317707E+03	1.492942E-17	1.242879E-18
9.357317E+03	1.506591E-17	1.247142E-18
9.396927E+03	1.521694E-17	1.252511E-18
9.436537E+03	1.538207E-17	1.258931E-18
9.476148E+03	1.556017E-17	1.266292E-18
9.515758E+03	1.574945E-17	1.274435E-18
9.555368E+03	1.594750E-17	1.283150E-18
9.594978E+03	1.615131E-17	1.292189E-18
9.634589E+03	1.635737E-17	1.301267E-18
9.674199E+03	1.656178E-17	1.310076E-18
9.713809E+03	1.676042E-17	1.318297E-18
9.753419E+03	1.694927E-17	1.325625E-18
9.793030E+03	1.712476E-17	1.331801E-18
9.832640E+03	1.728411E-17	1.336629E-18
9.872250E+03	1.742572E-17	1.340012E-18
9.911857E+03	1.754921E-17	1.341941E-18
9.951468E+03	1.765529E-17	1.342495E-18
9.991078E+03	1.774550E-17	1.341813E-18
1.003069E+04	1.782205E-17	1.340081E-18
1.007030E+04	1.788759E-17	1.337516E-18
1.010991E+04	1.794513E-17	1.334353E-18
1.014952E+04	1.799791E-17	1.330844E-18
1.018913E+04	1.804932E-17	1.327244E-18
1.022874E+04	1.810278E-17	1.323806E-18
1.026835E+04	1.816156E-17	1.320765E-18
1.030796E+04	1.822864E-17	1.318331E-18
1.034757E+04	1.830643E-17	1.316670E-18
1.038718E+04	1.839654E-17	1.315886E-18
1.042679E+04	1.849960E-17	1.316010E-18
1.046640E+04	1.861520E-17	1.317002E-18
1.050601E+04	1.874190E-17	1.318747E-18
1.054562E+04	1.887742E-17	1.321078E-18
1.058523E+04	1.901875E-17	1.323778E-18
1.062484E+04	1.916251E-17	1.326610E-18
1.066445E+04	1.930522E-17	1.329338E-18
1.070406E+04	1.944361E-17	1.331744E-18
1.074367E+04	1.957489E-17	1.333648E-18
1.078328E+04	1.969681E-17	1.334911E-18
1.082289E+04	1.980768E-17	1.335434E-18
1.086250E+04	1.990622E-17	1.335151E-18
1.090211E+04	1.999158E-17	1.334024E-18
1.094172E+04	2.006323E-17	1.332039E-18
1.098133E+04	2.012102E-17	1.329207E-18
1.102094E+04	2.016515E-17	1.325562E-18
1.106055E+04	2.019623E-17	1.321165E-18
1.110016E+04	2.021519E-17	1.316097E-18
1.113977E+04	2.022321E-17	1.310455E-18
1.117938E+04	2.022169E-17	1.304346E-18
1.121900E+04	2.021206E-17	1.297879E-18
1.125861E+04	2.019584E-17	1.291167E-18
1.129822E+04	2.017448E-17	1.284317E-18
1.133783E+04	2.014934E-17	1.277429E-18
1.137744E+04	2.012168E-17	1.270593E-18
1.141705E+04	2.009264E-17	1.263893E-18
1.145666E+04	2.006332E-17	1.257408E-18
1.149627E+04	2.003484E-17	1.251220E-18
1.153588E+04	2.000850E-17	1.245417E-18
1.157549E+04	1.998584E-17	1.240104E-18
1.161510E+04	1.996859E-17	1.235399E-18
1.165471E+04	1.995870E-17	1.231429E-18
1.169432E+04	1.995814E-17	1.228323E-18
1.173393E+04	1.996877E-17	1.226204E-18
1.177354E+04	1.999215E-17	1.225175E-18
1.181315E+04	2.002938E-17	1.225312E-18
1.185276E+04	2.008085E-17	1.226651E-18
1.189237E+04	2.014619E-17	1.229179E-18
1.193198E+04	2.022408E-17	1.232828E-18
1.197159E+04	2.031219E-17	1.237474E-18
1.201120E+04	2.040718E-17	1.242927E-18
1.205081E+04	2.050460E-17	1.248936E-18
1.209042E+04	2.059914E-17	1.255194E-18
1.213003E+04	2.068474E-17	1.261351E-18
1.216964E+04	2.075507E-17	1.267035E-18
1.220925E+04	2.080385E-17	1.271877E-18
1.224886E+04	2.082547E-17	1.275541E-18
1.228847E+04	2.081542E-17	1.277753E-18
1.232808E+04	2.077071E-17	1.278323E-18
1.236769E+04	2.068973E-17	1.277124E-18
1.240730E+04	2.057176E-17	1.274074E-18
1.244691E+04	2.041727E-17	1.269158E-18
1.248652E+04	2.022850E-17	1.262467E-18
1.252613E+04	2.000928E-17	1.254192E-18
1.256574E+04	1.976477E-17	1.244604E-18
1.260535E+04	1.950089E-17	1.234029E-18
1.264496E+04	1.922406E-17	1.222829E-18
1.268457E+04	1.894083E-17	1.211380E-18
1.272418E+04	1.865768E-17	1.200066E-18
1.276379E+04	1.838089E-17	1.189264E-18
1.280340E+04	1.811635E-17	1.179339E-18
1.284301E+04	1.786953E-17	1.170639E-18
1.288262E+04	1.764527E-17	1.163482E-18
1.292224E+04	1.744764E-17	1.158145E-18
1.296185E+04	1.727988E-17	1.154861E-18
1.300146E+04	1.714432E-17	1.153808E-18
1.304107E+04	1.704233E-17	1.155109E-18
1.308068E+04	1.697447E-17	1.158837E-18
1.312029E+04	1.694046E-17	1.165009E-18
1.315990E+04	1.693932E-17	1.173597E-18
1.319951E+04	1.696938E-17	1.184525E-18
1.323912E+04	1.702835E-17	1.197673E-18
1.327873E+04	1.711340E-17	1.212878E-18
1.331834E+04	1.722122E-17	1.229938E-18
1.335795E+04	1.734804E-17	1.248614E-18
1.339756E+04	1.748982E-17	1.268638E-18
1.343717E+04	1.764223E-17	1.289713E-18
1.347678E+04	1.780082E-17	1.311524E-18
1.351639E+04	1.796108E-17	1.333742E-18
1.355600E+04	1.811869E-17	1.356042E-18
1.359561E+04	1.826961E-17	1.378107E-18
1.363522E+04	1.841020E-17	1.399646E-18
1.367483E+04	1.853736E-17	1.420396E-18
1.371444E+04	1.864849E-17	1.440127E-18
1.375405E+04	1.874157E-17	1.458648E-18
1.379366E+04	1.881517E-17	1.475809E-18
1.383327E+04	1.886843E-17	1.491499E-18
1.387288E+04	1.890106E-17	1.505655E-18
1.391249E+04	1.891328E-17	1.518249E-18
1.395210E+04	1.890575E-17	1.529291E-18
1.399171E+04	1.887945E-17	1.538823E-18
1.403132E+04	1.883562E-17	1.546902E-18
1.407093E+04	1.877568E-17	1.553612E-18
1.411054E+04	1.870122E-17	1.559049E-18
1.415015E+04	1.861393E-17	1.563325E-18
1.418976E+04	1.851564E-17	1.566566E-18
1.422937E+04	1.840830E-17	1.568913E-18
1.426898E+04	1.829393E-17	1.570521E-18
1.430859E+04	1.817460E-17	1.571551E-18
1.434820E+04	1.805244E-17	1.572177E-18
1.438781E+04	1.792959E-17	1.572578E-18
1.442742E+04	1.780818E-17	1.572940E-18
1.446703E+04	1.769031E-17	1.573448E-18
1.450664E+04	1.757798E-17	1.574287E-18
1.454625E+04	1.747313E-17	1.575640E-18
1.458587E+04	1.737755E-17	1.577680E-18
1.462548E+04	1.729283E-17	1.580571E-18
1.466509E+04	1.722028E-17	1.584450E-18
1.470470E+04	1.716097E-17	1.589437E-18
1.474431E+04	1.711559E-17	1.595618E-18
1.478392E+04	1.708449E-17	1.603052E-18
1.482353E+04	1.706773E-17	1.611768E-18
1.486314E+04	1.706510E-17	1.621772E-18
1.490275E+04	1.707617E-17	1.633046E-18
1.494236E+04	1.710035E-17	1.645557E-18
1.498197E+04	1.713690E-17	1.659256E-18
1.502158E+04	1.718493E-17	1.674077E-18
1.506119E+04	1.724339E-17	1.689936E-18
1.510080E+04	1.731108E-17	1.706731E-18
1.514041E+04	1.738662E-17	1.724341E-18
1.518002E+04	1.746845E-17	1.742623E-18
1.521963E+04	1.755489E-17	1.761419E-18
1.525924E+04	1.764412E-17	1.780551E-18
1.529885E+04	1.773419E-17	1.799826E-18
1.533846E+04	1.782311E-17	1.819040E-18
1.537807E+04	1.790880E-17	1.837976E-18
1.541768E+04	1.798916E-17	1.856412E-18
1.545729E+04	1.806207E-17	1.874118E-18
1.549690E+04	1.812541E-17	1.890860E-18
1.553651E+04	1.817710E-17	1.906402E-18
1.557612E+04	1.821511E-17	1.920511E-18
1.561573E+04	1.823758E-17	1.932965E-18
1.565534E+04	1.824280E-17	1.943559E-18
1.569495E+04	1.822934E-17	1.952108E-18
1.573456E+04	1.819602E-17	1.958457E-18
1.577417E+04	1.814199E-17	1.962480E-18
1.581378E+04	1.806671E-17	1.964088E-18
1.585339E+04	1.797000E-17	1.963226E-18
1.589300E+04	1.785207E-17	1.959884E-18
1.593261E+04	1.771348E-17	1.954090E-18
1.597222E+04	1.755513E-17	1.945913E-18
1.601183E+04	1.737823E-17	1.935458E-18
1.605144E+04	1.718420E-17	1.922856E-18
1.609105E+04	1.697477E-17	1.908273E-18
1.613066E+04	1.675194E-17	1.891914E-18
1.617027E+04	1.651802E-17	1.874021E-18
1.620988E+04	1.627546E-17	1.854859E-18
1.624949E+04	1.602671E-17	1.834694E-18
1.628911E+04	1.577413E-17	1.813791E-18
1.632872E+04	1.551990E-17	1.792397E-18
1.636833E+04	1.526599E-17	1.770739E-18
1.640794E+04	1.501415E-17	1.749027E-18
1.644755E+04	1.476588E-17	1.727437E-18
1.648716E+04	1.452243E-17	1.706124E-18
1.652677E+04	1.428480E-17	1.685217E-18
1.656638E+04	1.405381E-17	1.664821E-18
1.660599E+04	1.383004E-17	1.645019E-18
1.664560E+04	1.361395E-17	1.625875E-18
1.668521E+04	1.340581E-17	1.607438E-18
1.672482E+04	1.320586E-17	1.589747E-18
1.676443E+04	1.301421E-17	1.572829E-18
1.680404E+04	1.283093E-17	1.556708E-18
1.684365E+04	1.265609E-17	1.541403E-18
1.688326E+04	1.248969E-17	1.526930E-18
1.692287E+04	1.233180E-17	1.513307E-18
1.696248E+04	1.218249E-17	1.500560E-18
1.700209E+04	1.204191E-17	1.488718E-18
1.704170E+04	1.191024E-17	1.477818E-18
1.708131E+04	1.178780E-17	1.467911E-18
1.712092E+04	1.167494E-17	1.459057E-18
1.716053E+04	1.157212E-17	1.451324E-18
1.720014E+04	1.147986E-17	1.444795E-18
1.723975E+04	1.139872E-17	1.439554E-18
1.727936E+04	1.132934E-17	1.435696E-18
1.731897E+04	1.127237E-17	1.433323E-18
1.735858E+04	1.122850E-17	1.432535E-18
1.739819E+04	1.119844E-17	1.433445E-18
1.743780E+04	1.118291E-17	1.436160E-18
1.747741E+04	1.118267E-17	1.440797E-18
1.751702E+04	1.119844E-17	1.447468E-18
1.755663E+04	1.123093E-17	1.456288E-18
1.759624E+04	1.128085E-17	1.467365E-18
1.763585E+04	1.134876E-17	1.480795E-18
1.767546E+04	1.143508E-17	1.496655E-18
1.771507E+04	1.154005E-17	1.514997E-18
1.775468E+04	1.166361E-17	1.535835E-18
1.779429E+04	1.180538E-17	1.559140E-18
1.783390E+04	1.196456E-17	1.584826E-18
1.787351E+04	1.213992E-17	1.612748E-18
1.791312E+04	1.232975E-17	1.642697E-18
1.795274E+04	1.253185E-17	1.674392E-18
1.799235E+04	1.274350E-17	1.707481E-18
1.803196E+04	1.296149E-17	1.741544E-18
1.807157E+04	1.318210E-17	1.776084E-18
1.811118E+04	1.340129E-17	1.810555E-18
1.815079E+04	1.361473E-17	1.844368E-18
1.819040E+04	1.381801E-17	1.876916E-18
1.823001E+04	1.400686E-17	1.907603E-18
1.826962E+04	1.417731E-17	1.935874E-18
1.830923E+04	1.432592E-17	1.961232E-18
1.834884E+04	1.444980E-17	1.983260E-18
1.838845E+04	1.454677E-17	2.001630E-18
1.842806E+04	1.461539E-17	2.016112E-18
1.846767E+04	1.465490E-17	2.026575E-18
1.850728E+04	1.466533E-17	2.032992E-18
1.854689E+04	1.464743E-17	2.035435E-18
1.858650E+04	1.460258E-17	2.034071E-18
1.862611E+04	1.453277E-17	2.029152E-18
1.866572E+04	1.444046E-17	2.020996E-18
1.870533E+04	1.432843E-17	2.009972E-18
1.874494E+04	1.419960E-17	1.996475E-18
1.878455E+04	1.405701E-17	1.980917E-18
1.882416E+04	1.390370E-17	1.963714E-18
1.886377E+04	1.374266E-17	1.945282E-18
1.890338E+04	1.357678E-17	1.926027E-18
1.894299E+04	1.340886E-17	1.906341E-18
1.898260E+04	1.324150E-17	1.886595E-18
1.902221E+04	1.307707E-17	1.867130E-18
1.906182E+04	1.291770E-17	1.848257E-18
1.910143E+04	1.276530E-17	1.830251E-18
1.914104E+04	1.262149E-17	1.813358E-18
1.918065E+04	1.248765E-17	1.797781E-18
1.922026E+04	1.236483E-17	1.783684E-18
1.925987E+04	1.225380E-17	1.771189E-18
1.929948E+04	1.215506E-17	1.760378E-18
1.933909E+04	1.206885E-17	1.751298E-18
1.937870E+04	1.199521E-17	1.743969E-18
1.941831E+04	1.193405E-17	1.738385E-18
1.945792E+04	1.188511E-17	1.734520E-18
1.949753E+04	1.184801E-17	1.732332E-18
1.953714E+04	1.182225E-17	1.731756E-18
1.957675E+04	1.180725E-17	1.732716E-18
1.961636E+04	1.180230E-17	1.735118E-18
1.965598E+04	1.180663E-17	1.738855E-18
1.969559E+04	1.181938E-17	1.743809E-18
1.973520E+04	1.183966E-17	1.749854E-18
1.977481E+04	1.186647E-17	1.756850E-18
1.981442E+04	1.189884E-17	1.764656E-18
1.985403E+04	1.193577E-17	1.773129E-18
1.989364E+04	1.197623E-17	1.782118E-18
1.993325E+04	1.201920E-17	1.791475E-18
1.997286E+04	1.206363E-17	1.801045E-18
2.001247E+04	1.210849E-17	1.810673E-18
2.005208E+04	1.215271E-17	1.820202E-18
2.009169E+04	1.219531E-17	1.829480E-18
2.013130E+04	1.223530E-17	1.838362E-18
2.017091E+04	1.227182E-17	1.846715E-18
2.021052E+04	1.230408E-17	1.854416E-18
2.025013E+04	1.233141E-17	1.861362E-18
2.028974E+04	1.235321E-17	1.867461E-18
2.032935E+04	1.236900E-17	1.872634E-18
2.036896E+04	1.237838E-17	1.876817E-18
2.040857E+04	1.238099E-17	1.879951E-18
2.044818E+04	1.237654E-17	1.881989E-18
2.048779E+04	1.236480E-17	1.882890E-18
2.052740E+04	1.234557E-17	1.882621E-18
2.056701E+04	1.231873E-17	1.881156E-18
2.060662E+04	1.228417E-17	1.878478E-18
2.064623E+04	1.224191E-17	1.874583E-18
2.068584E+04	1.219200E-17	1.869474E-18
2.072545E+04	1.213458E-17	1.863169E-18
2.076506E+04	1.206986E-17	1.855697E-18
2.080467E+04	1.199809E-17	1.847092E-18
2.084428E+04	1.191965E-17	1.837408E-18
2.088389E+04	1.183492E-17	1.826702E-18
2.092350E+04	1.174440E-17	1.815046E-18
2.096311E+04	1.164865E-17	1.802526E-18
2.100272E+04	1.154830E-17	1.789236E-18
2.104233E+04	1.144405E-17	1.775283E-18
2.108194E+04	1.133667E-17	1.760786E-18
2.112155E+04	1.122700E-17	1.745874E-18
2.116116E+04	1.111590E-17	1.730680E-18
2.120077E+04	1.100424E-17	1.715338E-18
2.124038E+04	1.089281E-17	1.699975E-18
2.127999E+04	1.078229E-17	1.684696E-18
2.131961E+04	1.067304E-17	1.669557E-18
2.135922E+04	1.056505E-17	1.654561E-18
2.139883E+04	1.045809E-17	1.639671E-18
2.143844E+04	1.035184E-17	1.624838E-18
2.147805E+04	1.024592E-17	1.610005E-18
2.151766E+04	1.013996E-17	1.595111E-18
2.155727E+04	1.003359E-17	1.580103E-18
2.159688E+04	9.926546E-18	1.564936E-18
2.163649E+04	9.818592E-18	1.549575E-18
2.167610E+04	9.709604E-18	1.533999E-18
2.171571E+04	9.599525E-18	1.518200E-18
2.175532E+04	9.488353E-18	1.502178E-18
2.179493E+04	9.376146E-18	1.485941E-18
2.183454E+04	9.262988E-18	1.469504E-18
2.187415E+04	9.148999E-18	1.452885E-18
2.191376E+04	9.034359E-18	1.436113E-18
2.195337E+04	8.919250E-18	1.419217E-18
2.199298E+04	8.803929E-18	1.402239E-18
2.203259E+04	8.688667E-18	1.385222E-18
2.207220E+04	8.573773E-18	1.368217E-18
2.211181E+04	8.459578E-18	1.351276E-18
2.215142E+04	8.346436E-18	1.334457E-18
2.219103E+04	8.234713E-18	1.317820E-18
2.223064E+04	8.124776E-18	1.301425E-18
2.227025E+04	8.016968E-18	1.285328E-18
2.230986E+04	7.911631E-18	1.269585E-18
2.234947E+04	7.809060E-18	1.254246E-18
2.238908E+04	7.709527E-18	1.239355E-18
2.242869E+04	7.613280E-18	1.224955E-18
2.246830E+04	7.520509E-18	1.211078E-18
2.250791E+04	7.431354E-18	1.197747E-18
2.254752E+04	7.345907E-18	1.184981E-18
2.258713E+04	7.264215E-18	1.172788E-18
2.262674E+04	7.186291E-18	1.161173E-18
2.266635E+04	7.112128E-18	1.150136E-18
2.270596E+04	7.041706E-18	1.139676E-18
2.274557E+04	6.975002E-18	1.129791E-18
2.278518E+04	6.911992E-18	1.120478E-18
2.282479E+04	6.852651E-18	1.111737E-18
2.286440E+04	6.796961E-18	1.103564E-18
2.290401E+04	6.744910E-18	1.095960E-18
2.294362E+04	6.696502E-18	1.088928E-18
2.298323E+04	6.651761E-18	1.082472E-18
2.302285E+04	6.610724E-18	1.076600E-18
2.306246E+04	6.573448E-18	1.071324E-18
2.310207E+04	6.540012E-18	1.066657E-18
2.314168E+04	6.510513E-18	1.062617E-18
2.318129E+04	6.485075E-18	1.059226E-18
2.322090E+04	6.463828E-18	1.056507E-18
2.326051E+04	6.446908E-18	1.054483E-18
2.330012E+04	6.434444E-18	1.053177E-18
2.333973E+04	6.426549E-18	1.052609E-18
2.337934E+04	6.423317E-18	1.052797E-18
2.341895E+04	6.424821E-18	1.053754E-18
2.345856E+04	6.431121E-18	1.055491E-18
2.349817E+04	6.442259E-18	1.058016E-18
2.353778E+04	6.458250E-18	1.061335E-18
2.357739E+04	6.479094E-18	1.065448E-18
2.361700E+04	6.504769E-18	1.070354E-18
2.365661E+04	6.535237E-18	1.076047E-18
2.369622E+04	6.570449E-18	1.082522E-18
2.373583E+04	6.610341E-18	1.089768E-18
2.377544E+04	6.654827E-18	1.097773E-18
2.381505E+04	6.703807E-18	1.106522E-18
2.385466E+04	6.757163E-18	1.115997E-18
2.389427E+04	6.814768E-18	1.126177E-18
2.393388E+04	6.876489E-18	1.137042E-18
2.397349E+04	6.942201E-18	1.148573E-18
2.401310E+04	7.011790E-18	1.160751E-18
2.405271E+04	7.085146E-18	1.173560E-18
2.409232E+04	7.162164E-18	1.186982E-18
2.413193E+04	7.242733E-18	1.201000E-18
2.417154E+04	7.326738E-18	1.215596E-18
2.421115E+04	7.414049E-18	1.230749E-18
2.425076E+04	7.504527E-18	1.246436E-18
