#wls	flux	fluxerr
3.257341E+03	5.411997E-18	7.977242E-19
3.296951E+03	5.248376E-18	7.724351E-19
3.336561E+03	5.092271E-18	7.483134E-19
3.376171E+03	4.943749E-18	7.253646E-19
3.415782E+03	4.802971E-18	7.036081E-19
3.455392E+03	4.670121E-18	6.830661E-19
3.495002E+03	4.545367E-18	6.637586E-19
3.534612E+03	4.428838E-18	6.456994E-19
3.574223E+03	4.320613E-18	6.288949E-19
3.613833E+03	4.220717E-18	6.133435E-19
3.653443E+03	4.129127E-18	5.990362E-19
3.693053E+03	4.045770E-18	5.859572E-19
3.732664E+03	3.970536E-18	5.740850E-19
3.772274E+03	3.903285E-18	5.633937E-19
3.811884E+03	3.843852E-18	5.538543E-19
3.851494E+03	3.792059E-18	5.454354E-19
3.891105E+03	3.747718E-18	5.381046E-19
3.930715E+03	3.710638E-18	5.318291E-19
3.970325E+03	3.680628E-18	5.265761E-19
4.009935E+03	3.657498E-18	5.223134E-19
4.049545E+03	3.641070E-18	5.190100E-19
4.089156E+03	3.631169E-18	5.166362E-19
4.128766E+03	3.627635E-18	5.151639E-19
4.168376E+03	3.630319E-18	5.145669E-19
4.207986E+03	3.639085E-18	5.148210E-19
4.247597E+03	3.653812E-18	5.159038E-19
4.287207E+03	3.674391E-18	5.177952E-19
4.326817E+03	3.700728E-18	5.204769E-19
4.366427E+03	3.732744E-18	5.239327E-19
4.406038E+03	3.770368E-18	5.281478E-19
4.445648E+03	3.813546E-18	5.331097E-19
4.485258E+03	3.862234E-18	5.388069E-19
4.524868E+03	3.916397E-18	5.452296E-19
4.564479E+03	3.976006E-18	5.523687E-19
4.604089E+03	4.041033E-18	5.602152E-19
4.643699E+03	4.111447E-18	5.687594E-19
4.683309E+03	4.187204E-18	5.779900E-19
4.722919E+03	4.268238E-18	5.878926E-19
4.762530E+03	4.354450E-18	5.984484E-19
4.802140E+03	4.445702E-18	6.096331E-19
4.841750E+03	4.541804E-18	6.214155E-19
4.881360E+03	4.642510E-18	6.337568E-19
4.920971E+03	4.747514E-18	6.466104E-19
4.960581E+03	4.856449E-18	6.599218E-19
5.000191E+03	4.968888E-18	6.736287E-19
5.039801E+03	5.084351E-18	6.876618E-19
5.079412E+03	5.202305E-18	7.019459E-19
5.119022E+03	5.322178E-18	7.164006E-19
5.158632E+03	5.443359E-18	7.309413E-19
5.198242E+03	5.565216E-18	7.454811E-19
5.237853E+03	5.687093E-18	7.599312E-19
5.277463E+03	5.808330E-18	7.742024E-19
5.317073E+03	5.928260E-18	7.882063E-19
5.356683E+03	6.046230E-18	8.018565E-19
5.396293E+03	6.161597E-18	8.150694E-19
5.435904E+03	6.273749E-18	8.277660E-19
5.475514E+03	6.382102E-18	8.398723E-19
5.515124E+03	6.486116E-18	8.513203E-19
5.554734E+03	6.585283E-18	8.620478E-19
5.594345E+03	6.679160E-18	8.720010E-19
5.633955E+03	6.767340E-18	8.811322E-19
5.673565E+03	6.849476E-18	8.894018E-19
5.713175E+03	6.925262E-18	8.967761E-19
5.752786E+03	6.994442E-18	9.032285E-19
5.792396E+03	7.056819E-18	9.087403E-19
5.832006E+03	7.112246E-18	9.132997E-19
5.871616E+03	7.160603E-18	9.168987E-19
5.911227E+03	7.201855E-18	9.195403E-19
5.950837E+03	7.235987E-18	9.212304E-19
5.990447E+03	7.263052E-18	9.219835E-19
6.030057E+03	7.283165E-18	9.218217E-19
6.069667E+03	7.296493E-18	9.207743E-19
6.109278E+03	7.303290E-18	9.188807E-19
6.148888E+03	7.303892E-18	9.161905E-19
6.188498E+03	7.298746E-18	9.127669E-19
6.228108E+03	7.288427E-18	9.086885E-19
6.267719E+03	7.273649E-18	9.040499E-19
6.307329E+03	7.255286E-18	8.989650E-19
6.346939E+03	7.234357E-18	8.935640E-19
6.386549E+03	7.211987E-18	8.879887E-19
6.426160E+03	7.189341E-18	8.823842E-19
6.465770E+03	7.167601E-18	8.768955E-19
6.505380E+03	7.148029E-18	8.716759E-19
6.544990E+03	7.131983E-18	8.668876E-19
6.584601E+03	7.120917E-18	8.627031E-19
6.624211E+03	7.116333E-18	8.592979E-19
6.663821E+03	7.119744E-18	8.568465E-19
6.703431E+03	7.132633E-18	8.555172E-19
6.743041E+03	7.156375E-18	8.554629E-19
6.782652E+03	7.192176E-18	8.568142E-19
6.822262E+03	7.241030E-18	8.596745E-19
6.861872E+03	7.303682E-18	8.641155E-19
6.901482E+03	7.380603E-18	8.701759E-19
6.941093E+03	7.471977E-18	8.778596E-19
6.980703E+03	7.577732E-18	8.871397E-19
7.020313E+03	7.697537E-18	8.979599E-19
7.059923E+03	7.830828E-18	9.102364E-19
7.099534E+03	7.976834E-18	9.238629E-19
7.139144E+03	8.134583E-18	9.387109E-19
7.178754E+03	8.302987E-18	9.546400E-19
7.218364E+03	8.480824E-18	9.714966E-19
7.257975E+03	8.666811E-18	9.891218E-19
7.297585E+03	8.859595E-18	1.007351E-18
7.337195E+03	9.057818E-18	1.026022E-18
7.376805E+03	9.260133E-18	1.044974E-18
7.416415E+03	9.465232E-18	1.064056E-18
7.456026E+03	9.671873E-18	1.083125E-18
7.495636E+03	9.878878E-18	1.102047E-18
7.535246E+03	1.008510E-17	1.120695E-18
7.574856E+03	1.028944E-17	1.138946E-18
7.614467E+03	1.049079E-17	1.156682E-18
7.654077E+03	1.068793E-17	1.173774E-18
7.693687E+03	1.087961E-17	1.190089E-18
7.733297E+03	1.106441E-17	1.205481E-18
7.772908E+03	1.124075E-17	1.219788E-18
7.812518E+03	1.140690E-17	1.232834E-18
7.852128E+03	1.156101E-17	1.244434E-18
7.891738E+03	1.170132E-17	1.254415E-18
7.931349E+03	1.182628E-17	1.262629E-18
7.970959E+03	1.193473E-17	1.268977E-18
8.010569E+03	1.202607E-17	1.273414E-18
8.050179E+03	1.210028E-17	1.275962E-18
8.089789E+03	1.215801E-17	1.276711E-18
8.129400E+03	1.220049E-17	1.275814E-18
8.169010E+03	1.222948E-17	1.273475E-18
8.208620E+03	1.224712E-17	1.269932E-18
8.248230E+03	1.225578E-17	1.265449E-18
8.287841E+03	1.225797E-17	1.260294E-18
8.327451E+03	1.225607E-17	1.254720E-18
8.367061E+03	1.225231E-17	1.248962E-18
8.406671E+03	1.224859E-17	1.243215E-18
8.446282E+03	1.224642E-17	1.237633E-18
8.485892E+03	1.224689E-17	1.232324E-18
8.525502E+03	1.225064E-17	1.227351E-18
8.565112E+03	1.225793E-17	1.222736E-18
8.604723E+03	1.226869E-17	1.218468E-18
8.644333E+03	1.228259E-17	1.214511E-18
8.683943E+03	1.229914E-17	1.210815E-18
8.723553E+03	1.231783E-17	1.207326E-18
8.763163E+03	1.233817E-17	1.203996E-18
8.802774E+03	1.235979E-17	1.200789E-18
8.842384E+03	1.238251E-17	1.197686E-18
8.881994E+03	1.240635E-17	1.194689E-18
8.921604E+03	1.243159E-17	1.191826E-18
8.961215E+03	1.245878E-17	1.189148E-18
9.000825E+03	1.248876E-17	1.186736E-18
9.040435E+03	1.252265E-17	1.184692E-18
9.080045E+03	1.256179E-17	1.183141E-18
9.119656E+03	1.260941E-17	1.182378E-18
9.159266E+03	1.266456E-17	1.182310E-18
9.198876E+03	1.272957E-17	1.183142E-18
9.238486E+03	1.280556E-17	1.184966E-18
9.278097E+03	1.289332E-17	1.187844E-18
9.317707E+03	1.299320E-17	1.191795E-18
9.357317E+03	1.310503E-17	1.196789E-18
9.396927E+03	1.322814E-17	1.202754E-18
9.436537E+03	1.336139E-17	1.209573E-18
9.476148E+03	1.350324E-17	1.217099E-18
9.515758E+03	1.365182E-17	1.225154E-18
9.555368E+03	1.380505E-17	1.233548E-18
9.594978E+03	1.396068E-17	1.242077E-18
9.634589E+03	1.411643E-17	1.250539E-18
9.674199E+03	1.427001E-17	1.258735E-18
9.713809E+03	1.441933E-17	1.266485E-18
9.753419E+03	1.456247E-17	1.273631E-18
9.793030E+03	1.469786E-17	1.280043E-18
9.832640E+03	1.482421E-17	1.285623E-18
9.872250E+03	1.494050E-17	1.290294E-18
9.911857E+03	1.504609E-17	1.294012E-18
9.951468E+03	1.514070E-17	1.296767E-18
9.991078E+03	1.522454E-17	1.298589E-18
1.003069E+04	1.529829E-17	1.299548E-18
1.007030E+04	1.536309E-17	1.299751E-18
1.010991E+04	1.542048E-17	1.299339E-18
1.014952E+04	1.547229E-17	1.298474E-18
1.018913E+04	1.552060E-17	1.297336E-18
1.022874E+04	1.556756E-17	1.296108E-18
1.026835E+04	1.561523E-17	1.294965E-18
1.030796E+04	1.566552E-17	1.294064E-18
1.034757E+04	1.572001E-17	1.293534E-18
1.038718E+04	1.577991E-17	1.293471E-18
1.042679E+04	1.584586E-17	1.293926E-18
1.046640E+04	1.591804E-17	1.294909E-18
1.050601E+04	1.599607E-17	1.296385E-18
1.054562E+04	1.607910E-17	1.298282E-18
1.058523E+04	1.616586E-17	1.300498E-18
1.062484E+04	1.625479E-17	1.302906E-18
1.066445E+04	1.634420E-17	1.305373E-18
1.070406E+04	1.643236E-17	1.307764E-18
1.074367E+04	1.651762E-17	1.309954E-18
1.078328E+04	1.659855E-17	1.311833E-18
1.082289E+04	1.667390E-17	1.313313E-18
1.086250E+04	1.674274E-17	1.314328E-18
1.090211E+04	1.680441E-17	1.314835E-18
1.094172E+04	1.685851E-17	1.314814E-18
1.098133E+04	1.690497E-17	1.314269E-18
1.102094E+04	1.694392E-17	1.313219E-18
1.106055E+04	1.697573E-17	1.311704E-18
1.110016E+04	1.700100E-17	1.309779E-18
1.113977E+04	1.702050E-17	1.307513E-18
1.117938E+04	1.703519E-17	1.304985E-18
1.121900E+04	1.704617E-17	1.302290E-18
1.125861E+04	1.705467E-17	1.299528E-18
1.129822E+04	1.706202E-17	1.296805E-18
1.133783E+04	1.706966E-17	1.294238E-18
1.137744E+04	1.707902E-17	1.291938E-18
1.141705E+04	1.709161E-17	1.290024E-18
1.145666E+04	1.710892E-17	1.288614E-18
1.149627E+04	1.713248E-17	1.287824E-18
1.153588E+04	1.716384E-17	1.287775E-18
1.157549E+04	1.720453E-17	1.288584E-18
1.161510E+04	1.725611E-17	1.290373E-18
1.165471E+04	1.732006E-17	1.293254E-18
1.169432E+04	1.739778E-17	1.297335E-18
1.173393E+04	1.749041E-17	1.302707E-18
1.177354E+04	1.759880E-17	1.309437E-18
1.181315E+04	1.772340E-17	1.317566E-18
1.185276E+04	1.786406E-17	1.327090E-18
1.189237E+04	1.802001E-17	1.337962E-18
1.193198E+04	1.818969E-17	1.350076E-18
1.197159E+04	1.837067E-17	1.363263E-18
1.201120E+04	1.855952E-17	1.377283E-18
1.205081E+04	1.875174E-17	1.391816E-18
1.209042E+04	1.894170E-17	1.406458E-18
1.213003E+04	1.912260E-17	1.420720E-18
1.216964E+04	1.928652E-17	1.434026E-18
1.220925E+04	1.942461E-17	1.445728E-18
1.224886E+04	1.952736E-17	1.455124E-18
1.228847E+04	1.958526E-17	1.461507E-18
1.232808E+04	1.958987E-17	1.464241E-18
1.236769E+04	1.953590E-17	1.462907E-18
1.240730E+04	1.942380E-17	1.457506E-18
1.244691E+04	1.925877E-17	1.448389E-18
1.248652E+04	1.904835E-17	1.436082E-18
1.252613E+04	1.880105E-17	1.421185E-18
1.256574E+04	1.852564E-17	1.404323E-18
1.260535E+04	1.823072E-17	1.386112E-18
1.264496E+04	1.792450E-17	1.367145E-18
1.268457E+04	1.761463E-17	1.347981E-18
1.272418E+04	1.730815E-17	1.329136E-18
1.276379E+04	1.701144E-17	1.311087E-18
1.280340E+04	1.673008E-17	1.294257E-18
1.284301E+04	1.646897E-17	1.279021E-18
1.288262E+04	1.623221E-17	1.265702E-18
1.292224E+04	1.602309E-17	1.254567E-18
1.296185E+04	1.584415E-17	1.245828E-18
1.300146E+04	1.569710E-17	1.239641E-18
1.304107E+04	1.558294E-17	1.236104E-18
1.308068E+04	1.550191E-17	1.235264E-18
1.312029E+04	1.545353E-17	1.237110E-18
1.315990E+04	1.543671E-17	1.241584E-18
1.319951E+04	1.544972E-17	1.248573E-18
1.323912E+04	1.549025E-17	1.257921E-18
1.327873E+04	1.555546E-17	1.269424E-18
1.331834E+04	1.564211E-17	1.282840E-18
1.335795E+04	1.574655E-17	1.297892E-18
1.339756E+04	1.586486E-17	1.314274E-18
1.343717E+04	1.599294E-17	1.331657E-18
1.347678E+04	1.612665E-17	1.349706E-18
1.351639E+04	1.626190E-17	1.368081E-18
1.355600E+04	1.639481E-17	1.386453E-18
1.359561E+04	1.652175E-17	1.404506E-18
1.363522E+04	1.663948E-17	1.421954E-18
1.367483E+04	1.674517E-17	1.438537E-18
1.371444E+04	1.683649E-17	1.454036E-18
1.375405E+04	1.691163E-17	1.468269E-18
1.379366E+04	1.696924E-17	1.481094E-18
1.383327E+04	1.700857E-17	1.492417E-18
1.387288E+04	1.702931E-17	1.502181E-18
1.391249E+04	1.703162E-17	1.510371E-18
1.395210E+04	1.701610E-17	1.517010E-18
1.399171E+04	1.698366E-17	1.522153E-18
1.403132E+04	1.693553E-17	1.525881E-18
1.407093E+04	1.687317E-17	1.528301E-18
1.411054E+04	1.679818E-17	1.529536E-18
1.415015E+04	1.671235E-17	1.529728E-18
1.418976E+04	1.661759E-17	1.529033E-18
1.422937E+04	1.651587E-17	1.527618E-18
1.426898E+04	1.640925E-17	1.525661E-18
1.430859E+04	1.629980E-17	1.523348E-18
1.434820E+04	1.618961E-17	1.520866E-18
1.438781E+04	1.608068E-17	1.518401E-18
1.442742E+04	1.597490E-17	1.516134E-18
1.446703E+04	1.587405E-17	1.514235E-18
1.450664E+04	1.577969E-17	1.512860E-18
1.454625E+04	1.569322E-17	1.512152E-18
1.458587E+04	1.561583E-17	1.512234E-18
1.462548E+04	1.554847E-17	1.513212E-18
1.466509E+04	1.549193E-17	1.515175E-18
1.470470E+04	1.544675E-17	1.518193E-18
1.474431E+04	1.541333E-17	1.522317E-18
1.478392E+04	1.539187E-17	1.527585E-18
1.482353E+04	1.538243E-17	1.534018E-18
1.486314E+04	1.538486E-17	1.541619E-18
1.490275E+04	1.539891E-17	1.550376E-18
1.494236E+04	1.542417E-17	1.560266E-18
1.498197E+04	1.546014E-17	1.571251E-18
1.502158E+04	1.550616E-17	1.583278E-18
1.506119E+04	1.556145E-17	1.596282E-18
1.510080E+04	1.562513E-17	1.610183E-18
1.514041E+04	1.569610E-17	1.624879E-18
1.518002E+04	1.577317E-17	1.640255E-18
1.521963E+04	1.585500E-17	1.656179E-18
1.525924E+04	1.594012E-17	1.672502E-18
1.529885E+04	1.602691E-17	1.689059E-18
1.533846E+04	1.611371E-17	1.705673E-18
1.537807E+04	1.619869E-17	1.722151E-18
1.541768E+04	1.627997E-17	1.738288E-18
1.545729E+04	1.635562E-17	1.753870E-18
1.549690E+04	1.642361E-17	1.768673E-18
1.553651E+04	1.648196E-17	1.782469E-18
1.557612E+04	1.652872E-17	1.795034E-18
1.561573E+04	1.656203E-17	1.806150E-18
1.565534E+04	1.658027E-17	1.815619E-18
1.569495E+04	1.658201E-17	1.823264E-18
1.573456E+04	1.656613E-17	1.828940E-18
1.577417E+04	1.653185E-17	1.832536E-18
1.581378E+04	1.647868E-17	1.833972E-18
1.585339E+04	1.640647E-17	1.833209E-18
1.589300E+04	1.631536E-17	1.830235E-18
1.593261E+04	1.620576E-17	1.825074E-18
1.597222E+04	1.607835E-17	1.817778E-18
1.601183E+04	1.593399E-17	1.808422E-18
1.605144E+04	1.577377E-17	1.797108E-18
1.609105E+04	1.559902E-17	1.783968E-18
1.613066E+04	1.541136E-17	1.769168E-18
1.617027E+04	1.521281E-17	1.752926E-18
1.620988E+04	1.500554E-17	1.735479E-18
1.624949E+04	1.479168E-17	1.717063E-18
1.628911E+04	1.457331E-17	1.697911E-18
1.632872E+04	1.435230E-17	1.678240E-18
1.636833E+04	1.413042E-17	1.658252E-18
1.640794E+04	1.390919E-17	1.638128E-18
1.644755E+04	1.368996E-17	1.618029E-18
1.648716E+04	1.347391E-17	1.598096E-18
1.652677E+04	1.326202E-17	1.578453E-18
1.656638E+04	1.305511E-17	1.559203E-18
1.660599E+04	1.285392E-17	1.540442E-18
1.664560E+04	1.265904E-17	1.522248E-18
1.668521E+04	1.247093E-17	1.504687E-18
1.672482E+04	1.228998E-17	1.487813E-18
1.676443E+04	1.211644E-17	1.471667E-18
1.680404E+04	1.195048E-17	1.456281E-18
1.684365E+04	1.179219E-17	1.441673E-18
1.688326E+04	1.164164E-17	1.427864E-18
1.692287E+04	1.149888E-17	1.414869E-18
1.696248E+04	1.136399E-17	1.402709E-18
1.700209E+04	1.123709E-17	1.391406E-18
1.704170E+04	1.111839E-17	1.380999E-18
1.708131E+04	1.100814E-17	1.371527E-18
1.712092E+04	1.090668E-17	1.363045E-18
1.716053E+04	1.081443E-17	1.355616E-18
1.720014E+04	1.073187E-17	1.349310E-18
1.723975E+04	1.065955E-17	1.344207E-18
1.727936E+04	1.059804E-17	1.340394E-18
1.731897E+04	1.054796E-17	1.337959E-18
1.735858E+04	1.050993E-17	1.336996E-18
1.739819E+04	1.048459E-17	1.337599E-18
1.743780E+04	1.047257E-17	1.339863E-18
1.747741E+04	1.047446E-17	1.343879E-18
1.751702E+04	1.049088E-17	1.349739E-18
1.755663E+04	1.052240E-17	1.357534E-18
1.759624E+04	1.056951E-17	1.367344E-18
1.763585E+04	1.063266E-17	1.379242E-18
1.767546E+04	1.071216E-17	1.393285E-18
1.771507E+04	1.080813E-17	1.409506E-18
1.775468E+04	1.092048E-17	1.427909E-18
1.779429E+04	1.104881E-17	1.448458E-18
1.783390E+04	1.119235E-17	1.471066E-18
1.787351E+04	1.134995E-17	1.495596E-18
1.791312E+04	1.151995E-17	1.521843E-18
1.795274E+04	1.170027E-17	1.549543E-18
1.799235E+04	1.188833E-17	1.578360E-18
1.803196E+04	1.208106E-17	1.607895E-18
1.807157E+04	1.227506E-17	1.637694E-18
1.811118E+04	1.246654E-17	1.667254E-18
1.815079E+04	1.265157E-17	1.696042E-18
1.819040E+04	1.282619E-17	1.723516E-18
1.823001E+04	1.298650E-17	1.749145E-18
1.826962E+04	1.312896E-17	1.772434E-18
1.830923E+04	1.325044E-17	1.792939E-18
1.834884E+04	1.334837E-17	1.810296E-18
1.838845E+04	1.342082E-17	1.824218E-18
1.842806E+04	1.346656E-17	1.834513E-18
1.846767E+04	1.348507E-17	1.841086E-18
1.850728E+04	1.347653E-17	1.843938E-18
1.854689E+04	1.344181E-17	1.843163E-18
1.858650E+04	1.338241E-17	1.838945E-18
1.862611E+04	1.330034E-17	1.831541E-18
1.866572E+04	1.319806E-17	1.821268E-18
1.870533E+04	1.307833E-17	1.808493E-18
1.874494E+04	1.294408E-17	1.793607E-18
1.878455E+04	1.279834E-17	1.777020E-18
1.882416E+04	1.264412E-17	1.759143E-18
1.886377E+04	1.248440E-17	1.740386E-18
1.890338E+04	1.232205E-17	1.721143E-18
1.894299E+04	1.215978E-17	1.701795E-18
1.898260E+04	1.200007E-17	1.682691E-18
1.902221E+04	1.184517E-17	1.664150E-18
1.906182E+04	1.169700E-17	1.646447E-18
1.910143E+04	1.155715E-17	1.629813E-18
1.914104E+04	1.142692E-17	1.614439E-18
1.918065E+04	1.130723E-17	1.600465E-18
1.922026E+04	1.119874E-17	1.587993E-18
1.925987E+04	1.110186E-17	1.577090E-18
1.929948E+04	1.101676E-17	1.567790E-18
1.933909E+04	1.094348E-17	1.560108E-18
1.937870E+04	1.088190E-17	1.554038E-18
1.941831E+04	1.083181E-17	1.549559E-18
1.945792E+04	1.079292E-17	1.546637E-18
1.949753E+04	1.076484E-17	1.545225E-18
1.953714E+04	1.074709E-17	1.545263E-18
1.957675E+04	1.073911E-17	1.546677E-18
1.961636E+04	1.074024E-17	1.549380E-18
1.965598E+04	1.074974E-17	1.553272E-18
1.969559E+04	1.076681E-17	1.558241E-18
1.973520E+04	1.079056E-17	1.564166E-18
1.977481E+04	1.082007E-17	1.570916E-18
1.981442E+04	1.085436E-17	1.578353E-18
1.985403E+04	1.089247E-17	1.586342E-18
1.989364E+04	1.093342E-17	1.594741E-18
1.993325E+04	1.097629E-17	1.603417E-18
1.997286E+04	1.102016E-17	1.612238E-18
2.001247E+04	1.106416E-17	1.621075E-18
2.005208E+04	1.110746E-17	1.629810E-18
2.009169E+04	1.114930E-17	1.638326E-18
2.013130E+04	1.118893E-17	1.646515E-18
2.017091E+04	1.122570E-17	1.654280E-18
2.021052E+04	1.125901E-17	1.661529E-18
2.025013E+04	1.128831E-17	1.668178E-18
2.028974E+04	1.131311E-17	1.674154E-18
2.032935E+04	1.133298E-17	1.679390E-18
2.036896E+04	1.134755E-17	1.683827E-18
2.040857E+04	1.135648E-17	1.687412E-18
2.044818E+04	1.135945E-17	1.690095E-18
2.048779E+04	1.135623E-17	1.691837E-18
2.052740E+04	1.134657E-17	1.692600E-18
2.056701E+04	1.133030E-17	1.692352E-18
2.060662E+04	1.130728E-17	1.691070E-18
2.064623E+04	1.127741E-17	1.688734E-18
2.068584E+04	1.124062E-17	1.685333E-18
2.072545E+04	1.119694E-17	1.680864E-18
2.076506E+04	1.114641E-17	1.675333E-18
2.080467E+04	1.108916E-17	1.668754E-18
2.084428E+04	1.102538E-17	1.661154E-18
2.088389E+04	1.095531E-17	1.652565E-18
2.092350E+04	1.087928E-17	1.643034E-18
2.096311E+04	1.079771E-17	1.632623E-18
2.100272E+04	1.071109E-17	1.621402E-18
2.104233E+04	1.061998E-17	1.609455E-18
2.108194E+04	1.052503E-17	1.596879E-18
2.112155E+04	1.042692E-17	1.583775E-18
2.116116E+04	1.032640E-17	1.570257E-18
2.120077E+04	1.022423E-17	1.556438E-18
2.124038E+04	1.012111E-17	1.542427E-18
2.127999E+04	1.001770E-17	1.528323E-18
2.131961E+04	9.914365E-18	1.514183E-18
2.135922E+04	9.811229E-18	1.500026E-18
2.139883E+04	9.708221E-18	1.485841E-18
2.143844E+04	9.605202E-18	1.471609E-18
2.147805E+04	9.501996E-18	1.457302E-18
2.151766E+04	9.398443E-18	1.442897E-18
2.155727E+04	9.294393E-18	1.428370E-18
2.159688E+04	9.189740E-18	1.413706E-18
2.163649E+04	9.084437E-18	1.398898E-18
2.167610E+04	8.978480E-18	1.383944E-18
2.171571E+04	8.871923E-18	1.368854E-18
2.175532E+04	8.764871E-18	1.353645E-18
2.179493E+04	8.657445E-18	1.338334E-18
2.183454E+04	8.549782E-18	1.322944E-18
2.187415E+04	8.442047E-18	1.307501E-18
2.191376E+04	8.334384E-18	1.292027E-18
2.195337E+04	8.226972E-18	1.276550E-18
2.199298E+04	8.119984E-18	1.261099E-18
2.203259E+04	8.013606E-18	1.245701E-18
2.207220E+04	7.908047E-18	1.230392E-18
2.211181E+04	7.803539E-18	1.215207E-18
2.215142E+04	7.700311E-18	1.200184E-18
2.219103E+04	7.598637E-18	1.185366E-18
2.223064E+04	7.498766E-18	1.170792E-18
2.227025E+04	7.400963E-18	1.156506E-18
2.230986E+04	7.305481E-18	1.142548E-18
2.234947E+04	7.212561E-18	1.128958E-18
2.238908E+04	7.122425E-18	1.115771E-18
2.242869E+04	7.035272E-18	1.103020E-18
2.246830E+04	6.951271E-18	1.090733E-18
2.250791E+04	6.870553E-18	1.078932E-18
2.254752E+04	6.793219E-18	1.067635E-18
2.258713E+04	6.719335E-18	1.056854E-18
2.262674E+04	6.648941E-18	1.046596E-18
2.266635E+04	6.582057E-18	1.036867E-18
2.270596E+04	6.518684E-18	1.027667E-18
2.274557E+04	6.458820E-18	1.018999E-18
2.278518E+04	6.402458E-18	1.010862E-18
2.282479E+04	6.349596E-18	1.003258E-18
2.286440E+04	6.300245E-18	9.961901E-19
2.290401E+04	6.254424E-18	9.896623E-19
2.294362E+04	6.212166E-18	9.836815E-19
2.298323E+04	6.173519E-18	9.782568E-19
2.302285E+04	6.138540E-18	9.733983E-19
2.306246E+04	6.107297E-18	9.691184E-19
2.310207E+04	6.079861E-18	9.654299E-19
2.314168E+04	6.056312E-18	9.623465E-19
2.318129E+04	6.036727E-18	9.598822E-19
2.322090E+04	6.021182E-18	9.580504E-19
2.326051E+04	6.009755E-18	9.568646E-19
2.330012E+04	6.002513E-18	9.563372E-19
2.333973E+04	5.999519E-18	9.564796E-19
2.337934E+04	6.000831E-18	9.573021E-19
2.341895E+04	6.006491E-18	9.588131E-19
2.345856E+04	6.016532E-18	9.610192E-19
2.349817E+04	6.030974E-18	9.639248E-19
2.353778E+04	6.049821E-18	9.675316E-19
2.357739E+04	6.073057E-18	9.718389E-19
2.361700E+04	6.100652E-18	9.768426E-19
2.365661E+04	6.132553E-18	9.825359E-19
2.369622E+04	6.168694E-18	9.889092E-19
2.373583E+04	6.208991E-18	9.959500E-19
2.377544E+04	6.253344E-18	1.003644E-18
2.381505E+04	6.301644E-18	1.011973E-18
2.385466E+04	6.353771E-18	1.020921E-18
2.389427E+04	6.409604E-18	1.030468E-18
2.393388E+04	6.469016E-18	1.040596E-18
2.397349E+04	6.531887E-18	1.051284E-18
2.401310E+04	6.598096E-18	1.062516E-18
2.405271E+04	6.667529E-18	1.074272E-18
2.409232E+04	6.740071E-18	1.086536E-18
2.413193E+04	6.815611E-18	1.099290E-18
2.417154E+04	6.894038E-18	1.112517E-18
2.421115E+04	6.975245E-18	1.126199E-18
2.425076E+04	7.059123E-18	1.140321E-18
